3650.69189453  2.784498E-18
3656.20998954648  -3.956959E-18
3661.72808456296  4.676870E-18
3667.24617957944  2.109776E-18
3672.76427459592  1.484704E-17
3678.2823696124  2.159201E-17
3683.80046462888  2.940101E-18
3689.31855964536  2.019982E-17
3694.83665466184  2.761848E-17
3700.35474967832  5.249621E-18
3705.8728446948  7.612638E-18
3711.39093971128  1.872745E-17
3716.90903472776  -1.939685E-18
3722.42712974424  8.771102E-18
3727.94522476072  9.364735E-18
3733.4633197772  2.261979E-17
3738.98141479368  4.872921E-18
3744.49950981016  6.731196E-18
3750.01760482664  1.099227E-17
3755.53569984312  1.156948E-17
3761.0537948596  1.219010E-17
3766.57188987608  9.556370E-18
3772.08998489256  1.511199E-17
3777.60807990904  9.977127E-18
3783.12617492552  8.165981E-18
3788.644269942  7.423063E-18
3794.16236495848  1.064809E-17
3799.68045997496  1.517256E-17
3805.19855499144  1.226512E-17
3810.71665000792  1.412530E-17
3816.2347450244  6.982351E-18
3821.75284004088  1.545203E-17
3827.27093505736  6.935532E-18
3832.78903007384  1.842736E-17
3838.30712509032  6.839693E-18
3843.8252201068  2.661447E-18
3849.34331512328  1.796836E-17
3854.86141013976  1.000726E-17
3860.37950515624  5.875545E-18
3865.89760017272  8.864763E-18
3871.4156951892  1.404664E-17
3876.93379020568  5.902586E-18
3882.45188522216  1.360792E-17
3887.96998023864  9.249202E-18
3893.48807525512  1.663998E-17
3899.0061702716  1.529295E-17
3904.52426528808  9.946738E-18
3910.04236030456  1.323703E-17
3915.56045532104  9.122422E-18
3921.07855033752  4.158054E-18
3926.596645354  4.558574E-18
3932.11474037048  2.434960E-17
3937.63283538696  7.445353E-18
3943.15093040344  1.407517E-17
3948.66902541992  9.779354E-18
3954.1871204364  1.817603E-17
3959.70521545288  1.058484E-17
3965.22331046936  1.736438E-17
3970.74140548584  1.294488E-17
3976.25950050232  2.123026E-17
3981.7775955188  2.935206E-17
3987.29569053528  2.631260E-17
3992.81378555176  2.987250E-17
3998.33188056824  3.597338E-17
4003.84997558472  3.278113E-17
4009.3680706012  3.218236E-17
4014.88616561768  3.459125E-17
4020.40426063416  3.236976E-17
4025.92235565064  2.558510E-17
4031.44045066712  2.502494E-17
4036.9585456836  3.675381E-17
4042.47664070008  2.833045E-17
4047.99473571656  3.791922E-17
4053.51283073304  1.994402E-17
4059.03092574952  2.369171E-17
4064.549020766  2.594423E-17
4070.06711578248  3.187937E-17
4075.58521079896  2.023882E-17
4081.10330581544  1.793366E-17
4086.62140083192  3.778667E-17
4092.1394958484  4.374076E-17
4097.65759086488  4.504559E-17
4103.17568588136  5.692150E-17
4108.69378089784  7.708859E-17
4114.21187591432  7.090484E-17
4119.7299709308  7.417783E-17
4125.24806594728  5.438487E-17
4130.76616096376  6.340785E-17
4136.28425598024  4.987190E-17
4141.80235099672  3.693132E-17
4147.3204460132  4.273776E-17
4152.83854102968  4.322687E-17
4158.35663604616  4.768361E-17
4163.87473106264  4.794117E-17
4169.39282607912  4.588208E-17
4174.9109210956  3.984686E-17
4180.42901611208  5.351047E-17
4185.94711112856  4.348399E-17
4191.46520614504  4.641211E-17
4196.98330116152  4.014783E-17
4202.501396178  3.907420E-17
4208.01949119448  3.834739E-17
4213.53758621096  2.668153E-17
4219.05568122744  2.163123E-17
4224.57377624392  2.390274E-17
4230.0918712604  2.861847E-17
4235.60996627688  2.754242E-17
4241.12806129337  3.581135E-17
4246.64615630984  2.839929E-17
4252.16425132633  2.983127E-17
4257.6823463428  3.597696E-17
4263.20044135928  4.210752E-17
4268.71853637576  4.256185E-17
4274.23663139224  4.615043E-17
4279.75472640872  3.820956E-17
4285.2728214252  4.910477E-17
4290.79091644168  4.276760E-17
4296.30901145816  3.254284E-17
4301.82710647464  3.218692E-17
4307.34520149112  3.191125E-17
4312.8632965076  2.637312E-17
4318.38139152408  2.683587E-17
4323.89948654056  2.577461E-17
4329.41758155704  2.447966E-17
4334.93567657352  3.177271E-17
4340.45377159  3.846981E-17
4345.97186660648  4.383524E-17
4351.48996162296  5.291881E-17
4357.00805663944  5.195967E-17
4362.52615165592  5.605750E-17
4368.0442466724  5.662547E-17
4373.56234168888  5.475115E-17
4379.08043670536  4.347112E-17
4384.59853172184  4.374896E-17
4390.11662673832  4.264522E-17
4395.6347217548  3.513912E-17
4401.15281677128  3.546547E-17
4406.67091178776  4.004774E-17
4412.18900680424  4.358196E-17
4417.70710182072  4.754943E-17
4423.2251968372  4.660678E-17
4428.74329185368  4.784560E-17
4434.26138687016  5.734920E-17
4439.77948188664  5.531524E-17
4445.29757690312  4.652449E-17
4450.8156719196  5.878173E-17
4456.33376693609  5.118540E-17
4461.85186195256  4.727709E-17
4467.36995696904  4.983223E-17
4472.88805198552  5.467230E-17
4478.406147002  6.337831E-17
4483.92424201848  7.501665E-17
4489.44233703496  7.938971E-17
4494.96043205144  8.541810E-17
4500.47852706792  7.913945E-17
4505.9966220844  7.135345E-17
4511.51471710088  6.809300E-17
4517.03281211736  7.573393E-17
4522.55090713384  7.558272E-17
4528.06900215032  7.812180E-17
4533.5870971668  6.105676E-17
4539.10519218328  6.588907E-17
4544.62328719976  4.875877E-17
4550.14138221624  5.309507E-17
4555.65947723273  4.542270E-17
4561.1775722492  5.062819E-17
4566.69566726568  4.661960E-17
4572.21376228216  5.747486E-17
4577.73185729864  6.126074E-17
4583.24995231512  6.503750E-17
4588.7680473316  7.544982E-17
4594.28614234808  8.845320E-17
4599.80423736456  9.418428E-17
4605.32233238104  1.052491E-16
4610.84042739752  1.288987E-16
4616.358522414  1.719253E-16
4621.87661743048  1.935104E-16
4627.39471244696  1.943914E-16
4632.91280746345  1.833925E-16
4638.43090247992  1.549642E-16
4643.9489974964  1.286447E-16
4649.46709251288  1.420526E-16
4654.98518752936  1.553760E-16
4660.50328254584  1.898253E-16
4666.02137756232  1.968597E-16
4671.5394725788  1.816237E-16
4677.05756759528  1.422703E-16
4682.57566261176  1.326372E-16
4688.09375762824  1.463746E-16
4693.61185264472  1.773519E-16
4699.1299476612  2.101604E-16
4704.64804267768  2.414792E-16
4710.16613769416  2.430916E-16
4715.68423271065  2.297515E-16
4721.20232772712  1.962002E-16
4726.7204227436  1.890724E-16
4732.23851776008  1.949381E-16
4737.75661277656  2.014574E-16
4743.27470779304  2.144512E-16
4748.79280280952  2.088929E-16
4754.310897826  2.084117E-16
4759.82899284248  2.374216E-16
4765.34708785897  2.503653E-16
4770.86518287544  2.373056E-16
4776.38327789192  2.031421E-16
4781.9013729084  1.742596E-16
4787.41946792488  1.735097E-16
4792.93756294136  1.724910E-16
4798.45565795784  1.757378E-16
4803.97375297432  1.839736E-16
4809.4918479908  1.811907E-16
4815.00994300728  1.690921E-16
4820.52803802376  1.519594E-16
4826.04613304024  1.595558E-16
4831.56422805673  1.706843E-16
4837.0823230732  1.841118E-16
4842.60041808968  1.781908E-16
4848.11851310617  1.781904E-16
4853.63660812264  1.733325E-16
4859.15470313912  1.728208E-16
4864.6727981556  1.478139E-16
4870.19089317209  1.192962E-16
4875.70898818856  1.223790E-16
4881.22708320504  1.294553E-16
4886.74517822152  1.417816E-16
4892.263273238  1.375734E-16
4897.78136825448  1.446540E-16
4903.29946327096  1.469218E-16
4908.81755828745  1.570434E-16
4914.33565330392  1.554432E-16
4919.8537483204  1.469253E-16
4925.37184333689  1.307202E-16
4930.88993835336  1.122348E-16
4936.40803336984  9.385598E-17
4941.92612838632  1.060287E-16
4947.4442234028  1.420412E-16
4952.96231841928  1.851821E-16
4958.48041343576  2.473474E-16
4963.99850845224  2.841491E-16
4969.51660346872  3.090961E-16
4975.0346984852  3.126685E-16
4980.55279350169  3.181423E-16
4986.07088851816  3.408055E-16
4991.58898353465  3.329770E-16
4997.10707855112  3.132904E-16
5002.62517356761  2.612258E-16
5008.14326858408  2.193408E-16
5013.66136360056  1.679143E-16
5019.17945861705  1.409689E-16
5024.69755363352  1.110172E-16
5030.21564865  1.130723E-16
5035.73374366649  1.213758E-16
5041.25183868296  1.510747E-16
5046.76993369944  1.744903E-16
5052.28802871592  2.212841E-16
5057.80612373241  2.704085E-16
5063.32421874889  3.146221E-16
5068.84231376536  3.453320E-16
5074.36040878184  3.605844E-16
5079.87850379833  3.472588E-16
5085.39659881481  2.967184E-16
5090.91469383128  2.411963E-16
5096.43278884777  2.122530E-16
5101.95088386425  1.888028E-16
5107.46897888073  1.916826E-16
5112.98707389721  2.112116E-16
5118.50516891368  2.242213E-16
5124.02326393016  2.282683E-16
5129.54135894664  2.216354E-16
5135.05945396313  2.031235E-16
5140.57754897961  1.788107E-16
5146.09564399608  1.687460E-16
5151.61373901256  1.700193E-16
5157.13183402904  1.673194E-16
5162.64992904553  1.453716E-16
5168.168024062  1.143162E-16
5173.68611907849  9.024474E-17
5179.20421409496  7.466533E-17
5184.72230911145  8.118398E-17
5190.24040412792  9.737697E-17
5195.75849914441  1.060704E-16
5201.27659416089  1.198838E-16
5206.79468917736  1.291844E-16
5212.31278419385  1.404662E-16
5217.83087921033  1.481727E-16
5223.3489742268  1.520738E-16
5228.86706924328  1.570087E-16
5234.38516425977  1.589766E-16
5239.90325927625  1.558973E-16
5245.42135429272  1.431990E-16
5250.93944930921  1.568603E-16
5256.45754432568  1.659618E-16
5261.97563934217  1.716653E-16
5267.49373435864  1.533741E-16
5273.01182937513  1.433189E-16
5278.52992439161  1.291119E-16
5284.04801940809  1.462081E-16
5289.56611442457  1.546356E-16
5295.08420944105  1.755827E-16
5300.60230445753  2.180973E-16
5306.12039947401  2.512029E-16
5311.63849449049  2.677911E-16
5317.15658950697  2.669849E-16
5322.67468452344  2.210373E-16
5328.19277953992  1.695170E-16
5333.7108745564  1.447898E-16
5339.22896957288  1.378269E-16
5344.74706458937  1.542335E-16
5350.26515960585  1.739024E-16
5355.78325462233  2.022347E-16
5361.3013496388  2.263780E-16
5366.81944465528  2.505572E-16
5372.33753967177  2.306218E-16
5377.85563468825  1.980551E-16
5383.37372970472  1.939157E-16
5388.89182472121  1.855958E-16
5394.40991973769  1.771760E-16
5399.92801475417  1.754657E-16
5405.44610977064  1.828285E-16
5410.96420478713  1.923858E-16
5416.48229980361  1.898306E-16
5422.00039482009  1.932442E-16
5427.51848983657  1.768810E-16
5433.03658485305  1.734658E-16
5438.55467986952  1.686790E-16
5444.072774886  1.637691E-16
5449.59086990249  1.769815E-16
5455.10896491897  1.860133E-16
5460.62705993545  2.117255E-16
5466.14515495193  2.524132E-16
5471.6632499684  2.942752E-16
5477.18134498489  3.375286E-16
5482.69944000136  3.461415E-16
5488.21753501785  3.366575E-16
5493.73563003433  3.189148E-16
5499.25372505081  3.100905E-16
5504.77182006729  2.858121E-16
5510.28991508377  2.683278E-16
5515.80801010025  2.639490E-16
5521.32610511673  2.626403E-16
5526.84420013321  2.454083E-16
5532.36229514969  2.291606E-16
5537.88039016616  2.135679E-16
5543.39848518265  2.136687E-16
5548.91658019912  2.285758E-16
5554.43467521561  2.595230E-16
5559.95277023209  3.238194E-16
5565.47086524857  3.846502E-16
5570.98896026505  4.249218E-16
5576.50705528152  4.467484E-16
5582.02515029801  4.584984E-16
5587.54324531449  3.989281E-16
5593.06134033097  3.912804E-16
5598.57943534744  3.746537E-16
5604.09753036393  3.636033E-16
5609.61562538041  3.636142E-16
5615.13372039689  3.644954E-16
5620.65181541337  3.659506E-16
5626.16991042985  3.683795E-16
5631.68800544633  3.598406E-16
5637.20610046281  3.345550E-16
5642.72419547929  3.226167E-16
5648.24229049577  2.893388E-16
5653.76038551224  2.578478E-16
5659.27848052873  2.192550E-16
5664.79657554521  1.910502E-16
5670.31467056169  1.655074E-16
5675.83276557817  1.688574E-16
5681.35086059465  1.901212E-16
5686.86895561113  2.175320E-16
5692.38705062761  2.518242E-16
5697.90514564409  2.797732E-16
5703.42324066057  3.150698E-16
5708.94133567705  3.562311E-16
5714.45943069353  3.819704E-16
5719.97752571001  4.158266E-16
5725.49562072649  4.245848E-16
5731.01371574297  4.169806E-16
5736.53181075945  4.061111E-16
5742.04990577593  3.806737E-16
5747.56800079241  3.594293E-16
5753.08609580889  3.593181E-16
5758.60419082537  3.632605E-16
5764.12228584185  3.635486E-16
5769.64038085833  3.610055E-16
5775.15847587481  3.570255E-16
5780.67657089129  3.422710E-16
5786.19466590777  3.294621E-16
5791.71276092425  3.289660E-16
5797.23085594073  3.241388E-16
5802.74895095721  3.262708E-16
5808.26704597369  3.178397E-16
5813.78514099016  3.185049E-16
5819.30323600665  3.144770E-16
5824.82133102313  3.057547E-16
5830.33942603961  2.937413E-16
5835.85752105609  2.708875E-16
5841.37561607257  2.447557E-16
5846.89371108905  2.067372E-16
5852.41180610553  1.691511E-16
5857.92990112201  1.366129E-16
5863.44799613849  1.055566E-16
5868.96609115497  9.519283E-17
5874.48418617145  9.659952E-17
5880.00228118793  1.037884E-16
5885.52037620441  1.119612E-16
5891.03847122089  1.194906E-16
5896.55656623737  1.388781E-16
5902.07466125385  1.739361E-16
5907.59275627033  2.316792E-16
5913.11085128681  2.994239E-16
5918.62894630329  3.750834E-16
5924.14704131977  4.405240E-16
5929.66513633625  4.855740E-16
5935.18323135273  5.070801E-16
5940.70132636921  5.210401E-16
5946.21942138569  5.209602E-16
5951.73751640217  5.312832E-16
5957.25561141865  5.277814E-16
5962.77370643513  5.027906E-16
5968.29180145161  4.857772E-16
5973.80989646809  4.658051E-16
5979.32799148457  4.509644E-16
5984.84608650105  4.404485E-16
5990.36418151753  4.295510E-16
5995.88227653401  4.030395E-16
6001.40037155049  3.732909E-16
6006.91846656697  3.476242E-16
6012.43656158345  3.400336E-16
6017.95465659992  3.685207E-16
6023.47275161641  3.900648E-16
6028.99084663289  4.058994E-16
6034.50894164937  4.037239E-16
6040.02703666585  3.864061E-16
6045.54513168233  3.727375E-16
6051.06322669881  3.590784E-16
6056.58132171529  3.638124E-16
6062.09941673177  3.637090E-16
6067.61751174825  3.741781E-16
6073.13560676473  3.645524E-16
6078.65370178121  3.543003E-16
6084.17179679769  3.631836E-16
6089.68989181417  3.601659E-16
6095.20798683065  3.395625E-16
6100.72608184713  3.469244E-16
6106.24417686361  3.320630E-16
6111.76227188009  3.384385E-16
6117.28036689657  3.462774E-16
6122.79846191305  3.510961E-16
6128.31655692953  3.334925E-16
6133.83465194601  2.667154E-16
6139.35274696249  2.192814E-16
6144.87084197897  1.738885E-16
6150.38893699545  1.639417E-16
6155.90703201193  1.629439E-16
6161.42512702841  1.921954E-16
6166.94322204489  2.241987E-16
6172.46131706137  2.937328E-16
6177.97941207785  3.456959E-16
6183.49750709433  3.925924E-16
6189.01560211081  4.141909E-16
6194.53369712729  4.271565E-16
6200.05179214377  4.206382E-16
6205.56988716025  4.100315E-16
6211.08798217673  4.009825E-16
6216.60607719321  3.816186E-16
6222.12417220969  3.623975E-16
6227.64226722617  3.582154E-16
6233.16036224264  3.464998E-16
6238.67845725913  3.173750E-16
6244.19655227561  2.830425E-16
6249.71464729209  2.469960E-16
6255.23274230857  2.147667E-16
6260.75083732505  2.091847E-16
6266.26893234153  2.217320E-16
6271.78702735801  2.626037E-16
6277.30512237449  3.100447E-16
6282.82321739097  3.346871E-16
6288.34131240745  3.482265E-16
6293.85940742393  3.462595E-16
6299.37750244041  3.399373E-16
6304.89559745689  3.329006E-16
6310.41369247337  3.314141E-16
6315.93178748985  3.333116E-16
6321.44988250633  3.222849E-16
6326.96797752281  3.190811E-16
6332.48607253929  3.171923E-16
6338.00416755577  3.154112E-16
6343.52226257225  3.282882E-16
6349.04035758873  3.440953E-16
6354.55845260521  3.639841E-16
6360.07654762169  3.691954E-16
6365.59464263817  3.491848E-16
6371.11273765465  3.419604E-16
6376.63083267113  3.350514E-16
6382.14892768761  3.303439E-16
6387.66702270409  3.191108E-16
6393.18511772057  3.224011E-16
6398.70321273705  3.186175E-16
6404.22130775353  3.325845E-16
6409.73940277001  3.381700E-16
6415.25749778649  3.502419E-16
6420.77559280297  3.262657E-16
6426.29368781945  3.178346E-16
6431.81178283593  2.846481E-16
6437.32987785241  2.530906E-16
6442.84797286889  2.352129E-16
6448.36606788537  2.358404E-16
6453.88416290185  2.650305E-16
6459.40225791833  2.709504E-16
6464.92035293481  2.696457E-16
6470.43844795129  2.751285E-16
6475.95654296777  2.615077E-16
6481.47463798425  2.652057E-16
6486.99273300073  2.663854E-16
6492.51082801721  2.458312E-16
6498.02892303369  2.106030E-16
6503.54701805017  1.632775E-16
6509.06511306665  1.438630E-16
6514.58320808313  1.445735E-16
6520.10130309961  1.432487E-16
6525.61939811609  1.563506E-16
6531.13749313257  1.729289E-16
6536.65558814905  1.913147E-16
6542.17368316553  2.194961E-16
6547.69177818201  2.681882E-16
6553.20987319849  3.094255E-16
6558.72796821497  3.372369E-16
6564.24606323145  3.574200E-16
6569.76415824793  3.494275E-16
6575.28225326441  3.538993E-16
6580.80034828089  3.779067E-16
6586.31844329737  4.390761E-16
6591.83653831385  5.235722E-16
6597.35463333033  5.870852E-16
6602.87272834681  6.192294E-16
6608.39082336329  6.077532E-16
6613.90891837977  5.710368E-16
6619.42701339625  5.009936E-16
6624.94510841273  4.743974E-16
6630.46320342921  4.587861E-16
6635.98129844569  4.668680E-16
6641.49939346217  4.896403E-16
6647.01748847865  4.909307E-16
6652.53558349513  4.861793E-16
6658.05367851161  4.716680E-16
6663.57177352809  4.516137E-16
6669.08986854457  4.304185E-16
6674.60796356105  4.011749E-16
6680.12605857753  3.896995E-16
6685.64415359401  3.646949E-16
6691.16224861049  3.440511E-16
6696.68034362697  3.355837E-16
6702.19843864345  3.256360E-16
6707.71653365993  3.332713E-16
6713.23462867641  3.470773E-16
6718.75272369289  3.555625E-16
6724.27081870937  3.545825E-16
6729.78891372585  3.461697E-16
6735.30700874233  3.218631E-16
6740.82510375881  3.145922E-16
6746.34319877529  3.175247E-16
6751.86129379177  3.232903E-16
6757.37938880825  3.312251E-16
6762.89748382473  3.424625E-16
6768.41557884121  3.385722E-16
6773.93367385769  3.281756E-16
6779.45176887417  3.232478E-16
6784.96986389065  3.146781E-16
6790.48795890713  3.204115E-16
6796.00605392361  3.108938E-16
6801.52414894009  3.132906E-16
6807.04224395657  3.017483E-16
6812.56033897305  3.014261E-16
6818.07843398953  3.001601E-16
6823.59652900601  3.104289E-16
6829.11462402249  3.116597E-16
6834.63271903897  3.174352E-16
6840.15081405545  3.146758E-16
6845.66890907193  3.062384E-16
6851.18700408841  3.013275E-16
6856.70509910489  2.863403E-16
6862.22319412137  2.617357E-16
6867.74128913785  2.515682E-16
6873.25938415433  2.629329E-16
6878.77747917081  2.880037E-16
6884.29557418729  3.073948E-16
6889.81366920377  3.102480E-16
6895.33176422025  3.106214E-16
6900.84985923673  3.149044E-16
6906.36795425321  3.193341E-16
6911.88604926969  3.137204E-16
6917.40414428617  3.155604E-16
6922.92223930265  3.097923E-16
6928.44033431913  3.013647E-16
6933.95842933561  2.990125E-16
6939.47652435209  3.014853E-16
6944.99461936857  3.053496E-16
6950.51271438505  3.093500E-16
6956.03080940153  3.090738E-16
6961.54890441801  3.077083E-16
6967.06699943449  3.062245E-16
6972.58509445097  2.984826E-16
6978.10318946745  2.962078E-16
6983.62128448393  2.912388E-16
6989.13937950041  2.985835E-16
6994.65747451689  3.069333E-16
7000.17556953337  3.119183E-16
7005.69366454985  2.971771E-16
7011.21175956633  2.751267E-16
7016.72985458281  2.589594E-16
7022.24794959929  2.493776E-16
7027.76604461577  2.535458E-16
7033.28413963225  2.751823E-16
7038.80223464873  3.044010E-16
7044.32032966521  3.168306E-16
7049.83842468169  3.311919E-16
7055.35651969817  3.469398E-16
7060.87461471465  3.322013E-16
7066.39270973113  3.239767E-16
7071.91080474761  3.217616E-16
7077.42889976409  3.138333E-16
7082.94699478057  3.082283E-16
7088.46508979705  3.019607E-16
7093.98318481353  2.907876E-16
7099.50127983001  2.952066E-16
7105.01937484649  2.960282E-16
7110.53746986297  3.035553E-16
7116.05556487945  3.081373E-16
7121.57365989593  3.040930E-16
7127.0917549124  3.060421E-16
7132.60984992889  2.903992E-16
7138.12794494537  2.869526E-16
7143.64603996185  2.857251E-16
7149.16413497833  2.843859E-16
7154.68222999481  2.818190E-16
7160.20032501129  2.767197E-16
7165.71842002777  2.782647E-16
7171.23651504425  2.746275E-16
7176.75461006073  2.760086E-16
7182.27270507721  2.808485E-16
7187.79080009369  2.830568E-16
7193.30889511017  2.974085E-16
7198.82699012665  3.059213E-16
7204.34508514313  3.033068E-16
7209.86318015961  3.104436E-16
7215.38127517609  3.121550E-16
7220.89937019257  3.047462E-16
7226.41746520905  2.714521E-16
7231.93556022553  2.495085E-16
7237.45365524201  2.346530E-16
7242.97175025849  2.429684E-16
7248.48984527497  2.479067E-16
7254.00794029145  2.767169E-16
7259.52603530793  3.080133E-16
7265.04413032441  3.357623E-16
7270.56222534089  3.642855E-16
7276.08032035737  3.504646E-16
7281.59841537385  3.368487E-16
7287.11651039033  3.197120E-16
7292.63460540681  3.107401E-16
7298.15270042329  2.911918E-16
7303.67079543977  2.731535E-16
7309.18889045625  2.739370E-16
7314.70698547273  2.730621E-16
7320.22508048921  2.683207E-16
7325.74317550569  2.652419E-16
7331.26127052217  2.666555E-16
7336.77936553865  2.698801E-16
7342.29746055513  2.824167E-16
7347.81555557161  3.050718E-16
7353.33365058809  3.298883E-16
7358.85174560457  3.434099E-16
7364.36984062105  3.360931E-16
7369.88793563753  3.505982E-16
7375.40603065401  3.276742E-16
7380.92412567049  3.104136E-16
7386.44222068697  3.172445E-16
7391.96031570345  3.206287E-16
7397.47841071993  3.095889E-16
7402.99650573641  3.200314E-16
7408.51460075289  3.069686E-16
7414.03269576937  3.105972E-16
7419.55079078585  3.082887E-16
7425.06888580233  2.959637E-16
7430.58698081881  2.805545E-16
7436.10507583529  2.747513E-16
7441.62317085177  2.661996E-16
7447.14126586825  2.646537E-16
7452.65936088473  2.690773E-16
7458.17745590121  2.743734E-16
7463.69555091769  2.730312E-16
7469.21364593417  2.670353E-16
7474.73174095065  2.567266E-16
7480.24983596713  2.557951E-16
7485.76793098361  2.454179E-16
7491.28602600009  2.464539E-16
7496.80412101657  2.736325E-16
7502.32221603305  2.952966E-16
7507.84031104953  3.241838E-16
7513.35840606601  3.359279E-16
7518.87650108249  3.368056E-16
7524.39459609897  3.445517E-16
7529.91269111545  3.208489E-16
7535.43078613193  2.967146E-16
7540.94888114841  2.924797E-16
7546.46697616489  2.790109E-16
7551.98507118137  2.882488E-16
7557.50316619785  2.829843E-16
7563.02126121433  2.986767E-16
7568.53935623081  2.982201E-16
7574.05745124729  3.124639E-16
7579.57554626377  3.153155E-16
7585.09364128025  2.925258E-16
7590.61173629673  2.181155E-16
7596.12983131321  1.522974E-16
7601.64792632969  1.028790E-16
7607.16602134617  1.295869E-16
7612.68411636265  2.207789E-16
7618.20221137913  2.637399E-16
7623.72030639561  2.504461E-16
7629.23840141209  2.092167E-16
7634.75649642857  1.971430E-16
7640.27459144505  2.365529E-16
7645.79268646153  2.641616E-16
7651.31078147801  2.595203E-16
7656.82887649449  2.647800E-16
7662.34697151097  2.675822E-16
7667.86506652745  2.631554E-16
7673.38316154393  2.524842E-16
7678.90125656041  2.397327E-16
7684.41935157689  2.304013E-16
7689.93744659337  2.390034E-16
7695.45554160985  2.450159E-16
7700.97363662633  2.639219E-16
7706.49173164281  2.745531E-16
7712.00982665929  2.830245E-16
7717.52792167577  2.718246E-16
7723.04601669225  2.585063E-16
7728.56411170873  2.382509E-16
7734.08220672521  2.234443E-16
7739.60030174169  2.329202E-16
7745.11839675817  2.460031E-16
7750.63649177465  2.860795E-16
7756.15458679113  3.199514E-16
7761.67268180761  3.218632E-16
7767.19077682409  3.165620E-16
7772.70887184057  3.226232E-16
7778.22696685705  3.276353E-16
7783.74506187353  3.097501E-16
7789.26315689001  2.783256E-16
7794.78125190649  2.404706E-16
7800.29934692297  2.179469E-16
7805.81744193945  2.069493E-16
7811.33553695593  2.216959E-16
7816.85363197241  2.454943E-16
7822.37172698889  2.737918E-16
7827.88982200537  2.826607E-16
7833.40791702185  2.853768E-16
7838.92601203833  2.873958E-16
7844.44410705481  2.843407E-16
7849.96220207129  2.905947E-16
7855.48029708777  2.786251E-16
7860.99839210425  2.647320E-16
7866.51648712073  2.666518E-16
7872.03458213721  2.582438E-16
7877.55267715369  2.690953E-16
7883.07077217017  2.691745E-16
7888.58886718665  2.686281E-16
7894.10696220313  2.633023E-16
7899.62505721961  2.382702E-16
7905.14315223609  2.310857E-16
7910.66124725257  2.398431E-16
7916.17934226905  2.399009E-16
7921.69743728553  2.372533E-16
7927.21553230201  2.475051E-16
7932.73362731849  2.551786E-16
7938.25172233497  2.569590E-16
7943.76981735145  2.555498E-16
7949.28791236793  2.676810E-16
7954.80600738441  2.720030E-16
7960.32410240089  2.540985E-16
7965.84219741737  2.615030E-16
7971.36029243385  2.549644E-16
7976.87838745033  2.496046E-16
7982.39648246681  2.370811E-16
7987.91457748329  2.426629E-16
7993.43267249977  2.544619E-16
7998.95076751625  2.628439E-16
8004.46886253273  2.503424E-16
8009.98695754921  2.604731E-16
8015.50505256569  2.625571E-16
8021.02314758217  2.536162E-16
8026.54124259865  2.559106E-16
8032.05933761513  2.527961E-16
8037.57743263161  2.561846E-16
8043.09552764809  2.579392E-16
8048.61362266457  2.498770E-16
8054.13171768105  2.446478E-16
8059.64981269753  2.434153E-16
8065.16790771401  2.512040E-16
8070.68600273049  2.588113E-16
8076.20409774697  2.497200E-16
8081.72219276345  2.608711E-16
8087.24028777993  2.448177E-16
8092.75838279641  2.458640E-16
8098.27647781289  2.541133E-16
8103.79457282937  2.564695E-16
8109.31266784585  2.507088E-16
8114.83076286233  2.509066E-16
8120.34885787881  2.514914E-16
8125.86695289529  2.463238E-16
8131.38504791177  2.349824E-16
8136.90314292825  2.434090E-16
8142.42123794473  2.456761E-16
8147.93933296121  2.432417E-16
8153.45742797769  2.337546E-16
8158.97552299417  2.379894E-16
8164.49361801065  2.322063E-16
8170.01171302713  2.381623E-16
8175.52980804361  2.458473E-16
8181.04790306009  2.457333E-16
8186.56599807657  2.405089E-16
8192.08409309305  2.245157E-16
8197.60218810953  2.133767E-16
8203.12028312601  2.027084E-16
8208.63837814249  1.863246E-16
8214.15647315897  1.633427E-16
8219.67456817545  1.468765E-16
8225.19266319193  1.608992E-16
8230.71075820841  1.698288E-16
8236.22885322489  2.011019E-16
8241.74694824137  2.338576E-16
8247.26504325785  2.504199E-16
8252.78313827433  2.619408E-16
8258.30123329081  2.593572E-16
8263.81932830729  2.612791E-16
8269.33742332377  2.446009E-16
8274.85551834025  2.323514E-16
8280.37361335673  2.455621E-16
8285.89170837321  2.230955E-16
8291.40980338969  2.375681E-16
8296.92789840617  2.511933E-16
8302.44599342265  2.463033E-16
8307.96408843913  2.421079E-16
8313.48218345561  2.432844E-16
8319.00027847209  2.498379E-16
8324.51837348857  2.358674E-16
8330.03646850505  2.219749E-16
8335.55456352153  2.196408E-16
8341.07265853801  2.125973E-16
8346.59075355449  2.068774E-16
8352.10884857097  2.062716E-16
8357.62694358745  2.027719E-16
8363.14503860393  2.039470E-16
8368.66313362041  2.165180E-16
8374.18122863689  2.126197E-16
8379.69932365337  2.355442E-16
8385.21741866985  2.335573E-16
8390.73551368633  2.391930E-16
8396.25360870281  2.395122E-16
8401.77170371929  2.486468E-16
8407.28979873577  2.348530E-16
8412.80789375225  2.222079E-16
8418.32598876873  2.421415E-16
8423.84408378521  2.410492E-16
8429.36217880169  2.517139E-16
8434.88027381817  2.574323E-16
8440.39836883465  2.279216E-16
8445.91646385113  2.188154E-16
8451.43455886761  1.973344E-16
8456.95265388409  1.627450E-16
8462.47074890057  1.183424E-16
8467.98884391705  8.357439E-17
8473.50693893353  6.476151E-17
8479.02503395001  5.895599E-17
8484.54312896649  5.230604E-17
8490.06122398297  4.408074E-17
8495.57931899945  5.064164E-17
8501.09741401593  5.364396E-17
8506.61550903241  4.821892E-17
8512.13360404889  5.541118E-17
8517.65169906537  5.880766E-17
8523.16979408185  6.926433E-17
8528.68788909833  7.350538E-17
8534.20598411481  7.787346E-17
8539.72407913129  8.515149E-17
8545.24217414777  1.069937E-16
8550.76026916425  1.410371E-16
8556.27836418073  1.540115E-16
8561.79645919721  1.661734E-16
8567.31455421369  1.941890E-16
8572.83264923017  2.435503E-16
8578.35074424665  2.929891E-16
8583.86883926313  3.293843E-16
8589.38693427961  3.613952E-16
8594.90502929609  3.897677E-16
8600.42312431257  3.816856E-16
8605.94121932905  3.682562E-16
8611.45931434553  3.376671E-16
8616.97740936201  2.879907E-16
8622.49550437849  2.345644E-16
8628.01359939497  2.008100E-16
8633.53169441145  1.706055E-16
8639.04978942793  1.404753E-16
8644.56788444441  1.201045E-16
8650.08597946089  1.082058E-16
8655.60407447737  1.317109E-16
8661.12216949385  1.379713E-16
8666.64026451033  1.318724E-16
8672.15835952681  1.368030E-16
8677.67645454329  1.630247E-16
8683.19454955977  1.741536E-16
8688.71264457625  1.982940E-16
8694.23073959273  2.279645E-16
8699.74883460921  2.768370E-16
8705.26692962569  3.189972E-16
8710.78502464217  3.445237E-16
8716.30311965865  3.569747E-16
8721.82121467513  3.745817E-16
8727.33930969161  4.012753E-16
8732.85740470809  4.152411E-16
8738.37549972457  4.411271E-16
8743.89359474105  4.539413E-16
8749.41168975753  4.282890E-16
8754.92978477401  4.103154E-16
8760.44787979049  3.922877E-16
8765.96597480697  3.921916E-16
8771.48406982345  3.958395E-16
8777.00216483993  3.736676E-16
8782.52025985641  3.527191E-16
8788.03835487289  3.390194E-16
8793.55644988937  3.233521E-16
8799.07454490585  3.080308E-16
8804.59263992233  2.958075E-16
8810.11073493881  2.953447E-16
8815.62882995529  2.844729E-16
8821.14692497177  2.570655E-16
8826.66501998825  2.460530E-16
8832.18311500473  2.293783E-16
8837.70121002121  2.165345E-16
8843.21930503769  2.129645E-16
8848.73740005417  2.035483E-16
8854.25549507065  2.268091E-16
8859.77359008713  2.311558E-16
8865.29168510361  2.423242E-16
8870.80978012009  2.427885E-16
8876.32787513657  2.371739E-16
8881.84597015305  2.623511E-16
8887.36406516953  2.620052E-16
8892.88216018601  2.419427E-16
8898.40025520249  2.376588E-16
8903.91835021897  2.403641E-16
8909.43644523545  2.313504E-16
8914.95454025193  2.247973E-16
8920.47263526841  2.322091E-16
8925.99073028489  2.263784E-16
8931.50882530137  2.100662E-16
8937.02692031785  1.853913E-16
8942.54501533433  1.446178E-16
8948.06311035081  1.353021E-16
8953.58120536729  1.425157E-16
8959.09930038377  1.397496E-16
8964.61739540025  1.571337E-16
8970.13549041673  1.854674E-16
8975.65358543321  2.061320E-16
8981.17168044969  2.003379E-16
8986.68977546617  2.121558E-16
8992.20787048265  2.281458E-16
8997.72596549913  2.159694E-16
9003.24406051561  2.133416E-16
9008.76215553209  2.077826E-16
9014.28025054857  1.899333E-16
9019.79834556505  2.257575E-16
9025.31644058153  2.388715E-16
9030.83453559801  2.477278E-16
9036.35263061449  2.645255E-16
9041.87072563097  2.377469E-16
9047.38882064745  2.346725E-16
9052.90691566393  2.336037E-16
9058.42501068041  2.265383E-16
9063.94310569689  2.154121E-16
9069.46120071337  2.052421E-16
9074.97929572985  1.950674E-16
9080.49739074633  1.873051E-16
9086.01548576281  1.380237E-16
9091.53358077929  1.398529E-16
9097.05167579577  1.466302E-16
9102.56977081225  1.325482E-16
9108.08786582873  1.348777E-16
9113.60596084521  1.185347E-16
9119.12405586169  1.146576E-16
9124.64215087817  1.134697E-16
9130.16024589465  1.317023E-16
9135.67834091113  1.378215E-16
9141.19643592761  1.545726E-16
9146.71453094409  1.732670E-16
9152.23262596057  1.908037E-16
9157.75072097705  2.113245E-16
9163.26881599353  2.300565E-16
9168.78691101001  2.236170E-16
9174.30500602649  2.301514E-16
9179.82310104297  2.400859E-16
9185.34119605945  2.339467E-16
9190.85929107593  2.239324E-16
9196.37738609241  2.228710E-16
9201.89548110889  2.118926E-16
9207.41357612537  2.017051E-16
9212.93167114185  1.992860E-16
9218.44976615833  1.840136E-16
9223.96786117481  1.662621E-16
9229.48595619129  1.365780E-16
9235.00405120777  1.158130E-16
9240.52214622425  1.103073E-16
9246.04024124073  7.600630E-17
