3650.63427734  -2.105340E-18
3656.15333985907  -2.095100E-19
3661.67240237814  -2.994194E-18
3667.19146489721  4.434902E-19
3672.71052741628  1.551755E-17
3678.22958993535  -2.794830E-18
3683.74865245442  2.924577E-18
3689.26771497349  4.957434E-18
3694.78677749256  2.131859E-18
3700.30584001163  -3.688013E-18
3705.8249025307  1.315769E-17
3711.34396504977  5.696991E-18
3716.86302756884  7.554151E-19
3722.38209008791  2.024822E-17
3727.90115260698  1.063707E-17
3733.42021512605  7.007256E-18
3738.93927764512  8.586839E-18
3744.45834016419  3.596516E-18
3749.97740268326  9.368036E-18
3755.49646520233  1.208449E-17
3761.0155277214  1.466587E-17
3766.53459024047  -5.370463E-18
3772.05365275954  2.612124E-17
3777.57271527861  1.053023E-17
3783.09177779768  3.876764E-17
3788.61084031675  1.819933E-17
3794.12990283582  1.249163E-17
3799.64896535489  1.413937E-17
3805.16802787396  5.851380E-18
3810.68709039303  8.082618E-18
3816.2061529121  1.307985E-17
3821.72521543117  -1.059348E-17
3827.24427795024  2.095985E-18
3832.76334046931  -2.914890E-19
3838.28240298838  2.456359E-18
3843.80146550745  1.890085E-17
3849.32052802652  1.746316E-17
3854.83959054559  1.419167E-17
3860.35865306466  6.562987E-18
3865.87771558373  1.427989E-17
3871.3967781028  1.188065E-17
3876.91584062187  1.239048E-17
3882.43490314094  1.885856E-17
3887.95396566001  1.987417E-17
3893.47302817908  1.374235E-17
3898.99209069815  9.404230E-18
3904.51115321722  8.018167E-18
3910.03021573629  7.549805E-18
3915.54927825536  1.930679E-17
3921.06834077443  1.436358E-17
3926.5874032935  8.649687E-18
3932.10646581257  1.054236E-17
3937.62552833164  1.132334E-17
3943.14459085071  1.539315E-17
3948.66365336978  1.364256E-17
3954.18271588885  6.505826E-18
3959.70177840792  1.673637E-17
3965.22084092699  1.505296E-17
3970.73990344606  1.101556E-17
3976.25896596513  1.954572E-17
3981.7780284842  2.652025E-17
3987.29709100327  2.973570E-17
3992.81615352234  2.580792E-17
3998.33521604141  9.751979E-18
4003.85427856048  3.249695E-17
4009.37334107955  1.612366E-17
4014.89240359862  1.816367E-17
4020.41146611769  2.118649E-17
4025.93052863676  2.386635E-17
4031.44959115583  2.739990E-17
4036.9686536749  2.896500E-17
4042.48771619397  3.295421E-17
4048.00677871304  2.746648E-17
4053.52584123211  2.374027E-17
4059.04490375118  2.291718E-17
4064.56396627025  1.433593E-17
4070.08302878932  1.418149E-17
4075.60209130839  2.956858E-17
4081.12115382746  2.385074E-17
4086.64021634653  2.873769E-17
4092.1592788656  2.634823E-17
4097.67834138467  3.988520E-17
4103.19740390374  3.977015E-17
4108.71646642281  4.523961E-17
4114.23552894188  4.725342E-17
4119.75459146095  4.804419E-17
4125.27365398002  4.312012E-17
4130.79271649909  3.707277E-17
4136.31177901816  4.742483E-17
4141.83084153723  2.378242E-17
4147.3499040563  3.808925E-17
4152.86896657537  3.235301E-17
4158.38802909444  3.744194E-17
4163.90709161351  3.534567E-17
4169.42615413258  3.047544E-17
4174.94521665165  3.674512E-17
4180.46427917072  3.489884E-17
4185.98334168979  3.237924E-17
4191.50240420886  3.522751E-17
4197.02146672793  3.157148E-17
4202.540529247  1.567539E-17
4208.05959176607  2.413999E-17
4213.57865428514  1.815301E-17
4219.09771680421  1.523270E-17
4224.61677932328  2.287162E-17
4230.13584184235  2.671908E-17
4235.65490436142  2.659785E-17
4241.17396688049  2.043241E-17
4246.69302939956  3.122037E-17
4252.21209191863  3.521099E-17
4257.7311544377  2.272713E-17
4263.25021695677  2.204417E-17
4268.76927947584  3.481385E-17
4274.28834199491  3.840476E-17
4279.80740451398  2.496546E-17
4285.32646703305  3.365127E-17
4290.84552955212  2.546455E-17
4296.36459207119  3.234265E-17
4301.88365459026  2.480624E-17
4307.40271710933  3.133772E-17
4312.9217796284  2.691101E-17
4318.44084214747  3.560766E-17
4323.95990466654  2.516875E-17
4329.47896718561  2.261235E-17
4334.99802970468  2.719166E-17
4340.51709222375  2.700310E-17
4346.03615474282  3.245711E-17
4351.55521726189  3.623464E-17
4357.07427978096  3.695628E-17
4362.59334230003  3.736324E-17
4368.1124048191  4.007550E-17
4373.63146733817  4.112866E-17
4379.15052985724  3.311841E-17
4384.66959237631  3.704944E-17
4390.18865489538  3.709419E-17
4395.70771741446  3.070532E-17
4401.22677993352  2.793617E-17
4406.74584245259  3.352835E-17
4412.26490497166  2.322948E-17
4417.78396749073  2.854016E-17
4423.3030300098  3.895184E-17
4428.82209252887  3.744620E-17
4434.34115504794  4.196947E-17
4439.86021756701  3.707004E-17
4445.37928008608  5.118720E-17
4450.89834260515  3.777411E-17
4456.41740512422  4.295355E-17
4461.93646764329  3.995374E-17
4467.45553016236  4.129800E-17
4472.97459268143  4.049651E-17
4478.4936552005  4.075605E-17
4484.01271771957  5.424393E-17
4489.53178023864  5.714541E-17
4495.05084275771  4.783860E-17
4500.56990527678  5.054408E-17
4506.08896779585  5.324000E-17
4511.60803031492  5.308695E-17
4517.12709283399  4.648622E-17
4522.64615535306  5.421846E-17
4528.16521787213  4.642017E-17
4533.6842803912  3.791802E-17
4539.20334291027  4.800344E-17
4544.72240542934  4.144101E-17
4550.24146794841  4.010267E-17
4555.76053046748  4.020458E-17
4561.27959298655  4.794592E-17
4566.79865550562  3.824535E-17
4572.31771802469  4.511518E-17
4577.83678054376  4.069041E-17
4583.35584306283  3.974223E-17
4588.87490558191  6.179866E-17
4594.39396810097  5.912642E-17
4599.91303062004  5.760435E-17
4605.43209313911  6.606115E-17
4610.95115565818  8.060428E-17
4616.47021817725  9.684560E-17
4621.98928069632  1.044759E-16
4627.50834321539  1.084570E-16
4633.02740573446  1.048099E-16
4638.54646825353  9.234774E-17
4644.0655307726  8.425436E-17
4649.58459329167  9.047779E-17
4655.10365581074  9.421309E-17
4660.62271832981  1.109604E-16
4666.14178084888  1.175245E-16
4671.66084336795  8.875774E-17
4677.17990588702  9.218607E-17
4682.69896840609  9.544684E-17
4688.21803092516  8.478309E-17
4693.73709344423  1.138901E-16
4699.2561559633  1.244976E-16
4704.77521848237  1.370132E-16
4710.29428100144  1.439847E-16
4715.81334352051  1.396513E-16
4721.33240603958  1.313239E-16
4726.85146855865  1.301482E-16
4732.37053107772  1.142012E-16
4737.88959359679  1.237523E-16
4743.40865611586  1.160607E-16
4748.92771863493  1.193508E-16
4754.446781154  1.310276E-16
4759.96584367307  1.257439E-16
4765.48490619214  1.417720E-16
4771.00396871122  1.368942E-16
4776.52303123029  1.212047E-16
4782.04209374935  1.112105E-16
4787.56115626842  9.970390E-17
4793.08021878749  1.071092E-16
4798.59928130656  1.101504E-16
4804.11834382563  1.002358E-16
4809.6374063447  1.078302E-16
4815.15646886377  9.477419E-17
4820.67553138285  9.594513E-17
4826.19459390191  1.008845E-16
4831.71365642098  1.039733E-16
4837.23271894005  1.133716E-16
4842.75178145913  1.006589E-16
4848.27084397819  1.073148E-16
4853.78990649726  1.083582E-16
4859.30896901633  1.021192E-16
4864.8280315354  8.587738E-17
4870.34709405447  7.896165E-17
4875.86615657354  7.693609E-17
4881.38521909261  8.756980E-17
4886.90428161168  8.365934E-17
4892.42334413075  8.305376E-17
4897.94240664982  9.091498E-17
4903.4614691689  8.949356E-17
4908.98053168796  1.011248E-16
4914.49959420703  9.472223E-17
4920.0186567261  8.415128E-17
4925.53771924518  8.434206E-17
4931.05678176424  8.562409E-17
4936.57584428331  6.769998E-17
4942.09490680238  7.403581E-17
4947.61396932145  8.963075E-17
4953.13303184052  1.139780E-16
4958.65209435959  1.379224E-16
4964.17115687866  1.638926E-16
4969.69021939774  1.750634E-16
4975.2092819168  1.714855E-16
4980.72834443587  1.871711E-16
4986.24740695494  1.945514E-16
4991.76646947401  1.836586E-16
4997.28553199308  1.705321E-16
5002.80459451215  1.557708E-16
5008.32365703123  1.329570E-16
5013.8427195503  1.058632E-16
5019.36178206937  9.514523E-17
5024.88084458843  8.133985E-17
5030.39990710751  7.551271E-17
5035.91896962657  8.188430E-17
5041.43803214565  9.329427E-17
5046.95709466472  1.137877E-16
5052.47615718379  1.298739E-16
5057.99521970286  1.542471E-16
5063.51428222192  1.703011E-16
5069.03334474099  1.842323E-16
5074.55240726006  1.948811E-16
5080.07146977914  1.887307E-16
5085.5905322982  1.704543E-16
5091.10959481727  1.465370E-16
5096.62865733634  1.256459E-16
5102.14771985542  1.130071E-16
5107.66678237449  1.158615E-16
5113.18584489356  1.208642E-16
5118.70490741262  1.269280E-16
5124.22396993169  1.361942E-16
5129.74303245076  1.309510E-16
5135.26209496983  1.192477E-16
5140.7811574889  1.148780E-16
5146.30022000797  1.039458E-16
5151.81928252705  1.032756E-16
5157.33834504611  9.649699E-17
5162.85740756519  9.205698E-17
5168.37647008426  7.996600E-17
5173.89553260333  6.147607E-17
5179.4145951224  6.151490E-17
5184.93365764146  6.004067E-17
5190.45272016053  7.034026E-17
5195.97178267961  7.457841E-17
5201.49084519868  7.866014E-17
5207.00990771775  8.285961E-17
5212.52897023682  8.894962E-17
5218.04803275589  9.046189E-17
5223.56709527496  9.905942E-17
5229.08615779403  1.141878E-16
5234.60522031309  9.828017E-17
5240.12428283216  9.043631E-17
5245.64334535123  9.280102E-17
5251.1624078703  9.626033E-17
5256.68147038937  1.090811E-16
5262.20053290844  1.082714E-16
5267.71959542752  9.855407E-17
5273.23865794658  9.742129E-17
5278.75772046566  8.772912E-17
5284.27678298473  8.933591E-17
5289.7958455038  9.250475E-17
5295.31490802287  1.039809E-16
5300.83397054194  1.204348E-16
5306.35303306101  1.337769E-16
5311.87209558007  1.489941E-16
5317.39115809914  1.430223E-16
5322.91022061821  1.317604E-16
5328.42928313729  1.104070E-16
5333.94834565635  9.630770E-17
5339.46740817543  9.544232E-17
5344.9864706945  9.974908E-17
5350.50553321357  1.104375E-16
5356.02459573264  1.245172E-16
5361.54365825171  1.417988E-16
5367.06272077078  1.446429E-16
5372.58178328985  1.363520E-16
5378.10084580891  1.287790E-16
5383.61990832799  1.237712E-16
5389.13897084706  1.167404E-16
5394.65803336613  1.201215E-16
5400.1770958852  1.160520E-16
5405.69615840426  1.240602E-16
5411.21522092334  1.151137E-16
5416.73428344241  1.247602E-16
5422.25334596148  1.183542E-16
5427.77240848054  1.212573E-16
5433.29147099962  1.061310E-16
5438.81053351868  1.029696E-16
5444.32959603775  1.019099E-16
5449.84865855682  1.103621E-16
5455.3677210759  1.297044E-16
5460.88678359497  1.419125E-16
5466.40584611404  1.549885E-16
5471.9249086331  1.724532E-16
5477.44397115218  1.856958E-16
5482.96303367125  2.019922E-16
5488.48209619032  1.944778E-16
5494.00115870939  1.813314E-16
5499.52022122846  1.612925E-16
5505.03928374753  1.615568E-16
5510.55834626659  1.591374E-16
5516.07740878567  1.509830E-16
5521.59647130474  1.560913E-16
5527.11553382381  1.434966E-16
5532.63459634288  1.367986E-16
5538.15365886195  1.279935E-16
5543.67272138102  1.223923E-16
5549.19178390009  1.388811E-16
5554.71084641915  1.484474E-16
5560.22990893822  1.756347E-16
5565.74897145729  2.007230E-16
5571.26803397637  2.275104E-16
5576.78709649544  2.449201E-16
5582.30615901451  2.474358E-16
5587.82522153358  2.344241E-16
5593.34428405264  2.218456E-16
5598.86334657171  2.129004E-16
5604.38240909078  2.073086E-16
5609.90147160986  1.994835E-16
5615.42053412893  2.016350E-16
5620.939596648  2.035618E-16
5626.45865916707  2.043031E-16
5631.97772168614  2.067212E-16
5637.49678420521  1.938139E-16
5643.01584672428  1.858203E-16
5648.53490924335  1.696868E-16
5654.05397176242  1.468696E-16
5659.57303428149  1.324797E-16
5665.09209680056  1.183644E-16
5670.61115931963  1.020053E-16
5676.1302218387  1.053575E-16
5681.64928435777  1.068273E-16
5687.16834687684  1.251458E-16
5692.68740939591  1.474659E-16
5698.20647191498  1.581323E-16
5703.72553443405  1.704260E-16
5709.24459695311  1.917411E-16
5714.76365947219  2.109932E-16
5720.28272199126  2.301419E-16
5725.80178451033  2.333960E-16
5731.3208470294  2.286443E-16
5736.83990954847  2.260150E-16
5742.35897206754  2.182687E-16
5747.87803458661  2.028136E-16
5753.39709710568  1.973650E-16
5758.91615962475  1.893674E-16
5764.43522214382  1.957232E-16
5769.95428466289  1.984503E-16
5775.47334718195  1.989292E-16
5780.99240970103  1.946490E-16
5786.5114722201  1.851958E-16
5792.03053473916  1.813028E-16
5797.54959725824  1.820740E-16
5803.06865977731  1.811408E-16
5808.58772229638  1.800513E-16
5814.10678481545  1.805817E-16
5819.62584733452  1.785389E-16
5825.14490985359  1.761684E-16
5830.66397237266  1.686179E-16
5836.18303489173  1.576667E-16
5841.7020974108  1.542597E-16
5847.22115992987  1.383988E-16
5852.74022244894  1.197581E-16
5858.25928496801  1.014249E-16
5863.77834748708  8.328827E-17
5869.29741000615  7.477737E-17
5874.81647252522  7.133274E-17
5880.33553504429  7.340511E-17
5885.85459756336  7.885187E-17
5891.37366008242  8.506031E-17
5896.89272260149  8.704351E-17
5902.41178512057  1.071490E-16
5907.93084763964  1.380457E-16
5913.44991015871  1.618875E-16
5918.96897267778  1.952624E-16
5924.48803519685  2.260831E-16
5930.00709771592  2.513081E-16
5935.52616023499  2.661008E-16
5941.04522275406  2.694832E-16
5946.56428527312  2.686173E-16
5952.0833477922  2.766608E-16
5957.60241031127  2.815427E-16
5963.12147283034  2.715792E-16
5968.64053534941  2.591502E-16
5974.15959786848  2.538927E-16
5979.67866038755  2.465284E-16
5985.19772290662  2.394103E-16
5990.71678542569  2.256057E-16
5996.23584794476  2.207656E-16
6001.75491046383  2.088218E-16
6007.2739729829  2.058002E-16
6012.79303550197  1.966992E-16
6018.31209802104  1.919786E-16
6023.83116054011  2.041733E-16
6029.35022305918  2.199915E-16
6034.86928557825  2.213499E-16
6040.38834809731  2.172216E-16
6045.90741061639  2.175136E-16
6051.42647313546  2.102862E-16
6056.94553565453  2.058268E-16
6062.4645981736  2.083364E-16
6067.98366069267  2.033062E-16
6073.50272321174  1.980627E-16
6079.02178573081  2.078619E-16
6084.54084824987  1.995554E-16
6090.05991076895  2.121877E-16
6095.57897328802  1.966330E-16
6101.09803580709  1.952321E-16
6106.61709832616  1.906213E-16
6112.13616084523  1.946883E-16
6117.6552233643  1.887878E-16
6123.17428588337  2.043180E-16
6128.69334840244  1.839725E-16
6134.21241092151  1.574776E-16
6139.73147344058  1.427964E-16
6145.25053595965  1.230215E-16
6150.76959847872  1.039665E-16
6156.28866099779  1.074502E-16
6161.80772351686  1.171419E-16
6167.32678603593  1.384854E-16
6172.845848555  1.562555E-16
6178.36491107407  1.847093E-16
6183.88397359314  2.052149E-16
6189.40303611221  2.272812E-16
6194.92209863128  2.357210E-16
6200.44116115035  2.353696E-16
6205.96022366942  2.302011E-16
6211.47928618849  2.295748E-16
6216.99834870755  2.208863E-16
6222.51741122663  2.034885E-16
6228.0364737457  2.051180E-16
6233.55553626477  2.017564E-16
6239.07459878384  1.871472E-16
6244.59366130291  1.751979E-16
6250.11272382198  1.535342E-16
6255.63178634105  1.353556E-16
6261.15084886012  1.259253E-16
6266.66991137919  1.305505E-16
6272.18897389826  1.529261E-16
6277.70803641733  1.681265E-16
6283.2270989364  1.857783E-16
6288.74616145547  1.864570E-16
6294.26522397454  1.892078E-16
6299.78428649361  1.969230E-16
6305.30334901268  1.896792E-16
6310.82241153175  1.890189E-16
6316.34147405082  1.938036E-16
6321.86053656989  1.875424E-16
6327.37959908896  1.870137E-16
6332.89866160803  1.792738E-16
6338.4177241271  1.916245E-16
6343.93678664617  1.847179E-16
6349.45584916524  1.894614E-16
6354.97491168431  2.002787E-16
6360.49397420338  1.968991E-16
6366.01303672245  1.983932E-16
6371.53209924152  2.004042E-16
6377.05116176059  1.902935E-16
6382.57022427966  1.826665E-16
6388.08928679873  1.841645E-16
6393.6083493178  1.851822E-16
6399.12741183687  1.807246E-16
6404.64647435594  1.891560E-16
6410.165536875  1.969232E-16
6415.68459939408  1.991229E-16
6421.20366191315  1.928066E-16
6426.72272443222  1.778488E-16
6432.24178695129  1.656434E-16
6437.76084947036  1.551147E-16
6443.27991198943  1.380631E-16
6448.7989745085  1.431733E-16
6454.31803702757  1.498802E-16
6459.83709954664  1.558712E-16
6465.35616206571  1.585248E-16
6470.87522458478  1.599267E-16
6476.39428710385  1.555974E-16
6481.91334962292  1.584842E-16
6487.43241214199  1.654414E-16
6492.95147466106  1.504899E-16
6498.47053718013  1.334058E-16
6503.9895996992  1.152192E-16
6509.50866221827  1.018700E-16
6515.02772473734  9.926249E-17
6520.54678725641  9.661444E-17
6526.06584977548  9.905935E-17
6531.58491229455  1.052334E-16
6537.10397481362  1.161101E-16
6542.62303733268  1.279714E-16
6548.14209985176  1.511422E-16
6553.66116237083  1.748494E-16
6559.1802248899  1.921562E-16
6564.69928740897  1.935583E-16
6570.21834992804  1.872873E-16
6575.73741244711  1.945755E-16
6581.25647496618  2.088958E-16
6586.77553748525  2.344117E-16
6592.29460000432  2.724629E-16
6597.81366252339  3.053343E-16
6603.33272504245  3.329086E-16
6608.85178756153  3.377556E-16
6614.3708500806  3.208620E-16
6619.88991259967  2.975590E-16
6625.40897511874  2.728598E-16
6630.92803763781  2.603684E-16
6636.44710015688  2.596343E-16
6641.96616267595  2.642575E-16
6647.48522519502  2.672134E-16
6653.00428771409  2.635348E-16
6658.52335023316  2.631748E-16
6664.04241275223  2.570543E-16
6669.5614752713  2.394530E-16
6675.08053779037  2.212619E-16
6680.59960030944  2.132329E-16
6686.11866282851  2.126538E-16
6691.63772534758  2.028635E-16
6697.15678786665  1.933450E-16
6702.67585038572  1.863742E-16
6708.19491290479  1.876692E-16
6713.71397542386  2.030585E-16
6719.23303794293  2.016125E-16
6724.752100462  1.998503E-16
6730.27116298107  1.965748E-16
6735.79022550014  1.978770E-16
6741.30928801921  1.897434E-16
6746.82835053828  1.956931E-16
6752.34741305735  1.923193E-16
6757.86647557642  1.885866E-16
6763.38553809549  1.842524E-16
6768.90460061456  1.937361E-16
6774.42366313363  1.909224E-16
6779.9427256527  1.843700E-16
6785.46178817177  1.855334E-16
6790.98085069084  1.858160E-16
6796.49991320991  1.786571E-16
6802.01897572898  1.819909E-16
6807.53803824805  1.827741E-16
6813.05710076712  1.664306E-16
6818.57616328619  1.764489E-16
6824.09522580526  1.833671E-16
6829.61428832433  1.810296E-16
6835.1333508434  1.818956E-16
6840.65241336247  1.845465E-16
6846.17147588154  1.822144E-16
6851.69053840061  1.821926E-16
6857.20960091968  1.787803E-16
6862.72866343875  1.723147E-16
6868.24772595782  1.705791E-16
6873.76678847689  1.671681E-16
6879.28585099596  1.707214E-16
6884.80491351503  1.716559E-16
6890.3239760341  1.739525E-16
6895.84303855317  1.780856E-16
6901.36210107224  1.784189E-16
6906.88116359131  1.856119E-16
6912.40022611038  1.819672E-16
6917.91928862945  1.743584E-16
6923.43835114852  1.842446E-16
6928.95741366759  1.831012E-16
6934.47647618666  1.706645E-16
6939.99553870573  1.796511E-16
6945.5146012248  1.706106E-16
6951.03366374387  1.873642E-16
6956.55272626294  1.781200E-16
6962.07178878201  1.806117E-16
6967.59085130108  1.787081E-16
6973.10991382015  1.778303E-16
6978.62897633922  1.816518E-16
6984.14803885829  1.766090E-16
6989.66710137736  1.848687E-16
6995.18616389643  1.794262E-16
7000.7052264155  1.769782E-16
7006.22428893457  1.716807E-16
7011.74335145364  1.631868E-16
7017.26241397271  1.541865E-16
7022.78147649178  1.470293E-16
7028.30053901085  1.477236E-16
7033.81960152992  1.581243E-16
7039.33866404899  1.719826E-16
7044.85772656806  1.828275E-16
7050.37678908713  1.979468E-16
7055.8958516062  1.985466E-16
7061.41491412527  1.944025E-16
7066.93397664434  1.942133E-16
7072.45303916341  1.878122E-16
7077.97210168248  1.835682E-16
7083.49116420155  1.891182E-16
7089.01022672062  1.785688E-16
7094.52928923969  1.808208E-16
7100.04835175876  1.717998E-16
7105.56741427783  1.780433E-16
7111.0864767969  1.833838E-16
7116.60553931597  1.823566E-16
7122.12460183504  1.821504E-16
7127.64366435411  1.781396E-16
7133.16272687318  1.717760E-16
7138.68178939225  1.679479E-16
7144.20085191132  1.705485E-16
7149.71991443039  1.607510E-16
7155.23897694946  1.597988E-16
7160.75803946853  1.769271E-16
7166.2771019876  1.705952E-16
7171.79616450667  1.610098E-16
7177.31522702574  1.668492E-16
7182.83428954481  1.694361E-16
7188.35335206388  1.738175E-16
7193.87241458295  1.742122E-16
7199.39147710202  1.733160E-16
7204.91053962109  1.705244E-16
7210.42960214016  1.756102E-16
7215.94866465923  1.677664E-16
7221.4677271783  1.676134E-16
7226.98678969737  1.667906E-16
7232.50585221644  1.560158E-16
7238.02491473551  1.454201E-16
7243.54397725458  1.413228E-16
7249.06303977365  1.424514E-16
7254.58210229272  1.507271E-16
7260.10116481179  1.786405E-16
7265.62022733086  1.885080E-16
7271.13928984993  1.931344E-16
7276.658352369  1.976022E-16
7282.17741488807  2.080533E-16
7287.69647740714  1.885937E-16
7293.21553992621  1.863568E-16
7298.73460244528  1.775530E-16
7304.25366496435  1.649710E-16
7309.77272748342  1.631097E-16
7315.29179000249  1.629042E-16
7320.81085252156  1.635072E-16
7326.32991504063  1.625347E-16
7331.8489775597  1.544230E-16
7337.36804007877  1.606801E-16
7342.88710259784  1.695186E-16
7348.40616511691  1.690584E-16
7353.92522763598  1.836547E-16
7359.44429015505  1.927105E-16
7364.96335267412  1.933975E-16
7370.48241519319  2.019065E-16
7376.00147771226  1.984671E-16
7381.52054023133  1.777860E-16
7387.0396027504  1.788515E-16
7392.55866526947  1.874740E-16
7398.07772778854  1.889683E-16
7403.59679030761  1.943713E-16
7409.11585282668  1.847311E-16
7414.63491534575  1.827138E-16
7420.15397786482  1.696539E-16
7425.67304038389  1.796339E-16
7431.19210290296  1.755586E-16
7436.71116542203  1.615678E-16
7442.2302279411  1.574345E-16
7447.74929046017  1.547113E-16
7453.26835297924  1.589694E-16
7458.78741549831  1.653725E-16
7464.30647801738  1.698522E-16
7469.82554053645  1.645644E-16
7475.34460305552  1.548914E-16
7480.86366557459  1.575915E-16
7486.38272809366  1.581450E-16
7491.90179061273  1.535373E-16
7497.4208531318  1.615278E-16
7502.93991565087  1.695995E-16
7508.45897816994  1.900161E-16
7513.97804068901  1.917113E-16
7519.49710320808  1.939618E-16
7525.01616572715  1.922624E-16
7530.53522824622  1.935486E-16
7536.05429076529  1.857017E-16
7541.57335328436  1.752025E-16
7547.09241580343  1.691930E-16
7552.6114783225  1.677438E-16
7558.13054084157  1.633065E-16
7563.64960336064  1.649281E-16
7569.16866587971  1.749487E-16
7574.68772839878  1.840967E-16
7580.20679091785  1.877955E-16
7585.72585343692  1.889100E-16
7591.24491595599  1.700592E-16
7596.76397847506  1.536686E-16
7602.28304099413  1.270077E-16
7607.8021035132  1.154411E-16
7613.32116603227  1.361177E-16
7618.84022855134  1.320510E-16
7624.35929107041  1.434045E-16
7629.87835358948  1.505674E-16
7635.39741610855  1.340548E-16
7640.91647862762  1.364070E-16
7646.43554114669  1.454724E-16
7651.95460366576  1.455942E-16
7657.47366618483  1.387039E-16
7662.9927287039  1.534259E-16
7668.51179122297  1.593696E-16
7674.03085374204  1.543632E-16
7679.54991626111  1.518021E-16
7685.06897878018  1.411815E-16
7690.58804129925  1.524488E-16
7696.10710381832  1.506484E-16
7701.62616633739  1.566524E-16
7707.14522885646  1.563054E-16
7712.66429137553  1.675976E-16
7718.1833538946  1.645149E-16
7723.70241641367  1.579718E-16
7729.22147893274  1.522545E-16
7734.74054145181  1.407680E-16
7740.25960397088  1.442270E-16
7745.77866648995  1.576824E-16
7751.29772900902  1.702934E-16
7756.81679152809  1.794499E-16
7762.33585404716  1.917054E-16
7767.85491656623  1.931671E-16
7773.3739790853  1.957811E-16
7778.89304160437  1.858447E-16
7784.41210412344  1.824533E-16
7789.93116664251  1.733414E-16
7795.45022916158  1.516937E-16
7800.96929168065  1.396146E-16
7806.48835419972  1.442381E-16
7812.00741671879  1.307899E-16
7817.52647923786  1.619220E-16
7823.04554175693  1.691843E-16
7828.564604276  1.609550E-16
7834.08366679507  1.652509E-16
7839.60272931414  1.742660E-16
7845.12179183321  1.744049E-16
7850.64085435228  1.631890E-16
7856.15991687135  1.768376E-16
7861.67897939042  1.706500E-16
7867.19804190949  1.691408E-16
7872.71710442856  1.656491E-16
7878.23616694763  1.642646E-16
7883.7552294667  1.664580E-16
7889.27429198577  1.548893E-16
7894.79335450484  1.530464E-16
7900.31241702391  1.526586E-16
7905.83147954298  1.430787E-16
7911.35054206205  1.443239E-16
7916.86960458112  1.451207E-16
7922.38866710019  1.437228E-16
7927.90772961926  1.430357E-16
7933.42679213833  1.527906E-16
7938.9458546574  1.572966E-16
7944.46491717647  1.558138E-16
7949.98397969554  1.611733E-16
7955.50304221461  1.697018E-16
7961.02210473368  1.731204E-16
7966.54116725275  1.661490E-16
7972.06022977182  1.598728E-16
7977.57929229089  1.586328E-16
7983.09835480996  1.495657E-16
7988.61741732903  1.517683E-16
7994.1364798481  1.542396E-16
7999.65554236717  1.539285E-16
8005.17460488624  1.527172E-16
8010.69366740531  1.516518E-16
8016.21272992438  1.521703E-16
8021.73179244345  1.670593E-16
8027.25085496252  1.555278E-16
8032.76991748159  1.476247E-16
8038.28898000066  1.571442E-16
8043.80804251973  1.556244E-16
8049.3271050388  1.600087E-16
8054.84616755787  1.528307E-16
8060.36523007694  1.525573E-16
8065.88429259601  1.583723E-16
8071.40335511508  1.592230E-16
8076.92241763415  1.665032E-16
8082.44148015322  1.693393E-16
8087.96054267229  1.531758E-16
8093.47960519136  1.590872E-16
8098.99866771043  1.598481E-16
8104.5177302295  1.496315E-16
8110.03679274857  1.552118E-16
8115.55585526764  1.540033E-16
8121.07491778671  1.556753E-16
8126.59398030578  1.515985E-16
8132.11304282485  1.507692E-16
8137.63210534392  1.541952E-16
8143.15116786299  1.579130E-16
8148.67023038206  1.536849E-16
8154.18929290113  1.532599E-16
8159.7083554202  1.562923E-16
8165.22741793927  1.517533E-16
8170.74648045834  1.455470E-16
8176.26554297741  1.459987E-16
8181.78460549648  1.488498E-16
8187.30366801555  1.532676E-16
8192.82273053462  1.473102E-16
8198.34179305369  1.322553E-16
8203.86085557276  1.352479E-16
8209.37991809183  1.239383E-16
8214.8989806109  1.136389E-16
8220.41804312997  1.029264E-16
8225.93710564904  1.134892E-16
8231.45616816811  1.094517E-16
8236.97523068718  1.276279E-16
8242.49429320625  1.327010E-16
8248.01335572532  1.510859E-16
8253.53241824439  1.423233E-16
8259.05148076346  1.465228E-16
8264.57054328253  1.591776E-16
8270.0896058016  1.500323E-16
8275.60866832067  1.522451E-16
8281.12773083974  1.407306E-16
8286.64679335881  1.349814E-16
8292.16585587788  1.423871E-16
8297.68491839695  1.571171E-16
8303.20398091602  1.539027E-16
8308.72304343509  1.593887E-16
8314.24210595416  1.658514E-16
8319.76116847323  1.488020E-16
8325.2802309923  1.455982E-16
8330.79929351137  1.462786E-16
8336.31835603044  1.421393E-16
8341.83741854951  1.404035E-16
8347.35648106858  1.397273E-16
8352.87554358765  1.446648E-16
8358.39460610672  1.309329E-16
8363.91366862579  1.247642E-16
8369.43273114486  1.373457E-16
8374.95179366393  1.320545E-16
8380.470856183  1.454761E-16
8385.98991870207  1.472522E-16
8391.50898122114  1.623769E-16
8397.02804374021  1.531106E-16
8402.54710625928  1.492226E-16
8408.06616877835  1.455957E-16
8413.58523129742  1.501833E-16
8419.10429381649  1.423910E-16
8424.62335633556  1.460211E-16
8430.14241885463  1.497056E-16
8435.6614813737  1.460048E-16
8441.18054389277  1.435680E-16
8446.69960641184  1.387177E-16
8452.21866893091  1.285386E-16
8457.73773144998  1.081057E-16
8463.25679396905  8.995844E-17
8468.77585648812  7.259242E-17
8474.29491900719  5.100424E-17
8479.81398152626  4.935657E-17
8485.33304404533  4.986431E-17
8490.8521065644  4.327523E-17
8496.37116908347  5.288239E-17
8501.89023160254  3.937285E-17
8507.40929412161  4.110864E-17
8512.92835664068  5.440073E-17
8518.44741915975  4.863790E-17
8523.96648167882  5.235111E-17
8529.48554419789  5.395838E-17
8535.00460671696  6.130108E-17
8540.52366923603  7.809993E-17
8546.0427317551  8.226394E-17
8551.56179427417  9.433498E-17
8557.08085679324  1.011005E-16
8562.59991931231  1.053945E-16
8568.11898183138  1.253592E-16
8573.63804435045  1.440961E-16
8579.15710686952  1.771172E-16
8584.67616938859  1.933301E-16
8590.19523190766  2.140681E-16
8595.71429442673  2.204813E-16
8601.2333569458  2.186950E-16
8606.75241946487  2.177595E-16
8612.27148198394  2.016380E-16
8617.79054450301  1.747408E-16
8623.30960702208  1.506311E-16
8628.82866954115  1.291681E-16
8634.34773206022  1.017072E-16
8639.86679457929  9.586441E-17
8645.38585709836  9.228182E-17
8650.90491961743  9.057657E-17
8656.4239821365  8.080999E-17
8661.94304465557  8.538611E-17
8667.46210717464  9.394682E-17
8672.98116969371  9.654937E-17
8678.50023221278  1.090861E-16
8684.01929473185  1.118053E-16
8689.53835725092  1.329381E-16
8695.05741976999  1.582121E-16
8700.57648228906  1.747693E-16
8706.09554480813  1.958075E-16
8711.6146073272  2.122315E-16
8717.13366984627  2.105087E-16
8722.65273236534  2.303917E-16
8728.17179488441  2.411517E-16
8733.69085740348  2.465015E-16
8739.20991992255  2.491082E-16
8744.72898244162  2.472927E-16
8750.24804496069  2.554149E-16
8755.76710747976  2.428321E-16
8761.28616999883  2.379470E-16
8766.8052325179  2.496164E-16
8772.32429503697  2.431705E-16
8777.84335755604  2.114985E-16
8783.36242007511  2.020975E-16
8788.88148259418  2.033249E-16
8794.40054511325  1.961719E-16
8799.91960763232  2.013356E-16
8805.43867015139  1.911118E-16
8810.95773267046  1.860828E-16
8816.47679518953  1.836910E-16
8821.9958577086  1.862342E-16
8827.51492022767  1.659121E-16
8833.03398274674  1.726063E-16
8838.55304526581  1.739689E-16
8844.07210778488  1.471981E-16
8849.59117030395  1.334925E-16
8855.11023282302  1.419322E-16
8860.62929534209  1.451229E-16
8866.14835786116  1.455927E-16
8871.66742038023  1.634179E-16
8877.1864828993  1.530023E-16
8882.70554541837  1.686500E-16
8888.22460793744  1.522489E-16
8893.74367045651  1.555966E-16
8899.26273297558  1.550100E-16
8904.78179549465  1.634137E-16
8910.30085801372  1.428704E-16
8915.81992053279  1.453074E-16
8921.33898305186  1.449018E-16
8926.85804557093  1.338366E-16
8932.37710809  1.233774E-16
8937.89617060907  1.215495E-16
8943.41523312814  1.118633E-16
8948.93429564721  9.817407E-17
8954.45335816628  9.729856E-17
8959.97242068535  9.080952E-17
8965.49148320442  1.017369E-16
8971.01054572349  1.187912E-16
8976.52960824256  1.236101E-16
8982.04867076163  1.435031E-16
8987.5677332807  1.512544E-16
8993.08679579977  1.379363E-16
8998.60585831884  1.439876E-16
9004.12492083791  1.304169E-16
9009.64398335698  1.366431E-16
9015.16304587605  1.358325E-16
9020.68210839512  1.230664E-16
9026.20117091419  1.419745E-16
9031.72023343326  1.529680E-16
9037.23929595233  1.491131E-16
9042.7583584714  1.434187E-16
9048.27742099047  1.493397E-16
9053.79648350954  1.477059E-16
9059.31554602861  1.329959E-16
9064.83460854768  1.346418E-16
9070.35367106675  1.513704E-16
9075.87273358582  1.489985E-16
9081.39179610489  1.270242E-16
9086.91085862396  1.080377E-16
9092.42992114303  1.004861E-16
9097.9489836621  1.003080E-16
9103.46804618117  9.775931E-17
9108.98710870024  9.904004E-17
9114.50617121931  9.282800E-17
9120.02523373838  9.541303E-17
9125.54429625745  9.447229E-17
9131.06335877652  9.308265E-17
9136.58242129559  8.739339E-17
9142.10148381466  9.532995E-17
9147.62054633373  1.149648E-16
9153.1396088528  1.250228E-16
9158.65867137187  1.443353E-16
9164.17773389094  1.514197E-16
9169.69679641001  1.431575E-16
9175.21585892908  1.454908E-16
9180.73492144815  1.436210E-16
9186.25398396722  1.491884E-16
9191.77304648629  1.477405E-16
9197.29210900536  1.399488E-16
9202.81117152443  1.454673E-16
9208.3302340435  1.236912E-16
9213.84929656257  1.267838E-16
9219.36835908164  1.253826E-16
9224.88742160071  1.120703E-16
9230.40648411978  1.072936E-16
9235.92554663885  9.927969E-17
9241.44460915792  9.184335E-17
9246.96367167699  6.704986E-17
