4.650000000000004547e+03 1.917874763183644287e-16
4.654807124137882965e+03 1.709415322652930677e-16
4.659614248275761383e+03 1.645314251484889380e-16
4.664421372413639801e+03 1.582801764139643921e-16
4.669228496551518219e+03 1.528812281128348843e-16
4.674035620689396637e+03 1.497710951840845045e-16
4.678842744827275055e+03 1.494896949571388649e-16
4.683649868965153473e+03 1.434917752482923591e-16
4.688456993103031891e+03 1.389661311506718358e-16
4.693264117240910309e+03 1.325902229891130985e-16
4.698071241378788727e+03 1.273929611736587201e-16
4.702878365516667145e+03 1.222172986983593264e-16
4.707685489654545563e+03 1.224641823327043532e-16
4.712492613792423981e+03 1.176487073833350498e-16
4.717299737930302399e+03 1.158305511620536942e-16
4.722106862068180817e+03 1.108622529401539938e-16
4.726913986206059235e+03 1.061655412744126040e-16
4.731721110343937653e+03 9.850218935514163309e-17
4.736528234481816071e+03 9.798369931230359450e-17
4.741335358619694489e+03 8.980406095934642631e-17
4.746142482757572907e+03 7.793600440268060644e-17
4.750949606895451325e+03 7.137968484080160357e-17
4.755756731033329743e+03 6.001199976283646078e-17
4.760563855171208161e+03 5.988946453561530547e-17
4.765370979309086579e+03 6.336006954042649390e-17
4.770178103446964997e+03 6.732708879188790572e-17
4.774985227584843415e+03 7.023562126174686163e-17
4.779792351722721833e+03 6.859826025258999611e-17
4.784599475860600251e+03 6.915271610846184035e-17
4.789406599998478669e+03 6.665658280479732191e-17
4.794213724136357087e+03 5.998658215697393135e-17
4.799020848274235505e+03 5.836607577997844631e-17
4.803827972412113922e+03 5.301036586382831036e-17
4.808635096549992340e+03 4.324153157442201434e-17
4.813442220687870758e+03 3.870987552810945562e-17
4.818249344825749176e+03 3.736254389404838287e-17
4.823056468963627594e+03 3.471314064032268883e-17
4.827863593101506012e+03 3.271408332779843621e-17
4.832670717239384430e+03 3.209292031860786561e-17
4.837477841377262848e+03 3.270523911268901924e-17
4.842284965515141266e+03 3.827315394318350891e-17
4.847092089653019684e+03 4.659976905610154927e-17
4.851899213790898102e+03 5.194931482232694007e-17
4.856706337928776520e+03 6.480464452729930058e-17
4.861513462066654938e+03 8.310844418231349358e-17
4.866320586204533356e+03 9.401565435688261693e-17
4.871127710342411774e+03 1.079935839583751934e-16
4.875934834480290192e+03 1.230875985818835183e-16
4.880741958618168610e+03 1.305398473913860560e-16
4.885549082756047028e+03 1.390297512659445143e-16
4.890356206893925446e+03 1.467374863881626304e-16
4.895163331031803864e+03 1.467272425834567737e-16
4.899970455169682282e+03 1.445780817682561985e-16
4.904777579307560700e+03 1.424337384529431321e-16
4.909584703445439118e+03 1.392188910760884394e-16
4.914391827583317536e+03 1.320512718066429482e-16
4.919198951721195954e+03 1.310040082115916118e-16
4.924006075859074372e+03 1.341442372797491209e-16
4.928813199996952790e+03 1.346018865341726592e-16
4.933620324134831208e+03 1.416378318849895093e-16
4.938427448272709626e+03 1.493844246436629164e-16
4.943234572410588044e+03 1.572704866710576644e-16
4.948041696548466462e+03 1.624745909245390815e-16
4.952848820686344880e+03 1.650685102114971686e-16
4.957655944824223297e+03 1.691319125479332592e-16
4.962463068962101715e+03 1.699787072671711443e-16
4.967270193099980133e+03 1.696699108183377484e-16
4.972077317237858551e+03 1.652232393081588878e-16
4.976884441375736969e+03 1.677892462125269856e-16
4.981691565513615387e+03 1.646739252069746732e-16
4.986498689651493805e+03 1.481426875778779130e-16
4.991305813789372223e+03 1.380363404374928302e-16
4.996112937927250641e+03 1.270443674111941730e-16
5.000920062065129059e+03 1.163568100852048308e-16
5.005727186203007477e+03 1.135070206737269407e-16
5.010534310340885895e+03 1.070744208617062691e-16
5.015341434478764313e+03 1.036580524352989576e-16
5.020148558616642731e+03 1.077816867552187094e-16
5.024955682754521149e+03 1.110088094923636891e-16
5.029762806892399567e+03 1.150233419982101468e-16
5.034569931030277985e+03 1.233174092083854506e-16
5.039377055168156403e+03 1.336013685698979195e-16
5.044184179306034821e+03 1.383281300529321358e-16
5.048991303443913239e+03 1.409924854234103383e-16
5.053798427581791657e+03 1.452060905241962579e-16
5.058605551719670075e+03 1.487434192259384238e-16
5.063412675857548493e+03 1.501539673111332491e-16
5.068219799995426911e+03 1.417300923017912237e-16
5.073026924133305329e+03 1.388134402270394473e-16
5.077834048271183747e+03 1.467359114362763294e-16
5.082641172409062165e+03 1.440513860937416338e-16
5.087448296546940583e+03 1.400859219418318217e-16
5.092255420684819001e+03 1.405906212294973762e-16
5.097062544822697419e+03 1.380274465915466600e-16
5.101869668960575837e+03 1.313098135753300159e-16
5.106676793098454255e+03 1.240556116568073742e-16
5.111483917236332672e+03 1.227857901548649704e-16
5.116291041374211090e+03 1.171295953006763714e-16
5.121098165512089508e+03 1.081958858664260623e-16
5.125905289649967926e+03 1.013219289493266968e-16
5.130712413787846344e+03 9.589220952941021636e-17
5.135519537925724762e+03 8.968757407676425874e-17
5.140326662063603180e+03 8.282618368753079884e-17
5.145133786201481598e+03 7.958347025020041975e-17
5.149940910339360016e+03 7.301670836026854746e-17
5.154748034477238434e+03 6.581192552026227387e-17
5.159555158615116852e+03 6.325706901055139090e-17
5.164362282752995270e+03 6.235266281601041256e-17
5.169169406890873688e+03 6.472096693653343630e-17
5.173976531028752106e+03 6.800545630352019351e-17
5.178783655166630524e+03 7.341906224510414097e-17
5.183590779304508942e+03 8.079108115263393549e-17
5.188397903442387360e+03 8.406181946911761116e-17
5.193205027580265778e+03 8.952244897416397314e-17
5.198012151718144196e+03 9.546310793228710814e-17
5.202819275856022614e+03 1.033761095778714832e-16
5.207626399993901032e+03 1.071628563953555384e-16
5.212433524131779450e+03 1.093788467866054978e-16
5.217240648269657868e+03 1.161867417512639283e-16
5.222047772407536286e+03 1.183919655596608975e-16
5.226854896545414704e+03 1.193881954196401624e-16
5.231662020683293122e+03 1.171551651077716106e-16
5.236469144821171540e+03 1.163310549896523797e-16
5.241276268959049958e+03 1.212991546882050673e-16
5.246083393096928376e+03 1.221316424915682352e-16
5.250890517234806794e+03 1.226913989208053193e-16
5.255697641372685212e+03 1.262221101776470609e-16
5.260504765510563630e+03 1.226850197039213103e-16
5.265311889648442047e+03 1.188609835844233647e-16
5.270119013786320465e+03 1.200663644079254374e-16
5.274926137924198883e+03 1.196745587302611201e-16
5.279733262062077301e+03 1.164932485641617774e-16
5.284540386199955719e+03 1.215666185761904135e-16
5.289347510337834137e+03 1.231861852760100383e-16
5.294154634475712555e+03 1.187336507096494018e-16
5.298961758613590973e+03 1.178743357846599141e-16
5.303768882751469391e+03 1.178910382155885848e-16
5.308576006889347809e+03 1.150588247377662215e-16
5.313383131027226227e+03 1.138341474449345117e-16
5.318190255165104645e+03 1.128061803192128123e-16
5.322997379302983063e+03 1.114538789840315209e-16
5.327804503440861481e+03 1.118062579249791107e-16
5.332611627578739899e+03 1.146785201793388415e-16
5.337418751716618317e+03 1.162615585833081245e-16
5.342225875854496735e+03 1.143550462377163047e-16
5.347032999992375153e+03 1.222780600774350216e-16
5.351840124130253571e+03 1.296727900558630720e-16
5.356647248268131989e+03 1.257346824211716136e-16
5.361454372406010407e+03 1.269515511290208228e-16
5.366261496543888825e+03 1.251381991727371751e-16
5.371068620681767243e+03 1.225848448230186885e-16
5.375875744819645661e+03 1.256025585162897436e-16
5.380682868957524988e+03 1.279416929396916974e-16
5.385489993095403406e+03 1.283160417977086956e-16
5.390297117233281824e+03 1.314216219243675835e-16
5.395104241371160242e+03 1.296126904212774192e-16
5.399911365509038660e+03 1.246797161202561834e-16
5.404718489646917078e+03 1.193258061491189628e-16
5.409525613784795496e+03 1.225556354212282159e-16
5.414332737922673914e+03 1.245093698536294631e-16
5.419139862060552332e+03 1.261236690673083502e-16
5.423946986198430750e+03 1.265053765240546201e-16
5.428754110336309168e+03 1.250552428834654571e-16
5.433561234474187586e+03 1.285622636875636800e-16
5.438368358612066004e+03 1.263686071728526523e-16
5.443175482749944422e+03 1.270962481792134989e-16
5.447982606887822840e+03 1.239717950996986010e-16
5.452789731025701258e+03 1.215453501082804501e-16
5.457596855163579676e+03 1.302150499607834344e-16
5.462403979301458094e+03 1.370546557214046978e-16
5.467211103439336512e+03 1.283168888306559499e-16
5.472018227577214930e+03 1.242683360405764112e-16
5.476825351715093348e+03 1.224005225127622722e-16
5.481632475852971766e+03 1.214598262503873674e-16
5.486439599990850184e+03 1.258190680785418233e-16
5.491246724128728601e+03 1.247953493524461962e-16
5.496053848266607019e+03 1.210346554155351112e-16
5.500860972404485437e+03 1.183275248812205665e-16
5.505668096542363855e+03 1.182028786890761758e-16
5.510475220680242273e+03 1.196587562718389071e-16
5.515282344818120691e+03 1.126348943754102317e-16
5.520089468955999109e+03 1.026189415323649438e-16
5.524896593093877527e+03 1.052580116458786254e-16
5.529703717231755945e+03 1.092320586238242877e-16
5.534510841369634363e+03 1.086925251062029001e-16
5.539317965507512781e+03 1.151141862818031705e-16
5.544125089645391199e+03 1.161186879479079656e-16
5.548932213783269617e+03 1.160771700986027040e-16
5.553739337921148035e+03 1.169006184722318925e-16
5.558546462059026453e+03 1.202976308723054631e-16
5.563353586196904871e+03 9.468363248002123868e-17
5.568160710334783289e+03 5.229332931292039364e-17
5.572967834472661707e+03 9.632996012701817903e-17
5.577774958610540125e+03 1.253365239964028890e-16
5.582582082748418543e+03 1.228660994661765187e-16
5.587389206886296961e+03 1.213572823242103937e-16
5.592196331024175379e+03 1.202324755098158862e-16
5.597003455162053797e+03 1.191739357886542269e-16
5.601810579299932215e+03 1.177915780187352088e-16
5.606617703437810633e+03 1.138710066130298746e-16
5.611424827575689051e+03 1.120117295891372828e-16
5.616231951713567469e+03 1.106959168451369306e-16
5.621039075851445887e+03 1.079907913966272144e-16
5.625846199989324305e+03 1.083111021995873484e-16
5.630653324127202723e+03 1.102845433829020589e-16
5.635460448265081141e+03 1.072509081172005831e-16
5.640267572402959559e+03 1.014375820338514109e-16
5.645074696540837976e+03 1.001577615726644661e-16
5.649881820678716394e+03 1.004153059107440763e-16
5.654688944816594812e+03 1.009124679286680477e-16
5.659496068954473230e+03 9.660523259998602579e-17
5.664303193092351648e+03 9.627976680744846131e-17
5.669110317230230066e+03 9.646322223242292200e-17
5.673917441368108484e+03 9.585521801241684496e-17
5.678724565505986902e+03 9.507020375876932042e-17
5.683531689643865320e+03 9.814829501931184616e-17
5.688338813781743738e+03 1.051686695222779980e-16
5.693145937919622156e+03 1.050159124241966052e-16
5.697953062057500574e+03 1.021242213516092290e-16
5.702760186195378992e+03 1.088576832960276878e-16
5.707567310333257410e+03 1.110514986294163257e-16
5.712374434471135828e+03 1.096974833760058245e-16
5.717181558609014246e+03 1.131310042195950356e-16
5.721988682746892664e+03 1.114253180918412900e-16
5.726795806884771082e+03 1.107694432754255441e-16
5.731602931022649500e+03 1.093768549356904701e-16
5.736410055160527918e+03 1.055537717282581855e-16
5.741217179298406336e+03 1.053948140843050953e-16
5.746024303436284754e+03 1.066747404246104469e-16
5.750831427574163172e+03 1.071110682715648184e-16
5.755638551712041590e+03 9.933874026967366147e-17
5.760445675849920008e+03 9.555248314311223768e-17
5.765252799987798426e+03 1.023628596496083273e-16
5.770059924125676844e+03 1.040757389399688340e-16
5.774867048263555262e+03 9.848658542006643278e-17
5.779674172401433680e+03 1.002517557600300917e-16
5.784481296539312098e+03 1.051499223008750962e-16
5.789288420677190516e+03 1.042627810200793246e-16
5.794095544815068934e+03 9.960294837476799893e-17
5.798902668952947351e+03 9.574257586532182386e-17
5.803709793090825769e+03 9.668216701439835779e-17
5.808516917228704187e+03 9.512950268252202187e-17
5.813324041366582605e+03 9.076022880789852290e-17
5.818131165504461023e+03 8.856017984141368541e-17
5.822938289642339441e+03 8.573878588600351565e-17
5.827745413780217859e+03 8.181185511574887376e-17
5.832552537918096277e+03 8.319253867210808459e-17
5.837359662055974695e+03 7.826248928173283625e-17
5.842166786193853113e+03 7.034153346737815130e-17
5.846973910331731531e+03 6.851413267557090298e-17
5.851781034469609949e+03 6.460771598450757618e-17
5.856588158607488367e+03 6.582748975066807164e-17
5.861395282745366785e+03 6.769438345364105171e-17
5.866202406883245203e+03 6.334848239440585109e-17
5.871009531021123621e+03 6.221280973548484706e-17
5.875816655159002039e+03 5.580843994340938517e-17
5.880623779296880457e+03 4.166043869925345597e-17
5.885430903434758875e+03 5.480482832364369711e-17
5.890238027572637293e+03 7.390754217531875572e-17
5.895045151710515711e+03 7.906897714408223738e-17
5.899852275848394129e+03 8.444760988936744284e-17
5.904659399986272547e+03 9.079372631398447031e-17
5.909466524124150965e+03 9.431536505386773034e-17
5.914273648262029383e+03 9.874813992975570013e-17
5.919080772399907801e+03 1.043380610732665506e-16
5.923887896537786219e+03 1.100308636326442963e-16
5.928695020675664637e+03 1.125978631537474578e-16
5.933502144813543055e+03 1.103128064900717707e-16
5.938309268951421473e+03 1.067055711004015234e-16
5.943116393089299891e+03 1.073390591007191341e-16
5.947923517227178309e+03 1.149186937245548381e-16
5.952730641365056726e+03 1.201353181837878578e-16
5.957537765502935144e+03 1.181131593711162242e-16
5.962344889640813562e+03 1.187519016226847718e-16
5.967152013778691980e+03 1.187611131059861623e-16
5.971959137916570398e+03 1.182126725075288037e-16
5.976766262054448816e+03 1.159078032138212465e-16
5.981573386192327234e+03 1.118341967773487018e-16
5.986380510330205652e+03 1.142114079787076965e-16
5.991187634468084070e+03 1.133359729579407754e-16
5.995994758605962488e+03 1.166806148990723888e-16
6.000801882743840906e+03 1.216778445900767438e-16
6.005609006881719324e+03 1.210725601399247411e-16
6.010416131019597742e+03 1.171851818378399348e-16
6.015223255157476160e+03 1.153801943319104233e-16
6.020030379295354578e+03 1.178981585863014413e-16
6.024837503433232996e+03 1.164805827746223654e-16
6.029644627571111414e+03 1.146291937450510793e-16
6.034451751708989832e+03 1.154727062116183540e-16
6.039258875846868250e+03 1.116554066510290402e-16
6.044065999984746668e+03 1.089175447025969253e-16
6.048873124122625086e+03 1.079493860438852600e-16
6.053680248260503504e+03 1.071324095313686865e-16
6.058487372398381922e+03 1.043643058597416330e-16
6.063294496536260340e+03 1.011119441877464354e-16
6.068101620674138758e+03 1.068406728554885843e-16
6.072908744812017176e+03 1.071506472095142557e-16
6.077715868949895594e+03 1.017872412049449264e-16
6.082522993087774012e+03 1.014649319336248642e-16
6.087330117225652430e+03 1.053046116928674128e-16
6.092137241363530848e+03 1.032964421587152760e-16
6.096944365501409266e+03 9.876455781055365262e-17
6.101751489639287684e+03 9.715673045798738040e-17
6.106558613777166101e+03 9.993088247425342165e-17
6.111365737915044519e+03 9.683446089133672082e-17
6.116172862052922937e+03 9.227209659196374350e-17
6.120979986190801355e+03 9.433389389958891816e-17
6.125787110328679773e+03 9.592286815163388177e-17
6.130594234466558191e+03 9.487659717331760898e-17
6.135401358604436609e+03 9.184434495360032182e-17
6.140208482742315027e+03 9.332112042735859277e-17
6.145015606880193445e+03 9.186899493585440205e-17
6.149822731018071863e+03 8.916283716594021968e-17
6.154629855155950281e+03 8.935093141978987775e-17
6.159436979293828699e+03 9.328401641380191416e-17
6.164244103431707117e+03 9.602458489719830248e-17
6.169051227569585535e+03 9.798729258488452485e-17
6.173858351707463953e+03 9.933998434931494122e-17
6.178665475845342371e+03 1.019626233471408695e-16
6.183472599983220789e+03 1.002334849946600204e-16
6.188279724121099207e+03 9.887170747838132162e-17
6.193086848258977625e+03 9.696059600858370690e-17
6.197893972396856043e+03 9.743705865885915127e-17
6.202701096534734461e+03 1.010566223483788889e-16
6.207508220672612879e+03 1.024785325864677426e-16
6.212315344810491297e+03 1.027219354447951464e-16
6.217122468948369715e+03 9.741428803095679152e-17
6.221929593086248133e+03 9.418205662634868440e-17
6.226736717224126551e+03 9.277758335557244850e-17
6.231543841362004969e+03 9.247323382971213770e-17
6.236350965499883387e+03 9.504659933280950723e-17
6.241158089637761805e+03 9.191245169651548791e-17
6.245965213775640223e+03 9.153272947323934524e-17
6.250772337913518641e+03 9.466477276205502965e-17
6.255579462051397059e+03 9.030329423752423042e-17
6.260386586189275476e+03 8.930818934317803770e-17
6.265193710327153894e+03 9.354287100597180843e-17
6.270000834465032312e+03 9.248390776833652197e-17
6.274807958602910730e+03 9.224865760212644090e-17
6.279615082740789148e+03 9.264741159693620364e-17
6.284422206878667566e+03 9.086127719152800077e-17
6.289229331016545984e+03 9.010148202039599294e-17
6.294036455154424402e+03 8.946762344316395847e-17
6.298843579292302820e+03 9.545721840632573059e-17
6.303650703430181238e+03 9.841370749937806083e-17
6.308457827568059656e+03 9.514250596175135547e-17
6.313264951705938074e+03 9.465142537569087400e-17
6.318072075843816492e+03 9.752804852623998431e-17
6.322879199981694910e+03 9.866757915553793566e-17
6.327686324119573328e+03 9.540867283053621850e-17
6.332493448257451746e+03 9.290118399142257210e-17
6.337300572395330164e+03 9.445444389333994620e-17
6.342107696533208582e+03 9.459579251641300757e-17
6.346914820671087000e+03 9.347301725760293035e-17
6.351721944808965418e+03 9.082451066766124379e-17
6.356529068946843836e+03 8.931139218650984302e-17
6.361336193084722254e+03 9.187222424896580907e-17
6.366143317222600672e+03 9.457891141447202538e-17
6.370950441360479090e+03 9.605491926462184711e-17
6.375757565498357508e+03 9.405394289307647147e-17
6.380564689636235926e+03 8.908903280296578834e-17
6.385371813774114344e+03 8.688208184144980838e-17
6.390178937911992762e+03 8.520993954189631315e-17
6.394986062049871180e+03 8.091391416487560989e-17
6.399793186187749598e+03 7.473855428846912902e-17
6.404600310325628016e+03 7.036965760820495424e-17
6.409407434463506434e+03 6.315514050675015661e-17
6.414214558601384851e+03 5.534522541782459009e-17
6.419021682739263269e+03 4.761011392605341897e-17
6.423828806877141687e+03 4.079780843436885574e-17
6.428635931015020105e+03 3.905061438347719920e-17
6.433443055152898523e+03 3.952155146726078934e-17
6.438250179290776941e+03 4.062626441021515865e-17
6.443057303428655359e+03 4.071187098616949659e-17
6.447864427566533777e+03 3.725095061197007901e-17
6.452671551704412195e+03 3.801991094428917438e-17
6.457478675842290613e+03 4.141306868270824794e-17
6.462285799980169031e+03 4.405584125664371690e-17
6.467092924118047449e+03 3.910552263253846918e-17
6.471900048255925867e+03 3.918407501222895490e-17
6.476707172393804285e+03 3.818178357272090147e-17
6.481514296531682703e+03 3.927388035697261200e-17
6.486321420669561121e+03 3.631406268913536838e-17
6.491128544807439539e+03 3.468367315818109977e-17
6.495935668945317957e+03 3.788242029159306034e-17
6.500742793083196375e+03 4.173152990981871338e-17
6.505549917221074793e+03 4.448556489358746499e-17
6.510357041358953211e+03 4.693819180575414438e-17
6.515164165496831629e+03 5.046523699812105099e-17
6.519971289634710047e+03 5.556321728773436480e-17
6.524778413772588465e+03 6.310930808336981846e-17
6.529585537910466883e+03 7.060277695715709871e-17
6.534392662048345301e+03 7.812444938110998699e-17
6.539199786186223719e+03 9.092103271897883148e-17
6.544006910324102137e+03 9.777056464695073118e-17
6.548814034461980555e+03 1.131866701660974041e-16
6.553621158599858973e+03 1.295939101126500153e-16
6.558428282737737391e+03 1.490705592320357956e-16
6.563235406875615809e+03 1.639554030396866112e-16
6.568042531013494226e+03 1.755427475836764356e-16
6.572849655151372644e+03 1.874712346471729294e-16
6.577656779289251062e+03 2.015203878081287718e-16
6.582463903427129480e+03 2.152063226533901296e-16
6.587271027565007898e+03 2.264584671433938655e-16
6.592078151702886316e+03 2.395517436233732299e-16
6.596885275840764734e+03 2.460078816869047105e-16
6.601692399978643152e+03 2.463723970217996783e-16
6.606499524116521570e+03 2.447185387225060552e-16
6.611306648254399988e+03 2.453540781307427974e-16
6.616113772392278406e+03 2.528072533825313946e-16
6.620920896530156824e+03 2.543136485396639643e-16
6.625728020668035242e+03 2.536711475793919758e-16
6.630535144805913660e+03 2.525112153674660166e-16
6.635342268943792078e+03 2.529656750134475504e-16
6.640149393081670496e+03 2.534999145751485987e-16
6.644956517219548914e+03 2.531244142817189267e-16
6.649763641357427332e+03 2.518588676491821969e-16
6.654570765495305750e+03 2.416515647693962422e-16
6.659377889633184168e+03 2.285235599385794514e-16
6.664185013771062586e+03 2.240549846857801865e-16
6.668992137908941004e+03 2.183706789256545855e-16
6.673799262046819422e+03 2.160599598106550533e-16
6.678606386184697840e+03 2.153407361942075464e-16
6.683413510322576258e+03 2.075229661981851763e-16
6.688220634460454676e+03 1.942340118725002676e-16
6.693027758598333094e+03 1.873151423568617229e-16
6.697834882736211512e+03 1.847292831177923525e-16
6.702642006874089930e+03 1.807390564870651529e-16
6.707449131011968348e+03 1.765529270175057947e-16
6.712256255149846766e+03 1.707128201346446057e-16
6.717063379287725184e+03 1.613385344538138528e-16
6.721870503425603601e+03 1.516257532314366002e-16
6.726677627563482019e+03 1.450611023064279632e-16
6.731484751701360437e+03 1.452735619924009833e-16
6.736291875839238855e+03 1.495506680944513737e-16
6.741098999977117273e+03 1.452463245891908372e-16
6.745906124114995691e+03 1.358901045329382424e-16
6.750713248252874109e+03 1.332194228851352343e-16
6.755520372390752527e+03 1.305541675421505740e-16
6.760327496528630945e+03 1.243813090599164535e-16
6.765134620666509363e+03 1.199021988348357133e-16
6.769941744804387781e+03 1.201513324004468844e-16
6.774748868942266199e+03 1.198047503412320663e-16
6.779555993080144617e+03 1.183579254230931153e-16
6.784363117218023035e+03 1.164892251576623195e-16
6.789170241355901453e+03 1.116808308743364700e-16
6.793977365493779871e+03 1.075483424131399505e-16
6.798784489631658289e+03 1.047215817099155367e-16
6.803591613769536707e+03 1.013941252731903251e-16
6.808398737907415125e+03 1.042090076628184774e-16
6.813205862045293543e+03 1.022120944024419622e-16
6.818012986183171961e+03 9.440495864037457387e-17
6.822820110321050379e+03 9.296195198794316773e-17
6.827627234458928797e+03 9.175544619880802283e-17
6.832434358596807215e+03 9.131303691999016151e-17
6.837241482734685633e+03 9.224092842648274541e-17
6.842048606872564051e+03 9.421747980890065525e-17
6.846855731010442469e+03 9.412595392848288785e-17
6.851662855148320887e+03 9.306845976361549557e-17
6.856469979286199305e+03 8.787666395764886758e-17
6.861277103424077723e+03 7.375823938347538444e-17
6.866084227561956141e+03 6.269555234097079401e-17
6.870891351699834559e+03 6.319782964380279327e-17
6.875698475837712976e+03 6.912102516483370875e-17
6.880505599975591394e+03 7.162922868799660096e-17
6.885312724113469812e+03 6.657430811235034757e-17
6.890119848251348230e+03 6.516253579984894375e-17
6.894926972389226648e+03 6.909120695811239721e-17
6.899734096527105066e+03 6.964862081185473107e-17
6.904541220664983484e+03 7.410656844814391461e-17
6.909348344802861902e+03 7.645293573882203206e-17
6.914155468940740320e+03 7.802097239520205344e-17
6.918962593078618738e+03 7.522846358678223540e-17
6.923769717216497156e+03 7.045176024708451755e-17
6.928576841354375574e+03 7.515581727666537830e-17
6.933383965492253992e+03 7.663581544609015584e-17
6.938191089630132410e+03 7.486469602316101553e-17
6.942998213768010828e+03 7.210853022213432732e-17
6.947805337905889246e+03 7.535897283510840190e-17
6.952612462043767664e+03 7.646431112660586130e-17
6.957419586181646082e+03 7.521119205559212819e-17
6.962226710319524500e+03 7.756104012228786878e-17
6.967033834457402918e+03 7.523172598711814455e-17
6.971840958595281336e+03 7.223856963187256369e-17
6.976648082733159754e+03 7.509154203434755784e-17
6.981455206871038172e+03 8.053542278635094612e-17
6.986262331008916590e+03 7.841167957701290032e-17
6.991069455146795008e+03 7.134292493437974702e-17
6.995876579284673426e+03 6.999587785044939251e-17
7.000683703422551844e+03 6.966199466799848842e-17
7.005490827560430262e+03 7.170691087368268090e-17
7.010297951698308680e+03 7.252320578937451073e-17
7.015105075836187098e+03 7.501458115015562414e-17
7.019912199974065516e+03 7.334960554342928834e-17
7.024719324111943934e+03 7.122228891384501347e-17
7.029526448249822351e+03 7.116287087608410438e-17
7.034333572387700769e+03 6.829246150629649241e-17
7.039140696525579187e+03 6.371528074779146526e-17
7.043947820663457605e+03 6.015174034679871906e-17
7.048754944801336023e+03 6.478189375173164211e-17
7.053562068939214441e+03 7.347164446228291184e-17
7.058369193077092859e+03 7.420636613468721229e-17
7.063176317214971277e+03 7.283308088172667574e-17
7.067983441352849695e+03 7.103938935424218841e-17
7.072790565490728113e+03 7.061378176802650419e-17
7.077597689628606531e+03 6.738553406524845244e-17
7.082404813766484949e+03 6.558214798098484363e-17
7.087211937904363367e+03 6.598763191725833780e-17
7.092019062042241785e+03 7.171184087013349694e-17
7.096826186180120203e+03 7.504707280461670707e-17
7.101633310317998621e+03 7.318045041688464440e-17
7.106440434455877039e+03 6.854396411718201537e-17
7.111247558593755457e+03 6.696383738896891894e-17
7.116054682731633875e+03 6.794718970117195824e-17
7.120861806869512293e+03 6.576823714902967316e-17
7.125668931007390711e+03 6.661303339990763011e-17
7.130476055145269129e+03 6.916462089183770352e-17
7.135283179283147547e+03 6.901446444960217751e-17
7.140090303421025965e+03 7.259955125119070497e-17
7.144897427558904383e+03 7.241442823010133738e-17
7.149704551696782801e+03 6.975618737871112679e-17
7.154511675834661219e+03 6.549956888607244977e-17
7.159318799972539637e+03 6.246678727076312868e-17
7.164125924110418055e+03 6.185469346980858947e-17
7.168933048248296473e+03 5.930912785273790211e-17
7.173740172386174891e+03 5.611750770748369843e-17
7.178547296524053309e+03 5.638224520817006983e-17
7.183354420661931726e+03 5.636223405479118698e-17
7.188161544799810144e+03 5.272908144216842819e-17
7.192968668937688562e+03 5.066798558370269850e-17
7.197775793075566980e+03 5.334049033757577349e-17
7.202582917213445398e+03 5.331814322614704090e-17
7.207390041351323816e+03 5.575876940198680096e-17
7.212197165489202234e+03 5.930224571004146092e-17
7.217004289627080652e+03 6.080686739194071698e-17
7.221811413764959070e+03 5.984457178941082756e-17
7.226618537902837488e+03 5.617390819037001407e-17
7.231425662040715906e+03 5.536471710177878964e-17
7.236232786178594324e+03 5.618273586186717998e-17
7.241039910316472742e+03 5.359577150949943868e-17
7.245847034454351160e+03 5.316784450884615577e-17
7.250654158592229578e+03 5.515090745704608304e-17
7.255461282730107996e+03 5.534962932740582241e-17
7.260268406867986414e+03 5.542696740595708029e-17
7.265075531005864832e+03 5.352414759461969712e-17
7.269882655143743250e+03 5.399892279644553331e-17
7.274689779281621668e+03 5.519440061365412124e-17
7.279496903419500086e+03 6.127814196541422876e-17
7.284304027557378504e+03 6.647971173749878332e-17
7.289111151695256922e+03 6.471293997586922172e-17
7.293918275833135340e+03 6.089783740698684875e-17
7.298725399971013758e+03 5.748119766533861985e-17
7.303532524108892176e+03 5.291452210061301615e-17
7.308339648246770594e+03 4.855546225219332197e-17
7.313146772384649012e+03 4.851348779918993113e-17
7.317953896522527430e+03 5.874883541046388370e-17
7.322761020660405848e+03 6.745850463016543033e-17
7.327568144798284266e+03 6.772410239868885688e-17
7.332375268936162684e+03 7.800966979931212887e-17
7.337182393074041101e+03 8.247329520332587639e-17
7.341989517211919519e+03 7.951233933496575979e-17
7.346796641349797937e+03 6.907251929371359921e-17
7.351603765487676355e+03 6.084997342802208036e-17
7.356410889625554773e+03 5.585611201647204126e-17
7.361218013763433191e+03 4.975261759168416744e-17
7.366025137901311609e+03 5.094113385685750909e-17
7.370832262039190027e+03 5.350945686694075535e-17
7.375639386177068445e+03 5.962419763933690013e-17
7.380446510314946863e+03 6.639537240224287662e-17
7.385253634452825281e+03 6.935095490534384875e-17
7.390060758590703699e+03 6.809186028158503256e-17
7.394867882728582117e+03 7.060121524016059859e-17
7.399675006866460535e+03 7.394813358233795790e-17
7.404482131004338953e+03 7.217027760050018573e-17
7.409289255142217371e+03 6.879191316015601052e-17
7.414096379280095789e+03 6.789326414267840126e-17
7.418903503417974207e+03 6.969622671046838292e-17
7.423710627555852625e+03 6.935631503571319236e-17
7.428517751693731043e+03 6.429372484142734730e-17
7.433324875831609461e+03 6.369824082717287289e-17
7.438131999969487879e+03 6.445406553136462618e-17
7.442939124107366297e+03 6.212516829522362867e-17
7.447746248245244715e+03 6.212694177045694236e-17
7.452553372383123133e+03 6.167364679477788320e-17
7.457360496521001551e+03 5.961469498845989095e-17
7.462167620658879969e+03 6.135183383182535289e-17
7.466974744796758387e+03 6.547641444636586542e-17
7.471781868934636805e+03 6.688438172804952531e-17
7.476588993072515223e+03 6.577215467641072430e-17
7.481396117210393641e+03 6.711756725145067402e-17
7.486203241348272059e+03 7.046741050427402083e-17
7.491010365486150476e+03 6.924539342429228157e-17
7.495817489624028894e+03 6.825188995161199151e-17
7.500624613761907312e+03 6.961394540057650815e-17
7.505431737899785730e+03 7.070255479136569512e-17
7.510238862037664148e+03 7.065153429118342437e-17
7.515045986175542566e+03 7.225110968995886759e-17
7.519853110313420984e+03 7.131795069732554601e-17
7.524660234451299402e+03 7.029838110918248495e-17
7.529467358589177820e+03 7.177061039829416445e-17
7.534274482727056238e+03 7.032093336140313069e-17
7.539081606864934656e+03 6.707581779157389761e-17
7.543888731002813074e+03 6.446866361481496202e-17
7.548695855140691492e+03 5.820915630905468675e-17
7.553502979278569910e+03 5.390291359710772849e-17
7.558310103416448328e+03 5.462535329177684159e-17
7.563117227554326746e+03 6.178245082383065825e-17
7.567924351692205164e+03 6.486715291182870778e-17
7.572731475830083582e+03 6.487658277081181230e-17
7.577538599967962000e+03 6.549583664714861051e-17
7.582345724105840418e+03 6.378133608278749984e-17
7.587152848243718836e+03 5.355791641594656192e-17
7.591959972381597254e+03 3.401663140349588804e-17
7.596767096519475672e+03 1.579857067333404147e-17
7.601574220657354090e+03 9.395072729624210468e-18
7.606381344795232508e+03 1.261712319525301493e-17
7.611188468933110926e+03 1.904658302966843526e-17
7.615995593070989344e+03 2.324051281240416852e-17
7.620802717208867762e+03 2.402308192016098631e-17
7.625609841346746180e+03 2.000762793511214451e-17
7.630416965484624598e+03 2.115604744727259069e-17
7.635224089622503016e+03 2.560133260274481248e-17
7.640031213760381434e+03 3.018438634359896613e-17
7.644838337898259851e+03 3.611983737258546727e-17
7.649645462036138269e+03 4.208205927491663460e-17
7.654452586174016687e+03 4.509351617403433864e-17
7.659259710311895105e+03 4.688912345181749878e-17
7.664066834449773523e+03 5.199365170315978235e-17
7.668873958587651941e+03 5.346301563862957816e-17
7.673681082725530359e+03 5.411238881543065722e-17
7.678488206863408777e+03 5.267903370638651981e-17
7.683295331001287195e+03 5.154257357152236530e-17
7.688102455139165613e+03 5.053543485362475113e-17
7.692909579277044031e+03 4.783444199945534987e-17
7.697716703414922449e+03 4.305634899632854293e-17
7.702523827552800867e+03 4.022497593400853344e-17
7.707330951690679285e+03 4.447205537982324894e-17
7.712138075828557703e+03 5.780083348891891059e-17
7.716945199966436121e+03 7.131486696800194832e-17
7.721752324104314539e+03 7.029915535023583458e-17
7.726559448242192957e+03 6.401017394488906984e-17
7.731366572380071375e+03 5.375037818343049998e-17
7.736173696517949793e+03 4.291036154438028418e-17
7.740980820655828211e+03 3.668399440268133342e-17
7.745787944793706629e+03 3.639114930478041013e-17
7.750595068931585047e+03 3.963937507371284260e-17
7.755402193069463465e+03 4.177157206891118034e-17
7.760209317207341883e+03 3.815931734728396124e-17
7.765016441345220301e+03 3.077719691011366915e-17
7.769823565483098719e+03 2.740702486655621913e-17
7.774630689620977137e+03 3.114165268800453315e-17
7.779437813758855555e+03 3.727833690769048465e-17
7.784244937896733973e+03 4.111832437812090290e-17
7.789052062034612391e+03 4.968063302605735276e-17
7.793859186172490809e+03 4.949930841834082867e-17
7.798666310310369226e+03 5.046068088730710892e-17
7.803473434448247644e+03 5.201307721266497765e-17
7.808280558586126062e+03 5.924239753836202426e-17
7.813087682724004480e+03 7.092864641383358907e-17
7.817894806861882898e+03 7.310068373605493083e-17
7.822701930999761316e+03 6.690359878804035725e-17
7.827509055137639734e+03 5.879820154942104840e-17
7.832316179275518152e+03 5.323030326253880978e-17
7.837123303413396570e+03 4.788774551812826697e-17
7.841930427551274988e+03 4.156645774677763118e-17
7.846737551689153406e+03 3.509881194656431288e-17
7.851544675827031824e+03 3.320647085922675146e-17
7.856351799964910242e+03 3.427686573292752076e-17
7.861158924102788660e+03 3.880559686859409198e-17
7.865966048240667078e+03 4.892234332364019144e-17
7.870773172378545496e+03 5.844833062009071939e-17
7.875580296516423914e+03 6.307358049835242808e-17
7.880387420654302332e+03 6.488415312777789760e-17
7.885194544792180750e+03 6.052709505644058175e-17
7.890001668930059168e+03 5.116643800338225255e-17
7.894808793067937586e+03 3.962328144771501089e-17
7.899615917205816004e+03 2.602423530835744830e-17
7.904423041343694422e+03 2.257400210767221584e-17
7.909230165481572840e+03 3.813649047109994789e-17
7.914037289619451258e+03 5.532941303323502642e-17
7.918844413757329676e+03 6.264540534351537926e-17
7.923651537895208094e+03 6.014078847548851698e-17
7.928458662033086512e+03 5.166662750234816796e-17
7.933265786170964930e+03 4.524000986051747984e-17
7.938072910308843348e+03 3.864726788190654206e-17
7.942880034446721766e+03 3.471843459624302821e-17
7.947687158584600184e+03 3.564648161269077208e-17
7.952494282722478601e+03 4.130558483391310752e-17
7.957301406860357019e+03 4.976023757948700593e-17
7.962108530998235437e+03 5.170519397122784033e-17
7.966915655136113855e+03 4.236122611420838101e-17
7.971722779273992273e+03 3.200446493262389504e-17
7.976529903411870691e+03 2.815049810984133062e-17
7.981337027549749109e+03 2.596428456628205507e-17
7.986144151687627527e+03 2.599916180962974092e-17
7.990951275825505945e+03 3.581416766646752185e-17
7.995758399963384363e+03 4.816434809752109900e-17
8.000565524101262781e+03 4.863661197900722420e-17
8.005372648239141199e+03 4.418369690956481328e-17
8.010179772377019617e+03 4.368695509939201889e-17
8.014986896514898035e+03 4.829696169332560040e-17
8.019794020652776453e+03 5.067040095109135334e-17
8.024601144790654871e+03 4.811914433140630114e-17
8.029408268928533289e+03 4.836332473950950470e-17
8.034215393066411707e+03 4.907639413219961710e-17
8.039022517204290125e+03 4.485076844275207692e-17
8.043829641342168543e+03 4.400848351221383096e-17
8.048636765480046961e+03 4.082767627192692046e-17
8.053443889617925379e+03 3.449612484353572670e-17
8.058251013755803797e+03 2.552576634506564319e-17
8.063058137893682215e+03 2.468593152350177929e-17
8.067865262031560633e+03 3.325579067606961319e-17
8.072672386169439051e+03 4.161231333121512082e-17
8.077479510307317469e+03 4.651363639327762761e-17
8.082286634445195887e+03 5.037927308014209014e-17
8.087093758583074305e+03 4.929112360177348266e-17
8.091900882720952723e+03 4.320424558113057406e-17
8.096708006858831141e+03 4.024639660315120664e-17
8.101515130996709559e+03 3.530314210147716177e-17
8.106322255134587976e+03 3.112763032226053422e-17
8.111129379272466394e+03 2.864990344158654576e-17
8.115936503410344812e+03 2.961322474807600094e-17
8.120743627548223230e+03 3.442491121023981144e-17
8.125550751686101648e+03 3.502468663751221096e-17
8.130357875823980066e+03 3.413784314173695851e-17
8.135164999961858484e+03 3.724772460758112220e-17
8.139972124099736902e+03 4.057952870560591258e-17
8.144779248237615320e+03 4.314677307217038970e-17
8.149586372375493738e+03 4.059130775752866770e-17
8.154393496513372156e+03 3.195047319968133382e-17
8.159200620651250574e+03 2.575134511555375426e-17
8.164007744789128992e+03 2.193052672863863987e-17
8.168814868927007410e+03 2.152586500989402341e-17
8.173621993064885828e+03 2.573486933211292305e-17
8.178429117202764246e+03 2.996380043528822513e-17
8.183236241340642664e+03 3.457051815910629580e-17
8.188043365478521082e+03 3.811794177304405880e-17
8.192850489616399500e+03 3.426787924275274467e-17
8.197657613754277918e+03 2.527286414458368050e-17
8.202464737892156336e+03 1.543523655235379938e-17
