       3899.7053  8.83170e-16
       3901.5723  8.91302e-16
       3903.4394  8.91368e-16
       3905.3065  8.99558e-16
       3907.1736  9.36562e-16
       3909.0407  9.68716e-16
       3910.9077  1.03495e-15
       3912.7748  1.04883e-15
       3914.6419  1.01653e-15
       3916.5090  1.02527e-15
       3918.3761  1.05800e-15
       3920.2431  1.10313e-15
       3922.1102  1.13651e-15
       3923.9773  1.15282e-15
       3925.8444  1.15544e-15
       3927.7114  1.15487e-15
       3929.5785  1.21043e-15
       3931.4456  1.20078e-15
       3933.3127  1.20363e-15
       3935.1798  1.21700e-15
       3937.0468  1.25693e-15
       3938.9139  1.25623e-15
       3940.7810  1.30438e-15
       3942.6481  1.32573e-15
       3944.5152  1.36150e-15
       3946.3822  1.36097e-15
       3948.2493  1.37739e-15
       3950.1164  1.40703e-15
       3951.9835  1.41345e-15
       3953.8506  1.41162e-15
       3955.7176  1.37128e-15
       3957.5847  1.42709e-15
       3959.4518  1.46780e-15
       3961.3189  1.43109e-15
       3963.1859  1.38816e-15
       3965.0530  1.38842e-15
       3966.9201  1.40992e-15
       3968.7872  1.44416e-15
       3970.6543  1.41830e-15
       3972.5213  1.38508e-15
       3974.3884  1.45047e-15
       3976.2555  1.44387e-15
       3978.1226  1.42706e-15
       3979.9897  1.46151e-15
       3981.8567  1.41787e-15
       3983.7238  1.40267e-15
       3985.5909  1.39788e-15
       3987.4580  1.41705e-15
       3989.3250  1.41783e-15
       3991.1921  1.40386e-15
       3993.0592  1.38932e-15
       3994.9263  1.39303e-15
       3996.7934  1.42074e-15
       3998.6604  1.38678e-15
       4000.5275  1.38882e-15
       4002.3946  1.41139e-15
       4004.2617  1.45269e-15
       4006.1288  1.46507e-15
       4007.9958  1.41953e-15
       4009.8629  1.37074e-15
       4011.7300  1.40196e-15
       4013.5971  1.43868e-15
       4015.4642  1.42191e-15
       4017.3312  1.43551e-15
       4019.1983  1.41347e-15
       4021.0654  1.41079e-15
       4022.9325  1.39212e-15
       4024.7995  1.38380e-15
       4026.6666  1.40714e-15
       4028.5337  1.40413e-15
       4030.4008  1.37928e-15
       4032.2679  1.39587e-15
       4034.1349  1.33869e-15
       4036.0020  1.31920e-15
       4037.8691  1.33256e-15
       4039.7362  1.34427e-15
       4041.6033  1.34759e-15
       4043.4703  1.30575e-15
       4045.3374  1.32993e-15
       4047.2045  1.28711e-15
       4049.0716  1.28049e-15
       4050.9386  1.28004e-15
       4052.8057  1.25054e-15
       4054.6728  1.24791e-15
       4056.5399  1.24546e-15
       4058.4070  1.22325e-15
       4060.2740  1.25379e-15
       4062.1411  1.23637e-15
       4064.0082  1.24825e-15
       4065.8753  1.25900e-15
       4067.7424  1.19928e-15
       4069.6094  1.19762e-15
       4071.4765  1.22034e-15
       4073.3436  1.17285e-15
       4075.2107  1.15566e-15
       4077.0778  1.16903e-15
       4078.9448  1.14671e-15
       4080.8119  1.14041e-15
       4082.6790  1.12652e-15
       4084.5461  1.11372e-15
       4086.4131  1.11194e-15
       4088.2802  1.10162e-15
       4090.1473  1.06723e-15
       4092.0144  1.02902e-15
       4093.8815  1.02416e-15
       4095.7485  1.02694e-15
       4097.6156  1.03580e-15
       4099.4827  1.04181e-15
       4101.3498  1.02949e-15
       4103.2169  1.05195e-15
       4105.0839  1.07828e-15
       4106.9510  1.06255e-15
       4108.8181  1.05549e-15
       4110.6852  1.03542e-15
       4112.5523  9.91616e-16
       4114.4193  9.74523e-16
       4116.2864  1.00618e-15
       4118.1535  1.00382e-15
       4120.0206  9.62533e-16
       4121.8876  9.60265e-16
       4123.7547  9.48719e-16
       4125.6218  9.11828e-16
       4127.4889  9.31821e-16
       4129.3560  9.48875e-16
       4131.2230  9.38560e-16
       4133.0901  9.72947e-16
       4134.9572  9.48630e-16
       4136.8243  8.93318e-16
       4138.6914  8.70143e-16
       4140.5584  8.46632e-16
       4142.4255  8.75947e-16
       4144.2926  8.89597e-16
       4146.1597  8.36558e-16
       4148.0267  8.46937e-16
       4149.8938  8.54617e-16
       4151.7609  8.25113e-16
       4153.6280  8.27660e-16
       4155.4951  8.02871e-16
       4157.3621  7.78834e-16
       4159.2292  7.73645e-16
       4161.0963  7.68321e-16
       4162.9634  7.50174e-16
       4164.8305  7.31067e-16
       4166.6975  7.19230e-16
       4168.5646  7.08558e-16
       4170.4317  6.82247e-16
       4172.2988  6.86575e-16
       4174.1659  7.21268e-16
       4176.0329  7.24167e-16
       4177.9000  7.31617e-16
       4179.7671  7.87971e-16
       4181.6342  8.01351e-16
       4183.5012  7.95992e-16
       4185.3683  7.90629e-16
       4187.2354  8.07591e-16
       4189.1025  8.23214e-16
       4190.9696  7.96449e-16
       4192.8366  7.79933e-16
       4194.7037  7.77667e-16
       4196.5708  7.98507e-16
       4198.4379  8.13040e-16
       4200.3050  8.03786e-16
       4202.1720  8.15142e-16
       4204.0391  7.98806e-16
       4205.9062  7.68746e-16
       4207.7733  7.73468e-16
       4209.6403  7.82093e-16
       4211.5074  7.65089e-16
       4213.3745  7.71843e-16
       4215.2416  7.75180e-16
       4217.1087  7.61741e-16
       4218.9757  7.87343e-16
       4220.8428  8.00629e-16
       4222.7099  7.70200e-16
       4224.5770  7.77712e-16
       4226.4441  7.90619e-16
       4228.3111  7.69058e-16
       4230.1782  7.71376e-16
       4232.0453  8.12731e-16
       4233.9124  8.12783e-16
       4235.7795  8.09267e-16
       4237.6465  8.12474e-16
       4239.5136  7.70590e-16
       4241.3807  7.84103e-16
       4243.2478  8.24902e-16
       4245.1148  8.17586e-16
       4246.9819  7.96604e-16
       4248.8490  7.95552e-16
       4250.7161  7.95231e-16
       4252.5832  8.24137e-16
       4254.4502  8.09717e-16
       4256.3173  7.81202e-16
       4258.1844  7.82390e-16
       4260.0515  7.89776e-16
       4261.9186  7.95597e-16
       4263.7856  7.86031e-16
       4265.6527  7.92870e-16
       4267.5198  8.02491e-16
       4269.3869  8.01154e-16
       4271.2539  8.02192e-16
       4273.1210  8.06447e-16
       4274.9881  8.02083e-16
       4276.8552  8.17198e-16
       4278.7223  8.22681e-16
       4280.5893  8.39302e-16
       4282.4564  8.29187e-16
       4284.3235  8.22902e-16
       4286.1906  8.24113e-16
       4288.0577  8.28672e-16
       4289.9247  8.46478e-16
       4291.7918  8.82030e-16
       4293.6589  8.92209e-16
       4295.5260  8.72088e-16
       4297.3931  8.66673e-16
       4299.2601  9.03508e-16
       4301.1272  8.86136e-16
       4302.9943  8.77682e-16
       4304.8614  8.88441e-16
       4306.7284  8.76848e-16
       4308.5955  9.05618e-16
       4310.4626  9.14677e-16
       4312.3297  9.42499e-16
       4314.1968  9.36958e-16
       4316.0638  9.14035e-16
       4317.9309  8.98916e-16
       4319.7980  8.75276e-16
       4321.6651  8.94895e-16
       4323.5322  8.88746e-16
       4325.3992  8.91686e-16
       4327.2663  9.40881e-16
       4329.1334  9.43909e-16
       4331.0005  9.30020e-16
       4332.8676  9.32675e-16
       4334.7346  9.31328e-16
       4336.6017  9.48144e-16
       4338.4688  9.44484e-16
       4340.3359  9.53121e-16
       4342.2029  9.56476e-16
       4344.0700  9.27114e-16
       4345.9371  9.24006e-16
       4347.8042  9.54400e-16
       4349.6713  9.14883e-16
       4351.5383  9.13915e-16
       4353.4054  9.11883e-16
       4355.2725  8.96488e-16
       4357.1396  9.44226e-16
       4359.0067  9.69831e-16
       4360.8737  9.41207e-16
       4362.7408  9.39175e-16
       4364.6079  9.48872e-16
       4366.4750  9.35144e-16
       4368.3420  9.40300e-16
       4370.2091  9.49576e-16
       4372.0762  9.12361e-16
       4373.9433  8.89395e-16
       4375.8104  8.94895e-16
       4377.6774  8.88457e-16
       4379.5445  8.81213e-16
       4381.4116  8.60890e-16
       4383.2787  8.51385e-16
       4385.1458  8.68106e-16
       4387.0128  8.57969e-16
       4388.8799  8.39150e-16
       4390.7470  8.24588e-16
       4392.6141  7.92548e-16
       4394.4812  8.02686e-16
       4396.3482  8.31227e-16
       4398.2153  8.19510e-16
       4400.0824  8.14932e-16
       4401.9495  7.98059e-16
       4403.8165  7.76285e-16
       4405.6836  7.88806e-16
       4407.5507  7.96213e-16
       4409.4178  8.10113e-16
       4411.2849  8.16099e-16
       4413.1519  7.91557e-16
       4415.0190  7.67098e-16
       4416.8861  7.84833e-16
       4418.7532  7.79244e-16
       4420.6203  7.79767e-16
       4422.4873  7.82554e-16
       4424.3544  7.67074e-16
       4426.2215  7.65836e-16
       4428.0886  7.67876e-16
       4429.9556  7.84637e-16
       4431.8227  7.87850e-16
       4433.6898  7.86370e-16
       4435.5569  7.76115e-16
       4437.4240  7.56811e-16
       4439.2910  7.68243e-16
       4441.1581  7.76113e-16
       4443.0252  7.77002e-16
       4444.8923  7.82009e-16
       4446.7594  7.88866e-16
       4448.6264  7.90385e-16
       4450.4935  7.89892e-16
       4452.3606  7.88040e-16
       4454.2277  7.99351e-16
       4456.0948  7.95223e-16
       4457.9618  7.97891e-16
       4459.8289  8.14259e-16
       4461.6960  8.44014e-16
       4463.5631  8.50572e-16
       4465.4301  8.23711e-16
       4467.2972  8.30840e-16
       4469.1643  8.48839e-16
       4471.0314  8.30665e-16
       4472.8985  8.35640e-16
       4474.7655  8.64014e-16
       4476.6326  8.59678e-16
       4478.4997  8.49336e-16
       4480.3668  8.59087e-16
       4482.2339  8.65411e-16
       4484.1009  8.87655e-16
       4485.9680  9.18981e-16
       4487.8351  9.20912e-16
       4489.7022  9.15314e-16
       4491.5692  9.19286e-16
       4493.4363  9.42080e-16
       4495.3034  9.49848e-16
       4497.1705  9.43840e-16
       4499.0376  9.56476e-16
       4500.9046  9.63325e-16
       4502.7717  9.67109e-16
       4504.6388  9.98523e-16
       4506.5059  9.95348e-16
       4508.3730  1.01364e-15
       4510.2400  1.01832e-15
       4512.1071  1.02428e-15
       4513.9742  1.03191e-15
       4515.8413  1.03340e-15
       4517.7084  1.05134e-15
       4519.5754  1.05895e-15
       4521.4425  1.07045e-15
       4523.3096  1.07379e-15
       4525.1767  1.07050e-15
       4527.0437  1.08504e-15
       4528.9108  1.12098e-15
       4530.7779  1.10578e-15
       4532.6450  1.11248e-15
       4534.5121  1.16326e-15
       4536.3791  1.16097e-15
       4538.2462  1.14961e-15
       4540.1133  1.15127e-15
       4541.9804  1.16323e-15
       4543.8475  1.20045e-15
       4545.7145  1.22045e-15
       4547.5816  1.19505e-15
       4549.4487  1.20259e-15
       4551.3158  1.22869e-15
       4553.1829  1.20726e-15
       4555.0499  1.21054e-15
       4556.9170  1.22964e-15
       4558.7841  1.23521e-15
       4560.6512  1.26235e-15
       4562.5182  1.26122e-15
       4564.3853  1.26345e-15
       4566.2524  1.27011e-15
       4568.1195  1.25418e-15
       4569.9866  1.26384e-15
       4571.8536  1.27098e-15
       4573.7207  1.25353e-15
       4575.5878  1.26157e-15
       4577.4549  1.26857e-15
       4579.3220  1.26710e-15
       4581.1890  1.25992e-15
       4583.0561  1.27257e-15
       4584.9232  1.28573e-15
       4586.7903  1.29077e-15
       4588.6573  1.28975e-15
       4590.5244  1.27657e-15
       4592.3915  1.27418e-15
       4594.2586  1.26905e-15
       4596.1257  1.26992e-15
       4597.9927  1.24499e-15
       4599.8598  1.21360e-15
       4601.7269  1.23466e-15
       4603.5940  1.24443e-15
       4605.4611  1.25485e-15
       4607.3281  1.22903e-15
       4609.1952  1.21185e-15
       4611.0623  1.24287e-15
       4612.9294  1.24737e-15
       4614.7965  1.21624e-15
       4616.6635  1.20271e-15
       4618.5306  1.21003e-15
       4620.3977  1.21354e-15
       4622.2648  1.22685e-15
       4624.1318  1.23022e-15
       4625.9989  1.22396e-15
       4627.8660  1.21846e-15
       4629.7331  1.19022e-15
       4631.6002  1.16788e-15
       4633.4672  1.16248e-15
       4635.3343  1.14979e-15
       4637.2014  1.14775e-15
       4639.0685  1.14456e-15
       4640.9356  1.14071e-15
       4642.8026  1.14531e-15
       4644.6697  1.13247e-15
       4646.5368  1.13473e-15
       4648.4039  1.13495e-15
       4650.2709  1.12239e-15
       4652.1380  1.10292e-15
       4654.0051  1.08312e-15
       4655.8722  1.05256e-15
       4657.7393  1.05046e-15
       4659.6063  1.07403e-15
       4661.4734  1.07972e-15
       4663.3405  1.05565e-15
       4665.2076  1.04379e-15
       4667.0747  1.03666e-15
       4668.9417  1.01243e-15
       4670.8088  1.02466e-15
       4672.6759  1.04214e-15
       4674.5430  1.03551e-15
       4676.4101  1.02019e-15
       4678.2771  9.79815e-16
       4680.1442  9.63441e-16
       4682.0113  9.63943e-16
       4683.8784  9.69687e-16
       4685.7454  9.61997e-16
       4687.6125  9.27705e-16
       4689.4796  9.10651e-16
       4691.3467  9.28235e-16
       4693.2138  9.29255e-16
       4695.0808  9.06927e-16
       4696.9479  8.73916e-16
       4698.8150  8.63041e-16
       4700.6821  8.76730e-16
       4702.5492  8.50875e-16
       4704.4162  8.27971e-16
       4706.2833  8.15211e-16
       4708.1504  7.90204e-16
       4710.0175  7.91825e-16
       4711.8845  7.83369e-16
       4713.7516  7.75953e-16
       4715.6187  7.70571e-16
       4717.4858  7.55565e-16
       4719.3529  7.59595e-16
       4721.2199  7.62334e-16
       4723.0870  7.70209e-16
       4724.9541  7.75734e-16
       4726.8212  7.59119e-16
       4728.6883  7.37796e-16
       4730.5553  7.39602e-16
       4732.4224  7.65401e-16
       4734.2895  7.56262e-16
       4736.1566  7.67792e-16
       4738.0237  7.60985e-16
       4739.8907  7.40644e-16
       4741.7578  7.45209e-16
       4743.6249  7.64274e-16
       4745.4920  7.77632e-16
       4747.3590  7.90989e-16
       4749.2261  8.02925e-16
       4751.0932  7.98337e-16
       4752.9603  7.87691e-16
       4754.8274  7.81945e-16
       4756.6944  7.93149e-16
       4758.5615  7.95418e-16
       4760.4286  8.01157e-16
       4762.2957  8.01789e-16
       4764.1628  8.15599e-16
       4766.0298  8.19474e-16
       4767.8969  8.17479e-16
       4769.7640  8.32999e-16
       4771.6311  8.25116e-16
       4773.4982  8.11750e-16
       4775.3652  8.24547e-16
       4777.2323  8.23842e-16
       4779.0994  8.17199e-16
       4780.9665  8.17766e-16
       4782.8335  8.02175e-16
       4784.7006  7.97618e-16
       4786.5677  7.99594e-16
       4788.4348  7.83969e-16
       4790.3019  7.65290e-16
       4792.1689  7.62013e-16
       4794.0360  7.60685e-16
       4795.9031  7.59372e-16
       4797.7702  7.69007e-16
       4799.6373  7.78597e-16
       4801.5043  7.58569e-16
       4803.3714  7.52453e-16
       4805.2385  7.53316e-16
       4807.1056  7.46753e-16
       4808.9726  7.35870e-16
       4810.8397  7.39610e-16
       4812.7068  7.63106e-16
       4814.5739  7.61169e-16
       4816.4410  7.51679e-16
       4818.3080  7.66280e-16
       4820.1751  7.64304e-16
       4822.0422  7.59863e-16
       4823.9093  7.64632e-16
       4825.7764  7.51106e-16
       4827.6434  7.55138e-16
       4829.5105  7.68000e-16
       4831.3776  7.80830e-16
       4833.2447  7.77322e-16
       4835.1118  7.77666e-16
       4836.9788  7.75116e-16
       4838.8459  7.90773e-16
       4840.7130  7.85334e-16
       4842.5801  7.93202e-16
       4844.4471  8.06265e-16
       4846.3142  7.92364e-16
       4848.1813  7.84784e-16
       4850.0484  8.05837e-16
       4851.9155  8.07592e-16
       4853.7825  8.10906e-16
       4855.6496  8.14725e-16
       4857.5167  8.04553e-16
       4859.3838  8.07272e-16
       4861.2509  8.19070e-16
       4863.1179  8.16117e-16
       4864.9850  8.03414e-16
       4866.8521  7.92633e-16
       4868.7192  7.94265e-16
       4870.5862  7.93650e-16
       4872.4533  7.68846e-16
       4874.3204  7.59430e-16
       4876.1875  7.65834e-16
       4878.0546  7.80255e-16
       4879.9216  7.73927e-16
       4881.7887  7.42167e-16
       4883.6558  7.48143e-16
       4885.5229  7.44585e-16
       4887.3900  7.49949e-16
       4889.2570  7.56955e-16
       4891.1241  7.52637e-16
       4892.9912  7.47991e-16
       4894.8583  7.55779e-16
       4896.7254  7.49418e-16
       4898.5924  7.56592e-16
       4900.4595  7.56818e-16
       4902.3266  7.35763e-16
       4904.1937  7.43855e-16
       4906.0607  7.57448e-16
       4907.9278  7.57227e-16
       4909.7949  7.56777e-16
       4911.6620  7.49829e-16
       4913.5291  7.50582e-16
       4915.3961  7.32218e-16
       4917.2632  7.27390e-16
       4919.1303  7.32542e-16
       4920.9974  7.39305e-16
       4922.8645  7.26813e-16
       4924.7315  7.36479e-16
       4926.5986  7.60106e-16
       4928.4657  7.50001e-16
       4930.3328  7.40717e-16
       4932.1998  7.41753e-16
       4934.0669  7.55029e-16
       4935.9340  7.69274e-16
       4937.8011  7.79533e-16
       4939.6682  7.75172e-16
       4941.5352  7.63489e-16
       4943.4023  7.73806e-16
       4945.2694  7.83201e-16
       4947.1365  7.90361e-16
       4949.0036  8.00525e-16
       4950.8706  7.91247e-16
       4952.7377  7.95388e-16
       4954.6048  7.93839e-16
       4956.4719  7.97411e-16
       4958.3390  8.14688e-16
       4960.2060  8.26438e-16
       4962.0731  8.25242e-16
       4963.9402  8.18596e-16
       4965.8073  8.08866e-16
       4967.6743  8.03172e-16
       4969.5414  8.15973e-16
       4971.4085  8.24523e-16
       4973.2756  8.33353e-16
       4975.1427  8.34542e-16
       4977.0097  8.42367e-16
       4978.8768  8.52657e-16
       4980.7439  8.49896e-16
       4982.6110  8.48065e-16
       4984.4781  8.42619e-16
       4986.3451  8.40730e-16
       4988.2122  8.50750e-16
       4990.0793  8.49219e-16
       4991.9464  8.37556e-16
       4993.8135  8.22960e-16
       4995.6805  8.21067e-16
       4997.5476  8.02918e-16
       4999.4147  7.97911e-16
       5001.2818  7.91962e-16
       5003.1488  7.84934e-16
       5005.0159  7.70805e-16
       5006.8830  7.79742e-16
       5008.7501  7.76255e-16
       5010.6172  7.77501e-16
       5012.4842  7.76757e-16
       5014.3513  7.53688e-16
       5016.2184  7.40158e-16
       5018.0855  7.33533e-16
       5019.9526  7.18355e-16
       5021.8196  7.01958e-16
       5023.6867  6.99162e-16
       5025.5538  7.06705e-16
       5027.4209  6.98680e-16
       5029.2879  6.95558e-16
       5031.1550  7.02221e-16
       5033.0221  6.91288e-16
       5034.8892  6.83442e-16
       5036.7563  6.88548e-16
       5038.6233  6.92316e-16
       5040.4904  6.81103e-16
       5042.3575  7.00774e-16
       5044.2246  7.06993e-16
       5046.0917  6.90343e-16
       5047.9587  6.90760e-16
       5049.8258  7.03493e-16
       5051.6929  6.91412e-16
       5053.5600  6.79684e-16
       5055.4271  6.87646e-16
       5057.2941  6.83942e-16
       5059.1612  6.91042e-16
       5061.0283  7.14914e-16
       5062.8954  7.13591e-16
       5064.7624  7.13617e-16
       5066.6295  7.12173e-16
       5068.4966  7.03219e-16
       5070.3637  7.09967e-16
       5072.2308  6.97758e-16
       5074.0978  7.14616e-16
       5075.9649  7.22714e-16
       5077.8320  7.15685e-16
       5079.6991  7.03394e-16
       5081.5662  7.26244e-16
       5083.4332  7.60142e-16
       5085.3003  7.49707e-16
       5087.1674  7.26382e-16
       5089.0345  7.34164e-16
       5090.9015  7.53339e-16
       5092.7686  7.67188e-16
       5094.6357  7.70083e-16
       5096.5028  7.68986e-16
       5098.3699  7.70092e-16
       5100.2369  7.62149e-16
       5102.1040  7.86033e-16
       5103.9711  7.95649e-16
       5105.8382  7.66655e-16
       5107.7053  7.70920e-16
       5109.5723  7.77114e-16
       5111.4394  7.87568e-16
       5113.3065  8.10227e-16
       5115.1736  8.20288e-16
       5117.0407  8.18977e-16
       5118.9077  8.15608e-16
       5120.7748  8.32736e-16
       5122.6419  8.29297e-16
       5124.5090  8.18224e-16
       5126.3760  8.20467e-16
       5128.2431  8.31352e-16
       5130.1102  8.49148e-16
       5131.9773  8.53407e-16
       5133.8444  8.56606e-16
       5135.7114  8.45892e-16
       5137.5785  8.55049e-16
       5139.4456  8.64413e-16
       5141.3127  8.70677e-16
       5143.1798  8.71510e-16
       5145.0468  8.64576e-16
       5146.9139  8.58255e-16
       5148.7810  8.60622e-16
       5150.6481  8.69400e-16
       5152.5151  8.84644e-16
       5154.3822  8.89993e-16
       5156.2493  8.92549e-16
       5158.1164  8.93789e-16
       5159.9835  8.96060e-16
       5161.8505  8.97650e-16
       5163.7176  8.93475e-16
       5165.5847  8.95352e-16
       5167.4518  8.98673e-16
       5169.3189  9.03853e-16
       5171.1859  8.97747e-16
       5173.0530  9.04396e-16
       5174.9201  9.10858e-16
       5176.7872  9.04000e-16
       5178.6543  9.07529e-16
       5180.5213  9.20081e-16
       5182.3884  9.04708e-16
       5184.2555  8.94960e-16
       5186.1226  9.07660e-16
       5187.9896  9.30684e-16
       5189.8567  9.32796e-16
       5191.7238  9.31342e-16
       5193.5909  9.37394e-16
       5195.4580  9.32149e-16
       5197.3250  9.40095e-16
       5199.1921  9.56572e-16
       5201.0592  9.55260e-16
       5202.9263  9.53382e-16
       5204.7934  9.63943e-16
       5206.6604  9.71947e-16
       5208.5275  9.73999e-16
       5210.3946  9.79308e-16
       5212.2617  9.79376e-16
       5214.1288  9.93478e-16
       5215.9958  9.79662e-16
       5217.8629  1.00212e-15
       5219.7300  1.02764e-15
       5221.5971  1.02341e-15
       5223.4641  1.03739e-15
       5225.3312  1.04394e-15
       5227.1983  1.02689e-15
       5229.0654  1.02343e-15
       5230.9325  1.03708e-15
       5232.7995  1.05205e-15
       5234.6666  1.05771e-15
       5236.5337  1.07757e-15
       5238.4008  1.09668e-15
       5240.2679  1.07915e-15
       5242.1349  1.07778e-15
       5244.0020  1.08407e-15
       5245.8691  1.10470e-15
       5247.7362  1.13742e-15
       5249.6032  1.14605e-15
       5251.4703  1.13579e-15
       5253.3374  1.12700e-15
       5255.2045  1.12317e-15
       5257.0716  1.12937e-15
       5258.9386  1.15111e-15
       5260.8057  1.16174e-15
       5262.6728  1.14770e-15
       5264.5399  1.14574e-15
       5266.4070  1.15242e-15
       5268.2740  1.16439e-15
       5270.1411  1.18859e-15
       5272.0082  1.17529e-15
       5273.8753  1.16640e-15
       5275.7424  1.16589e-15
       5277.6094  1.15342e-15
       5279.4765  1.16725e-15
       5281.3436  1.16257e-15
       5283.2107  1.15672e-15
       5285.0777  1.16102e-15
       5286.9448  1.17778e-15
       5288.8119  1.17415e-15
       5290.6790  1.14174e-15
       5292.5461  1.15073e-15
       5294.4131  1.17050e-15
       5296.2802  1.17671e-15
       5298.1473  1.17332e-15
       5300.0144  1.18442e-15
       5301.8815  1.17525e-15
       5303.7485  1.15298e-15
       5305.6156  1.17853e-15
       5307.4827  1.16841e-15
       5309.3498  1.16670e-15
       5311.2168  1.15210e-15
       5313.0839  1.15133e-15
       5314.9510  1.15950e-15
       5316.8181  1.15438e-15
       5318.6852  1.14786e-15
       5320.5522  1.15800e-15
       5322.4193  1.17209e-15
       5324.2864  1.16335e-15
       5326.1535  1.17819e-15
       5328.0206  1.16314e-15
       5329.8876  1.14755e-15
       5331.7547  1.16461e-15
       5333.6218  1.17148e-15
       5335.4889  1.16406e-15
       5337.3560  1.17221e-15
       5339.2230  1.16461e-15
       5341.0901  1.15075e-15
       5342.9572  1.13858e-15
       5344.8243  1.15162e-15
       5346.6913  1.15776e-15
       5348.5584  1.15746e-15
       5350.4255  1.17609e-15
       5352.2926  1.17146e-15
       5354.1597  1.15120e-15
       5356.0267  1.14429e-15
       5357.8938  1.16150e-15
       5359.7609  1.17757e-15
       5361.6280  1.19483e-15
       5363.4951  1.18854e-15
       5365.3621  1.18288e-15
       5367.2292  1.18190e-15
       5369.0963  1.17709e-15
       5370.9634  1.17875e-15
       5372.8304  1.18446e-15
       5374.6975  1.19686e-15
       5376.5646  1.17562e-15
       5378.4317  1.15568e-15
       5380.2988  1.16791e-15
       5382.1658  1.16900e-15
       5384.0329  1.17637e-15
       5385.9000  1.16145e-15
       5387.7671  1.16677e-15
       5389.6342  1.20477e-15
       5391.5012  1.20198e-15
       5393.3683  1.17446e-15
       5395.2354  1.17538e-15
       5397.1025  1.17464e-15
       5398.9696  1.17300e-15
       5400.8366  1.19137e-15
       5402.7037  1.18177e-15
       5404.5708  1.14928e-15
       5406.4379  1.14523e-15
       5408.3049  1.15324e-15
       5410.1720  1.15904e-15
       5412.0391  1.16646e-15
       5413.9062  1.14411e-15
       5415.7733  1.13050e-15
       5417.6403  1.15832e-15
       5419.5074  1.15160e-15
       5421.3745  1.14315e-15
       5423.2416  1.14235e-15
       5425.1087  1.14045e-15
       5426.9757  1.13416e-15
       5428.8428  1.12665e-15
       5430.7099  1.11255e-15
       5432.5770  1.10997e-15
       5434.4441  1.11430e-15
       5436.3111  1.12061e-15
       5438.1782  1.13072e-15
       5440.0453  1.12931e-15
       5441.9124  1.12648e-15
       5443.7794  1.11723e-15
       5445.6465  1.10842e-15
       5447.5136  1.10727e-15
       5449.3807  1.11966e-15
       5451.2478  1.13339e-15
       5453.1148  1.11671e-15
       5454.9819  1.09772e-15
       5456.8490  1.09434e-15
       5458.7161  1.11713e-15
       5460.5832  1.09967e-15
       5462.4502  1.08257e-15
       5464.3173  1.10356e-15
       5466.1844  1.09799e-15
       5468.0515  1.08380e-15
       5469.9185  1.08282e-15
       5471.7856  1.08316e-15
       5473.6527  1.09993e-15
       5475.5198  1.10169e-15
       5477.3869  1.09090e-15
       5479.2539  1.08607e-15
       5481.1210  1.06382e-15
       5482.9881  1.07074e-15
       5484.8552  1.06795e-15
       5486.7223  1.05662e-15
       5488.5893  1.07291e-15
       5490.4564  1.08486e-15
       5492.3235  1.08167e-15
       5494.1906  1.08130e-15
       5496.0577  1.07996e-15
       5497.9247  1.06732e-15
       5499.7918  1.04851e-15
       5501.6589  1.06221e-15
       5503.5260  1.07502e-15
       5505.3930  1.07474e-15
       5507.2601  1.08153e-15
       5509.1272  1.05000e-15
       5510.9943  1.03050e-15
       5512.8614  1.05067e-15
       5514.7284  1.04266e-15
       5516.5955  1.02958e-15
       5518.4626  1.05478e-15
       5520.3297  1.06495e-15
       5522.1968  1.03566e-15
       5524.0638  1.01585e-15
       5525.9309  1.02845e-15
       5527.7980  1.03599e-15
       5529.6651  1.01510e-15
       5531.5321  1.02274e-15
       5533.3992  1.05093e-15
       5535.2663  1.04733e-15
       5537.1334  1.02608e-15
       5539.0005  1.01353e-15
       5540.8675  9.99596e-16
       5542.7346  9.87618e-16
       5544.6017  9.90120e-16
       5546.4688  9.93832e-16
       5548.3359  9.85221e-16
       5550.2029  9.87010e-16
       5552.0700  9.96490e-16
       5553.9371  9.85494e-16
       5555.8042  9.86202e-16
       5557.6713  9.90247e-16
       5559.5383  9.79428e-16
       5561.4054  9.54146e-16
       5563.2725  9.70823e-16
       5565.1396  9.88143e-16
       5567.0066  9.83877e-16
       5568.8737  9.90477e-16
       5570.7408  9.79741e-16
       5572.6079  9.68475e-16
       5574.4750  9.87293e-16
       5576.3420  9.92700e-16
       5578.2091  9.70269e-16
       5580.0762  9.45939e-16
       5581.9433  9.30036e-16
       5583.8104  9.27425e-16
       5585.6774  9.28454e-16
       5587.5445  9.38441e-16
       5589.4116  9.53097e-16
       5591.2787  9.53695e-16
       5593.1457  9.23280e-16
       5595.0128  9.29579e-16
       5596.8799  9.41073e-16
       5598.7470  9.32141e-16
       5600.6141  9.39166e-16
       5602.4811  9.46147e-16
       5604.3482  9.30241e-16
       5606.2153  9.17622e-16
       5608.0824  9.22553e-16
       5609.9495  9.14697e-16
       5611.8165  9.11052e-16
       5613.6836  9.05704e-16
       5615.5507  8.97515e-16
       5617.4178  9.01074e-16
       5619.2849  9.07979e-16
       5621.1519  9.08973e-16
       5623.0190  9.12387e-16
       5624.8861  9.08074e-16
       5626.7532  9.04863e-16
       5628.6202  9.01552e-16
       5630.4873  8.88723e-16
       5632.3544  8.76988e-16
       5634.2215  8.64052e-16
       5636.0886  8.84079e-16
       5637.9556  8.93421e-16
       5639.8227  8.70836e-16
       5641.6898  8.69440e-16
       5643.5569  8.79160e-16
       5645.4240  8.61556e-16
       5647.2910  8.52723e-16
       5649.1581  8.73865e-16
       5651.0252  8.65455e-16
       5652.8923  8.43591e-16
       5654.7594  8.52700e-16
       5656.6264  8.61088e-16
       5658.4935  8.53225e-16
       5660.3606  8.47606e-16
       5662.2277  8.54177e-16
       5664.0947  8.41968e-16
       5665.9618  8.21649e-16
       5667.8289  8.26994e-16
       5669.6960  8.35632e-16
       5671.5631  8.11039e-16
       5673.4301  7.98137e-16
       5675.2972  8.14185e-16
       5677.1643  8.08764e-16
       5679.0314  7.93922e-16
       5680.8985  7.97457e-16
       5682.7655  7.90047e-16
       5684.6326  7.78909e-16
       5686.4997  7.92066e-16
       5688.3668  8.01757e-16
       5690.2338  7.88174e-16
       5692.1009  7.79186e-16
       5693.9680  7.91019e-16
       5695.8351  8.00825e-16
       5697.7022  7.98778e-16
       5699.5692  7.90859e-16
       5701.4363  7.84920e-16
       5703.3034  7.71026e-16
       5705.1705  7.65935e-16
       5707.0376  7.76846e-16
       5708.9046  7.70439e-16
       5710.7717  7.56114e-16
       5712.6388  7.58729e-16
       5714.5059  7.60382e-16
       5716.3730  7.68288e-16
       5718.2400  7.70370e-16
       5720.1071  7.44403e-16
       5721.9742  7.21161e-16
       5723.8413  7.22521e-16
       5725.7083  7.32277e-16
       5727.5754  7.42803e-16
       5729.4425  7.45600e-16
       5731.3096  7.40634e-16
       5733.1767  7.33482e-16
       5735.0437  7.26712e-16
       5736.9108  7.30798e-16
       5738.7779  7.30193e-16
       5740.6450  7.32370e-16
       5742.5121  7.32337e-16
       5744.3791  7.23331e-16
       5746.2462  7.16343e-16
       5748.1133  7.16348e-16
       5749.9804  7.16293e-16
       5751.8474  7.18199e-16
       5753.7145  7.21029e-16
       5755.5816  7.18967e-16
       5757.4487  7.28541e-16
       5759.3158  7.36465e-16
       5761.1828  7.20043e-16
       5763.0499  7.15564e-16
       5764.9170  7.28390e-16
       5766.7841  7.50305e-16
       5768.6512  7.51346e-16
       5770.5182  7.41992e-16
       5772.3853  7.46729e-16
       5774.2524  7.42371e-16
       5776.1195  7.30681e-16
       5777.9866  7.22010e-16
       5779.8536  7.22844e-16
       5781.7207  7.22065e-16
       5783.5878  7.25857e-16
       5785.4549  7.45474e-16
       5787.3219  7.49157e-16
       5789.1890  7.50562e-16
       5791.0561  7.54855e-16
       5792.9232  7.36876e-16
       5794.7903  7.38140e-16
       5796.6573  7.36167e-16
       5798.5244  7.44696e-16
       5800.3915  7.56140e-16
       5802.2586  7.57478e-16
       5804.1257  7.56005e-16
       5805.9927  7.51621e-16
       5807.8598  7.58799e-16
       5809.7269  7.79663e-16
       5811.5940  7.88275e-16
       5813.4610  7.89410e-16
       5815.3281  7.89031e-16
       5817.1952  7.87132e-16
       5819.0623  7.80889e-16
       5820.9294  7.90750e-16
       5822.7964  7.98490e-16
       5824.6635  8.01131e-16
       5826.5306  8.15842e-16
       5828.3977  8.09548e-16
       5830.2648  7.99624e-16
       5832.1318  8.16428e-16
       5833.9989  8.27336e-16
       5835.8660  8.21939e-16
       5837.7331  8.12900e-16
       5839.6002  8.07592e-16
       5841.4672  8.07261e-16
       5843.3343  8.19865e-16
       5845.2014  8.29505e-16
       5847.0685  8.35490e-16
       5848.9355  8.28716e-16
       5850.8026  8.17366e-16
       5852.6697  8.32772e-16
       5854.5368  8.48211e-16
       5856.4039  8.32595e-16
       5858.2709  8.22634e-16
       5860.1380  8.31452e-16
       5862.0051  8.28492e-16
       5863.8722  8.25407e-16
       5865.7393  8.23923e-16
       5867.6063  8.36774e-16
       5869.4734  8.44545e-16
       5871.3405  8.28247e-16
       5873.2076  8.22399e-16
       5875.0747  8.29860e-16
       5876.9417  8.39217e-16
       5878.8088  8.41177e-16
       5880.6759  8.34322e-16
       5882.5430  8.31569e-16
       5884.4100  8.35094e-16
       5886.2771  8.37426e-16
       5888.1442  8.37745e-16
       5890.0113  8.43425e-16
       5891.8784  8.44856e-16
       5893.7454  8.44657e-16
       5895.6125  8.30298e-16
       5897.4796  8.38740e-16
       5899.3467  8.52883e-16
       5901.2138  8.44941e-16
       5903.0808  8.44196e-16
       5904.9479  8.56890e-16
       5906.8150  8.61458e-16
       5908.6821  8.61637e-16
       5910.5491  8.60358e-16
       5912.4162  8.54021e-16
       5914.2833  8.51181e-16
       5916.1504  8.51474e-16
       5918.0175  8.39318e-16
       5919.8845  8.30006e-16
       5921.7516  8.38463e-16
       5923.6187  8.54857e-16
       5925.4858  8.51664e-16
       5927.3529  8.39999e-16
       5929.2199  8.38102e-16
       5931.0870  8.40564e-16
       5932.9541  8.33256e-16
       5934.8212  8.22824e-16
       5936.6883  8.35921e-16
       5938.5553  8.28077e-16
       5940.4224  8.22558e-16
       5942.2895  8.28675e-16
       5944.1566  8.27821e-16
       5946.0236  8.37344e-16
       5947.8907  8.41011e-16
       5949.7578  8.27455e-16
       5951.6249  8.25761e-16
       5953.4920  8.32079e-16
       5955.3590  8.31025e-16
       5957.2261  8.37087e-16
       5959.0932  8.35940e-16
       5960.9603  8.18877e-16
       5962.8274  8.19725e-16
       5964.6944  8.26427e-16
       5966.5615  8.30536e-16
       5968.4286  8.20424e-16
       5970.2957  8.19357e-16
       5972.1627  8.20025e-16
       5974.0298  8.18418e-16
       5975.8969  8.05862e-16
       5977.7640  7.90778e-16
       5979.6311  7.98128e-16
       5981.4981  7.96663e-16
       5983.3652  7.75497e-16
       5985.2323  7.79131e-16
       5987.0994  7.90863e-16
       5988.9665  7.94318e-16
       5990.8335  7.89955e-16
       5992.7006  7.79191e-16
       5994.5677  7.81052e-16
       5996.4348  7.80388e-16
       5998.3019  7.77560e-16
       6000.1689  7.88852e-16
       6002.0360  7.90243e-16
       6003.9031  7.79747e-16
       6005.7702  7.87732e-16
       6007.6372  7.93395e-16
       6009.5043  7.91800e-16
       6011.3714  7.86328e-16
       6013.2385  7.72550e-16
       6015.1056  7.73015e-16
       6016.9726  7.76986e-16
       6018.8397  7.70080e-16
       6020.7068  7.63362e-16
       6022.5739  7.67853e-16
       6024.4410  7.69862e-16
       6026.3080  7.62055e-16
       6028.1751  7.57776e-16
       6030.0422  7.56067e-16
       6031.9093  7.51335e-16
       6033.7763  7.42013e-16
       6035.6434  7.48888e-16
       6037.5105  7.64587e-16
       6039.3776  7.65585e-16
       6041.2447  7.67940e-16
       6043.1117  7.68300e-16
       6044.9788  7.64444e-16
       6046.8459  7.54249e-16
       6048.7130  7.54869e-16
       6050.5801  7.68407e-16
       6052.4471  7.59827e-16
       6054.3142  7.46671e-16
       6056.1813  7.45305e-16
       6058.0484  7.43619e-16
       6059.9155  7.41588e-16
       6061.7825  7.56815e-16
       6063.6496  7.63229e-16
       6065.5167  7.56466e-16
       6067.3838  7.49238e-16
       6069.2508  7.36788e-16
       6071.1179  7.37308e-16
       6072.9850  7.47053e-16
       6074.8521  7.42249e-16
       6076.7192  7.42792e-16
       6078.5862  7.43290e-16
       6080.4533  7.32876e-16
       6082.3204  7.34680e-16
       6084.1875  7.22673e-16
       6086.0546  7.24303e-16
       6087.9216  7.32553e-16
       6089.7887  7.31397e-16
       6091.6558  7.29901e-16
       6093.5229  7.28407e-16
       6095.3900  7.22010e-16
       6097.2570  7.07145e-16
       6099.1241  6.94398e-16
       6100.9912  7.01582e-16
       6102.8583  6.98444e-16
       6104.7253  6.76290e-16
       6106.5924  6.82987e-16
       6108.4595  6.79933e-16
       6110.3266  6.83040e-16
       6112.1937  6.79375e-16
       6114.0607  6.74885e-16
       6115.9278  6.73043e-16
       6117.7949  6.62256e-16
       6119.6620  6.54957e-16
       6121.5291  6.44641e-16
       6123.3961  6.34899e-16
       6125.2632  6.53090e-16
       6127.1303  6.49429e-16
       6128.9974  6.40986e-16
       6130.8644  6.30914e-16
       6132.7315  6.18194e-16
       6134.5986  6.16805e-16
       6136.4657  6.26144e-16
       6138.3328  6.23031e-16
       6140.1998  6.08253e-16
       6142.0669  6.09457e-16
       6143.9340  6.20042e-16
       6145.8011  6.13275e-16
       6147.6682  5.98877e-16
       6149.5352  5.90486e-16
       6151.4023  5.86947e-16
       6153.2694  5.95345e-16
       6155.1365  6.05304e-16
       6157.0036  5.97889e-16
       6158.8706  5.77171e-16
       6160.7377  5.74497e-16
       6162.6048  5.81598e-16
       6164.4719  5.82714e-16
       6166.3389  5.83782e-16
       6168.2060  5.85780e-16
       6170.0731  5.89183e-16
       6171.9402  5.80080e-16
       6173.8073  5.64248e-16
       6175.6743  5.62191e-16
       6177.5414  5.56038e-16
       6179.4085  5.56345e-16
       6181.2756  5.66905e-16
       6183.1427  5.65743e-16
       6185.0097  5.57563e-16
       6186.8768  5.48847e-16
       6188.7439  5.41559e-16
       6190.6110  5.47443e-16
       6192.4780  5.46762e-16
       6194.3451  5.28268e-16
       6196.2122  5.24210e-16
       6198.0793  5.14394e-16
       6199.9464  5.21485e-16
       6201.8134  5.26265e-16
       6203.6805  5.12057e-16
       6205.5476  5.02300e-16
       6207.4147  5.04868e-16
       6209.2818  5.07555e-16
       6211.1488  4.95920e-16
       6213.0159  4.83156e-16
       6214.8830  4.86349e-16
       6216.7501  4.81876e-16
       6218.6172  4.80512e-16
       6220.4842  4.84665e-16
       6222.3513  4.78932e-16
       6224.2184  4.67248e-16
       6226.0855  4.59105e-16
       6227.9525  4.64170e-16
       6229.8196  4.65240e-16
       6231.6867  4.55411e-16
       6233.5538  4.52347e-16
       6235.4209  4.51947e-16
       6237.2879  4.43926e-16
       6239.1550  4.42205e-16
       6241.0221  4.46537e-16
       6242.8892  4.46070e-16
       6244.7563  4.44533e-16
       6246.6233  4.39918e-16
       6248.4904  4.41068e-16
       6250.3575  4.35012e-16
       6252.2246  4.35885e-16
       6254.0916  4.37900e-16
       6255.9587  4.25757e-16
       6257.8258  4.21860e-16
       6259.6929  4.27452e-16
       6261.5600  4.21359e-16
       6263.4270  4.14013e-16
       6265.2941  4.20704e-16
       6267.1612  4.28531e-16
       6269.0283  4.29426e-16
       6270.8954  4.32286e-16
       6272.7624  4.25788e-16
       6274.6295  4.16569e-16
       6276.4966  4.04406e-16
       6278.3637  3.94844e-16
       6280.2308  3.96167e-16
       6282.0978  3.96140e-16
       6283.9649  3.99664e-16
       6285.8320  4.05330e-16
       6287.6991  4.09249e-16
       6289.5661  4.02882e-16
       6291.4332  4.07652e-16
       6293.3003  4.07974e-16
       6295.1674  4.09248e-16
       6297.0345  4.06743e-16
       6298.9015  4.10606e-16
       6300.7686  4.16872e-16
       6302.6357  4.16845e-16
       6304.5028  4.20842e-16
       6306.3699  4.16262e-16
       6308.2369  4.17832e-16
       6310.1040  4.16929e-16
       6311.9711  4.11059e-16
       6313.8382  4.08380e-16
       6315.7053  4.07238e-16
       6317.5723  4.05117e-16
       6319.4394  4.10856e-16
       6321.3065  4.13214e-16
       6323.1736  4.11887e-16
       6325.0406  4.12946e-16
       6326.9077  4.11176e-16
       6328.7748  4.14872e-16
       6330.6419  4.15664e-16
       6332.5090  4.19941e-16
       6334.3760  4.31458e-16
       6336.2431  4.34298e-16
       6338.1102  4.27718e-16
       6339.9773  4.18178e-16
       6341.8444  4.27370e-16
       6343.7114  4.39865e-16
       6345.5785  4.38037e-16
       6347.4456  4.35038e-16
       6349.3127  4.33575e-16
       6351.1797  4.35335e-16
       6353.0468  4.42454e-16
       6354.9139  4.51251e-16
       6356.7810  4.55147e-16
       6358.6481  4.53189e-16
       6360.5151  4.62255e-16
       6362.3822  4.70567e-16
       6364.2493  4.75165e-16
       6366.1164  4.82091e-16
       6367.9835  4.80905e-16
       6369.8505  4.78097e-16
       6371.7176  4.87635e-16
       6373.5847  4.93639e-16
       6375.4518  4.94948e-16
       6377.3189  5.05154e-16
       6379.1859  5.13901e-16
       6381.0530  5.18165e-16
       6382.9201  5.13389e-16
       6384.7872  5.26861e-16
       6386.6542  5.43506e-16
       6388.5213  5.50141e-16
       6390.3884  5.51981e-16
       6392.2555  5.56431e-16
       6394.1226  5.70227e-16
       6395.9896  5.74186e-16
       6397.8567  5.77079e-16
       6399.7238  5.81673e-16
       6401.5909  5.93663e-16
       6403.4580  6.10534e-16
       6405.3250  6.15580e-16
       6407.1921  6.22787e-16
       6409.0592  6.37220e-16
       6410.9263  6.36100e-16
       6412.7933  6.31430e-16
       6414.6604  6.44371e-16
       6416.5275  6.58263e-16
       6418.3946  6.68323e-16
       6420.2617  6.74669e-16
       6422.1287  6.83252e-16
       6423.9958  6.85713e-16
       6425.8629  6.84081e-16
       6427.7300  6.79710e-16
       6429.5971  6.95578e-16
       6431.4641  7.09076e-16
       6433.3312  7.07848e-16
       6435.1983  7.10347e-16
       6437.0654  7.16669e-16
       6438.9325  7.27087e-16
       6440.7995  7.42706e-16
       6442.6666  7.54492e-16
       6444.5337  7.38344e-16
       6446.4008  7.43585e-16
       6448.2678  7.60072e-16
       6450.1349  7.68112e-16
       6452.0020  7.71411e-16
       6453.8691  7.80839e-16
       6455.7362  7.87907e-16
       6457.6032  7.86605e-16
       6459.4703  7.90419e-16
       6461.3374  7.96990e-16
       6463.2045  7.97979e-16
       6465.0716  7.96727e-16
       6466.9386  8.04584e-16
       6468.8057  8.21547e-16
       6470.6728  8.19058e-16
       6472.5399  8.13599e-16
       6474.4069  8.24268e-16
       6476.2740  8.28826e-16
       6478.1411  8.34080e-16
       6480.0082  8.45996e-16
       6481.8753  8.45773e-16
       6483.7423  8.53970e-16
       6485.6094  8.74460e-16
       6487.4765  8.76382e-16
       6489.3436  8.63926e-16
       6491.2107  8.52133e-16
       6493.0777  8.56993e-16
       6494.9448  8.50435e-16
       6496.8119  8.48155e-16
       6498.6790  8.57161e-16
       6500.5461  8.68686e-16
       6502.4131  8.70403e-16
       6504.2802  8.59035e-16
       6506.1473  8.74773e-16
       6508.0144  8.85148e-16
       6509.8814  8.71392e-16
       6511.7485  8.79195e-16
       6513.6156  8.86939e-16
       6515.4827  8.94167e-16
       6517.3498  8.82772e-16
       6519.2168  8.80818e-16
       6521.0839  8.88127e-16
       6522.9510  9.02944e-16
       6524.8181  9.16922e-16
       6526.6852  8.99313e-16
       6528.5522  9.12159e-16
       6530.4193  9.24894e-16
       6532.2864  9.18328e-16
       6534.1535  9.31707e-16
       6536.0206  9.35938e-16
       6537.8876  9.31230e-16
       6539.7547  9.25893e-16
       6541.6218  9.23988e-16
       6543.4889  9.22965e-16
       6545.3559  9.14573e-16
       6547.2230  9.20510e-16
       6549.0901  9.41326e-16
       6550.9572  9.30284e-16
       6552.8243  9.19210e-16
       6554.6913  9.30890e-16
       6556.5584  9.29275e-16
       6558.4255  9.17550e-16
       6560.2926  9.12585e-16
       6562.1597  9.35815e-16
       6564.0267  9.49326e-16
       6565.8938  9.38543e-16
       6567.7609  9.36329e-16
       6569.6280  9.30887e-16
       6571.4950  9.16076e-16
       6573.3621  9.14509e-16
       6575.2292  9.31231e-16
       6577.0963  9.35270e-16
       6578.9634  9.09066e-16
       6580.8304  9.07297e-16
       6582.6975  9.22244e-16
       6584.5646  9.17409e-16
       6586.4317  9.18179e-16
       6588.2988  9.12719e-16
       6590.1658  8.93100e-16
       6592.0329  9.06957e-16
       6593.9000  9.20656e-16
       6595.7671  9.15417e-16
       6597.6342  9.00754e-16
       6599.5012  8.98006e-16
       6601.3683  9.06305e-16
       6603.2354  8.95420e-16
       6605.1025  8.93485e-16
       6606.9695  9.07124e-16
       6608.8366  9.15825e-16
       6610.7037  9.29456e-16
       6612.5708  9.44808e-16
       6614.4379  9.39315e-16
       6616.3049  9.27144e-16
       6618.1720  9.35087e-16
       6620.0391  9.38548e-16
       6621.9062  9.17846e-16
       6623.7733  9.12498e-16
       6625.6403  9.32904e-16
       6627.5074  9.11443e-16
       6629.3745  8.99312e-16
       6631.2416  9.38446e-16
       6633.1086  9.53703e-16
       6634.9757  9.38100e-16
       6636.8428  9.25644e-16
       6638.7099  9.27626e-16
       6640.5770  9.27507e-16
       6642.4440  9.23505e-16
       6644.3111  9.14465e-16
       6646.1782  9.13186e-16
       6648.0453  9.15320e-16
       6649.9124  9.07486e-16
       6651.7794  9.06509e-16
       6653.6465  9.23641e-16
       6655.5136  9.31767e-16
       6657.3807  9.13186e-16
       6659.2478  8.87036e-16
       6661.1148  8.86131e-16
       6662.9819  8.96709e-16
       6664.8490  8.88251e-16
       6666.7161  8.83870e-16
       6668.5831  8.81112e-16
       6670.4502  8.74496e-16
       6672.3173  8.90128e-16
       6674.1844  9.02042e-16
       6676.0515  8.84861e-16
       6677.9185  8.81315e-16
       6679.7856  8.88114e-16
       6681.6527  8.78936e-16
       6683.5198  8.77932e-16
       6685.3869  8.83988e-16
       6687.2539  8.73950e-16
       6689.1210  8.72290e-16
       6690.9881  8.80734e-16
       6692.8552  8.79766e-16
       6694.7222  8.67549e-16
       6696.5893  8.52379e-16
       6698.4564  8.38885e-16
       6700.3235  8.39343e-16
       6702.1906  8.51439e-16
       6704.0576  8.34561e-16
       6705.9247  8.22796e-16
       6707.7918  8.44366e-16
       6709.6589  8.31680e-16
       6711.5260  8.15300e-16
       6713.3930  8.15322e-16
       6715.2601  8.13930e-16
       6717.1272  8.12696e-16
       6718.9943  8.08690e-16
       6720.8614  8.02333e-16
       6722.7284  7.96455e-16
       6724.5955  7.83250e-16
       6726.4626  7.90328e-16
       6728.3297  8.04707e-16
       6730.1967  7.94556e-16
       6732.0638  7.83728e-16
       6733.9309  7.94045e-16
       6735.7980  7.93303e-16
       6737.6651  7.86146e-16
       6739.5321  7.78996e-16
       6741.3992  7.66162e-16
       6743.2663  7.70699e-16
       6745.1334  7.64581e-16
       6747.0005  7.65263e-16
       6748.8675  7.53114e-16
       6750.7346  7.63994e-16
       6752.6017  7.52249e-16
       6754.4688  7.52496e-16
       6756.3359  7.55955e-16
       6758.2029  7.53601e-16
       6760.0700  7.47431e-16
       6761.9371  7.41258e-16
       6763.8042  7.62583e-16
       6765.6712  7.60731e-16
       6767.5383  7.52525e-16
       6769.4054  7.61608e-16
       6771.2725  7.49028e-16
       6773.1396  7.45471e-16
       6775.0066  7.45136e-16
       6776.8737  7.41557e-16
       6778.7408  7.40887e-16
       6780.6079  7.32147e-16
       6782.4750  7.19505e-16
       6784.3420  7.15602e-16
       6786.2091  7.17731e-16
       6788.0762  7.22588e-16
       6789.9433  7.24392e-16
       6791.8103  7.20955e-16
       6793.6774  6.87614e-16
       6795.5445  6.76603e-16
       6797.4116  6.97416e-16
       6799.2787  7.00836e-16
       6801.1457  6.97379e-16
       6803.0128  7.04857e-16
       6804.8799  6.98187e-16
       6806.7470  6.84928e-16
       6808.6141  6.85400e-16
       6810.4811  6.84034e-16
       6812.3482  6.72005e-16
       6814.2153  6.67961e-16
       6816.0824  6.90988e-16
       6817.9495  6.92903e-16
       6819.8165  6.73244e-16
       6821.6836  6.68906e-16
       6823.5507  6.75711e-16
       6825.4178  6.74699e-16
       6827.2848  6.69606e-16
       6829.1519  6.70177e-16
       6831.0190  6.75004e-16
       6832.8861  6.76861e-16
       6834.7532  6.56398e-16
       6836.6202  6.49458e-16
       6838.4873  6.62587e-16
       6840.3544  6.71974e-16
       6842.2215  6.67117e-16
       6844.0886  6.63920e-16
       6845.9556  6.57174e-16
       6847.8227  6.46977e-16
       6849.6898  6.59144e-16
       6851.5569  6.57504e-16
       6853.4239  6.56918e-16
       6855.2910  6.57309e-16
       6857.1581  6.51172e-16
       6859.0252  6.47303e-16
       6860.8923  6.50196e-16
       6862.7593  6.44352e-16
       6864.6264  6.19991e-16
       6866.4935  5.88071e-16
       6868.3606  5.47461e-16
       6870.2277  4.95218e-16
       6872.0947  4.62705e-16
       6873.9618  4.64724e-16
       6875.8289  4.87839e-16
       6877.6960  5.09777e-16
       6879.5631  5.24533e-16
       6881.4301  5.50626e-16
       6883.2972  5.79892e-16
       6885.1643  5.83663e-16
       6887.0314  5.57473e-16
       6888.8984  5.23778e-16
       6890.7655  5.12535e-16
       6892.6326  5.28968e-16
       6894.4997  5.31817e-16
       6896.3668  5.13931e-16
       6898.2338  5.25262e-16
       6900.1009  5.40542e-16
       6901.9680  5.36188e-16
       6903.8351  5.27617e-16
       6905.7022  5.37952e-16
       6907.5692  5.40754e-16
       6909.4363  5.35659e-16
       6911.3034  5.48376e-16
       6913.1705  5.45678e-16
       6915.0375  5.38298e-16
       6916.9046  5.31191e-16
       6918.7717  5.40955e-16
       6920.6388  5.57463e-16
       6922.5059  5.45901e-16
       6924.3729  5.34660e-16
       6926.2400  5.42479e-16
       6928.1071  5.52328e-16
       6929.9742  5.53220e-16
       6931.8413  5.41658e-16
       6933.7083  5.28926e-16
       6935.5754  5.29060e-16
       6937.4425  5.24216e-16
       6939.3096  5.37052e-16
       6941.1767  5.46728e-16
       6943.0437  5.30839e-16
       6944.9108  5.21288e-16
       6946.7779  5.41091e-16
       6948.6450  5.51828e-16
       6950.5120  5.39124e-16
       6952.3791  5.40728e-16
       6954.2462  5.59530e-16
       6956.1133  5.64447e-16
       6957.9804  5.56061e-16
       6959.8474  5.61043e-16
       6961.7145  5.59679e-16
       6963.5816  5.55011e-16
       6965.4487  5.58420e-16
       6967.3158  5.66681e-16
       6969.1828  5.75648e-16
       6971.0499  5.74700e-16
       6972.9170  5.62678e-16
       6974.7841  5.58110e-16
       6976.6512  5.67263e-16
       6978.5182  5.73196e-16
       6980.3853  5.64419e-16
       6982.2524  5.55485e-16
       6984.1195  5.53278e-16
       6985.9865  5.61929e-16
       6987.8536  5.75921e-16
       6989.7207  5.68924e-16
       6991.5878  5.53980e-16
       6993.4549  5.61652e-16
       6995.3219  5.70175e-16
       6997.1890  5.61003e-16
       6999.0561  5.57744e-16
       7000.9232  5.62906e-16
       7002.7903  5.57214e-16
       7004.6573  5.49373e-16
       7006.5244  5.48072e-16
       7008.3915  5.63490e-16
       7010.2586  5.75386e-16
       7012.1256  5.69803e-16
       7013.9927  5.66677e-16
       7015.8598  5.67877e-16
       7017.7269  5.61693e-16
       7019.5940  5.59425e-16
       7021.4610  5.65404e-16
       7023.3281  5.71356e-16
       7025.1952  5.63690e-16
       7027.0623  5.57771e-16
       7028.9294  5.59203e-16
       7030.7964  5.62651e-16
       7032.6635  5.67477e-16
       7034.5306  5.65965e-16
       7036.3977  5.56477e-16
       7038.2648  5.53836e-16
       7040.1318  5.61484e-16
       7041.9989  5.61558e-16
       7043.8660  5.46019e-16
       7045.7331  5.54324e-16
       7047.6001  5.49644e-16
       7049.4672  5.48839e-16
       7051.3343  5.57776e-16
       7053.2014  5.58578e-16
       7055.0685  5.57165e-16
       7056.9355  5.50195e-16
       7058.8026  5.45143e-16
       7060.6697  5.60252e-16
       7062.5368  5.60292e-16
       7064.4039  5.53115e-16
       7066.2709  5.48332e-16
       7068.1380  5.47662e-16
       7070.0051  5.46175e-16
       7071.8722  5.46343e-16
       7073.7392  5.49447e-16
       7075.6063  5.52085e-16
       7077.4734  5.51260e-16
       7079.3405  5.43054e-16
       7081.2076  5.37596e-16
       7083.0746  5.49920e-16
       7084.9417  5.46872e-16
       7086.8088  5.44382e-16
       7088.6759  5.51578e-16
       7090.5430  5.59304e-16
       7092.4100  5.50825e-16
       7094.2771  5.46808e-16
       7096.1442  5.48325e-16
       7098.0113  5.40018e-16
       7099.8784  5.34881e-16
       7101.7454  5.29676e-16
       7103.6125  5.22234e-16
       7105.4796  5.19885e-16
       7107.3467  5.25535e-16
       7109.2137  5.26997e-16
       7111.0808  5.29663e-16
       7112.9479  5.28929e-16
       7114.8150  5.23130e-16
       7116.6821  5.22795e-16
       7118.5491  5.32710e-16
       7120.4162  5.39522e-16
       7122.2833  5.36022e-16
       7124.1504  5.42235e-16
       7126.0175  5.44215e-16
       7127.8845  5.37009e-16
       7129.7516  5.36319e-16
       7131.6187  5.33022e-16
       7133.4858  5.39342e-16
       7135.3528  5.34721e-16
       7137.2199  5.22356e-16
       7139.0870  5.26700e-16
       7140.9541  5.26249e-16
       7142.8212  5.18892e-16
       7144.6882  5.23923e-16
       7146.5553  5.23729e-16
       7148.4224  5.16849e-16
       7150.2895  5.17366e-16
       7152.1566  5.21835e-16
       7154.0236  5.21404e-16
       7155.8907  5.12612e-16
       7157.7578  5.09486e-16
       7159.6249  5.21710e-16
       7161.4920  5.28087e-16
       7163.3590  5.17154e-16
       7165.2261  5.13943e-16
       7167.0932  5.16198e-16
       7168.9603  5.09863e-16
       7170.8273  5.12295e-16
       7172.6944  4.93765e-16
       7174.5615  4.88762e-16
       7176.4286  4.90601e-16
       7178.2957  4.78850e-16
       7180.1627  4.74731e-16
       7182.0298  4.77770e-16
       7183.8969  4.73631e-16
       7185.7640  4.69951e-16
       7187.6311  4.68785e-16
       7189.4981  4.58962e-16
       7191.3652  4.69052e-16
       7193.2323  4.69990e-16
       7195.0994  4.64751e-16
       7196.9665  4.73642e-16
       7198.8335  4.82811e-16
       7200.7006  4.85802e-16
       7202.5677  4.79927e-16
       7204.4348  4.74770e-16
       7206.3018  4.91392e-16
       7208.1689  4.88582e-16
       7210.0360  4.90469e-16
       7211.9031  5.13392e-16
       7213.7702  5.21458e-16
       7215.6372  5.19565e-16
       7217.5043  5.16330e-16
       7219.3714  5.17072e-16
       7221.2385  5.18154e-16
       7223.1056  5.13160e-16
       7224.9726  5.15304e-16
       7226.8397  5.16903e-16
       7228.7068  5.03250e-16
       7230.5739  5.01230e-16
       7232.4409  5.01822e-16
       7234.3080  4.92369e-16
       7236.1751  4.85616e-16
       7238.0422  4.84886e-16
       7239.9093  4.89683e-16
       7241.7763  4.94669e-16
       7243.6434  4.93798e-16
       7245.5105  4.97933e-16
       7247.3776  5.05536e-16
       7249.2447  5.06178e-16
       7251.1117  5.09572e-16
       7252.9788  4.87799e-16
       7254.8459  4.86774e-16
       7256.7130  4.99254e-16
       7258.5801  4.98401e-16
       7260.4471  5.00663e-16
       7262.3142  5.07235e-16
       7264.1813  4.91791e-16
       7266.0484  4.74016e-16
       7267.9154  4.87571e-16
       7269.7825  4.97810e-16
       7271.6496  4.98865e-16
       7273.5167  4.92074e-16
       7275.3838  4.79758e-16
       7277.2508  4.63283e-16
       7279.1179  4.64046e-16
       7280.9850  4.77402e-16
       7282.8521  4.87513e-16
       7284.7192  4.91889e-16
       7286.5862  4.91996e-16
       7288.4533  4.91673e-16
       7290.3204  4.85922e-16
       7292.1875  4.82820e-16
       7294.0545  4.77606e-16
       7295.9216  4.63896e-16
       7297.7887  4.61998e-16
       7299.6558  4.78895e-16
       7301.5229  4.93810e-16
       7303.3899  4.89412e-16
       7305.2570  4.71328e-16
       7307.1241  4.68061e-16
       7308.9912  4.77602e-16
       7310.8583  4.63459e-16
       7312.7253  4.63171e-16
       7314.5924  4.67103e-16
       7316.4595  4.73153e-16
       7318.3266  4.82280e-16
       7320.1937  4.84611e-16
       7322.0607  4.70022e-16
       7323.9278  4.72715e-16
       7325.7949  4.88748e-16
       7327.6620  4.87075e-16
       7329.5290  4.92329e-16
       7331.3961  4.87972e-16
       7333.2632  4.74526e-16
       7335.1303  4.80967e-16
       7336.9974  4.81453e-16
       7338.8644  4.84673e-16
       7340.7315  4.94426e-16
       7342.5986  4.94971e-16
       7344.4657  4.82498e-16
       7346.3328  4.65384e-16
       7348.1998  4.59469e-16
       7350.0669  4.69845e-16
       7351.9340  4.78198e-16
       7353.8011  4.77091e-16
       7355.6681  4.72723e-16
       7357.5352  4.72883e-16
       7359.4023  4.75475e-16
       7361.2694  4.80267e-16
       7363.1365  4.84516e-16
       7365.0035  4.80574e-16
       7366.8706  4.77945e-16
       7368.7377  4.87456e-16
       7370.6048  4.91733e-16
       7372.4719  4.84868e-16
       7374.3389  4.86572e-16
       7376.2060  4.81967e-16
       7378.0731  4.70946e-16
       7379.9402  4.74091e-16
       7381.8073  4.79436e-16
       7383.6743  4.73741e-16
       7385.5414  4.76163e-16
       7387.4085  4.73135e-16
       7389.2756  4.62290e-16
       7391.1426  4.72196e-16
       7393.0097  4.71634e-16
       7394.8768  4.74218e-16
       7396.7439  4.83837e-16
       7398.6110  4.80626e-16
       7400.4780  4.77082e-16
       7402.3451  4.80216e-16
       7404.2122  4.80989e-16
       7406.0793  4.76733e-16
       7407.9464  4.76218e-16
       7409.8134  4.79964e-16
       7411.6805  4.78573e-16
       7413.5476  4.80427e-16
       7415.4147  4.86531e-16
       7417.2818  4.75506e-16
       7419.1488  4.69254e-16
       7421.0159  4.69481e-16
       7422.8830  4.65561e-16
       7424.7501  4.63549e-16
       7426.6171  4.66716e-16
       7428.4842  4.67070e-16
       7430.3513  4.63212e-16
       7432.2184  4.59058e-16
       7434.0855  4.57937e-16
       7435.9525  4.63118e-16
       7437.8196  4.49036e-16
       7439.6867  4.43814e-16
       7441.5538  4.56361e-16
       7443.4209  4.60144e-16
       7445.2879  4.44810e-16
       7447.1550  4.49060e-16
       7449.0221  4.56671e-16
       7450.8892  4.46901e-16
       7452.7562  4.52437e-16
       7454.6233  4.48671e-16
       7456.4904  4.40850e-16
       7458.3575  4.45280e-16
       7460.2246  4.37859e-16
       7462.0916  4.43281e-16
       7463.9587  4.40898e-16
       7465.8258  4.30499e-16
       7467.6929  4.33926e-16
       7469.5600  4.40628e-16
       7471.4270  4.35691e-16
       7473.2941  4.29247e-16
       7475.1612  4.28255e-16
       7477.0283  4.23406e-16
       7478.8954  4.30263e-16
       7480.7624  4.27743e-16
       7482.6295  4.20524e-16
       7484.4966  4.25476e-16
       7486.3637  4.28576e-16
       7488.2307  4.17005e-16
       7490.0978  4.13178e-16
       7491.9649  4.17719e-16
       7493.8320  4.15250e-16
       7495.6991  4.20454e-16
       7497.5661  4.20930e-16
       7499.4332  4.24678e-16
       7501.3003  4.17555e-16
       7503.1674  4.15841e-16
       7505.0345  4.14925e-16
       7506.9015  4.12981e-16
       7508.7686  4.09924e-16
       7510.6357  4.07969e-16
       7512.5028  4.08951e-16
       7514.3698  4.03221e-16
       7516.2369  3.95480e-16
       7518.1040  3.94026e-16
       7519.9711  3.88194e-16
       7521.8382  3.90736e-16
       7523.7052  3.97603e-16
       7525.5723  3.95691e-16
       7527.4394  3.92935e-16
       7529.3065  3.93362e-16
       7531.1736  3.93587e-16
       7533.0406  3.90774e-16
       7534.9077  3.90207e-16
       7536.7748  3.96770e-16
       7538.6419  3.89318e-16
       7540.5090  3.75462e-16
       7542.3760  3.86894e-16
       7544.2431  3.96851e-16
       7546.1102  3.88765e-16
       7547.9773  3.92545e-16
       7549.8443  4.01759e-16
       7551.7114  3.95773e-16
       7553.5785  3.90587e-16
       7555.4456  3.94208e-16
       7557.3127  3.93684e-16
       7559.1797  3.91664e-16
       7561.0468  3.88642e-16
       7562.9139  3.93525e-16
       7564.7810  3.94291e-16
       7566.6481  3.89528e-16
       7568.5151  3.84679e-16
       7570.3822  3.88429e-16
       7572.2493  3.93504e-16
       7574.1164  3.90330e-16
       7575.9834  3.89488e-16
       7577.8505  3.92742e-16
       7579.7176  3.90233e-16
       7581.5847  3.87557e-16
       7583.4518  3.93517e-16
       7585.3188  3.91794e-16
       7587.1859  3.92314e-16
       7589.0530  3.93345e-16
       7590.9201  3.87878e-16
       7592.7872  3.69357e-16
       7594.6542  3.40105e-16
       7596.5213  2.99990e-16
       7598.3884  2.36489e-16
       7600.2555  1.78170e-16
       7602.1226  1.51938e-16
       7603.9896  1.32070e-16
       7605.8567  1.19332e-16
       7607.7238  1.15489e-16
       7609.5909  1.20620e-16
       7611.4579  1.37035e-16
       7613.3250  1.60491e-16
       7615.1921  1.86142e-16
       7617.0592  2.22677e-16
       7618.9263  2.65468e-16
       7620.7933  2.91279e-16
       7622.6604  3.03762e-16
       7624.5275  2.64520e-16
       7626.3946  2.32214e-16
       7628.2617  2.16371e-16
       7630.1287  2.10388e-16
       7631.9958  2.14751e-16
       7633.8629  2.17993e-16
       7635.7300  2.23625e-16
       7637.5971  2.29575e-16
       7639.4641  2.29825e-16
       7641.3312  2.44105e-16
       7643.1983  2.53624e-16
       7645.0654  2.68298e-16
       7646.9324  2.80480e-16
       7648.7995  2.82474e-16
       7650.6666  2.91230e-16
       7652.5337  2.98783e-16
       7654.4008  3.08591e-16
       7656.2678  3.18700e-16
       7658.1349  3.24518e-16
       7660.0020  3.46253e-16
       7661.8691  3.58096e-16
       7663.7362  3.49044e-16
       7665.6032  3.60972e-16
       7667.4703  3.61525e-16
       7669.3374  3.55881e-16
       7671.2045  3.71445e-16
       7673.0715  3.82153e-16
       7674.9386  3.85135e-16
       7676.8057  3.90792e-16
       7678.6728  3.89967e-16
       7680.5399  3.93764e-16
       7682.4069  3.99958e-16
       7684.2740  4.00245e-16
       7686.1411  4.06629e-16
       7688.0082  4.06528e-16
       7689.8753  3.95919e-16
       7691.7423  3.98454e-16
       7693.6094  4.06631e-16
       7695.4765  4.06548e-16
       7697.3436  4.03516e-16
       7699.2107  4.04950e-16
       7701.0777  4.10249e-16
       7702.9448  4.09095e-16
       7704.8119  4.04174e-16
       7706.6790  4.03568e-16
       7708.5460  4.02706e-16
       7710.4131  4.06999e-16
       7712.2802  4.12666e-16
       7714.1473  4.19682e-16
       7716.0144  4.22360e-16
       7717.8814  4.13232e-16
       7719.7485  4.04043e-16
       7721.6156  4.04696e-16
       7723.4827  4.07459e-16
       7725.3498  4.10170e-16
       7727.2168  4.07291e-16
       7729.0839  4.06000e-16
       7730.9510  4.04048e-16
       7732.8181  3.92717e-16
       7734.6851  3.86756e-16
       7736.5522  4.00465e-16
       7738.4193  4.10700e-16
       7740.2864  4.04714e-16
       7742.1535  4.05344e-16
       7744.0205  4.12036e-16
       7745.8876  4.11676e-16
       7747.7547  4.10416e-16
       7749.6218  4.10618e-16
       7751.4889  4.21053e-16
       7753.3559  4.02355e-16
       7755.2230  3.97076e-16
       7757.0901  4.21214e-16
       7758.9572  4.25291e-16
       7760.8243  4.18373e-16
       7762.6913  4.26969e-16
       7764.5584  4.28490e-16
       7766.4255  4.23263e-16
       7768.2926  4.12283e-16
       7770.1596  4.11585e-16
       7772.0267  4.23205e-16
       7773.8938  4.19681e-16
       7775.7609  4.11327e-16
       7777.6280  4.13790e-16
       7779.4950  4.25283e-16
       7781.3621  4.27990e-16
       7783.2292  4.19554e-16
       7785.0963  4.18764e-16
       7786.9634  4.15632e-16
       7788.8304  4.33754e-16
       7790.6975  4.37606e-16
       7792.5646  4.34756e-16
       7794.4317  4.38967e-16
       7796.2987  4.33218e-16
       7798.1658  4.27313e-16
       7800.0329  4.26634e-16
       7801.9000  4.25707e-16
       7803.7671  4.34092e-16
       7805.6341  4.35965e-16
       7807.5012  4.22333e-16
       7809.3683  4.32164e-16
       7811.2354  4.30664e-16
       7813.1025  4.28316e-16
       7814.9695  4.29903e-16
       7816.8366  4.21362e-16
       7818.7037  4.13561e-16
       7820.5708  4.16315e-16
       7822.4379  4.23077e-16
       7824.3049  4.28636e-16
       7826.1720  4.26322e-16
       7828.0391  4.17820e-16
       7829.9062  4.17345e-16
       7831.7732  4.14237e-16
       7833.6403  4.09915e-16
       7835.5074  4.24577e-16
       7837.3745  4.32158e-16
       7839.2416  4.22210e-16
       7841.1086  4.17476e-16
       7842.9757  4.23497e-16
       7844.8428  4.27079e-16
       7846.7099  4.20943e-16
       7848.5770  4.16131e-16
       7850.4440  4.28178e-16
       7852.3111  4.30282e-16
       7854.1782  4.26695e-16
       7856.0453  4.24960e-16
       7857.9124  4.19935e-16
       7859.7794  4.25067e-16
       7861.6465  4.30871e-16
       7863.5136  4.24789e-16
       7865.3807  4.21918e-16
       7867.2477  4.24181e-16
       7869.1148  4.22343e-16
       7870.9819  4.16589e-16
       7872.8490  4.06657e-16
       7874.7161  4.17478e-16
       7876.5831  4.22776e-16
       7878.4502  4.24779e-16
       7880.3173  4.17975e-16
       7882.1844  4.11171e-16
       7884.0515  4.10443e-16
       7885.9185  4.02113e-16
       7887.7856  4.03618e-16
       7889.6527  4.18469e-16
       7891.5198  4.13000e-16
       7893.3868  4.01699e-16
       7895.2539  3.93413e-16
       7897.1210  4.03212e-16
       7898.9881  4.13452e-16
       7900.8552  4.14696e-16
       7902.7222  4.12546e-16
       7904.5893  4.08831e-16
       7906.4564  4.04009e-16
       7908.3235  4.04569e-16
       7910.1906  4.12292e-16
       7912.0576  4.12255e-16
       7913.9247  4.06600e-16
       7915.7918  3.95464e-16
       7917.6589  3.99347e-16
       7919.5260  3.95277e-16
       7921.3930  3.86995e-16
       7923.2601  3.90131e-16
       7925.1272  3.92105e-16
       7926.9943  3.94600e-16
       7928.8613  4.02367e-16
       7930.7284  4.00022e-16
       7932.5955  3.99815e-16
       7934.4626  4.01601e-16
       7936.3297  4.03363e-16
       7938.1967  3.88514e-16
       7940.0638  3.91047e-16
       7941.9309  4.02757e-16
       7943.7980  3.85573e-16
       7945.6651  3.76420e-16
       7947.5321  3.89179e-16
       7949.3992  3.89957e-16
       7951.2663  3.87147e-16
       7953.1334  3.75584e-16
       7955.0004  3.72225e-16
       7956.8675  3.62458e-16
       7958.7346  3.59219e-16
       7960.6017  3.66460e-16
       7962.4688  3.62233e-16
       7964.3358  3.46909e-16
       7966.2029  3.46143e-16
       7968.0700  3.41942e-16
       7969.9371  3.26938e-16
       7971.8042  3.33655e-16
       7973.6712  3.35844e-16
       7975.5383  3.28459e-16
       7977.4054  3.17360e-16
       7979.2725  3.31139e-16
       7981.1396  3.40091e-16
       7983.0066  3.33556e-16
       7984.8737  3.23900e-16
       7986.7408  3.18545e-16
       7988.6079  3.10653e-16
       7990.4749  3.11515e-16
       7992.3420  3.22175e-16
       7994.2091  3.11885e-16
       7996.0762  3.16734e-16
       7997.9433  3.10883e-16
       7999.8103  3.06636e-16
       8001.6774  3.05704e-16
       8003.5445  3.09008e-16
       8005.4116  3.04805e-16
       8007.2787  3.01365e-16
       8009.1457  3.06903e-16
       8011.0128  3.02922e-16
       8012.8799  2.94660e-16
       8014.7470  3.00559e-16
       8016.6140  3.00152e-16
       8018.4811  2.91227e-16
       8020.3482  2.94554e-16
       8022.2153  2.96040e-16
       8024.0824  2.91909e-16
       8025.9494  2.81443e-16
       8027.8165  2.84622e-16
       8029.6836  2.88811e-16
       8031.5507  2.84160e-16
       8033.4178  2.90069e-16
       8035.2848  2.86613e-16
       8037.1519  2.74882e-16
       8039.0190  2.74411e-16
       8040.8861  2.77852e-16
       8042.7532  2.84295e-16
       8044.6202  2.76340e-16
       8046.4873  2.72088e-16
       8048.3544  2.70192e-16
       8050.2215  2.64095e-16
       8052.0885  2.63584e-16
       8053.9556  2.67340e-16
       8055.8227  2.66473e-16
       8057.6898  2.56687e-16
       8059.5569  2.57574e-16
       8061.4239  2.63585e-16
       8063.2910  2.63494e-16
       8065.1581  2.55493e-16
       8067.0252  2.52275e-16
       8068.8923  2.55748e-16
       8070.7593  2.54289e-16
       8072.6264  2.46604e-16
       8074.4935  2.40465e-16
       8076.3606  2.40062e-16
       8078.2277  2.41500e-16
       8080.0947  2.38089e-16
       8081.9618  2.45523e-16
       8083.8289  2.46489e-16
       8085.6960  2.38413e-16
       8087.5630  2.35996e-16
       8089.4301  2.40636e-16
       8091.2972  2.43464e-16
       8093.1643  2.42917e-16
       8095.0314  2.40005e-16
       8096.8984  2.32772e-16
       8098.7655  2.30831e-16
       8100.6326  2.40429e-16
       8102.4997  2.39092e-16
       8104.3668  2.28846e-16
       8106.2338  2.26892e-16
       8108.1009  2.24510e-16
       8109.9680  2.18566e-16
       8111.8351  2.18067e-16
       8113.7021  2.22916e-16
       8115.5692  2.22341e-16
       8117.4363  2.17187e-16
       8119.3034  2.20946e-16
       8121.1705  2.27673e-16
       8123.0375  2.25680e-16
       8124.9046  2.14876e-16
       8126.7717  2.13797e-16
       8128.6388  2.16710e-16
       8130.5059  2.13885e-16
       8132.3729  2.12508e-16
       8134.2400  2.15094e-16
       8136.1071  2.10239e-16
       8137.9742  2.06466e-16
       8139.8413  2.11399e-16
       8141.7083  2.08234e-16
       8143.5754  2.15170e-16
       8145.4425  2.11232e-16
       8147.3096  2.05447e-16
       8149.1766  1.97546e-16
       8151.0437  1.89465e-16
       8152.9108  1.88763e-16
       8154.7779  1.80286e-16
       8156.6450  1.77456e-16
       8158.5120  1.96965e-16
       8160.3791  2.04349e-16
       8162.2462  1.87973e-16
       8164.1133  1.74965e-16
       8165.9804  1.74479e-16
       8167.8474  1.74174e-16
       8169.7145  1.76655e-16
       8171.5816  1.77572e-16
       8173.4487  1.77077e-16
       8175.3157  1.81704e-16
       8177.1828  1.82289e-16
       8179.0499  1.74926e-16
       8180.9170  1.70302e-16
       8182.7841  1.69856e-16
       8184.6511  1.72406e-16
       8186.5182  1.72789e-16
       8188.3853  1.76050e-16
       8190.2524  1.77201e-16
       8192.1195  1.71275e-16
       8193.9865  1.69298e-16
       8195.8536  1.64725e-16
       8197.7207  1.55999e-16
       8199.5878  1.55996e-16
       8201.4549  1.57873e-16
       8203.3219  1.54928e-16
       8205.1890  1.56399e-16
       8207.0561  1.54176e-16
       8208.9232  1.59034e-16
       8210.7902  1.60924e-16
       8212.6573  1.51621e-16
       8214.5244  1.42985e-16
       8216.3915  1.42840e-16
       8218.2586  1.51160e-16
       8220.1256  1.50455e-16
       8221.9927  1.39390e-16
       8223.8598  1.36793e-16
       8225.7269  1.32558e-16
       8227.5940  1.24694e-16
       8229.4610  1.19298e-16
       8231.3281  1.14145e-16
       8233.1952  1.12829e-16
       8235.0623  1.09810e-16
       8236.9293  1.12374e-16
       8238.7964  1.20269e-16
       8240.6635  1.26122e-16
       8242.5306  1.26058e-16
       8244.3977  1.23745e-16
       8246.2647  1.25168e-16
       8248.1318  1.24123e-16
       8249.9989  1.26662e-16
       8251.8660  1.26751e-16
       8253.7331  1.23319e-16
       8255.6001  1.17007e-16
       8257.4672  1.19794e-16
       8259.3343  1.23093e-16
       8261.2014  1.24272e-16
       8263.0685  1.23603e-16
       8264.9355  1.15143e-16
       8266.8026  1.15344e-16
       8268.6697  1.28898e-16
       8270.5368  1.28954e-16
       8272.4038  1.22616e-16
       8274.2709  1.21815e-16
       8276.1380  1.17160e-16
       8278.0051  1.13097e-16
       8279.8722  1.10469e-16
       8281.7392  1.16843e-16
       8283.6063  1.23957e-16
       8285.4734  1.21918e-16
       8287.3405  1.21369e-16
       8289.2076  1.22205e-16
       8291.0746  1.23830e-16
       8292.9417  1.22952e-16
       8294.8088  1.18342e-16
       8296.6759  1.21240e-16
       8298.5430  1.33471e-16
       8300.4100  1.27991e-16
       8302.2771  1.19458e-16
       8304.1442  1.17950e-16
       8306.0113  1.21227e-16
       8307.8783  1.29912e-16
       8309.7454  1.32369e-16
       8311.6125  1.34209e-16
       8313.4796  1.31363e-16
       8315.3467  1.31147e-16
       8317.2137  1.34075e-16
       8319.0808  1.34725e-16
       8320.9479  1.31661e-16
       8322.8150  1.34089e-16
       8324.6821  1.41883e-16
       8326.5491  1.45924e-16
       8328.4162  1.45495e-16
       8330.2833  1.46286e-16
       8332.1504  1.48150e-16
       8334.0174  1.46158e-16
       8335.8845  1.44231e-16
       8337.7516  1.47313e-16
       8339.6187  1.49804e-16
       8341.4858  1.55647e-16
       8343.3528  1.55217e-16
       8345.2199  1.53146e-16
       8347.0870  1.52544e-16
       8348.9541  1.49325e-16
       8350.8212  1.48202e-16
       8352.6882  1.51539e-16
       8354.5553  1.57490e-16
       8356.4224  1.58530e-16
       8358.2895  1.53669e-16
       8360.1566  1.56059e-16
       8362.0236  1.59239e-16
       8363.8907  1.59900e-16
       8365.7578  1.58294e-16
       8367.6249  1.60670e-16
       8369.4919  1.63061e-16
       8371.3590  1.63331e-16
       8373.2261  1.71634e-16
       8375.0932  1.76409e-16
       8376.9603  1.67422e-16
       8378.8273  1.67008e-16
       8380.6944  1.68880e-16
       8382.5615  1.64166e-16
       8384.4286  1.69559e-16
       8386.2957  1.74917e-16
       8388.1627  1.68944e-16
       8390.0298  1.69448e-16
       8391.8969  1.68885e-16
       8393.7640  1.64431e-16
       8395.6310  1.73550e-16
       8397.4981  1.76934e-16
       8399.3652  1.85059e-16
       8401.2323  1.87086e-16
       8403.0994  1.85930e-16
       8404.9664  1.85217e-16
       8406.8335  1.80835e-16
       8408.7006  1.86890e-16
       8410.5677  1.92004e-16
       8412.4348  1.96390e-16
       8414.3018  2.04535e-16
       8416.1689  1.98596e-16
       8418.0360  1.94943e-16
       8419.9031  2.06770e-16
       8421.7702  2.07117e-16
       8423.6372  2.06605e-16
       8425.5043  2.17979e-16
       8427.3714  2.12409e-16
       8429.2385  2.14983e-16
       8431.1055  2.19876e-16
       8432.9726  2.14128e-16
       8434.8397  2.10983e-16
       8436.7068  2.14586e-16
       8438.5739  2.18780e-16
       8440.4409  2.14956e-16
       8442.3080  2.12777e-16
       8444.1751  2.22300e-16
       8446.0422  2.25966e-16
       8447.9093  2.30201e-16
       8449.7763  2.43392e-16
       8451.6434  2.41781e-16
       8453.5105  2.37329e-16
       8455.3776  2.51694e-16
       8457.2446  2.48549e-16
       8459.1117  2.34743e-16
       8460.9788  2.50018e-16
       8462.8459  2.55248e-16
       8464.7130  2.71330e-16
       8466.5800  2.74071e-16
       8468.4471  2.65940e-16
       8470.3142  2.62327e-16
       8472.1813  2.62425e-16
       8474.0484  2.63730e-16
       8475.9154  2.70885e-16
       8477.7825  2.82864e-16
       8479.6496  2.86400e-16
       8481.5167  2.85815e-16
       8483.3838  2.89644e-16
       8485.2508  2.80408e-16
       8487.1179  2.81500e-16
       8488.9850  2.87045e-16
       8490.8521  2.77869e-16
       8492.7191  2.78859e-16
       8494.5862  2.83975e-16
       8496.4533  2.88549e-16
       8498.3204  2.87849e-16
       8500.1875  2.88747e-16
       8502.0545  2.98478e-16
       8503.9216  2.98570e-16
       8505.7887  2.99789e-16
       8507.6558  3.12197e-16
       8509.5229  3.05869e-16
       8511.3899  3.10843e-16
       8513.2570  3.12158e-16
       8515.1241  3.13159e-16
       8516.9912  3.19300e-16
       8518.8583  3.21256e-16
       8520.7253  3.15721e-16
       8522.5924  3.09201e-16
       8524.4595  3.12003e-16
       8526.3266  3.28752e-16
       8528.1936  3.41696e-16
       8530.0607  3.34755e-16
       8531.9278  3.30780e-16
       8533.7949  3.21165e-16
       8535.6620  3.19312e-16
       8537.5290  3.35799e-16
       8539.3961  3.25552e-16
       8541.2632  3.17639e-16
       8543.1303  3.33619e-16
       8544.9974  3.50095e-16
       8546.8644  3.50194e-16
       8548.7315  3.32857e-16
       8550.5986  3.51778e-16
       8552.4657  3.67849e-16
       8554.3327  3.73842e-16
       8556.1998  3.63330e-16
       8558.0669  3.65644e-16
       8559.9340  3.65145e-16
       8561.8011  3.55229e-16
       8563.6681  3.59928e-16
       8565.5352  3.68653e-16
       8567.4023  3.68021e-16
       8569.2694  3.69584e-16
       8571.1365  3.69282e-16
       8573.0035  3.69397e-16
       8574.8706  3.78114e-16
       8576.7377  3.96336e-16
       8578.6048  3.72084e-16
       8580.4719  3.57488e-16
       8582.3389  3.69665e-16
       8584.2060  3.63089e-16
       8586.0731  3.64306e-16
       8587.9402  3.72392e-16
       8589.8072  3.59927e-16
       8591.6743  3.60715e-16
       8593.5414  3.64855e-16
       8595.4085  3.60795e-16
       8597.2756  3.52983e-16
       8599.1426  3.48802e-16
       8601.0097  3.65129e-16
       8602.8768  3.61618e-16
       8604.7439  3.59384e-16
       8606.6110  3.63517e-16
       8608.4780  3.67425e-16
       8610.3451  3.77404e-16
       8612.2122  3.80483e-16
       8614.0793  3.79528e-16
       8615.9463  3.82819e-16
       8617.8134  3.78722e-16
       8619.6805  3.80532e-16
       8621.5476  3.82876e-16
       8623.4147  3.64800e-16
       8625.2817  3.61134e-16
       8627.1488  3.75027e-16
       8629.0159  3.73323e-16
       8630.8830  3.62892e-16
       8632.7501  3.70268e-16
       8634.6171  3.73022e-16
       8636.4842  3.58008e-16
       8638.3513  3.63157e-16
       8640.2184  3.68919e-16
       8642.0855  3.75473e-16
       8643.9525  3.76610e-16
       8645.8196  3.68435e-16
       8647.6867  3.76056e-16
       8649.5538  3.78094e-16
       8651.4208  3.72477e-16
       8653.2879  3.81400e-16
       8655.1550  3.83954e-16
       8657.0221  3.71181e-16
       8658.8892  3.73613e-16
       8660.7562  3.84531e-16
       8662.6233  3.88802e-16
       8664.4904  3.88075e-16
       8666.3575  3.76628e-16
       8668.2246  3.76592e-16
       8670.0916  3.71280e-16
       8671.9587  3.67675e-16
       8673.8258  3.68080e-16
       8675.6929  3.61218e-16
       8677.5599  3.54045e-16
       8679.4270  3.65898e-16
       8681.2941  3.88456e-16
       8683.1612  3.83295e-16
       8685.0283  3.71576e-16
       8686.8953  3.67039e-16
       8688.7624  3.84920e-16
       8690.6295  3.97421e-16
       8692.4966  3.93240e-16
       8694.3637  3.84602e-16
       8696.2307  3.79181e-16
       8698.0978  3.78892e-16
       8699.9649  3.73348e-16
       8701.8320  3.75428e-16
       8703.6991  3.97656e-16
       8705.5661  3.95909e-16
       8707.4332  3.85688e-16
       8709.3003  3.66552e-16
       8711.1674  3.81656e-16
       8713.0344  3.95999e-16
       8714.9015  3.71277e-16
       8716.7686  3.56736e-16
       8718.6357  3.58816e-16
       8720.5028  3.68921e-16
       8722.3698  3.84164e-16
       8724.2369  3.75570e-16
       8726.1040  3.66664e-16
       8727.9711  3.77864e-16
       8729.8382  3.73873e-16
       8731.7052  3.75004e-16
       8733.5723  3.86798e-16
       8735.4394  3.72139e-16
       8737.3065  3.76466e-16
       8739.1736  3.77767e-16
       8741.0406  3.65642e-16
       8742.9077  3.72599e-16
       8744.7748  3.85042e-16
       8746.6419  3.85500e-16
       8748.5089  3.77551e-16
       8750.3760  3.63141e-16
       8752.2431  3.63393e-16
       8754.1102  3.59839e-16
       8755.9773  3.52716e-16
       8757.8443  3.61225e-16
       8759.7114  3.51182e-16
       8761.5785  3.37103e-16
       8763.4456  3.38604e-16
       8765.3127  3.50041e-16
       8767.1797  3.63441e-16
       8769.0468  3.67970e-16
       8770.9139  3.64127e-16
       8772.7810  3.53469e-16
       8774.6480  3.48482e-16
       8776.5151  3.68628e-16
       8778.3822  3.84050e-16
       8780.2493  3.51127e-16
       8782.1164  3.50931e-16
       8783.9834  3.71930e-16
       8785.8505  3.71696e-16
       8787.7176  3.75692e-16
       8789.5847  3.68865e-16
       8791.4518  3.49710e-16
       8793.3188  3.65207e-16
       8795.1859  3.77397e-16
       8797.0530  3.71195e-16
       8798.9201  3.72155e-16
       8800.7872  3.79437e-16
       8802.6542  3.63132e-16
       8804.5213  3.64016e-16
       8806.3884  3.70499e-16
       8808.2555  3.70523e-16
       8810.1225  3.68017e-16
       8811.9896  3.56103e-16
       8813.8567  3.49455e-16
       8815.7238  3.58843e-16
       8817.5909  3.60540e-16
       8819.4579  3.45345e-16
       8821.3250  3.47609e-16
       8823.1921  3.67205e-16
       8825.0592  3.65912e-16
       8826.9263  3.50445e-16
       8828.7933  3.60229e-16
       8830.6604  3.60120e-16
       8832.5275  3.38246e-16
       8834.3946  3.49270e-16
       8836.2616  3.75060e-16
       8838.1287  3.74901e-16
       8839.9958  3.74075e-16
       8841.8629  3.52367e-16
       8843.7300  3.49166e-16
       8845.5970  3.62009e-16
       8847.4641  3.38146e-16
       8849.3312  3.27361e-16
       8851.1983  3.18522e-16
       8853.0654  3.21200e-16
       8854.9324  3.26825e-16
       8856.7995  3.15793e-16
       8858.6666  3.23612e-16
       8860.5337  3.44768e-16
       8862.4008  3.46765e-16
       8864.2678  3.52381e-16
       8866.1349  3.46152e-16
       8868.0020  3.35972e-16
       8869.8691  3.41375e-16
       8871.7361  3.49126e-16
       8873.6032  3.47303e-16
       8875.4703  3.48575e-16
       8877.3374  3.52801e-16
       8879.2045  3.33413e-16
       8881.0715  3.01484e-16
       8882.9386  3.00516e-16
       8884.8057  3.19613e-16
       8886.6728  3.25412e-16
       8888.5399  3.27543e-16
       8890.4069  3.25745e-16
       8892.2740  3.14040e-16
       8894.1411  3.24698e-16
       8896.0082  3.19633e-16
       8897.8752  2.89056e-16
       8899.7423  2.78463e-16
       8901.6094  2.93439e-16
       8903.4765  3.05553e-16
       8905.3436  3.07346e-16
       8907.2106  3.15043e-16
       8909.0777  3.25220e-16
       8910.9448  3.14243e-16
       8912.8119  3.10191e-16
       8914.6790  2.83496e-16
       8916.5460  3.20528e-16
       8918.4131  3.39194e-16
       8920.2802  3.37154e-16
       8922.1473  3.41798e-16
       8924.0144  3.13054e-16
       8925.8814  2.89390e-16
       8927.7485  3.02741e-16
       8929.6156  3.09363e-16
       8931.4827  3.05025e-16
       8933.3497  2.88072e-16
       8935.2168  3.01905e-16
       8937.0839  3.06546e-16
       8938.9510  3.04678e-16
       8940.8181  2.99660e-16
       8942.6851  3.15690e-16
       8944.5522  3.13613e-16
       8946.4193  2.91623e-16
       8948.2864  2.81773e-16
       8950.1535  2.67726e-16
       8952.0205  2.50044e-16
       8953.8876  2.74498e-16
       8955.7547  3.15507e-16
       8957.6218  2.92036e-16
       8959.4889  2.76955e-16
       8961.3559  2.83565e-16
       8963.2230  2.63538e-16
       8965.0901  2.50176e-16
       8966.9572  2.56892e-16
       8968.8242  2.55575e-16
       8970.6913  2.75574e-16
       8972.5584  2.81937e-16
       8974.4255  2.52237e-16
       8976.2926  2.68279e-16
       8978.1596  2.91443e-16
       8980.0267  2.79847e-16
       8981.8938  2.78365e-16
       8983.7609  2.58768e-16
       8985.6280  2.73787e-16
       8987.4950  2.79806e-16
       8989.3621  2.64980e-16
       8991.2292  2.35660e-16
       8993.0963  2.15369e-16
       8994.9633  2.40771e-16
       8996.8304  2.68379e-16
       8998.6975  2.71972e-16
       9000.5646  2.73651e-16
       9002.4317  2.39838e-16
       9004.2987  2.38152e-16
       9006.1658  2.56773e-16
       9008.0329  2.55834e-16
       9009.9000  2.78055e-16
       9011.7671  2.68026e-16
       9013.6341  2.41553e-16
       9015.5012  2.45872e-16
       9017.3683  2.54792e-16
       9019.2354  2.52280e-16
       9021.1025  2.50351e-16
       9022.9695  2.47618e-16
       9024.8366  2.45516e-16
       9026.7037  2.38083e-16
       9028.5708  2.38352e-16
       9030.4378  2.56718e-16
       9032.3049  2.57056e-16
       9034.1720  2.60302e-16
       9036.0391  2.65373e-16
       9037.9062  2.73480e-16
       9039.7732  2.67944e-16
       9041.6403  2.61041e-16
       9043.5074  2.57727e-16
       9045.3745  2.61332e-16
       9047.2416  2.81160e-16
       9049.1086  2.66262e-16
       9050.9757  2.57688e-16
       9052.8428  2.62544e-16
       9054.7099  2.42298e-16
       9056.5769  2.29613e-16
       9058.4440  2.42352e-16
       9060.3111  2.37971e-16
       9062.1782  2.53918e-16
       9064.0453  2.51395e-16
       9065.9123  2.46200e-16
       9067.7794  2.68675e-16
       9069.6465  2.57236e-16
       9071.5136  2.45435e-16
       9073.3807  2.44523e-16
       9075.2477  2.43633e-16
       9077.1148  2.54909e-16
       9078.9819  2.54327e-16
       9080.8490  2.45727e-16
       9082.7161  2.37618e-16
       9084.5831  2.50957e-16
       9086.4502  2.71874e-16
       9088.3173  2.58194e-16
       9090.1844  2.51677e-16
       9092.0514  2.77240e-16
       9093.9185  2.73006e-16
       9095.7856  2.53084e-16
       9097.6527  2.56315e-16
       9099.5198  2.58186e-16
       9101.3868  2.44617e-16
       9103.2539  2.30231e-16
       9105.1210  2.39917e-16
       9106.9881  2.36772e-16
       9108.8552  2.35954e-16
       9110.7222  2.55716e-16
       9112.5893  2.78044e-16
       9114.4564  2.84973e-16
       9116.3235  2.87654e-16
       9118.1905  2.94362e-16
       9120.0576  2.72602e-16
       9121.9247  2.50594e-16
       9123.7918  2.87181e-16
       9125.6589  3.05801e-16
       9127.5259  2.82445e-16
       9129.3930  2.75019e-16
       9131.2601  2.64824e-16
       9133.1272  2.32049e-16
       9134.9943  2.41711e-16
       9136.8613  2.57546e-16
       9138.7284  2.55179e-16
       9140.5955  2.63315e-16
       9142.4626  2.54700e-16
       9144.3297  2.72382e-16
       9146.1967  2.85630e-16
       9148.0638  2.61859e-16
       9149.9309  2.66947e-16
       9151.7980  2.50010e-16
       9153.6650  2.25037e-16
       9155.5321  2.23657e-16
       9157.3992  2.58191e-16
       9159.2663  2.60016e-16
       9161.1334  2.53954e-16
       9163.0004  2.67814e-16
       9164.8675  2.56093e-16
       9166.7346  2.59919e-16
       9168.6017  2.84977e-16
       9170.4688  2.81233e-16
       9172.3358  2.40198e-16
       9174.2029  2.63441e-16
       9176.0700  2.68308e-16
       9177.9371  2.64797e-16
       9179.8042  2.86479e-16
       9181.6712  2.75071e-16
       9183.5383  2.70143e-16
       9185.4054  2.80636e-16
       9187.2725  2.65353e-16
       9189.1395  2.64719e-16
       9191.0066  2.93046e-16
       9192.8737  3.12937e-16
       9194.7408  3.06921e-16
       9196.6079  2.91316e-16
       9198.4749  2.65814e-16
       9200.3420  2.70227e-16
       9202.2091  2.78736e-16
       9204.0762  2.56765e-16
       9205.9433  2.56983e-16
       9207.8103  2.57398e-16
       9209.6774  2.48121e-16
       9211.5445  2.65408e-16
       9213.4116  2.83196e-16
       9215.2786  2.79475e-16
       9217.1457  2.69278e-16
       9219.0128  2.63927e-16
       9220.8799  2.61238e-16
       9222.7470  2.67904e-16
       9224.6140  2.71986e-16
       9226.4811  2.80477e-16
       9228.3482  2.76504e-16
       9230.2153  2.62563e-16
       9232.0824  2.59746e-16
       9233.9494  2.62528e-16
       9235.8165  2.64413e-16
       9237.6836  2.68819e-16
       9239.5507  2.63976e-16
       9241.4178  2.56542e-16
       9243.2848  2.67569e-16
       9245.1519  2.68216e-16
       9247.0190  2.51355e-16
       9248.8861  2.59341e-16
       9250.7531  2.66483e-16
       9252.6202  2.50820e-16
       9254.4873  2.48159e-16
       9256.3544  2.52124e-16
       9258.2215  2.74573e-16
       9260.0885  2.82030e-16
       9261.9556  2.40004e-16
       9263.8227  2.28111e-16
       9265.6898  2.62353e-16
       9267.5569  2.85732e-16
       9269.4239  2.88206e-16
       9271.2910  2.91780e-16
       9273.1581  2.70344e-16
       9275.0252  2.54362e-16
       9276.8922  2.63706e-16
       9278.7593  2.86231e-16
       9280.6264  2.53043e-16
       9282.4935  2.37289e-16
       9284.3606  2.39613e-16
       9286.2276  2.12160e-16
       9288.0947  2.22156e-16
       9289.9618  2.28599e-16
       9291.8289  2.17462e-16
       9293.6960  2.52648e-16
       9295.5630  2.47292e-16
       9297.4301  2.34214e-16
       9299.2972      0.00000
