3400.  4.913070E-16
3404.2848520279  3.326997E-16
3408.56970405579  2.405987E-16
3412.85455608368  4.388160E-16
3417.13940811158  5.538547E-16
3421.42426013947  3.602382E-16
3425.70911216736  3.556569E-16
3429.99396419525  5.302942E-16
3434.27881622315  3.446377E-16
3438.56366825104  1.214078E-16
3442.84852027893  2.512694E-16
3447.13337230683  4.247192E-16
3451.41822433472  4.571313E-16
3455.70307636261  3.828997E-16
3459.98792839051  1.905162E-16
3464.2727804184  8.561588E-17
3468.55763244629  2.063423E-16
3472.84248447419  2.671225E-16
3477.12733650208  1.613513E-16
3481.41218852997  9.363800E-17
3485.69704055787  1.896525E-16
3489.98189258576  3.221761E-16
3494.26674461365  4.069685E-16
3498.55159664154  4.542304E-16
3502.83644866944  4.270941E-16
3507.12130069733  3.438015E-16
3511.40615272522  2.584031E-16
3515.69100475312  2.644227E-16
3519.97585678101  3.125766E-16
3524.2607088089  2.510301E-16
3528.5455608368  2.628732E-16
3532.83041286469  3.843293E-16
3537.11526489258  3.793250E-16
3541.40011692047  2.755553E-16
3545.68496894837  1.971099E-16
3549.96982097626  2.133612E-16
3554.25467300415  2.956108E-16
3558.53952503205  3.476465E-16
3562.82437705994  2.876955E-16
3567.10922908783  2.017875E-16
3571.39408111573  1.988339E-16
3575.67893314362  2.323821E-16
3579.96378517151  2.541884E-16
3584.2486371994  2.392532E-16
3588.5334892273  2.522618E-16
3592.81834125519  2.790797E-16
3597.10319328308  2.517884E-16
3601.38804531098  1.875777E-16
3605.67289733887  1.699086E-16
3609.95774936676  1.834728E-16
3614.24260139466  1.995179E-16
3618.52745342255  2.049114E-16
3622.81230545044  2.166986E-16
3627.09715747834  2.358892E-16
3631.38200950623  2.193924E-16
3635.66686153412  2.345278E-16
3639.95171356202  2.862174E-16
3644.23656558991  2.864029E-16
3648.5214176178  2.384871E-16
3652.8062696457  2.576289E-16
3657.09112167359  2.771033E-16
3661.37597370148  2.820851E-16
3665.66082572937  2.826493E-16
3669.94567775727  2.492307E-16
3674.23052978516  2.150577E-16
3678.51538181305  2.126980E-16
3682.80023384095  2.386330E-16
3687.08508586884  2.644888E-16
3691.36993789673  2.347762E-16
3695.65478992463  1.698817E-16
3699.93964195252  1.846334E-16
3704.22449398041  2.095849E-16
3708.5093460083  2.030950E-16
3712.7941980362  2.075090E-16
3717.07905006409  2.198696E-16
3721.36390209198  2.167823E-16
3725.64875411988  1.999129E-16
3729.93360614777  2.045295E-16
3734.21845817566  2.311549E-16
3738.50331020356  2.405307E-16
3742.78816223145  2.470474E-16
3747.07301425934  2.730854E-16
3751.35786628723  2.837003E-16
3755.64271831513  2.577649E-16
3759.92757034302  2.248718E-16
3764.21242237091  2.229700E-16
3768.49727439881  2.611712E-16
3772.7821264267  2.955677E-16
3777.06697845459  3.099215E-16
3781.35183048249  3.193525E-16
3785.63668251038  3.301294E-16
3789.92153453827  3.557615E-16
3794.20638656617  3.895125E-16
3798.49123859406  3.920425E-16
3802.77609062195  3.517935E-16
3807.06094264985  3.199848E-16
3811.34579467774  3.359430E-16
3815.63064670563  3.301414E-16
3819.91549873352  3.160937E-16
3824.20035076142  3.445557E-16
3828.48520278931  3.614497E-16
3832.7700548172  3.557030E-16
3837.0549068451  3.508387E-16
3841.33975887299  3.207447E-16
3845.62461090088  2.796185E-16
3849.90946292878  2.781225E-16
3854.19431495667  3.109343E-16
3858.47916698456  3.336754E-16
3862.76401901246  3.292476E-16
3867.04887104035  2.969396E-16
3871.33372306824  2.758738E-16
3875.61857509613  2.698412E-16
3879.90342712403  2.720579E-16
3884.18827915192  2.643270E-16
3888.47313117981  2.416052E-16
3892.75798320771  2.399396E-16
3897.0428352356  2.602054E-16
3901.32768726349  2.628054E-16
3905.61253929139  2.429918E-16
3909.89739131928  2.289806E-16
3914.18224334717  2.311545E-16
3918.46709537506  2.435748E-16
3922.75194740296  2.434089E-16
3927.03679943085  2.449751E-16
3931.32165145874  2.837478E-16
3935.60650348664  3.144047E-16
3939.89135551453  3.077324E-16
3944.17620754242  3.138296E-16
3948.46105957032  3.467839E-16
3952.74591159821  3.524440E-16
3957.0307636261  3.359786E-16
3961.315615654  3.641457E-16
3965.60046768189  3.873043E-16
3969.88531970978  3.826568E-16
3974.17017173767  3.973793E-16
3978.45502376557  4.256543E-16
3982.73987579346  4.426144E-16
3987.02472782135  4.583058E-16
3991.30957984925  4.626545E-16
3995.59443187714  4.522738E-16
3999.87928390503  4.510306E-16
4004.16413593293  4.622120E-16
4008.44898796082  4.744814E-16
4012.73383998871  4.803942E-16
4017.01869201661  4.700856E-16
4021.3035440445  4.444801E-16
4025.58839607239  4.381197E-16
4029.87324810028  4.583519E-16
4034.15810012818  4.479737E-16
4038.44295215607  4.223433E-16
4042.72780418396  4.159725E-16
4047.01265621186  4.234508E-16
4051.29750823975  4.423457E-16
4055.58236026764  4.467749E-16
4059.86721229554  4.390385E-16
4064.15206432343  4.593753E-16
4068.43691635132  4.670131E-16
4072.72176837922  4.549825E-16
4077.00662040711  4.791542E-16
4081.291472435  5.120300E-16
4085.57632446289  5.161439E-16
4089.86117649079  5.289943E-16
4094.14602851868  5.328336E-16
4098.43088054657  5.052862E-16
4102.71573257447  4.946311E-16
4107.00058460236  5.056731E-16
4111.28543663025  5.020276E-16
4115.57028865815  4.930121E-16
4119.85514068604  4.950179E-16
4124.13999271393  5.040418E-16
4128.42484474182  5.060855E-16
4132.70969676972  4.994619E-16
4136.99454879761  4.940121E-16
4141.2794008255  4.872694E-16
4145.5642528534  4.625052E-16
4149.84910488129  4.409277E-16
4154.13395690918  4.417150E-16
4158.41880893708  4.371466E-16
4162.70366096497  4.228264E-16
4166.98851299286  4.287097E-16
4171.27336502076  4.458714E-16
4175.55821704865  4.462981E-16
4179.84306907654  4.418785E-16
4184.12792110444  4.474800E-16
4188.41277313233  4.402571E-16
4192.69762516022  4.395389E-16
4196.98247718811  4.580844E-16
4201.26732921601  4.644440E-16
4205.5521812439  4.461426E-16
4209.83703327179  4.294203E-16
4214.12188529969  4.331121E-16
4218.40673732758  4.283494E-16
4222.69158935547  3.903828E-16
4226.97644138337  3.554059E-16
4231.26129341126  3.529249E-16
4235.54614543915  3.603202E-16
4239.83099746704  3.561671E-16
4244.11584949494  3.496016E-16
4248.40070152283  3.537259E-16
4252.68555355072  3.444581E-16
4256.97040557862  3.209577E-16
4261.25525760651  3.209631E-16
4265.5401096344  3.309040E-16
4269.8249616623  3.232231E-16
4274.10981369019  3.146268E-16
4278.39466571808  3.086017E-16
4282.67951774598  2.947802E-16
4286.96436977387  2.910165E-16
4291.24922180176  3.068152E-16
4295.53407382966  3.116218E-16
4299.81892585755  3.173198E-16
4304.10377788544  3.575018E-16
4308.38862991333  3.794123E-16
4312.67348194123  3.641484E-16
4316.95833396912  3.502977E-16
4321.24318599701  3.426254E-16
4325.52803802491  3.410810E-16
4329.8128900528  3.459544E-16
4334.09774208069  3.462788E-16
4338.38259410859  3.599332E-16
4342.66744613648  3.809883E-16
4346.95229816437  3.939653E-16
4351.23715019227  3.897225E-16
4355.52200222016  3.839182E-16
4359.80685424805  3.852684E-16
4364.09170627594  3.940274E-16
4368.37655830384  3.972278E-16
4372.66141033173  4.086187E-16
4376.94626235962  4.211790E-16
4381.23111438752  4.004359E-16
4385.51596641541  3.856303E-16
4389.8008184433  4.063268E-16
4394.0856704712  4.065285E-16
4398.37052249909  3.829922E-16
4402.65537452698  3.778917E-16
4406.94022655488  3.965190E-16
4411.22507858277  4.183885E-16
4415.50993061066  4.370993E-16
4419.79478263855  4.660432E-16
4424.07963466645  4.666853E-16
4428.36448669434  4.432165E-16
4432.64933872223  4.346755E-16
4436.93419075013  4.258551E-16
4441.21904277802  4.199479E-16
4445.50389480591  4.170449E-16
4449.78874683381  3.967322E-16
4454.0735988617  3.850971E-16
4458.35845088959  3.909364E-16
4462.64330291749  3.889930E-16
4466.92815494538  3.776771E-16
4471.21300697327  3.723259E-16
4475.49785900116  3.643758E-16
4479.78271102906  3.553855E-16
4484.06756305695  3.573991E-16
4488.35241508484  3.438504E-16
4492.63726711274  3.210058E-16
4496.92211914063  3.354276E-16
4501.20697116852  3.447108E-16
4505.49182319642  3.355165E-16
4509.77667522431  3.576238E-16
4514.0615272522  3.792769E-16
4518.34637928009  3.795441E-16
4522.63123130799  3.528511E-16
4526.91608333588  3.431534E-16
4531.20093536377  3.508647E-16
4535.48578739167  3.562478E-16
4539.77063941956  3.657682E-16
4544.05549144745  3.642897E-16
4548.34034347535  3.585094E-16
4552.62519550324  3.671217E-16
4556.91004753113  3.863958E-16
4561.19489955903  3.916946E-16
4565.47975158692  3.933471E-16
4569.76460361481  4.032494E-16
4574.0494556427  4.106796E-16
4578.3343076706  4.243857E-16
4582.61915969849  4.417122E-16
4586.90401172638  4.460882E-16
4591.18886375428  4.385148E-16
4595.47371578217  4.348202E-16
4599.75856781006  4.430430E-16
4604.04341983796  4.562260E-16
4608.32827186585  4.702238E-16
4612.61312389374  4.770803E-16
4616.89797592164  4.768253E-16
4621.18282794953  4.928844E-16
4625.46767997742  5.202747E-16
4629.75253200531  5.539772E-16
4634.03738403321  5.717703E-16
4638.3222360611  5.689655E-16
4642.60708808899  5.643338E-16
4646.89194011689  5.677462E-16
4651.17679214478  5.714589E-16
4655.46164417267  5.697320E-16
4659.74649620057  5.881700E-16
4664.03134822846  6.241804E-16
4668.31620025635  6.512915E-16
4672.60105228425  6.643864E-16
4676.88590431214  6.532269E-16
4681.17075634003  6.393962E-16
4685.45560836792  6.519417E-16
4689.74046039582  6.579237E-16
4694.02531242371  6.502190E-16
4698.3101644516  6.487149E-16
4702.5950164795  6.526855E-16
4706.87986850739  6.590061E-16
4711.16472053528  6.525467E-16
4715.44957256318  6.368471E-16
4719.73442459107  6.455963E-16
4724.01927661896  6.627504E-16
4728.30412864686  6.460688E-16
4732.58898067475  6.174945E-16
4736.87383270264  6.077021E-16
4741.15868473053  6.037388E-16
4745.44353675843  5.903159E-16
4749.72838878632  5.777266E-16
4754.01324081421  5.693461E-16
4758.29809284211  5.534943E-16
4762.58294487  5.403207E-16
4766.86779689789  5.336091E-16
4771.15264892579  5.023151E-16
4775.43750095368  4.685143E-16
4779.72235298157  4.673979E-16
4784.00720500946  4.607087E-16
4788.29205703736  4.309214E-16
4792.57690906525  3.999877E-16
4796.86176109314  3.861636E-16
4801.14661312104  3.977114E-16
4805.43146514893  4.089677E-16
4809.71631717682  4.023790E-16
4814.00116920472  4.087156E-16
4818.28602123261  4.399485E-16
4822.5708732605  4.588916E-16
4826.85572528839  4.483974E-16
4831.14057731629  4.432121E-16
4835.42542934418  4.637707E-16
4839.71028137207  4.802555E-16
4843.99513339997  4.903156E-16
4848.27998542786  5.117201E-16
4852.56483745575  5.162283E-16
4856.84968948365  4.952918E-16
4861.13454151154  4.770367E-16
4865.41939353943  4.724058E-16
4869.70424556733  4.883232E-16
4873.98909759522  5.158137E-16
4878.27394962311  5.173265E-16
4882.55880165101  5.075530E-16
4886.8436536789  5.128662E-16
4891.12850570679  5.103871E-16
4895.41335773468  4.904006E-16
4899.69820976258  4.844740E-16
4903.98306179047  4.997226E-16
4908.26791381836  5.031321E-16
4912.55276584626  4.949814E-16
4916.83761787415  5.015326E-16
4921.12246990204  5.163234E-16
4925.40732192994  5.207197E-16
4929.69217395783  5.168204E-16
4933.97702598572  5.212519E-16
4938.26187801362  5.403568E-16
4942.54673004151  5.381500E-16
4946.8315820694  5.458710E-16
4951.11643409729  5.795227E-16
4955.40128612519  5.786062E-16
4959.68613815308  5.576508E-16
4963.97099018097  5.434858E-16
4968.25584220887  5.275706E-16
4972.54069423676  5.234709E-16
4976.82554626465  5.291352E-16
4981.11039829255  5.263150E-16
4985.39525032044  5.260004E-16
4989.68010234833  5.335696E-16
4993.96495437623  5.286835E-16
4998.24980640412  5.173329E-16
5002.53465843201  5.207610E-16
5006.8195104599  5.335674E-16
5011.1043624878  5.369312E-16
5015.38921451569  5.292878E-16
5019.67406654358  5.267563E-16
5023.95891857148  5.388897E-16
5028.24377059937  5.593062E-16
5032.52862262726  5.746057E-16
5036.81347465516  5.841462E-16
5041.09832668305  6.021491E-16
5045.38317871094  6.155379E-16
5049.66803073884  6.152955E-16
5053.95288276673  6.033054E-16
5058.23773479462  5.940400E-16
5062.52258682251  5.898757E-16
5066.80743885041  5.924933E-16
5071.0922908783  5.900620E-16
5075.37714290619  5.802988E-16
5079.66199493409  5.700731E-16
5083.94684696198  5.573805E-16
5088.23169898987  5.541158E-16
5092.51655101777  5.576572E-16
5096.80140304566  5.557904E-16
5101.08625507355  5.491864E-16
5105.37110710145  5.390794E-16
5109.65595912934  5.172434E-16
5113.94081115723  5.035028E-16
5118.22566318512  4.957378E-16
5122.51051521302  4.758833E-16
5126.79536724091  4.573893E-16
5131.0802192688  4.561142E-16
5135.3650712967  4.630518E-16
5139.64992332459  4.565307E-16
5143.93477535248  4.391561E-16
5148.21962738038  4.433529E-16
5152.50447940827  4.592944E-16
5156.78933143616  4.582091E-16
5161.07418346406  4.488573E-16
5165.35903549195  4.433354E-16
5169.64388751984  4.467798E-16
5173.92873954774  4.480303E-16
5178.21359157563  4.445171E-16
5182.49844360352  4.552667E-16
5186.78329563141  4.704730E-16
5191.06814765931  4.664950E-16
5195.3529996872  4.615447E-16
5199.63785171509  4.741456E-16
5203.92270374299  4.846293E-16
5208.20755577088  4.846417E-16
5212.49240779877  4.736421E-16
5216.77725982667  4.672759E-16
5221.06211185456  4.743347E-16
5225.34696388245  4.828052E-16
5229.63181591035  4.832603E-16
5233.91666793824  4.870159E-16
5238.20151996613  4.871720E-16
5242.48637199402  4.760024E-16
5246.77122402192  4.775991E-16
5251.05607604981  4.865192E-16
5255.3409280777  4.753072E-16
5259.6257801056  4.644761E-16
5263.91063213349  4.831397E-16
5268.19548416138  5.038612E-16
5272.48033618928  4.932395E-16
5276.76518821717  4.913700E-16
5281.05004024506  4.998378E-16
5285.33489227296  4.921186E-16
5289.61974430085  4.832584E-16
5293.90459632874  4.851775E-16
5298.18944835663  4.852402E-16
5302.47430038453  4.868178E-16
5306.75915241242  5.054992E-16
5311.04400444031  5.212217E-16
5315.32885646821  5.249149E-16
5319.6137084961  5.280627E-16
5323.89856052399  5.291552E-16
5328.18341255189  5.222200E-16
5332.46826457978  5.181432E-16
5336.75311660767  5.295393E-16
5341.03796863557  5.454149E-16
5345.32282066346  5.537097E-16
5349.60767269135  5.606550E-16
5353.89252471924  5.666410E-16
5358.17737674714  5.693884E-16
5362.46222877503  5.842000E-16
5366.74708080292  6.056187E-16
5371.03193283082  6.096608E-16
5375.31678485871  6.109351E-16
5379.6016368866  6.148472E-16
5383.8864889145  6.067024E-16
5388.17134094239  6.087620E-16
5392.45619297028  6.300289E-16
5396.74104499818  6.362787E-16
5401.02589702607  6.195979E-16
5405.31074905396  6.144610E-16
5409.59560108185  6.288824E-16
5413.88045310975  6.360964E-16
5418.16530513764  6.325708E-16
5422.45015716553  6.269257E-16
5426.73500919343  6.323696E-16
5431.01986122132  6.487908E-16
5435.30471324921  6.511275E-16
5439.58956527711  6.406885E-16
5443.874417305  6.302996E-16
5448.15926933289  6.308358E-16
5452.44412136078  6.401663E-16
5456.72897338868  6.502760E-16
5461.01382541657  6.612305E-16
5465.29867744446  6.644821E-16
5469.58352947236  6.572361E-16
5473.86838150025  6.499397E-16
5478.15323352814  6.445873E-16
5482.43808555604  6.335119E-16
5486.72293758393  6.291188E-16
5491.00778961182  6.310050E-16
5495.29264163972  6.359512E-16
5499.57749366761  6.316551E-16
5503.8623456955  6.073247E-16
5508.14719772339  5.895497E-16
5512.43204975129  5.931094E-16
5516.71690177918  5.987637E-16
5521.00175380707  6.030458E-16
5525.28660583497  6.070499E-16
5529.57145786286  6.048419E-16
5533.85630989075  6.082206E-16
5538.14116191865  6.197863E-16
5542.42601394654  6.208097E-16
5546.71086597443  6.071666E-16
5550.99571800233  5.957624E-16
5555.28057003022  6.031573E-16
5559.56542205811  6.193789E-16
5563.850274086  6.219753E-16
5568.1351261139  6.139377E-16
5572.41997814179  6.131460E-16
5576.70483016968  6.181190E-16
5580.98968219758  6.178907E-16
5585.27453422547  6.195660E-16
5589.55938625336  6.285890E-16
5593.84423828126  6.230490E-16
5598.12909030915  6.141224E-16
5602.41394233704  6.258102E-16
5606.69879436494  6.326197E-16
5610.98364639283  6.213443E-16
5615.26849842072  6.191889E-16
5619.55335044861  6.198790E-16
5623.83820247651  6.113835E-16
5628.1230545044  6.183134E-16
5632.40790653229  6.273121E-16
5636.69275856019  6.260433E-16
5640.97761058808  6.353300E-16
5645.26246261597  6.316137E-16
5649.54731464387  6.178913E-16
5653.83216667176  6.115055E-16
5658.11701869965  6.074808E-16
5662.40187072755  6.061766E-16
5666.68672275544  6.132660E-16
5670.97157478333  6.150063E-16
5675.25642681122  6.019144E-16
5679.54127883912  5.891372E-16
5683.82613086701  5.790805E-16
5688.1109828949  5.713108E-16
5692.3958349228  5.791229E-16
5696.68068695069  5.934478E-16
5700.96553897858  5.951762E-16
5705.25039100648  5.779540E-16
5709.53524303437  5.658994E-16
5713.82009506226  5.645824E-16
5718.10494709016  5.568016E-16
5722.38979911805  5.463997E-16
5726.67465114594  5.433473E-16
5730.95950317383  5.427611E-16
5735.24435520173  5.369105E-16
5739.52920722962  5.225929E-16
5743.81405925751  5.035755E-16
5748.09891128541  4.913529E-16
5752.3837633133  4.863582E-16
5756.66861534119  4.707136E-16
5760.95346736908  4.535457E-16
5765.23831939698  4.552162E-16
5769.52317142487  4.576608E-16
5773.80802345276  4.470308E-16
5778.09287548066  4.375611E-16
5782.37772750855  4.424065E-16
5786.66257953645  4.482844E-16
5790.94743156434  4.390452E-16
5795.23228359223  4.382948E-16
5799.51713562012  4.477478E-16
5803.80198764802  4.559721E-16
5808.08683967591  4.617496E-16
5812.3716917038  4.595682E-16
5816.65654373169  4.603849E-16
5820.94139575959  4.703212E-16
5825.22624778748  4.776022E-16
5829.51109981537  4.729880E-16
5833.79595184327  4.684361E-16
5838.08080387116  4.703609E-16
5842.36565589905  4.760779E-16
5846.65050792695  4.916152E-16
5850.93535995484  4.893515E-16
5855.22021198273  4.697016E-16
5859.50506401063  4.558770E-16
5863.78991603852  4.500860E-16
5868.07476806641  4.494147E-16
5872.35962009431  4.553934E-16
5876.6444721222  4.698156E-16
5880.92932415009  4.834390E-16
5885.21417617798  4.823730E-16
5889.49902820588  4.758425E-16
5893.78388023377  4.793046E-16
5898.06873226166  4.907236E-16
5902.35358428956  5.108888E-16
5906.63843631745  5.302979E-16
5910.92328834534  5.451332E-16
5915.20814037324  5.648233E-16
5919.49299240113  5.783589E-16
5923.77784442902  5.770838E-16
5928.06269645692  5.732894E-16
5932.34754848481  5.848267E-16
5936.6324005127  5.995906E-16
5940.91725254059  5.986310E-16
5945.20210456849  5.964828E-16
5949.48695659638  6.003861E-16
5953.77180862427  5.997720E-16
5958.05666065217  6.055378E-16
5962.34151268006  6.076988E-16
5966.62636470795  5.993948E-16
5970.91121673585  5.950999E-16
5975.19606876374  5.966863E-16
5979.48092079163  6.046065E-16
5983.76577281953  6.179119E-16
5988.05062484742  6.154118E-16
5992.33547687531  5.974933E-16
5996.6203289032  5.863590E-16
6000.9051809311  5.885353E-16
6005.19003295899  5.986983E-16
6009.47488498688  6.033851E-16
6013.75973701478  5.997572E-16
6018.04458904267  5.911862E-16
6022.32944107056  5.812499E-16
6026.61429309846  5.843114E-16
6030.89914512635  5.881709E-16
6035.18399715424  5.904546E-16
6039.46884918214  5.909345E-16
6043.75370121003  5.870924E-16
6048.03855323792  5.836661E-16
6052.32340526581  5.798689E-16
6056.60825729371  5.759518E-16
6060.8931093216  5.719676E-16
6065.17796134949  5.687436E-16
6069.46281337739  5.665586E-16
6073.74766540528  5.604828E-16
6078.03251743317  5.527479E-16
6082.31736946107  5.514697E-16
6086.60222148896  5.589498E-16
6090.88707351685  5.580909E-16
6095.17192554475  5.425326E-16
6099.45677757264  5.340940E-16
6103.74162960053  5.332937E-16
6108.02648162842  5.279743E-16
6112.31133365632  5.288163E-16
6116.59618568421  5.300578E-16
6120.88103771211  5.213622E-16
6125.16588974  5.201789E-16
6129.45074176789  5.220424E-16
6133.73559379578  5.177151E-16
6138.02044582368  5.064998E-16
6142.30529785157  5.047898E-16
6146.59014987946  5.056468E-16
6150.87500190735  4.981435E-16
6155.15985393525  4.964758E-16
6159.44470596314  5.008543E-16
6163.72955799104  5.015636E-16
6168.01441001893  5.036448E-16
6172.29926204682  5.073345E-16
6176.58411407471  5.019942E-16
6180.86896610261  4.907983E-16
6185.1538181305  4.888386E-16
6189.43867015839  4.906634E-16
6193.72352218629  4.951669E-16
6198.00837421418  4.957355E-16
6202.29322624207  4.862845E-16
6206.57807826997  4.792447E-16
6210.86293029786  4.782621E-16
6215.14778232575  4.742154E-16
6219.43263435364  4.647179E-16
6223.71748638154  4.575509E-16
6228.00233840943  4.661094E-16
6232.28719043732  4.855359E-16
6236.57204246522  4.918050E-16
6240.85689449311  4.777778E-16
6245.141746521  4.665967E-16
6249.4265985489  4.752954E-16
6253.71145057679  4.855258E-16
6257.99630260468  4.850509E-16
6262.28115463258  4.909714E-16
6266.56600666047  5.038338E-16
6270.85085868836  5.003930E-16
6275.13571071625  4.817627E-16
6279.42056274415  4.751404E-16
6283.70541477204  4.892715E-16
6287.99026679993  5.019815E-16
6292.27511882783  5.016503E-16
6296.55997085572  4.983673E-16
6300.84482288361  4.961003E-16
6305.12967491151  4.876899E-16
6309.4145269394  4.737500E-16
6313.69937896729  4.602359E-16
6317.98423099519  4.443323E-16
6322.26908302308  4.286088E-16
6326.55393505097  4.241343E-16
6330.83878707886  4.285345E-16
6335.12363910676  4.280747E-16
6339.40849113465  4.134795E-16
6343.69334316254  4.020264E-16
6347.97819519044  3.964880E-16
6352.26304721833  3.945332E-16
6356.54789924622  3.937391E-16
6360.83275127412  3.899730E-16
6365.11760330201  3.907847E-16
6369.4024553299  3.942211E-16
6373.68730735779  3.941663E-16
6377.97215938569  3.975202E-16
6382.25701141358  4.037995E-16
6386.54186344147  4.044592E-16
6390.82671546937  4.053489E-16
6395.11156749726  4.009236E-16
6399.39641952515  3.977907E-16
6403.68127155305  4.070108E-16
6407.96612358094  4.169844E-16
6412.25097560883  4.158307E-16
6416.53582763673  4.133169E-16
6420.82067966462  4.178056E-16
6425.10553169251  4.176625E-16
6429.39038372041  4.220350E-16
6433.6752357483  4.313772E-16
6437.96008777619  4.345323E-16
6442.24493980408  4.308588E-16
6446.52979183198  4.219130E-16
6450.81464385987  4.211975E-16
6455.09949588776  4.307516E-16
6459.38434791566  4.361668E-16
6463.66919994355  4.347051E-16
6467.95405197144  4.390320E-16
6472.23890399933  4.461681E-16
6476.52375602723  4.528519E-16
6480.80860805512  4.577782E-16
6485.09346008302  4.587116E-16
6489.37831211091  4.622839E-16
6493.6631641388  4.706649E-16
6497.94801616669  4.818032E-16
6502.23286819459  4.947795E-16
6506.51772022248  5.070890E-16
6510.80257225037  5.197284E-16
6515.08742427827  5.333940E-16
6519.37227630616  5.475039E-16
6523.65712833405  5.680052E-16
6527.94198036194  5.839881E-16
6532.22683238984  5.905061E-16
6536.51168441773  6.001074E-16
6540.79653644562  6.131831E-16
6545.08138847352  6.230883E-16
6549.36624050141  6.284576E-16
6553.6510925293  6.376737E-16
6557.9359445572  6.538092E-16
6562.22079658509  6.638373E-16
6566.50564861298  6.699717E-16
6570.79050064088  6.795638E-16
6575.07535266877  6.885505E-16
6579.36020469666  6.959578E-16
6583.64505672455  6.964561E-16
6587.92990875245  7.013965E-16
6592.21476078034  7.106361E-16
6596.49961280823  7.108529E-16
6600.78446483613  7.098362E-16
6605.06931686402  7.099565E-16
6609.35416889191  7.086660E-16
6613.63902091981  7.107894E-16
6617.9238729477  7.172120E-16
6622.20872497559  7.201128E-16
6626.49357700349  7.127908E-16
6630.77842903138  7.055899E-16
6635.06328105927  7.076258E-16
6639.34813308717  7.145208E-16
6643.63298511506  7.171172E-16
6647.91783714295  7.150179E-16
6652.20268917084  7.163776E-16
6656.48754119874  7.193921E-16
6660.77239322663  7.145781E-16
6665.05724525452  7.087528E-16
6669.34209728242  7.064237E-16
6673.62694931031  7.152123E-16
6677.9118013382  7.323569E-16
6682.1966533661  7.478689E-16
6686.48150539399  7.527014E-16
6690.76635742188  7.400171E-16
6695.05120944977  7.204809E-16
6699.33606147767  7.197210E-16
6703.62091350556  7.215040E-16
6707.90576553345  7.075396E-16
6712.19061756135  6.918544E-16
6716.47546958924  6.926536E-16
6720.76032161713  7.005141E-16
6725.04517364503  7.057963E-16
6729.33002567292  7.054936E-16
6733.61487770081  6.992459E-16
6737.89972972871  6.948198E-16
6742.1845817566  6.904582E-16
6746.46943378449  6.892167E-16
6750.75428581238  6.915452E-16
6755.03913784028  6.924231E-16
6759.32398986817  6.890048E-16
6763.60884189606  6.804905E-16
6767.89369392396  6.723363E-16
6772.17854595185  6.709970E-16
6776.46339797974  6.692376E-16
6780.74825000764  6.595026E-16
6785.03310203553  6.541675E-16
6789.31795406342  6.519295E-16
6793.60280609132  6.459799E-16
6797.88765811921  6.444272E-16
6802.1725101471  6.443877E-16
6806.45736217499  6.365046E-16
6810.74221420289  6.302344E-16
6815.02706623078  6.300271E-16
6819.31191825868  6.279327E-16
6823.59677028657  6.187968E-16
6827.88162231446  6.102930E-16
6832.16647434235  6.131334E-16
6836.45132637025  6.207594E-16
6840.73617839814  6.247409E-16
6845.02103042603  6.181043E-16
6849.30588245392  6.084977E-16
6853.59073448182  5.988079E-16
6857.87558650971  5.833028E-16
6862.16043853761  5.720908E-16
6866.4452905655  5.686151E-16
6870.73014259339  5.613729E-16
6875.01499462128  5.552334E-16
6879.29984664918  5.569819E-16
6883.58469867707  5.544112E-16
6887.86955070496  5.445779E-16
6892.15440273286  5.302985E-16
6896.43925476075  5.214585E-16
6900.72410678864  5.152756E-16
6905.00895881654  5.047929E-16
6909.29381084443  5.001997E-16
6913.57866287232  4.974692E-16
6917.86351490021  4.892102E-16
6922.14836692811  4.866129E-16
6926.433218956  4.866068E-16
6930.7180709839  4.813839E-16
6935.00292301179  4.773077E-16
6939.28777503968  4.769648E-16
6943.57262706757  4.759706E-16
6947.85747909547  4.739642E-16
6952.14233112336  4.669451E-16
6956.42718315125  4.640451E-16
6960.71203517915  4.633049E-16
6964.99688720704  4.640559E-16
6969.28173923493  4.665277E-16
6973.56659126283  4.678840E-16
6977.85144329072  4.678182E-16
6982.13629531861  4.661281E-16
6986.4211473465  4.657915E-16
6990.7059993744  4.625256E-16
6994.99085140229  4.537268E-16
6999.27570343018  4.503632E-16
7003.56055545808  4.532556E-16
7007.84540748597  4.532060E-16
7012.13025951386  4.500609E-16
7016.41511154176  4.395798E-16
7020.69996356965  4.337818E-16
7024.98481559754  4.401886E-16
7029.26966762543  4.418114E-16
7033.55451965333  4.378928E-16
7037.83937168122  4.345897E-16
7042.12422370911  4.302550E-16
7046.40907573701  4.262774E-16
7050.6939277649  4.253572E-16
7054.97877979279  4.249610E-16
7059.26363182069  4.218430E-16
7063.54848384858  4.182972E-16
7067.83333587647  4.179001E-16
7072.11818790437  4.151203E-16
7076.40303993226  4.120139E-16
7080.68789196015  4.153288E-16
7084.97274398804  4.169902E-16
7089.25759601594  4.193449E-16
7093.54244804383  4.247724E-16
7097.82730007172  4.271427E-16
7102.11215209962  4.270189E-16
7106.39700412751  4.274922E-16
7110.6818561554  4.282371E-16
7114.9667081833  4.266680E-16
7119.25156021119  4.242558E-16
7123.53641223908  4.278384E-16
7127.82126426698  4.317596E-16
7132.10611629487  4.259262E-16
7136.39096832276  4.209336E-16
7140.67582035065  4.245832E-16
7144.96067237855  4.332298E-16
7149.24552440644  4.337369E-16
7153.53037643433  4.242089E-16
7157.81522846223  4.240630E-16
7162.10008049012  4.287393E-16
7166.38493251801  4.275154E-16
7170.6697845459  4.198234E-16
7174.9546365738  4.126902E-16
7179.23948860169  4.117505E-16
7183.52434062959  4.163158E-16
7187.80919265748  4.172093E-16
7192.09404468537  4.105210E-16
7196.37889671327  4.063901E-16
7200.66374874116  4.083965E-16
7204.94860076905  4.142506E-16
7209.23345279694  4.149768E-16
7213.51830482484  4.131844E-16
7217.80315685273  4.133613E-16
7222.08800888062  4.089578E-16
7226.37286090852  4.044280E-16
7230.65771293641  4.032826E-16
7234.9425649643  4.029956E-16
7239.2274169922  4.076663E-16
7243.51226902009  4.120168E-16
7247.79712104798  4.083764E-16
7252.08197307588  4.033219E-16
7256.36682510377  3.994813E-16
7260.65167713166  3.969709E-16
7264.93652915955  3.990552E-16
7269.22138118745  3.992159E-16
7273.50623321534  3.916841E-16
7277.79108524323  3.883928E-16
7282.07593727113  3.901600E-16
7286.36078929902  3.904621E-16
7290.64564132691  3.886841E-16
7294.93049335481  3.862393E-16
7299.2153453827  3.884526E-16
7303.50019741059  3.931263E-16
7307.78504943848  3.888632E-16
7312.06990146638  3.814271E-16
7316.35475349427  3.820770E-16
7320.63960552216  3.901759E-16
7324.92445755006  3.937329E-16
7329.20930957795  3.904477E-16
7333.49416160584  3.898423E-16
7337.77901363374  3.927226E-16
7342.06386566163  3.968895E-16
7346.34871768952  4.007196E-16
7350.63356971741  4.020352E-16
7354.91842174531  3.999803E-16
7359.2032737732  3.986315E-16
7363.48812580109  3.987844E-16
7367.77297782899  3.986575E-16
7372.05782985688  3.989925E-16
7376.34268188477  3.971584E-16
7380.62753391267  3.966220E-16
7384.91238594056  3.997776E-16
7389.19723796845  4.035558E-16
7393.48208999635  4.042591E-16
7397.76694202424  4.001538E-16
7402.05179405213  4.002249E-16
7406.33664608002  4.007364E-16
7410.62149810792  3.962831E-16
7414.90635013581  3.939673E-16
7419.1912021637  3.947874E-16
7423.4760541916  3.945856E-16
7427.76090621949  3.914911E-16
7432.04575824738  3.880000E-16
7436.33061027528  3.833456E-16
7440.61546230317  3.800278E-16
7444.90031433106  3.793849E-16
7449.18516635895  3.821166E-16
7453.47001838685  3.866947E-16
7457.75487041474  3.907867E-16
7462.03972244264  3.891580E-16
7466.32457447053  3.807356E-16
7470.60942649842  3.748443E-16
7474.89427852631  3.733586E-16
7479.17913055421  3.727849E-16
7483.4639825821  3.757218E-16
7487.74883460999  3.716650E-16
7492.03368663789  3.653357E-16
7496.31853866578  3.676905E-16
7500.60339069367  3.717196E-16
7504.88824272157  3.733435E-16
7509.17309474946  3.732496E-16
7513.45794677735  3.747231E-16
7517.74279880525  3.746712E-16
7522.02765083314  3.737927E-16
7526.31250286103  3.755877E-16
7530.59735488892  3.753191E-16
7534.88220691682  3.732077E-16
7539.16705894471  3.732767E-16
7543.4519109726  3.725064E-16
7547.7367630005  3.718466E-16
7552.02161502839  3.726495E-16
7556.30646705628  3.720259E-16
7560.59131908418  3.689970E-16
7564.87617111207  3.696059E-16
7569.16102313996  3.749638E-16
7573.44587516786  3.747729E-16
7577.73072719575  3.688094E-16
7582.01557922364  3.666718E-16
7586.30043125153  3.671550E-16
7590.58528327943  3.624536E-16
7594.87013530732  3.526196E-16
7599.15498733521  3.462380E-16
7603.43983936311  3.446354E-16
7607.724691391  3.388180E-16
7612.00954341889  3.365297E-16
7616.29439544678  3.397464E-16
7620.57924747468  3.447151E-16
7624.86409950257  3.498625E-16
7629.14895153046  3.481262E-16
7633.43380355836  3.404396E-16
7637.71865558625  3.339932E-16
7642.00350761414  3.298115E-16
7646.28835964204  3.297801E-16
7650.57321166993  3.273704E-16
7654.85806369782  3.236416E-16
7659.14291572572  3.258329E-16
7663.42776775361  3.262468E-16
7667.7126197815  3.234608E-16
7671.99747180939  3.280047E-16
7676.28232383729  3.345512E-16
7680.56717586518  3.285750E-16
7684.85202789307  3.200090E-16
7689.13687992097  3.204925E-16
7693.42173194886  3.237336E-16
7697.70658397675  3.261190E-16
7701.99143600465  3.295251E-16
7706.27628803254  3.269675E-16
7710.56114006043  3.230393E-16
7714.84599208833  3.254166E-16
7719.13084411622  3.286789E-16
7723.41569614411  3.306819E-16
7727.700548172  3.274367E-16
7731.9854001999  3.209292E-16
7736.27025222779  3.194076E-16
7740.55510425568  3.150926E-16
7744.83995628358  3.055720E-16
7749.12480831147  3.004684E-16
7753.40966033936  3.028267E-16
7757.69451236726  3.094685E-16
7761.97936439515  3.145209E-16
7766.26421642304  3.139046E-16
7770.54906845094  3.134310E-16
7774.83392047883  3.100963E-16
7779.11877250672  3.065701E-16
7783.40362453461  3.087077E-16
7787.68847656251  3.092406E-16
7791.9733285904  3.086275E-16
7796.2581806183  3.126904E-16
7800.54303264619  3.157860E-16
7804.82788467408  3.166191E-16
7809.11273670197  3.229874E-16
7813.39758872987  3.310663E-16
7817.68244075776  3.337594E-16
7821.96729278565  3.325788E-16
7826.25214481355  3.311091E-16
7830.53699684144  3.347262E-16
7834.82184886933  3.427206E-16
7839.10670089723  3.473561E-16
7843.39155292512  3.441353E-16
7847.67640495301  3.382824E-16
7851.9612569809  3.377266E-16
7856.2461090088  3.459566E-16
7860.53096103669  3.475116E-16
7864.81581306458  3.420303E-16
7869.10066509248  3.394818E-16
7873.38551712037  3.405177E-16
7877.67036914826  3.438775E-16
7881.95522117616  3.433763E-16
7886.24007320405  3.412194E-16
7890.52492523194  3.439824E-16
7894.80977725984  3.472234E-16
7899.09462928773  3.487904E-16
7903.37948131562  3.478313E-16
7907.66433334351  3.409429E-16
7911.94918537141  3.322450E-16
7916.2340373993  3.339324E-16
7920.51888942719  3.375786E-16
7924.80374145509  3.375239E-16
7929.08859348298  3.422219E-16
7933.37344551087  3.424102E-16
7937.65829753877  3.398490E-16
7941.94314956666  3.420661E-16
7946.22800159455  3.422102E-16
7950.51285362245  3.444788E-16
7954.79770565034  3.472525E-16
7959.08255767823  3.417030E-16
7963.36740970612  3.380953E-16
7967.65226173402  3.411987E-16
7971.93711376191  3.419835E-16
7976.2219657898  3.459269E-16
7980.5068178177  3.481712E-16
7984.79166984559  3.412982E-16
7989.07652187348  3.401088E-16
7993.36137390138  3.414998E-16
7997.64622592927  3.377527E-16
8001.93107795716  3.381936E-16
8006.21592998506  3.387372E-16
8010.50078201295  3.305232E-16
8014.78563404084  3.299704E-16
8019.07048606873  3.305042E-16
8023.35533809663  3.293967E-16
8027.64019012452  3.311036E-16
8031.92504215241  3.289739E-16
8036.20989418031  3.255614E-16
8040.4947462082  3.204581E-16
8044.77959823609  3.180864E-16
8049.06445026399  3.173849E-16
8053.34930229188  3.197819E-16
8057.63415431977  3.290658E-16
8061.91900634766  3.288373E-16
8066.20385837556  3.213314E-16
8070.48871040345  3.260114E-16
8074.77356243134  3.332661E-16
8079.05841445924  3.295042E-16
8083.34326648713  3.197738E-16
8087.62811851503  3.184480E-16
8091.91297054292  3.158541E-16
8096.19782257081  3.107176E-16
8100.4826745987  3.125342E-16
8104.76752662659  3.124392E-16
8109.05237865449  3.124371E-16
8113.33723068238  3.133555E-16
8117.62208271028  3.120720E-16
8121.90693473817  3.087745E-16
8126.19178676606  3.068750E-16
8130.47663879395  3.044135E-16
8134.76149082185  3.014151E-16
8139.04634284974  3.071563E-16
8143.33119487763  3.113348E-16
8147.61604690553  3.058004E-16
8151.90089893342  3.048927E-16
8156.18575096131  3.101596E-16
8160.47060298921  3.113753E-16
8164.7554550171  3.101144E-16
8169.04030704499  3.064898E-16
8173.32515907289  3.018888E-16
8177.61001110078  2.970851E-16
8181.89486312867  2.961552E-16
8186.17971515656  3.052971E-16
8190.46456718446  3.122171E-16
8194.74941921235  3.121008E-16
8199.03427124024  3.068637E-16
8203.31912326813  3.029608E-16
8207.60397529603  3.042442E-16
8211.88882732392  3.032959E-16
8216.17367935182  3.021465E-16
8220.45853137971  3.020518E-16
8224.7433834076  2.984265E-16
8229.0282354355  2.962958E-16
8233.31308746339  2.985927E-16
8237.59793949128  2.978498E-16
8241.88279151917  2.996559E-16
8246.16764354707  3.040579E-16
8250.45249557496  3.024763E-16
8254.73734760285  2.990902E-16
8259.02219963075  2.958902E-16
8263.30705165864  2.949037E-16
8267.59190368653  2.975005E-16
8271.87675571443  2.967351E-16
8276.16160774232  2.929246E-16
8280.44645977021  2.903132E-16
8284.73131179811  2.860852E-16
8289.016163826  2.824171E-16
8293.30101585389  2.865625E-16
8297.58586788178  2.930695E-16
8301.87071990968  2.895054E-16
8306.15557193757  2.862772E-16
8310.44042396546  2.889558E-16
8314.72527599336  2.879189E-16
8319.01012802125  2.828370E-16
8323.29498004914  2.794040E-16
8327.57983207704  2.802919E-16
8331.86468410493  2.821468E-16
8336.14953613282  2.814301E-16
8340.43438816072  2.833003E-16
8344.71924018861  2.780004E-16
8349.0040922165  2.633182E-16
8353.28894424439  2.649734E-16
8357.57379627229  2.709474E-16
8361.85864830018  2.642632E-16
8366.14350032807  2.566903E-16
8370.42835235597  2.532826E-16
8374.71320438386  2.512990E-16
8378.99805641175  2.524906E-16
8383.28290843964  2.502448E-16
8387.56776046754  2.419648E-16
8391.85261249543  2.369825E-16
8396.13746452332  2.319144E-16
8400.42231655122  2.254056E-16
8404.70716857911  2.170047E-16
8408.99202060701  2.130172E-16
8413.2768726349  2.107237E-16
8417.56172466279  2.054103E-16
8421.84657669068  2.023956E-16
8426.13142871858  2.016934E-16
8430.41628074647  2.052293E-16
8434.70113277436  2.061622E-16
8438.98598480225  2.013604E-16
8443.27083683015  2.021058E-16
8447.55568885804  2.074437E-16
8451.84054088594  2.099743E-16
8456.12539291383  2.068678E-16
8460.41024494172  2.032126E-16
8464.69509696961  1.960924E-16
8468.97994899751  1.955512E-16
8473.2648010254  2.010899E-16
8477.54965305329  2.003770E-16
8481.83450508119  1.995665E-16
8486.11935710908  1.999463E-16
8490.40420913697  2.011027E-16
8494.68906116487  2.025651E-16
8498.97391319276  2.069925E-16
8503.25876522065  2.140211E-16
8507.54361724854  2.134590E-16
8511.82846927644  2.079687E-16
8516.11332130433  2.092528E-16
8520.39817333222  2.078105E-16
8524.68302536012  2.056078E-16
8528.96787738801  2.074809E-16
8533.2527294159  2.115659E-16
8537.5375814438  2.115333E-16
8541.82243347169  2.061444E-16
8546.10728549958  2.066941E-16
8550.39213752748  2.119896E-16
8554.67698955537  2.179687E-16
8558.96184158326  2.204486E-16
8563.24669361115  2.152991E-16
8567.53154563905  2.112111E-16
8571.81639766694  2.125032E-16
8576.10124969483  2.176527E-16
8580.38610172273  2.230064E-16
8584.67095375062  2.219655E-16
8588.95580577851  2.192665E-16
8593.24065780641  2.202253E-16
8597.5255098343  2.228228E-16
8601.81036186219  2.264424E-16
8606.09521389008  2.288434E-16
8610.38006591798  2.306430E-16
8614.66491794587  2.292105E-16
8618.94976997376  2.228403E-16
8623.23462200166  2.218761E-16
8627.51947402955  2.261454E-16
8631.80432605744  2.332941E-16
8636.08917808534  2.389983E-16
8640.37403011323  2.325019E-16
8644.65888214112  2.312319E-16
8648.94373416902  2.423553E-16
8653.22858619691  2.431640E-16
8657.5134382248  2.404687E-16
8661.79829025269  2.471350E-16
8666.08314228059  2.500376E-16
8670.36799430848  2.448911E-16
8674.65284633637  2.472794E-16
8678.93769836427  2.599560E-16
8683.22255039216  2.669389E-16
8687.50740242005  2.768747E-16
8691.79225444795  2.830141E-16
8696.07710647584  2.768839E-16
8700.36195850373  2.822369E-16
8704.64681053162  2.854027E-16
8708.93166255952  2.805278E-16
8713.21651458741  2.821168E-16
8717.5013666153  2.914093E-16
8721.7862186432  2.967549E-16
8726.07107067109  2.975574E-16
8730.35592269899  2.946776E-16
8734.64077472688  3.031348E-16
8738.92562675477  3.153242E-16
8743.21047878266  3.120196E-16
8747.49533081056  3.055946E-16
8751.78018283845  3.085084E-16
8756.06503486634  3.161498E-16
8760.34988689424  3.138862E-16
8764.63473892213  3.122103E-16
8768.91959095002  3.102873E-16
8773.20444297792  3.082272E-16
8777.48929500581  3.110449E-16
8781.7741470337  3.076449E-16
8786.05899906159  3.044526E-16
8790.34385108949  3.097364E-16
8794.62870311738  3.139960E-16
8798.91355514527  3.120603E-16
8803.19840717317  3.108740E-16
8807.48325920106  3.122163E-16
8811.76811122895  3.100402E-16
8816.05296325685  3.080392E-16
8820.33781528474  3.065408E-16
8824.62266731263  3.030280E-16
8828.90751934052  3.065757E-16
8833.19237136842  3.097728E-16
8837.47722339631  3.046198E-16
8841.7620754242  3.037575E-16
8846.0469274521  3.047449E-16
8850.33177947999  2.967225E-16
8854.61663150788  2.886289E-16
8858.90148353578  2.934244E-16
8863.18633556367  2.981621E-16
8867.47118759156  2.974228E-16
8871.75603961946  2.977073E-16
8876.04089164735  2.888684E-16
8880.32574367524  2.830753E-16
8884.61059570313  2.832757E-16
8888.89544773103  2.818968E-16
8893.18029975892  2.982639E-16
8897.46515178681  3.171817E-16
8901.75000381471  3.140268E-16
8906.0348558426  2.980539E-16
8910.31970787049  2.945420E-16
8914.60455989839  2.993908E-16
8918.88941192628  3.029354E-16
8923.17426395417  2.952599E-16
8927.45911598206  2.814484E-16
8931.74396800996  2.830423E-16
8936.02882003785  2.904618E-16
8940.31367206575  2.858125E-16
8944.59852409364  2.862014E-16
8948.88337612153  2.835792E-16
8953.16822814942  2.689001E-16
8957.45308017732  2.659106E-16
8961.73793220521  2.739396E-16
8966.0227842331  2.762252E-16
8970.307636261  2.726881E-16
8974.59248828889  2.714130E-16
8978.87734031678  2.784210E-16
8983.16219234468  2.883745E-16
8987.44704437257  2.853245E-16
8991.73189640046  2.758657E-16
8996.01674842835  2.702557E-16
9000.30160045625  2.662760E-16
9004.58645248414  2.685297E-16
9008.87130451203  2.735005E-16
9013.15615653993  2.722309E-16
9017.44100856782  2.669892E-16
9021.72586059571  2.582091E-16
9026.01071262361  2.493843E-16
9030.2955646515  2.510217E-16
9034.58041667939  2.542932E-16
9038.86526870728  2.513941E-16
9043.15012073518  2.460001E-16
9047.43497276307  2.406587E-16
9051.71982479097  2.440433E-16
9056.00467681886  2.425035E-16
9060.28952884675  2.386122E-16
9064.57438087464  2.412481E-16
9068.85923290254  2.437477E-16
9073.14408493043  2.370975E-16
9077.42893695832  2.266915E-16
9081.71378898622  2.238299E-16
9085.99864101411  2.238736E-16
9090.283493042  2.218165E-16
9094.5683450699  2.234985E-16
9098.85319709779  2.307690E-16
9103.13804912568  2.323879E-16
9107.42290115357  2.305366E-16
9111.70775318147  2.297814E-16
9115.99260520936  2.265975E-16
9120.27745723725  2.255454E-16
9124.56230926515  2.269025E-16
9128.84716129304  2.236837E-16
9133.13201332093  2.178636E-16
9137.41686534883  2.154772E-16
9141.70171737672  2.203700E-16
9145.98656940461  2.291013E-16
9150.2714214325  2.336982E-16
9154.5562734604  2.311742E-16
9158.84112548829  2.230468E-16
9163.12597751618  2.186295E-16
9167.41082954408  2.275999E-16
9171.69568157197  2.363439E-16
9175.98053359986  2.281831E-16
9180.26538562776  2.160705E-16
9184.55023765565  2.170979E-16
9188.83508968354  2.224685E-16
9193.11994171144  2.226700E-16
9197.40479373933  2.233082E-16
9201.68964576722  2.228634E-16
9205.97449779512  2.211684E-16
9210.25934982301  2.183691E-16
9214.5442018509  2.103274E-16
9218.82905387879  2.057216E-16
9223.11390590669  2.165155E-16
9227.39875793458  2.277710E-16
9231.68360996247  2.298674E-16
9235.96846199037  2.236379E-16
9240.25331401826  2.214148E-16
9244.53816604615  2.217006E-16
9248.82301807405  2.143778E-16
9253.10787010194  2.146097E-16
9257.39272212983  2.163062E-16
9261.67757415773  2.210176E-16
9265.96242618562  2.301396E-16
9270.24727821351  2.198146E-16
9274.5321302414  2.083014E-16
9278.8169822693  2.114209E-16
9283.10183429719  2.174203E-16
9287.38668632508  2.179041E-16
9291.67153835298  2.226181E-16
9295.95639038087  2.241017E-16
9300.24124240876  2.168253E-16
9304.52609443666  2.211259E-16
9308.81094646455  2.270526E-16
9313.09579849244  2.247815E-16
9317.38065052033  2.301040E-16
9321.66550254823  2.342677E-16
9325.95035457612  2.311730E-16
9330.23520660401  2.387250E-16
9334.52005863191  2.430215E-16
9338.8049106598  2.272630E-16
9343.08976268769  2.206119E-16
9347.37461471559  2.264477E-16
9351.65946674348  2.200116E-16
9355.94431877137  2.105814E-16
9360.22917079926  2.149252E-16
9364.51402282716  2.302918E-16
9368.79887485505  2.313446E-16
9373.08372688295  2.202753E-16
9377.36857891084  2.026892E-16
9381.65343093873  2.007896E-16
9385.93828296662  2.107114E-16
9390.22313499452  2.082096E-16
9394.50798702241  2.021257E-16
9398.7928390503  1.998604E-16
9403.0776910782  2.028398E-16
9407.36254310609  2.101193E-16
9411.64739513398  2.049767E-16
9415.93224716188  1.935912E-16
9420.21709918977  1.954903E-16
9424.50195121766  2.134347E-16
9428.78680324556  2.183167E-16
9433.07165527345  2.047175E-16
9437.35650730134  1.960552E-16
9441.64135932923  1.908746E-16
9445.92621135713  1.897404E-16
9450.21106338502  2.002520E-16
9454.49591541291  2.034644E-16
9458.78076744081  1.925754E-16
9463.0656194687  1.907551E-16
9467.35047149659  2.093349E-16
9471.63532352448  2.179823E-16
9475.92017555238  2.043745E-16
9480.20502758027  1.905098E-16
9484.48987960817  1.859517E-16
9488.77473163606  1.966647E-16
9493.05958366395  2.008660E-16
9497.34443569184  1.896888E-16
9501.62928771974  1.875288E-16
9505.91413974763  1.977759E-16
9510.19899177552  2.178249E-16
9514.48384380342  2.132744E-16
9518.76869583131  1.921318E-16
9523.0535478592  1.966744E-16
9527.33839988709  2.162424E-16
9531.62325191499  2.188048E-16
9535.90810394288  2.147835E-16
9540.19295597077  2.093080E-16
9544.47780799867  2.034585E-16
9548.76266002656  1.953203E-16
9553.04751205445  1.911121E-16
9557.33236408235  1.976273E-16
9561.61721611024  1.913903E-16
9565.90206813813  1.948655E-16
9570.18692016603  1.995980E-16
9574.47177219392  1.965992E-16
9578.75662422181  1.985071E-16
9583.0414762497  1.984730E-16
9587.3263282776  1.932205E-16
9591.61118030549  1.890243E-16
9595.89603233338  1.910004E-16
9600.18088436128  1.954846E-16
9604.46573638917  2.034942E-16
9608.75058841706  2.086774E-16
9613.03544044496  2.130490E-16
9617.32029247285  2.182100E-16
9621.60514450074  2.123796E-16
9625.88999652864  2.052563E-16
9630.17484855653  2.030408E-16
9634.45970058442  2.027356E-16
9638.74455261231  1.967088E-16
9643.02940464021  1.882396E-16
9647.3142566681  1.848690E-16
9651.59910869599  1.734302E-16
9655.88396072389  1.684482E-16
9660.16881275178  1.777331E-16
9664.45366477967  1.866159E-16
9668.73851680757  1.894326E-16
9673.02336883546  1.986328E-16
9677.30822086335  2.030048E-16
9681.59307289124  1.962884E-16
9685.87792491914  1.863141E-16
9690.16277694703  1.880743E-16
9694.44762897492  2.069837E-16
9698.73248100282  2.232307E-16
9703.01733303071  2.222053E-16
9707.3021850586  1.982455E-16
9711.5870370865  1.789555E-16
9715.87188911439  1.775923E-16
9720.15674114228  1.728752E-16
9724.44159317017  1.681416E-16
9728.72644519807  1.618585E-16
9733.01129722596  1.511063E-16
9737.29614925386  1.530943E-16
9741.58100128175  1.724590E-16
9745.86585330964  1.900120E-16
9750.15070533753  1.883064E-16
9754.43555736543  1.780070E-16
9758.72040939332  1.771401E-16
9763.00526142121  1.837063E-16
9767.29011344911  1.845165E-16
9771.574965477  1.835362E-16
9775.85981750489  1.881305E-16
9780.14466953278  1.825953E-16
9784.42952156068  1.675169E-16
9788.71437358857  1.684330E-16
9792.99922561646  1.677858E-16
9797.28407764436  1.627300E-16
9801.56892967225  1.675053E-16
9805.85378170014  1.763580E-16
9810.13863372804  1.815196E-16
9814.42348575593  1.745484E-16
9818.70833778382  1.628471E-16
9822.99318981172  1.610748E-16
9827.27804183961  1.546010E-16
9831.5628938675  1.513928E-16
9835.8477458954  1.653964E-16
9840.13259792329  1.692948E-16
9844.41744995118  1.651031E-16
9848.70230197907  1.739638E-16
9852.98715400697  1.678174E-16
9857.27200603486  1.436312E-16
9861.55685806275  1.342630E-16
9865.84171009065  1.391073E-16
9870.12656211854  1.399885E-16
9874.41141414643  1.341929E-16
9878.69626617433  1.347275E-16
9882.98111820222  1.449402E-16
9887.26597023011  1.537407E-16
9891.550822258  1.589518E-16
9895.8356742859  1.563524E-16
9900.12052631379  1.443788E-16
9904.40537834168  1.340732E-16
9908.69023036958  1.293017E-16
9912.97508239747  1.504102E-16
9917.25993442536  1.563640E-16
9921.54478645326  1.382292E-16
9925.82963848115  1.302476E-16
9930.11449050904  1.242576E-16
9934.39934253694  1.151451E-16
9938.68419456483  1.122069E-16
9942.96904659272  1.229686E-16
9947.25389862061  1.298334E-16
9951.53875064851  1.287281E-16
9955.8236026764  1.154530E-16
9960.10845470429  1.059737E-16
9964.39330673219  1.157012E-16
9968.67815876008  1.370950E-16
9972.96301078797  1.522143E-16
9977.24786281587  1.500133E-16
9981.53271484376  1.517685E-16
9985.81756687165  1.620967E-16
9990.10241889955  1.691287E-16
9994.38727092744  1.699397E-16
9998.67212295533  1.721116E-16
10002.9569749832  1.782601E-16
10007.2418270111  1.807290E-16
10011.526679039  1.839449E-16
10015.8115310669  1.775445E-16
10020.0963830948  1.580744E-16
10024.3812351227  1.404522E-16
10028.6660871506  1.403801E-16
10032.9509391785  1.549178E-16
10037.2357912064  1.493701E-16
10041.5206432343  1.429628E-16
10045.8054952622  1.437670E-16
10050.09034729  1.365125E-16
10054.3751993179  1.539238E-16
10058.6600513458  1.620741E-16
10062.9449033737  1.354831E-16
10067.2297554016  1.348113E-16
10071.5146074295  1.508091E-16
10075.7994594574  1.506886E-16
10080.0843114853  1.474755E-16
10084.3691635132  1.431508E-16
10088.6540155411  1.447071E-16
10092.938867569  1.446740E-16
10097.2237195969  1.481153E-16
10101.5085716248  1.472391E-16
10105.7934236527  1.266820E-16
10110.0782756806  1.245296E-16
10114.3631277084  1.467345E-16
10118.6479797363  1.551122E-16
10122.9328317642  1.333236E-16
10127.2176837921  1.229125E-16
10131.50253582  1.612852E-16
10135.7873878479  1.852116E-16
10140.0722398758  1.654324E-16
10144.3570919037  1.461402E-16
10148.6419439316  1.340682E-16
10152.9267959595  1.335317E-16
10157.2116479874  1.375692E-16
10161.4965000153  1.494658E-16
10165.7813520432  1.531333E-16
10170.0662040711  1.222220E-16
10174.3510560989  7.559977E-17
10178.6359081268  6.655348E-17
10182.9207601547  9.370163E-17
10187.2056121826  1.433693E-16
10191.4904642105  1.338283E-16
10195.7753162384  8.973643E-17
10200.0601682663  1.084482E-16
10204.3450202942  1.342072E-16
10208.6298723221  1.364917E-16
10212.91472435  1.372782E-16
10217.1995763779  1.436702E-16
10221.4844284058  1.577513E-16
10225.7692804337  1.550466E-16
10230.0541324616  1.486720E-16
10234.3389844895  1.341362E-16
10238.6238365173  1.110451E-16
10242.9086885452  1.256974E-16
10247.1935405731  1.329075E-16
10251.478392601  1.300077E-16
10255.7632446289  1.748138E-16
10260.0480966568  1.816524E-16
10264.3329486847  1.529649E-16
10268.6178007126  1.420063E-16
10272.9026527405  1.029570E-16
10277.1875047684  1.455507E-16
10281.4723567963  2.348453E-16
10285.7572088242  2.361844E-16
10290.0420608521  1.740780E-16
10294.32691288  1.577411E-16
10298.6117649078  1.384456E-16
10302.8966169357  1.006317E-16
10307.1814689636  7.186830E-17
10311.4663209915  4.531735E-17
10315.7511730194  4.807916E-17
10320.0360250473  9.478140E-17
10324.3208770752  1.278352E-16
10328.6057291031  1.166747E-16
10332.890581131  1.444968E-16
10337.1754331589  1.591876E-16
10341.4602851868  1.175563E-16
10345.7451372147  1.127347E-16
10350.0299892426  1.566346E-16
10354.3148412705  1.432000E-16
10358.5996932984  7.743816E-17
10362.8845453262  9.021532E-17
10367.1693973541  1.308275E-16
10371.454249382  1.205468E-16
10375.7391014099  1.265724E-16
10380.0239534378  1.375123E-16
10384.3088054657  1.255412E-16
10388.5936574936  1.260953E-16
10392.8785095215  1.200745E-16
10397.1633615494  9.814444E-17
10401.4482135773  1.451246E-16
10405.7330656052  2.379798E-16
10410.0179176331  2.595701E-16
10414.302769661  1.942465E-16
10418.5876216889  1.511574E-16
10422.8724737167  1.138956E-16
10427.1573257446  1.677430E-16
10431.4421777725  2.665201E-16
10435.7270298004  2.254906E-16
10440.0118818283  8.615768E-17
10444.2967338562  1.519784E-17
10448.5815858841  9.276002E-17
10452.866437912  1.646300E-16
10457.1512899399  5.035265E-17
10461.4361419678  -2.391946E-17
10465.7209939957  4.488827E-17
10470.0058460236  1.498360E-16
10474.2906980515  1.828979E-16
10478.5755500794  9.857479E-17
10482.8604021072  9.156640E-18
10487.1452541351  6.012540E-17
10491.430106163  1.394424E-16
10495.7149581909  1.591815E-16
10499.9998102188  9.862991E-17
