3700.  2.582593E-16
3704.49754047394  3.791215E-16
3708.99508094788  -2.598768E-16
3713.49262142182  -1.079259E-16
3717.99016189575  5.090300E-16
3722.48770236969  -5.652193E-17
3726.98524284363  -2.539363E-16
3731.48278331757  2.551167E-16
3735.98032379151  -5.872935E-17
3740.47786426544  -1.705107E-16
3744.97540473938  3.439451E-16
3749.47294521332  2.451673E-16
3753.97048568726  -8.333162E-17
3758.4680261612  2.610822E-16
3762.96556663513  1.994839E-17
3767.46310710907  -2.904275E-16
3771.96064758301  -8.714278E-17
3776.45818805695  1.650249E-16
3780.95572853089  3.892088E-16
3785.45326900482  1.051258E-16
3789.95080947876  7.149645E-18
3794.4483499527  1.399110E-16
3798.94589042664  3.053573E-16
3803.44343090058  9.932174E-17
3807.94097137451  -4.532862E-17
3812.43851184845  -6.495868E-18
3816.93605232239  -1.959805E-17
3821.43359279633  1.130052E-16
3825.93113327027  8.976959E-17
3830.4286737442  4.229861E-17
3834.92621421814  -4.780432E-17
3839.42375469208  -9.205515E-18
3843.92129516602  1.211939E-16
3848.41883563996  5.106519E-17
3852.91637611389  1.356049E-16
3857.41391658783  1.176269E-16
3861.91145706177  1.316929E-16
3866.40899753571  8.016918E-17
3870.90653800965  -7.991702E-17
3875.40407848358  1.314443E-16
3879.90161895752  9.741631E-17
3884.39915943146  5.473021E-18
3888.8966999054  1.087114E-16
3893.39424037934  -4.498423E-18
3897.89178085327  -3.666123E-17
3902.38932132721  -3.648604E-17
3906.88686180115  1.130556E-16
3911.38440227509  1.179865E-16
3915.88194274903  -5.634450E-18
3920.37948322296  7.980719E-18
3924.8770236969  1.041303E-16
3929.37456417084  1.200590E-16
3933.87210464478  1.417702E-17
3938.36964511872  3.574549E-17
3942.86718559265  4.217885E-17
3947.36472606659  -1.112428E-17
3951.86226654053  9.431994E-17
3956.35980701447  9.675340E-17
3960.85734748841  7.939033E-17
3965.35488796234  1.192724E-16
3969.85242843628  6.919943E-17
3974.34996891022  9.597197E-18
3978.84750938416  1.204877E-17
3983.3450498581  7.262217E-17
3987.84259033203  1.354364E-16
3992.34013080597  7.794880E-17
3996.83767127991  1.467138E-16
4001.33521175385  1.179171E-16
4005.83275222778  3.500304E-17
4010.33029270172  1.592186E-16
4014.82783317566  1.972252E-16
4019.3253736496  1.563627E-16
4023.82291412354  1.327149E-16
4028.32045459747  8.284655E-17
4032.81799507141  1.102900E-16
4037.31553554535  7.545700E-17
4041.81307601929  5.092234E-17
4046.31061649323  8.537146E-17
4050.80815696717  9.768214E-17
4055.3056974411  1.207071E-16
4059.80323791504  1.449805E-16
4064.30077838898  1.119968E-16
4068.79831886292  1.305456E-16
4073.29585933686  1.592341E-16
4077.79339981079  1.285489E-16
4082.29094028473  1.382317E-16
4086.78848075867  1.595937E-16
4091.28602123261  1.825789E-16
4095.78356170655  1.906355E-16
4100.28110218048  1.524603E-16
4104.77864265442  1.960426E-16
4109.27618312836  2.237708E-16
4113.7737236023  2.146279E-16
4118.27126407624  1.868418E-16
4122.76880455017  1.975058E-16
4127.26634502411  1.911938E-16
4131.76388549805  1.446175E-16
4136.26142597199  1.502796E-16
4140.75896644592  1.471382E-16
4145.25650691986  1.420484E-16
4149.7540473938  1.283904E-16
4154.25158786774  1.450941E-16
4158.74912834168  1.545358E-16
4163.24666881562  1.447295E-16
4167.74420928955  1.434907E-16
4172.24174976349  1.345309E-16
4176.73929023743  1.408314E-16
4181.23683071137  1.535834E-16
4185.73437118531  1.361374E-16
4190.23191165924  9.791190E-17
4194.72945213318  1.234008E-16
4199.22699260712  1.049483E-16
4203.72453308106  1.206130E-16
4208.222073555  1.314888E-16
4212.71961402893  9.207661E-17
4217.21715450287  1.062394E-16
4221.71469497681  9.907824E-17
4226.21223545075  1.095736E-16
4230.70977592469  1.138456E-16
4235.20731639862  1.282071E-16
4239.70485687256  1.165040E-16
4244.2023973465  1.102714E-16
4248.69993782044  8.596366E-17
4253.19747829437  8.235384E-17
4257.69501876831  7.542709E-17
4262.19255924225  5.223799E-17
4266.69009971619  5.126531E-17
4271.18764019013  6.944891E-17
4275.68518066406  8.286515E-17
4280.182721138  5.965228E-17
4284.68026161194  4.420217E-17
4289.17780208588  4.317812E-17
4293.67534255982  6.627941E-17
4298.17288303376  8.350719E-17
4302.67042350769  8.719278E-17
4307.16796398163  8.544923E-17
4311.66550445557  9.745088E-17
4316.16304492951  6.691413E-17
4320.66058540345  6.378963E-17
4325.15812587738  8.027505E-17
4329.65566635132  7.914540E-17
4334.15320682526  9.348968E-17
4338.6507472992  1.013856E-16
4343.14828777313  1.078510E-16
4347.64582824707  8.424210E-17
4352.14336872101  7.744637E-17
4356.64090919495  1.000236E-16
4361.13844966889  1.077454E-16
4365.63599014282  8.413092E-17
4370.13353061676  9.204164E-17
4374.6310710907  8.204708E-17
4379.12861156464  8.223119E-17
4383.62615203858  7.956065E-17
4388.12369251251  8.873529E-17
4392.62123298645  8.607349E-17
4397.11877346039  8.366451E-17
4401.61631393433  8.822742E-17
4406.11385440827  8.520353E-17
4410.6113948822  7.719055E-17
4415.10893535614  9.018390E-17
4419.60647583008  9.572943E-17
4424.10401630402  8.593258E-17
4428.60155677796  7.789752E-17
4433.09909725189  8.473438E-17
4437.59663772583  8.193364E-17
4442.09417819977  6.928343E-17
4446.59171867371  7.654852E-17
4451.08925914765  8.262933E-17
4455.58679962158  6.224764E-17
4460.08434009552  7.273461E-17
4464.58188056946  7.823094E-17
4469.0794210434  7.283383E-17
4473.57696151734  5.377400E-17
4478.07450199127  5.266730E-17
4482.57204246521  7.178475E-17
4487.06958293915  8.163199E-17
4491.56712341309  6.353613E-17
4496.06466388703  4.225365E-17
4500.56220436096  6.718776E-17
4505.0597448349  8.428393E-17
4509.55728530884  5.993091E-17
4514.05482578278  4.135597E-17
4518.55236625672  5.299389E-17
4523.04990673065  6.711161E-17
4527.54744720459  6.933439E-17
4532.04498767853  6.866262E-17
4536.54252815247  7.352310E-17
4541.04006862641  6.767280E-17
4545.53760910034  5.379793E-17
4550.03514957428  5.818167E-17
4554.53269004822  6.938534E-17
4559.03023052216  8.173767E-17
4563.5277709961  8.344427E-17
4568.02531147003  8.274513E-17
4572.52285194397  9.002490E-17
4577.02039241791  1.065923E-16
4581.51793289185  9.995850E-17
4586.01547336579  8.205173E-17
4590.51301383972  1.009566E-16
4595.01055431366  1.151719E-16
4599.5080947876  9.845485E-17
4604.00563526154  1.004614E-16
4608.50317573548  1.098767E-16
4613.00071620941  1.107650E-16
4617.49825668335  1.141324E-16
4621.99579715729  1.306171E-16
4626.49333763123  1.479004E-16
4630.99087810517  1.481178E-16
4635.4884185791  1.478952E-16
4639.98595905304  1.629361E-16
4644.48349952698  1.532186E-16
4648.98104000092  1.460874E-16
4653.47858047486  1.507278E-16
4657.97612094879  1.668746E-16
4662.47366142273  1.560448E-16
4666.97120189667  1.571245E-16
4671.46874237061  1.706620E-16
4675.96628284455  1.755730E-16
4680.46382331848  1.817306E-16
4684.96136379242  1.791045E-16
4689.45890426636  1.552312E-16
4693.9564447403  1.494910E-16
4698.45398521424  1.489568E-16
4702.95152568817  1.382903E-16
4707.44906616211  1.488961E-16
4711.94660663605  1.547363E-16
4716.44414710999  1.468648E-16
4720.94168758393  1.367997E-16
4725.43922805786  1.539389E-16
4729.9367685318  1.606523E-16
4734.43430900574  1.345696E-16
4738.93184947968  1.292927E-16
4743.42938995362  1.433940E-16
4747.92693042755  1.412942E-16
4752.42447090149  1.480740E-16
4756.92201137543  1.379227E-16
4761.41955184937  1.382232E-16
4765.91709232331  1.468859E-16
4770.41463279724  1.327985E-16
4774.91217327118  1.178885E-16
4779.40971374512  1.119026E-16
4783.90725421906  1.281317E-16
4788.404794693  1.303441E-16
4792.90233516693  1.115935E-16
4797.39987564087  1.077949E-16
4801.89741611481  8.902552E-17
4806.39495658875  7.438490E-17
4810.89249706269  8.282988E-17
4815.39003753662  9.439394E-17
4819.88757801056  9.962375E-17
4824.3851184845  1.130281E-16
4828.88265895844  1.058703E-16
4833.38019943238  1.181736E-16
4837.87773990631  1.219069E-16
4842.37528038025  1.232541E-16
4846.87282085419  1.273220E-16
4851.37036132813  1.253953E-16
4855.86790180207  1.392614E-16
4860.365442276  1.422022E-16
4864.86298274994  1.245615E-16
4869.36052322388  1.374815E-16
4873.85806369782  1.507123E-16
4878.35560417176  1.385372E-16
4882.85314464569  1.311303E-16
4887.35068511963  1.304951E-16
4891.84822559357  1.386787E-16
4896.34576606751  1.347802E-16
4900.84330654144  1.244884E-16
4905.34084701538  1.283865E-16
4909.83838748932  1.207478E-16
4914.33592796326  1.239950E-16
4918.8334684372  1.276650E-16
4923.33100891114  1.254701E-16
4927.82854938507  1.144626E-16
4932.32608985901  1.114766E-16
4936.82363033295  1.243414E-16
4941.32117080689  1.278260E-16
4945.81871128083  1.329962E-16
4950.31625175476  1.503171E-16
4954.8137922287  1.503311E-16
4959.31133270264  1.408970E-16
4963.80887317658  1.495731E-16
4968.30641365052  1.418140E-16
4972.80395412445  1.356759E-16
4977.30149459839  1.274194E-16
4981.79903507233  1.253713E-16
4986.29657554627  1.218750E-16
4990.79411602021  1.213068E-16
4995.29165649414  1.133260E-16
4999.78919696808  1.092676E-16
5004.28673744202  1.071915E-16
5008.78427791596  1.031329E-16
5013.28181838989  9.925889E-17
5017.77935886383  1.052000E-16
5022.27689933777  1.240313E-16
5026.77443981171  1.229406E-16
5031.27198028565  1.262903E-16
5035.76952075959  1.439116E-16
5040.26706123352  1.417122E-16
5044.76460170746  1.295462E-16
5049.2621421814  1.352844E-16
5053.75968265534  1.511307E-16
5058.25722312928  1.578400E-16
5062.75476360321  1.591744E-16
5067.25230407715  1.543713E-16
5071.74984455109  1.474255E-16
5076.24738502503  1.657383E-16
5080.74492549897  1.736400E-16
5085.2424659729  1.602592E-16
5089.74000644684  1.462787E-16
5094.23754692078  1.592675E-16
5098.73508739472  1.771482E-16
5103.23262786866  1.621492E-16
5107.73016834259  1.659978E-16
5112.22770881653  1.632305E-16
5116.72524929047  1.444663E-16
5121.22278976441  1.444873E-16
5125.72033023835  1.402678E-16
5130.21787071228  1.395118E-16
5134.71541118622  1.441541E-16
5139.21295166016  1.346543E-16
5143.7104921341  1.312582E-16
5148.20803260804  1.302125E-16
5152.70557308197  1.205104E-16
5157.20311355591  1.056233E-16
5161.70065402985  1.029789E-16
5166.19819450379  9.598556E-17
5170.69573497773  1.005056E-16
5175.19327545166  1.079558E-16
5179.6908159256  1.101851E-16
5184.18835639954  1.083597E-16
5188.68589687348  1.096260E-16
5193.18343734742  1.091611E-16
5197.68097782135  1.229916E-16
5202.17851829529  1.295891E-16
5206.67605876923  1.434065E-16
5211.17359924317  1.519746E-16
5215.6711397171  1.483178E-16
5220.16868019104  1.491052E-16
5224.66622066498  1.491250E-16
5229.16376113892  1.540922E-16
5233.66130161286  1.612228E-16
5238.15884208679  1.515953E-16
5242.65638256073  1.444930E-16
5247.15392303467  1.463709E-16
5251.65146350861  1.504810E-16
5256.14900398255  1.527656E-16
5260.64654445648  1.385044E-16
5265.14408493042  1.371860E-16
5269.64162540436  1.444455E-16
5274.1391658783  1.457158E-16
5278.63670635224  1.453004E-16
5283.13424682617  1.440766E-16
5287.63178730011  1.454644E-16
5292.12932777405  1.515329E-16
5296.62686824799  1.526025E-16
5301.12440872193  1.548185E-16
5305.62194919587  1.554528E-16
5310.1194896698  1.539601E-16
5314.61703014374  1.654368E-16
5319.11457061768  1.684645E-16
5323.61211109162  1.567499E-16
5328.10965156555  1.550825E-16
5332.60719203949  1.674594E-16
5337.10473251343  1.685129E-16
5341.60227298737  1.648963E-16
5346.09981346131  1.590756E-16
5350.59735393525  1.693181E-16
5355.09489440918  1.684463E-16
5359.59243488312  1.611301E-16
5364.08997535706  1.640543E-16
5368.587515831  1.647288E-16
5373.08505630494  1.714693E-16
5377.58259677887  1.742912E-16
5382.08013725281  1.778573E-16
5386.57767772675  1.844355E-16
5391.07521820069  1.915207E-16
5395.57275867462  1.918530E-16
5400.07029914856  1.812522E-16
5404.5678396225  1.921195E-16
5409.06538009644  1.931691E-16
5413.56292057038  1.831791E-16
5418.06046104431  1.783029E-16
5422.55800151825  1.837093E-16
5427.05554199219  1.877557E-16
5431.55308246613  1.837660E-16
5436.05062294007  1.896707E-16
5440.548163414  1.926145E-16
5445.04570388794  1.915293E-16
5449.54324436188  1.942096E-16
5454.04078483582  1.992457E-16
5458.53832530976  1.974323E-16
5463.03586578369  1.890061E-16
5467.53340625763  1.852300E-16
5472.03094673157  1.928094E-16
5476.52848720551  1.997820E-16
5481.02602767945  1.900270E-16
5485.52356815338  1.840186E-16
5490.02110862732  1.868858E-16
5494.51864910126  1.928509E-16
5499.0161895752  1.924653E-16
5503.51373004914  1.869349E-16
5508.01127052307  1.937413E-16
5512.50881099701  1.955554E-16
5517.00635147095  1.945671E-16
5521.50389194489  1.928569E-16
5526.00143241883  1.896433E-16
5530.49897289276  1.919148E-16
5534.9965133667  1.910370E-16
5539.49405384064  1.815853E-16
5543.99159431458  1.698812E-16
5548.48913478852  1.793046E-16
5552.98667526245  1.866922E-16
5557.48421573639  1.764129E-16
5561.98175621033  1.708232E-16
5566.47929668427  1.634647E-16
5570.97683715821  1.503309E-16
5575.47437763214  1.492343E-16
5579.97191810608  1.813258E-16
5584.46945858002  2.002592E-16
5588.96699905396  2.064408E-16
5593.4645395279  1.990876E-16
5597.96208000183  1.914712E-16
5602.45962047577  1.950198E-16
5606.95716094971  2.077520E-16
5611.45470142365  2.245132E-16
5615.95224189759  2.333077E-16
5620.44978237152  2.390702E-16
5624.94732284546  2.393928E-16
5629.4448633194  2.368478E-16
5633.94240379334  2.313849E-16
5638.43994426728  2.289745E-16
5642.93748474121  2.313658E-16
5647.43502521515  2.284552E-16
5651.93256568909  2.329692E-16
5656.43010616303  2.304858E-16
5660.92764663697  2.224348E-16
5665.4251871109  2.136920E-16
5669.92272758484  2.059349E-16
5674.42026805878  2.038031E-16
5678.91780853272  1.900289E-16
5683.41534900666  1.887125E-16
5687.91288948059  1.891283E-16
5692.41042995453  1.802035E-16
5696.90797042847  1.769161E-16
5701.40551090241  1.698864E-16
5705.90305137635  1.704501E-16
5710.40059185028  1.775987E-16
5714.89813232422  1.810837E-16
5719.39567279816  1.747925E-16
5723.8932132721  1.718305E-16
5728.39075374604  1.745307E-16
5732.88829421997  1.743171E-16
5737.38583469391  1.737211E-16
5741.88337516785  1.719429E-16
5746.38091564179  1.815061E-16
5750.87845611573  1.738772E-16
5755.37599658966  1.643635E-16
5759.8735370636  1.664446E-16
5764.37107753754  1.690165E-16
5768.86861801148  1.592076E-16
5773.36615848542  1.510626E-16
5777.86369895935  1.410761E-16
5782.36123943329  1.423295E-16
5786.85877990723  1.317897E-16
5791.35632038117  1.249558E-16
5795.85386085511  1.308432E-16
5800.35140132904  1.223558E-16
5804.84894180298  1.158926E-16
5809.34648227692  1.089890E-16
5813.84402275086  1.079207E-16
5818.3415632248  1.112456E-16
5822.83910369873  1.011088E-16
5827.33664417267  9.013745E-17
5831.83418464661  8.585345E-17
5836.33172512055  9.132548E-17
5840.82926559449  7.878982E-17
5845.32680606842  7.067556E-17
5849.82434654236  7.887141E-17
5854.3218870163  8.576745E-17
5858.81942749024  8.569886E-17
5863.31696796418  7.739434E-17
5867.81450843811  7.086671E-17
5872.31204891205  7.808433E-17
5876.80958938599  9.059906E-17
5881.30712985993  8.830835E-17
5885.80467033387  8.241967E-17
5890.3022108078  1.039609E-16
5894.79975128174  1.040137E-16
5899.29729175568  1.058515E-16
5903.79483222962  1.294752E-16
5908.29237270355  1.504302E-16
5912.78991317749  1.504162E-16
5917.28745365143  1.514207E-16
5921.78499412537  1.619497E-16
5926.28253459931  1.761274E-16
5930.78007507325  1.895191E-16
5935.27761554718  1.888157E-16
5939.77515602112  1.905802E-16
5944.27269649506  2.080097E-16
5948.770236969  2.165316E-16
5953.26777744294  2.134336E-16
5957.76531791687  2.179440E-16
5962.26285839081  2.178904E-16
5966.76039886475  2.141691E-16
5971.25793933869  2.202024E-16
5975.75547981262  2.356293E-16
5980.25302028656  2.416558E-16
5984.7505607605  2.372776E-16
5989.24810123444  2.366840E-16
5993.74564170838  2.282517E-16
5998.24318218232  2.206599E-16
6002.74072265626  2.227564E-16
6007.23826313019  2.217341E-16
6011.73580360413  2.236792E-16
6016.23334407807  2.337880E-16
6020.73088455201  2.386567E-16
6025.22842502594  2.343682E-16
6029.72596549988  2.337571E-16
6034.22350597382  2.332541E-16
6038.72104644776  2.332801E-16
6043.2185869217  2.278675E-16
6047.71612739563  2.231100E-16
6052.21366786957  2.255254E-16
6056.71120834351  2.201665E-16
6061.20874881745  2.125230E-16
6065.70628929139  2.206708E-16
6070.20382976532  2.256701E-16
6074.70137023926  2.197868E-16
6079.1989107132  2.173806E-16
6083.69645118714  2.126366E-16
6088.19399166108  2.077012E-16
6092.69153213501  1.986959E-16
6097.18907260895  1.933812E-16
6101.68661308289  2.075636E-16
6106.18415355683  2.167721E-16
6110.68169403077  2.059698E-16
6115.1792345047  1.930651E-16
6119.67677497864  1.907712E-16
6124.17431545258  1.945775E-16
6128.67185592652  1.926846E-16
6133.16939640046  1.952744E-16
6137.66693687439  1.930885E-16
6142.16447734833  1.789361E-16
6146.66201782227  1.802116E-16
6151.15955829621  1.845663E-16
6155.65709877015  1.742341E-16
6160.15463924408  1.785497E-16
6164.65217971802  1.825322E-16
6169.14972019196  1.748043E-16
6173.6472606659  1.688247E-16
6178.14480113984  1.598121E-16
6182.64234161377  1.656664E-16
6187.13988208771  1.779996E-16
6191.63742256165  1.700932E-16
6196.13496303559  1.591904E-16
6200.63250350953  1.595486E-16
6205.13004398346  1.643583E-16
6209.6275844574  1.665733E-16
6214.12512493134  1.698756E-16
6218.62266540528  1.704484E-16
6223.12020587922  1.728656E-16
6227.61774635315  1.800717E-16
6232.11528682709  1.840189E-16
6236.61282730103  1.783801E-16
6241.11036777497  1.689090E-16
6245.60790824891  1.652339E-16
6250.10544872284  1.659744E-16
6254.60298919678  1.748577E-16
6259.10052967072  1.717654E-16
6263.59807014466  1.761740E-16
6268.0956106186  1.691957E-16
6272.59315109253  1.692633E-16
6277.09069156647  1.663255E-16
6281.58823204041  1.644423E-16
6286.08577251435  1.648126E-16
6290.58331298829  1.605152E-16
6295.08085346222  1.602492E-16
6299.57839393616  1.579998E-16
6304.0759344101  1.563674E-16
6308.57347488404  1.594620E-16
6313.07101535798  1.669746E-16
6317.56855583191  1.712397E-16
6322.06609630585  1.743659E-16
6326.56363677979  1.719827E-16
6331.06117725373  1.721480E-16
6335.55871772767  1.842382E-16
6340.0562582016  1.974255E-16
6344.55379867554  2.022197E-16
6349.05133914948  1.963663E-16
6353.54887962342  1.939439E-16
6358.04642009736  1.961345E-16
6362.54396057129  1.975176E-16
6367.04150104523  1.999998E-16
6371.53904151917  1.932331E-16
6376.03658199311  1.898171E-16
6380.53412246705  1.911835E-16
6385.03166294098  1.921936E-16
6389.52920341492  1.907640E-16
6394.02674388886  1.908140E-16
6398.5242843628  1.965385E-16
6403.02182483673  2.015350E-16
6407.51936531067  2.035697E-16
6412.01690578461  1.961583E-16
6416.51444625855  1.997117E-16
6421.01198673249  1.991311E-16
6425.50952720643  2.004888E-16
6430.00706768036  1.992119E-16
6434.5046081543  1.864960E-16
6439.00214862824  1.858786E-16
6443.49968910218  1.899390E-16
6447.99722957612  1.840454E-16
6452.49477005005  1.838887E-16
6456.99231052399  1.831216E-16
6461.48985099793  1.818928E-16
6465.98739147187  1.779584E-16
6470.48493194581  1.695356E-16
6474.98247241974  1.673932E-16
6479.48001289368  1.741234E-16
6483.97755336762  1.758038E-16
6488.47509384156  1.663985E-16
6492.9726343155  1.620953E-16
6497.47017478943  1.666045E-16
6501.96771526337  1.790422E-16
6506.46525573731  1.928261E-16
6510.96279621125  2.040559E-16
6515.46033668519  2.201365E-16
6519.95787715912  2.186085E-16
6524.45541763306  2.205297E-16
6528.952958107  2.297434E-16
6533.45049858094  2.332248E-16
6537.94803905488  2.308337E-16
6542.44557952881  2.378653E-16
6546.94312000275  2.568535E-16
6551.44066047669  2.526754E-16
6555.93820095063  2.424308E-16
6560.43574142456  2.533139E-16
6564.9332818985  2.703204E-16
6569.43082237244  2.709672E-16
6573.92836284638  2.696183E-16
6578.42590332032  2.701706E-16
6582.92344379426  2.769309E-16
6587.42098426819  2.721390E-16
6591.91852474213  2.722525E-16
6596.41606521607  2.846710E-16
6600.91360569001  2.851863E-16
6605.41114616395  2.782431E-16
6609.90868663788  2.706582E-16
6614.40622711182  2.650625E-16
6618.90376758576  2.642831E-16
6623.4013080597  2.593927E-16
6627.89884853363  2.511941E-16
6632.39638900757  2.439312E-16
6636.89392948151  2.351684E-16
6641.39146995545  2.250993E-16
6645.88901042939  2.188559E-16
6650.38655090332  2.217945E-16
6654.88409137726  2.172024E-16
6659.3816318512  2.208653E-16
6663.87917232514  2.269997E-16
6668.37671279908  2.250269E-16
6672.87425327301  2.368797E-16
6677.37179374695  2.617541E-16
6681.86933422089  2.846251E-16
6686.36687469483  2.913053E-16
6690.86441516877  2.683219E-16
6695.36195564271  2.550535E-16
6699.85949611664  2.688370E-16
6704.35703659058  2.770404E-16
6708.85457706452  2.730736E-16
6713.35211753846  2.626754E-16
6717.8496580124  2.633512E-16
6722.34719848633  2.681946E-16
6726.84473896027  2.721337E-16
6731.34227943421  2.749855E-16
6735.83981990815  2.709212E-16
6740.33736038208  2.772832E-16
6744.83490085602  2.848744E-16
6749.33244132996  2.760932E-16
6753.8299818039  2.683614E-16
6758.32752227784  2.727478E-16
6762.82506275178  2.729889E-16
6767.32260322571  2.707779E-16
6771.82014369965  2.659010E-16
6776.31768417359  2.636622E-16
6780.81522464753  2.567825E-16
6785.31276512146  2.543046E-16
6789.8103055954  2.606899E-16
6794.30784606934  2.635768E-16
6798.80538654328  2.518006E-16
6803.30292701722  2.498867E-16
6807.80046749115  2.480897E-16
6812.29800796509  2.474084E-16
6816.79554843903  2.462089E-16
6821.29308891297  2.433981E-16
6825.79062938691  2.435936E-16
6830.28816986085  2.439012E-16
6834.78571033478  2.486008E-16
6839.28325080872  2.489520E-16
6843.78079128266  2.436744E-16
6848.27833175659  2.416324E-16
6852.77587223053  2.369293E-16
6857.27341270447  2.347119E-16
6861.77095317841  2.316953E-16
6866.26849365235  2.142616E-16
6870.76603412629  2.011045E-16
6875.26357460022  1.901499E-16
6879.76111507416  1.912307E-16
6884.2586555481  1.990060E-16
6888.75619602204  1.996968E-16
6893.25373649598  1.857557E-16
6897.75127696991  1.858809E-16
6902.24881744385  1.846685E-16
6906.74635791779  1.793912E-16
6911.24389839173  1.817729E-16
6915.74143886567  1.844951E-16
6920.2389793396  1.742714E-16
6924.73651981354  1.677218E-16
6929.23406028748  1.634207E-16
6933.73160076142  1.623111E-16
6938.22914123536  1.646789E-16
6942.72668170929  1.625562E-16
6947.22422218323  1.533455E-16
6951.72176265717  1.442733E-16
6956.21930313111  1.441153E-16
6960.71684360504  1.490139E-16
6965.21438407898  1.529200E-16
6969.71192455292  1.527098E-16
6974.20946502686  1.450985E-16
6978.7070055008  1.394506E-16
6983.20454597474  1.433665E-16
6987.70208644867  1.474018E-16
6992.19962692261  1.456985E-16
6996.69716739655  1.335287E-16
7001.19470787049  1.289755E-16
7005.69224834443  1.268388E-16
7010.18978881836  1.167944E-16
7014.6873292923  1.110030E-16
7019.18486976624  1.093089E-16
7023.68241024018  1.092836E-16
7028.17995071411  1.060977E-16
7032.67749118805  1.059888E-16
7037.17503166199  1.083693E-16
7041.67257213593  1.036488E-16
7046.17011260987  9.956848E-17
7050.6676530838  9.511465E-17
7055.16519355774  9.633350E-17
7059.66273403168  1.066812E-16
7064.16027450562  1.120936E-16
7068.65781497956  1.134237E-16
7073.15535545349  1.212959E-16
7077.65289592743  1.296933E-16
7082.15043640137  1.343368E-16
7086.64797687531  1.462747E-16
7091.14551734925  1.560410E-16
7095.64305782318  1.635942E-16
7100.14059829712  1.757982E-16
7104.63813877106  1.754682E-16
7109.135679245  1.877145E-16
7113.63321971894  1.996556E-16
7118.13076019288  1.942738E-16
7122.62830066681  1.896248E-16
7127.12584114075  1.954767E-16
7131.62338161469  1.983447E-16
7136.12092208863  2.017518E-16
7140.61846256257  2.003312E-16
7145.1160030365  2.012387E-16
7149.61354351044  1.983823E-16
7154.11108398438  1.974301E-16
7158.60862445832  2.057890E-16
7163.10616493226  2.071301E-16
7167.60370540619  1.983820E-16
7172.10124588013  1.971860E-16
7176.59878635407  2.015116E-16
7181.09632682801  2.003970E-16
7185.59386730194  1.937276E-16
7190.09140777588  1.849692E-16
7194.58894824982  1.893560E-16
7199.08648872376  1.894665E-16
7203.5840291977  1.994671E-16
7208.08156967163  2.067078E-16
7212.57911014557  1.965235E-16
7217.07665061951  1.935681E-16
7221.57419109345  1.922959E-16
7226.07173156739  1.964094E-16
7230.56927204133  1.896221E-16
7235.06681251526  1.800012E-16
7239.5643529892  1.787090E-16
7244.06189346314  1.767174E-16
7248.55943393708  1.727973E-16
7253.05697441101  1.783897E-16
7257.55451488495  1.826717E-16
7262.05205535889  1.771133E-16
7266.54959583283  1.608174E-16
7271.04713630677  1.608504E-16
7275.5446767807  1.729679E-16
7280.04221725464  1.680895E-16
7284.53975772858  1.627435E-16
7289.03729820252  1.577372E-16
7293.53483867646  1.541752E-16
7298.03237915039  1.501666E-16
7302.52991962433  1.529862E-16
7307.02746009827  1.609968E-16
7311.52500057221  1.624015E-16
7316.02254104615  1.661797E-16
7320.52008152008  1.645933E-16
7325.01762199402  1.710251E-16
7329.51516246796  1.751260E-16
7334.0127029419  1.729592E-16
7338.51024341584  1.754783E-16
7343.00778388978  1.833376E-16
7347.50532436371  1.851897E-16
7352.00286483765  1.774241E-16
7356.50040531159  1.745864E-16
7360.99794578553  1.827326E-16
7365.49548625946  1.815363E-16
7369.9930267334  1.743988E-16
7374.49056720734  1.740535E-16
7378.98810768128  1.819094E-16
7383.48564815522  1.895580E-16
7387.98318862916  1.880150E-16
7392.48072910309  1.957180E-16
7396.97826957703  1.982530E-16
7401.47581005097  1.949312E-16
7405.97335052491  2.004945E-16
7410.47089099884  1.945054E-16
7414.96843147278  1.976282E-16
7419.46597194672  1.918871E-16
7423.96351242066  1.977484E-16
7428.4610528946  2.002437E-16
7432.95859336853  1.931516E-16
7437.45613384247  1.910534E-16
7441.95367431641  1.880727E-16
7446.45121479035  1.903315E-16
7450.94875526429  1.953281E-16
7455.44629573822  1.936580E-16
7459.94383621216  1.956358E-16
7464.4413766861  1.955138E-16
7468.93891716004  1.896693E-16
7473.43645763398  1.882311E-16
7477.93399810791  1.846252E-16
7482.43153858185  1.733881E-16
7486.92907905579  1.676382E-16
7491.42661952973  1.702957E-16
7495.92416000367  1.698860E-16
7500.4217004776  1.735578E-16
7504.91924095154  1.755940E-16
7509.41678142548  1.725814E-16
7513.91432189942  1.662994E-16
7518.41186237336  1.594682E-16
7522.90940284729  1.578305E-16
7527.40694332123  1.700580E-16
7531.90448379517  1.708792E-16
7536.40202426911  1.654981E-16
7540.89956474305  1.505779E-16
7545.39710521698  1.538984E-16
7549.89464569092  1.636493E-16
7554.39218616486  1.656066E-16
7558.8897266388  1.613191E-16
7563.38726711274  1.610568E-16
7567.88480758668  1.615582E-16
7572.38234806061  1.502680E-16
7576.87988853455  1.462891E-16
7581.37742900849  1.564561E-16
7585.87496948243  1.613500E-16
7590.37250995636  1.584422E-16
7594.8700504303  1.526892E-16
7599.36759090424  1.432752E-16
7603.86513137818  1.406846E-16
7608.36267185212  1.474238E-16
7612.86021232605  1.553063E-16
7617.35775279999  1.471279E-16
7621.85529327393  1.450653E-16
7626.35283374787  1.517620E-16
7630.85037422181  1.443227E-16
7635.34791469574  1.332108E-16
7639.84545516968  1.364333E-16
7644.34299564362  1.409133E-16
7648.84053611756  1.337422E-16
7653.3380765915  1.300802E-16
7657.83561706543  1.354739E-16
7662.33315753937  1.365266E-16
7666.83069801331  1.309491E-16
7671.32823848725  1.280669E-16
7675.82577896119  1.304011E-16
7680.32331943512  1.362088E-16
7684.82085990906  1.351299E-16
7689.318400383  1.277049E-16
7693.81594085694  1.308597E-16
7698.31348133088  1.301405E-16
7702.81102180481  1.315299E-16
7707.30856227875  1.346909E-16
7711.80610275269  1.285351E-16
7716.30364322663  1.274441E-16
7720.80118370057  1.326249E-16
7725.2987241745  1.376547E-16
7729.79626464844  1.298231E-16
7734.29380512238  1.279168E-16
7738.79134559632  1.309598E-16
7743.28888607026  1.237520E-16
7747.78642654419  1.206185E-16
7752.28396701813  1.219284E-16
7756.78150749207  1.208471E-16
7761.27904796601  1.158632E-16
7765.77658843995  1.152428E-16
7770.27412891388  1.230627E-16
7774.77166938782  1.239149E-16
7779.26920986176  1.172321E-16
7783.7667503357  1.123403E-16
7788.26429080964  1.101111E-16
7792.76183128357  1.137873E-16
7797.25937175751  1.198339E-16
7801.75691223145  1.266453E-16
7806.25445270539  1.186895E-16
7810.75199317933  1.171410E-16
7815.24953365326  1.142383E-16
7819.7470741272  1.070434E-16
7824.24461460114  1.078961E-16
7828.74215507508  1.174335E-16
7833.23969554902  1.304041E-16
7837.73723602295  1.414818E-16
7842.23477649689  1.533303E-16
7846.73231697083  1.557749E-16
7851.22985744477  1.558267E-16
7855.7273979187  1.524405E-16
7860.22493839264  1.532358E-16
7864.72247886658  1.582671E-16
7869.22001934052  1.594468E-16
7873.71755981446  1.679608E-16
7878.2151002884  1.708031E-16
7882.71264076233  1.620770E-16
7887.21018123627  1.633089E-16
7891.70772171021  1.681302E-16
7896.20526218415  1.695943E-16
7900.70280265809  1.630427E-16
7905.20034313202  1.612125E-16
7909.69788360596  1.719274E-16
7914.1954240799  1.706556E-16
7918.69296455384  1.604578E-16
7923.19050502777  1.515822E-16
7927.68804550171  1.583742E-16
7932.18558597565  1.593136E-16
7936.68312644959  1.637372E-16
7941.18066692353  1.614219E-16
7945.67820739747  1.590670E-16
7950.1757478714  1.563356E-16
7954.67328834534  1.503042E-16
7959.17082881928  1.469480E-16
7963.66836929322  1.511214E-16
7968.16590976715  1.491528E-16
7972.66345024109  1.510403E-16
7977.16099071503  1.652452E-16
7981.65853118897  1.613034E-16
7986.15607166291  1.467558E-16
7990.65361213684  1.444186E-16
7995.15115261078  1.563789E-16
7999.64869308472  1.526112E-16
8004.14623355866  1.358629E-16
8008.6437740326  1.350939E-16
8013.14131450654  1.415135E-16
8017.63885498047  1.452924E-16
8022.13639545441  1.409627E-16
8026.63393592835  1.263276E-16
8031.13147640229  1.292795E-16
8035.62901687623  1.309138E-16
8040.12655735016  1.295638E-16
8044.6240978241  1.362612E-16
8049.12163829804  1.344640E-16
8053.61917877198  1.306355E-16
8058.11671924592  1.304657E-16
8062.61425971985  1.277351E-16
8067.11180019379  1.282851E-16
8071.60934066773  1.312916E-16
8076.10688114167  1.298358E-16
8080.6044216156  1.269257E-16
8085.10196208954  1.309743E-16
8089.59950256348  1.298183E-16
8094.09704303742  1.174857E-16
8098.59458351136  1.229407E-16
8103.0921239853  1.238248E-16
8107.58966445923  1.239035E-16
8112.08720493317  1.167267E-16
8116.58474540711  1.137721E-16
8121.08228588105  1.244314E-16
8125.57982635499  1.226857E-16
8130.07736682892  1.148449E-16
8134.57490730286  1.151758E-16
8139.0724477768  1.235271E-16
8143.56998825074  1.195214E-16
8148.06752872467  1.136936E-16
8152.56506919861  1.191512E-16
8157.06260967255  1.206890E-16
8161.56015014649  1.136272E-16
8166.05769062043  1.066215E-16
8170.55523109437  1.050469E-16
8175.0527715683  1.121158E-16
8179.55031204224  1.159560E-16
8184.04785251618  1.122452E-16
8188.54539299012  1.107433E-16
8193.04293346405  1.063123E-16
8197.54047393799  1.057856E-16
8202.03801441193  1.085254E-16
8206.53555488587  1.120965E-16
8211.03309535981  1.147073E-16
8215.53063583374  1.171822E-16
8220.02817630768  1.206997E-16
8224.52571678162  1.175532E-16
8229.02325725556  1.104698E-16
8233.5207977295  1.049269E-16
8238.01833820344  1.145708E-16
8242.51587867737  1.090742E-16
8247.01341915131  1.042872E-16
8251.51095962525  1.074905E-16
8256.00850009919  1.084883E-16
8260.50604057312  1.078855E-16
8265.00358104706  9.659500E-17
8269.501121521  9.651269E-17
8273.99866199494  1.008521E-16
8278.49620246888  9.481888E-17
8282.99374294282  1.014832E-16
8287.49128341675  1.064877E-16
8291.98882389069  1.034791E-16
8296.48636436463  1.016831E-16
8300.98390483857  9.444834E-17
8305.4814453125  1.040088E-16
8309.97898578644  1.084866E-16
8314.47652626038  1.062393E-16
8318.97406673432  1.083097E-16
8323.47160720826  1.058376E-16
8327.96914768219  1.015809E-16
8332.46668815613  1.029474E-16
8336.96422863007  1.094663E-16
8341.46176910401  1.107925E-16
8345.95930957795  1.063656E-16
8350.45685005188  9.794821E-17
8354.95439052582  1.022644E-16
8359.45193099976  9.728144E-17
8363.9494714737  9.225128E-17
8368.44701194763  1.002267E-16
8372.94455242157  1.005357E-16
8377.44209289551  9.982981E-17
8381.93963336945  1.041067E-16
8386.43717384339  9.531641E-17
8390.93471431733  8.398713E-17
8395.43225479126  8.291285E-17
8399.9297952652  7.684100E-17
8404.42733573914  8.012695E-17
8408.92487621308  9.772415E-17
8413.42241668702  9.741686E-17
8417.91995716095  9.021762E-17
8422.41749763489  9.363289E-17
8426.91503810883  8.714858E-17
8431.41257858277  7.295518E-17
8435.9101190567  7.104109E-17
8440.40765953064  7.397264E-17
8444.90520000458  7.684227E-17
8449.40274047852  7.063123E-17
8453.90028095246  5.745808E-17
8458.3978214264  6.090355E-17
8462.89536190033  5.711876E-17
8467.39290237427  5.512010E-17
8471.89044284821  5.542791E-17
8476.38798332215  6.079159E-17
8480.88552379609  6.530725E-17
8485.38306427002  6.197025E-17
8489.88060474396  5.585742E-17
8494.3781452179  4.791299E-17
8498.87568569184  5.218780E-17
8503.37322616577  6.298284E-17
8507.87076663971  6.385682E-17
8512.36830711365  5.965924E-17
8516.86584758759  5.735005E-17
8521.36338806153  6.114628E-17
8525.86092853547  6.124905E-17
8530.3584690094  5.565955E-17
8534.85600948334  5.768560E-17
8539.35354995728  7.446644E-17
8543.85109043122  7.455336E-17
8548.34863090516  6.180416E-17
8552.84617137909  6.273683E-17
8557.34371185303  7.216441E-17
8561.84125232697  7.219392E-17
8566.33879280091  8.254519E-17
8570.83633327484  8.280386E-17
8575.33387374878  7.567246E-17
8579.83141422272  7.408280E-17
8584.32895469666  8.217694E-17
8588.8264951706  8.553216E-17
8593.32403564453  8.546647E-17
8597.82157611847  8.556180E-17
8602.31911659241  7.729724E-17
8606.81665706635  7.626423E-17
8611.31419754029  7.920823E-17
8615.81173801423  7.208230E-17
8620.30927848816  7.194304E-17
8624.8068189621  7.819681E-17
8629.30435943604  7.803447E-17
8633.80189990998  8.034962E-17
8638.29944038391  9.031324E-17
8642.79698085785  9.639483E-17
8647.29452133179  8.109946E-17
8651.79206180573  8.020920E-17
8656.28960227967  8.140583E-17
8660.7871427536  8.415130E-17
8665.28468322754  9.576425E-17
8669.78222370148  9.144448E-17
8674.27976417542  8.845656E-17
8678.77730464936  9.207048E-17
8683.27484512329  1.016128E-16
8687.77238559723  1.137847E-16
8692.26992607117  1.140423E-16
8696.76746654511  1.200517E-16
8701.26500701905  1.388275E-16
8705.76254749299  1.358356E-16
8710.26008796692  1.350355E-16
8714.75762844086  1.500978E-16
8719.2551689148  1.572666E-16
8723.75270938874  1.668786E-16
8728.25024986267  1.793755E-16
8732.74779033661  1.871921E-16
8737.24533081055  1.847552E-16
8741.74287128449  1.754065E-16
8746.24041175843  1.796460E-16
8750.73795223237  1.811689E-16
8755.2354927063  1.852351E-16
8759.73303318024  2.074907E-16
8764.23057365418  2.154440E-16
8768.72811412812  2.017566E-16
8773.22565460206  1.889897E-16
8777.72319507599  2.034343E-16
8782.22073554993  2.174896E-16
8786.71827602387  2.146581E-16
8791.21581649781  2.032035E-16
8795.71335697174  1.972318E-16
8800.21089744568  2.025356E-16
8804.70843791962  2.136109E-16
8809.20597839356  2.113538E-16
8813.7035188675  2.141285E-16
8818.20105934143  2.128075E-16
8822.69859981537  2.104444E-16
8827.19614028931  2.193830E-16
8831.69368076325  2.215718E-16
8836.19122123719  2.167723E-16
8840.68876171112  2.098646E-16
8845.18630218506  2.053601E-16
8849.683842659  2.163091E-16
8854.18138313294  2.186868E-16
8858.67892360688  1.996462E-16
8863.17646408081  1.945953E-16
8867.67400455475  1.965678E-16
8872.17154502869  1.880107E-16
8876.66908550263  1.831596E-16
8881.16662597657  1.929919E-16
8885.6641664505  1.992449E-16
8890.16170692444  1.881001E-16
8894.65924739838  1.953423E-16
8899.15678787232  1.863200E-16
8903.65432834626  1.806062E-16
8908.15186882019  1.737457E-16
8912.64940929413  1.801900E-16
8917.14694976807  1.649813E-16
8921.64449024201  1.514189E-16
8926.14203071595  1.668266E-16
8930.63957118988  1.838260E-16
8935.13711166382  1.730920E-16
8939.63465213776  1.488041E-16
8944.1321926117  1.538327E-16
8948.62973308564  1.599294E-16
8953.12727355957  1.672124E-16
8957.62481403351  1.686312E-16
8962.12235450745  1.492205E-16
8966.61989498139  1.452893E-16
8971.11743545533  1.549838E-16
8975.61497592927  1.532818E-16
8980.1125164032  1.385837E-16
8984.61005687714  1.274323E-16
8989.10759735108  1.318249E-16
8993.60513782502  1.358597E-16
8998.10267829895  1.332474E-16
9002.60021877289  1.229818E-16
9007.09775924683  1.192904E-16
9011.59529972077  1.327587E-16
9016.09284019471  1.346926E-16
9020.59038066864  1.323883E-16
9025.08792114258  1.122601E-16
9029.58546161652  1.050937E-16
9034.08300209046  1.201719E-16
9038.5805425644  1.284201E-16
9043.07808303833  1.239167E-16
9047.57562351227  1.128287E-16
9052.07316398621  9.976510E-17
9056.57070446015  1.066951E-16
9061.06824493409  1.083425E-16
9065.56578540802  1.080485E-16
9070.06332588196  1.206625E-16
9074.5608663559  1.114126E-16
9079.05840682984  1.102031E-16
9083.55594730378  1.130264E-16
9088.05348777771  1.054487E-16
9092.55102825165  1.048930E-16
9097.04856872559  1.094425E-16
9101.54610919953  1.104407E-16
9106.04364967347  1.005962E-16
9110.5411901474  8.625155E-17
9115.03873062134  8.565249E-17
9119.53627109528  9.715057E-17
9124.03381156922  1.070069E-16
9128.53135204316  1.079850E-16
9133.02889251709  9.233237E-17
9137.52643299103  8.844309E-17
9142.02397346497  8.604679E-17
9146.52151393891  7.894094E-17
9151.01905441285  7.816812E-17
9155.51659488678  9.500134E-17
9160.01413536072  9.195620E-17
9164.51167583466  7.818780E-17
9169.0092163086  8.416756E-17
9173.50675678254  1.034262E-16
9178.00429725647  9.826165E-17
9182.50183773041  9.116794E-17
9186.99937820435  9.539879E-17
9191.49691867829  8.772947E-17
9195.99445915223  9.614252E-17
9200.49199962616  1.049709E-16
9204.9895401001  1.027710E-16
9209.48708057404  1.145535E-16
9213.98462104798  1.185166E-16
9218.48216152192  1.051475E-16
9222.97970199585  9.959386E-17
9227.47724246979  9.806429E-17
9231.97478294373  1.007875E-16
9236.47232341767  1.090503E-16
9240.96986389161  1.044050E-16
9245.46740436554  1.019617E-16
9249.96494483948  1.083496E-16
9254.46248531342  1.068509E-16
9258.96002578736  1.090115E-16
9263.4575662613  1.133213E-16
9267.95510673523  1.047966E-16
9272.45264720917  9.012824E-17
9276.95018768311  9.018541E-17
9281.44772815705  9.660955E-17
9285.94526863099  8.824428E-17
9290.44280910492  1.037815E-16
9294.94034957886  1.082460E-16
9299.4378900528  1.022793E-16
9303.93543052674  1.175273E-16
9308.43297100068  1.013414E-16
9312.93051147461  8.979567E-17
9317.42805194855  1.102063E-16
9321.92559242249  1.115201E-16
9326.42313289643  9.885763E-17
9330.92067337036  1.105391E-16
9335.4182138443  1.094531E-16
9339.91575431824  1.010733E-16
9344.41329479218  1.224420E-16
9348.91083526612  1.229469E-16
9353.40837574006  1.303902E-16
9357.90591621399  1.307032E-16
9362.40345668793  1.209080E-16
9366.90099716187  1.015646E-16
9371.39853763581  1.287059E-16
9375.89607810974  1.380561E-16
9380.39361858368  1.339151E-16
9384.89115905762  1.030530E-16
9389.38869953156  1.070488E-16
9393.8862400055  1.159739E-16
9398.38378047944  1.010901E-16
9402.88132095337  1.147455E-16
9407.37886142731  1.293184E-16
9411.87640190125  1.209944E-16
9416.37394237519  1.189334E-16
9420.87148284913  1.326255E-16
9425.36902332306  1.260241E-16
9429.866563797  9.601324E-17
9434.36410427094  1.054457E-16
9438.86164474488  1.161891E-16
9443.35918521881  1.052589E-16
9447.85672569275  1.081597E-16
9452.35426616669  1.166848E-16
9456.85180664063  1.041092E-16
9461.34934711457  8.597374E-17
9465.84688758851  8.983408E-17
9470.34442806244  8.572762E-17
9474.84196853638  7.413109E-17
9479.33950901032  1.041605E-16
9483.83704948426  1.225102E-16
9488.3345899582  1.352755E-16
9492.83213043213  1.266486E-16
9497.32967090607  1.191735E-16
9501.82721138001  1.019609E-16
9506.32475185395  1.070972E-16
9510.82229232789  8.050112E-17
9515.31983280183  9.469146E-17
9519.81737327576  1.216996E-16
9524.3149137497  9.841590E-17
9528.81245422364  7.528701E-17
9533.30999469758  9.456969E-17
9537.80753517151  1.133734E-16
9542.30507564545  1.259095E-16
9546.80261611939  1.496919E-16
9551.30015659333  1.248861E-16
9555.79769706727  1.066904E-16
9560.2952375412  1.079267E-16
9564.79277801514  1.324551E-16
9569.29031848908  1.287193E-16
9573.78785896302  1.216079E-16
9578.28539943696  1.201238E-16
9582.78293991089  9.485973E-17
9587.28048038483  9.760965E-17
9591.77802085877  1.128153E-16
9596.27556133271  1.256714E-16
9600.77310180665  1.136707E-16
9605.27064228058  9.976084E-17
9609.76818275452  1.142988E-16
9614.26572322846  1.153527E-16
9618.7632637024  9.778471E-17
9623.26080417634  9.968109E-17
9627.75834465028  1.168023E-16
9632.25588512421  9.411971E-17
9636.75342559815  9.969085E-17
9641.25096607209  1.256157E-16
9645.74850654603  8.769824E-17
9650.24604701996  6.160746E-17
9654.7435874939  7.022986E-17
9659.24112796784  6.531015E-17
9663.73866844178  6.453426E-17
9668.23620891572  5.875854E-17
9672.73374938965  6.711389E-17
9677.23128986359  7.912712E-17
9681.72883033753  8.470614E-17
9686.22637081147  9.441130E-17
9690.72391128541  6.075389E-17
9695.22145175934  8.455049E-17
9699.71899223328  1.214572E-16
9704.21653270722  1.052095E-16
9708.71407318116  9.965840E-17
9713.2116136551  9.838331E-17
9717.70915412903  1.045652E-16
9722.20669460297  9.726372E-17
9726.70423507691  6.459218E-17
9731.20177555085  7.100741E-17
9735.69931602479  7.333311E-17
9740.19685649872  5.917598E-17
9744.69439697266  4.719923E-17
9749.1919374466  6.775115E-17
9753.68947792054  6.634200E-17
9758.18701839448  7.283589E-17
9762.68455886841  1.114328E-16
9767.18209934235  8.990403E-17
9771.67963981629  6.975471E-17
9776.17718029023  6.214648E-17
9780.67472076417  7.364022E-17
9785.1722612381  7.300902E-17
9789.66980171204  4.473177E-17
9794.16734218598  6.879195E-17
9798.66488265992  7.610358E-17
9803.16242313386  4.819079E-17
9807.65996360779  3.973244E-17
9812.15750408173  7.201015E-17
9816.65504455567  6.371095E-17
9821.15258502961  5.516378E-17
9825.65012550355  6.830724E-17
9830.14766597748  5.955970E-17
9834.64520645142  5.977889E-17
9839.14274692536  7.447188E-17
9843.6402873993  7.156438E-17
9848.13782787324  6.970321E-17
9852.63536834718  7.950118E-17
9857.13290882111  7.737201E-17
9861.63044929505  8.084648E-17
9866.12798976899  1.056479E-16
9870.62553024293  1.060612E-16
9875.12307071686  7.835174E-17
9879.6206111908  7.346808E-17
9884.11815166474  7.575482E-17
9888.61569213868  6.030781E-17
9893.11323261262  5.353369E-17
9897.61077308655  8.935638E-17
9902.10831356049  8.896085E-17
9906.60585403443  4.819962E-17
9911.10339450837  7.992794E-17
9915.60093498231  7.186895E-17
9920.09847545624  4.662454E-17
9924.59601593018  4.773680E-17
9929.09355640412  4.987416E-17
9933.59109687806  8.545826E-17
9938.088637352  1.089376E-16
9942.58617782593  6.558018E-17
9947.08371829987  6.590471E-17
9951.58125877381  9.175734E-17
9956.07879924775  9.446907E-17
9960.57633972169  7.087741E-17
9965.07388019562  3.951021E-17
9969.57142066956  7.490441E-17
9974.0689611435  6.657253E-17
9978.56650161744  4.512161E-17
9983.06404209137  5.597879E-17
9987.56158256531  8.707072E-17
9992.05912303925  1.141505E-16
9996.55666351319  9.748163E-17
10001.0542039871  8.761036E-17
10005.5517444611  5.823371E-17
10010.049284935  1.021867E-16
10014.5468254089  1.427491E-16
10019.0443658829  8.975783E-17
10023.5419063568  8.143194E-17
10028.0394468308  1.154682E-16
10032.5369873047  1.272214E-16
10037.0345277786  9.272074E-17
10041.5320682526  7.527070E-17
10046.0296087265  1.351186E-16
10050.5271492004  1.895264E-16
10055.0246896744  1.253968E-16
10059.5222301483  7.177400E-17
10064.0197706223  1.098506E-16
10068.5173110962  1.038997E-16
10073.0148515701  1.536025E-16
10077.5123920441  1.476155E-16
10082.009932518  7.421564E-17
10086.5074729919  6.072160E-17
10091.0050134659  5.198033E-17
10095.5025539398  6.064917E-17
