3650.00	1.03876e-16
3651.50	1.43188e-16
3653.00	1.07951e-19
3654.50	6.156e-17
3656.00	9.82575e-17
3657.50	8.80622e-17
3659.00	9.2589e-17
3660.50	3.73772e-17
3662.00	1.33535e-16
3663.50	-1.15278e-17
3665.00	-7.95973e-17
3666.50	3.67863e-17
3668.00	-2.29152e-17
3669.50	-6.18901e-17
3671.00	7.2537e-17
3672.50	2.0271e-16
3674.00	2.2147e-16
3675.50	2.50528e-16
3677.00	1.80264e-16
3678.50	5.04037e-17
3680.00	7.77038e-17
3681.50	2.03859e-16
3683.00	1.34592e-16
3684.50	6.76058e-17
3686.00	1.25934e-16
3687.50	5.8061e-17
3689.00	8.52698e-18
3690.50	8.4408e-17
3692.00	7.75027e-17
3693.50	1.14586e-16
3695.00	6.55935e-17
3696.50	-6.58985e-17
3698.00	-1.00076e-16
3699.50	-3.14265e-17
3701.00	1.42202e-17
3702.50	1.73434e-17
3704.00	2.06038e-17
3705.50	5.77778e-17
3707.00	7.576e-17
3708.50	2.35127e-17
3710.00	-5.88249e-18
3711.50	-5.84162e-17
3713.00	7.372e-17
3714.50	1.22955e-16
3716.00	9.49068e-17
3717.50	1.23359e-16
3719.00	1.18889e-16
3720.50	1.88909e-16
3722.00	-6.12392e-17
3723.50	6.24112e-17
3725.00	1.95875e-16
3726.50	3.55943e-17
3728.00	1.58362e-17
3729.50	2.46455e-17
3731.00	1.15891e-16
3732.50	1.75271e-16
3734.00	9.229e-17
3735.50	8.8565e-17
3737.00	6.14573e-17
3738.50	9.09699e-17
3740.00	8.43677e-17
3741.50	8.25814e-17
3743.00	1.45555e-16
3744.50	1.05057e-16
3746.00	1.11862e-17
3747.50	1.11935e-16
3749.00	1.522e-16
3750.50	7.22781e-17
3752.00	1.52384e-16
3753.50	1.31045e-16
3755.00	-2.48872e-17
3756.50	7.41188e-17
3758.00	1.38611e-16
3759.50	8.10601e-17
3761.00	5.1452e-17
3762.50	3.45573e-17
3764.00	4.93688e-17
3765.50	1.54858e-18
3767.00	-4.27198e-18
3768.50	-1.00925e-17
3770.00	-1.59131e-17
3771.50	-2.17336e-17
3773.00	-2.75542e-17
3776.00	-5.03127e-17
3777.50	-9.19149e-18
3779.00	1.60755e-17
3780.50	1.20715e-16
3782.00	1.6262e-16
3783.50	1.3304e-16
3785.00	5.72064e-17
3786.50	1.23896e-16
3788.00	9.66037e-17
3789.50	1.13167e-16
3791.00	1.4405e-16
3792.50	1.3091e-16
3794.00	1.11765e-16
3795.50	6.73513e-17
3797.00	5.47069e-17
3798.50	7.48084e-17
3800.00	1.23324e-16
3801.50	8.35043e-17
3803.00	2.34935e-17
3804.50	4.11926e-17
3806.00	1.12807e-16
3807.50	9.31734e-17
3809.00	1.41935e-16
3810.50	1.07782e-16
3812.00	6.04144e-17
3813.50	6.10097e-17
3815.00	1.57952e-17
3816.50	5.52183e-17
3818.00	8.72065e-17
3819.50	4.06683e-17
3821.00	3.50051e-17
3822.50	5.15795e-17
3824.00	8.95848e-17
3825.50	1.38936e-16
3827.00	1.49436e-16
3828.50	1.19377e-16
3830.00	7.25727e-17
3831.50	2.67783e-17
3833.00	5.63589e-17
3834.50	8.6516e-17
3836.00	8.29539e-17
3837.50	6.87091e-17
3839.00	8.84001e-17
3840.50	1.09579e-16
3842.00	2.33021e-16
3843.50	1.73794e-16
3845.00	2.12973e-16
3846.50	1.8167e-16
3848.00	4.05782e-17
3849.50	5.90337e-18
3851.00	7.39926e-17
3852.50	5.01907e-17
3854.00	-3.67143e-17
3855.50	6.11938e-17
3857.00	1.56436e-16
3858.50	1.50886e-16
3860.00	1.03982e-16
3861.50	1.04908e-16
3863.00	5.581e-17
3864.50	6.87624e-17
3866.00	7.30325e-17
3867.50	1.0507e-16
3869.00	8.30303e-17
3870.50	1.28812e-16
3872.00	1.40818e-16
3873.50	6.91195e-17
3875.00	1.68133e-16
3876.50	2.34904e-16
3878.00	1.54926e-16
3879.50	1.36222e-16
3881.00	8.71678e-17
3882.50	7.10134e-19
3884.00	8.64419e-18
3885.50	4.43261e-17
3887.00	1.16463e-16
3888.50	1.75054e-16
3890.00	1.36219e-16
3891.50	7.16154e-17
3893.00	1.07405e-16
3894.50	1.44825e-16
3896.00	1.08891e-17
3897.50	6.18367e-17
3899.00	9.42162e-17
3900.50	6.48332e-17
3902.00	1.51934e-17
3903.50	6.75723e-17
3905.00	2.20275e-16
3906.50	2.08443e-16
3908.00	1.5958e-16
3909.50	1.07549e-16
3911.00	8.79938e-17
3912.50	3.26308e-17
3914.00	6.0025e-17
3915.50	8.96233e-17
3917.00	6.66265e-17
3918.50	-1.97395e-18
3920.00	7.71283e-17
3921.50	7.80064e-17
3923.00	9.81636e-17
3924.50	1.77457e-16
3926.00	1.10526e-16
3927.50	2.88359e-17
3929.00	9.64877e-17
3930.50	1.12153e-16
3932.00	9.34926e-17
3933.50	1.1714e-16
3935.00	9.30499e-17
3936.50	1.35909e-17
3938.00	6.98346e-17
3939.50	1.00523e-16
3941.00	4.40431e-17
3942.50	4.95734e-17
3944.00	5.64581e-17
3945.50	5.11895e-17
3947.00	6.20386e-17
3948.50	6.77108e-17
3950.00	3.32739e-17
3951.50	1.34977e-16
3953.00	4.53931e-17
3954.50	1.07251e-17
3956.00	1.65632e-17
3957.50	1.21898e-16
3959.00	8.16074e-17
3960.50	6.36916e-17
3962.00	1.49489e-16
3963.50	8.88504e-17
3965.00	1.0659e-16
3966.50	8.50418e-17
3968.00	4.43945e-17
3969.50	9.23145e-17
3971.00	1.37914e-16
3972.50	7.23606e-17
3974.00	7.17303e-17
3975.50	1.10771e-16
3977.00	1.03863e-16
3978.50	1.45634e-16
3980.00	1.5062e-16
3981.50	1.15152e-16
3983.00	6.57947e-17
3984.50	9.46759e-17
3986.00	1.61172e-16
3987.50	1.06865e-16
3989.00	4.06862e-17
3990.50	6.8152e-17
3992.00	1.22996e-16
3993.50	1.2276e-16
3995.00	7.53239e-17
3996.50	5.38175e-17
3998.00	1.92686e-17
3999.50	2.20847e-17
4001.00	9.42568e-17
4002.50	4.69738e-17
4004.00	3.40675e-17
4005.50	8.67299e-17
4007.00	8.84238e-17
4008.50	9.01177e-17
4010.00	9.18117e-17
4011.50	9.35056e-17
4014.50	8.20816e-17
4016.00	1.17074e-16
4017.50	1.05614e-16
4019.00	1.03866e-16
4020.50	1.29226e-16
4022.00	8.88522e-17
4023.50	1.01626e-16
4025.00	1.31723e-16
4026.50	1.00909e-16
4028.00	8.66628e-17
4029.50	1.08479e-16
4031.00	1.23075e-16
4032.50	1.77467e-16
4034.00	1.1206e-16
4035.50	6.68121e-17
4037.00	9.59166e-17
4038.50	1.44286e-16
4040.00	1.06131e-16
4041.50	1.33286e-17
4043.00	4.9398e-17
4044.50	3.69506e-17
4046.00	8.54526e-17
4047.50	1.83755e-16
4049.00	1.75561e-16
4050.50	9.38935e-17
4052.00	8.80025e-17
4053.50	1.36154e-16
4055.00	1.47596e-16
4056.50	1.20411e-16
4058.00	6.35567e-17
4059.50	9.65474e-17
4061.00	1.13504e-16
4062.50	8.63292e-17
4064.00	1.06917e-16
4065.50	8.45765e-17
4067.00	7.05267e-17
4068.50	1.02473e-16
4070.00	1.40395e-16
4071.50	9.4121e-17
4073.00	1.20805e-16
4074.50	1.93327e-16
4076.00	1.01106e-16
4077.50	8.45427e-17
4079.00	7.27014e-17
4080.50	9.41523e-17
4082.00	8.04521e-17
4083.50	5.51244e-17
4085.00	1.4816e-16
4086.50	1.20252e-16
4088.00	5.92228e-17
4089.50	7.97581e-17
4091.00	1.46935e-16
4092.50	1.29708e-16
4094.00	1.16041e-16
4095.50	1.26954e-16
4097.00	1.3054e-16
4098.50	1.3162e-16
4100.00	1.18458e-16
4101.50	5.19824e-17
4103.00	9.55701e-17
4104.50	1.49164e-16
4106.00	1.05818e-16
4107.50	1.82042e-16
4109.00	2.03446e-16
4110.50	1.07764e-16
4112.00	6.53104e-17
4113.50	1.6985e-16
4115.00	1.63213e-16
4116.50	8.8513e-17
4118.00	1.18359e-16
4119.50	1.12135e-16
4121.00	8.12305e-17
4122.50	1.03213e-16
4124.00	9.89646e-17
4125.50	1.35261e-16
4127.00	1.48347e-16
4128.50	1.75996e-16
4130.00	1.2932e-16
4131.50	8.65566e-17
4133.00	8.1504e-17
4134.50	1.28903e-16
4136.00	7.74464e-17
4137.50	6.82786e-17
4139.00	1.03156e-16
4140.50	1.49534e-16
4142.00	1.43917e-16
4143.50	1.09819e-16
4145.00	1.38422e-16
4146.50	1.44968e-16
4148.00	1.16319e-16
4149.50	1.53976e-16
4151.00	1.23347e-16
4152.50	1.18278e-16
4154.00	1.31583e-16
4155.50	7.62017e-17
4157.00	1.12525e-16
4158.50	1.2658e-16
4160.00	1.3262e-16
4161.50	1.0328e-16
4163.00	1.61402e-16
4164.50	1.74119e-16
4166.00	1.21966e-16
4167.50	9.2291e-17
4169.00	1.49647e-16
4170.50	1.50559e-16
4172.00	1.24499e-16
4173.50	1.81288e-16
4175.00	1.32551e-16
4176.50	1.05802e-16
4178.00	1.44072e-16
4179.50	1.34018e-16
4181.00	1.84818e-16
4182.50	2.5725e-16
4184.00	2.37347e-16
4185.50	1.80992e-16
4187.00	1.59143e-16
4188.50	1.59941e-16
4190.00	1.10062e-16
4191.50	1.27955e-16
4193.00	1.77051e-16
4194.50	1.36254e-16
4196.00	1.32982e-16
4197.50	1.56788e-16
4199.00	1.76946e-16
4200.50	1.63676e-16
4202.00	1.91045e-16
4203.50	1.51616e-16
4205.00	1.71858e-16
4206.50	1.57824e-16
4208.00	1.51629e-16
4209.50	1.0312e-16
4211.00	1.34922e-16
4212.50	1.30359e-16
4214.00	8.30987e-17
4215.50	1.10292e-16
4217.00	1.50972e-16
4218.50	1.06798e-16
4220.00	8.725e-17
4221.50	1.19787e-16
4223.00	1.3015e-16
4224.50	1.36549e-16
4226.00	1.74197e-16
4227.50	1.70031e-16
4229.00	1.17309e-16
4230.50	9.59195e-17
4232.00	8.14737e-17
4233.50	9.91176e-17
4235.00	1.27012e-16
4236.50	1.54839e-16
4238.00	1.39446e-16
4239.50	1.4238e-16
4241.00	2.18594e-16
4242.50	1.93803e-16
4244.00	1.46092e-16
4245.50	1.4731e-16
4247.00	1.48517e-16
4248.50	1.57963e-16
4250.00	1.21047e-16
4251.50	1.0852e-16
4253.00	6.37353e-17
4254.50	6.47702e-17
4256.00	1.60521e-16
4257.50	1.31659e-16
4259.00	1.41117e-16
4260.50	1.5619e-16
4262.00	1.74824e-16
4263.50	1.24505e-16
4265.00	1.18915e-16
4266.50	8.63029e-17
4268.00	8.09029e-17
4269.50	1.43124e-16
4271.00	1.00286e-16
4272.50	9.92769e-17
4274.00	1.15673e-16
4275.50	1.11143e-16
4277.00	1.0368e-16
4278.50	1.28434e-16
4280.00	1.20038e-16
4281.50	1.24531e-16
4283.00	1.49306e-16
4284.50	1.37571e-16
4286.00	1.33476e-16
4287.50	9.68971e-17
4289.00	1.18526e-16
4290.50	1.431e-16
4292.00	1.24446e-16
4293.50	1.3262e-16
4295.00	1.19063e-16
4296.50	5.74856e-17
4298.00	8.47143e-17
4299.50	1.31409e-16
4301.00	1.22045e-16
4302.50	1.24709e-16
4304.00	1.43807e-16
4305.50	1.21652e-16
4307.00	8.69101e-17
4308.50	1.08215e-16
4310.00	1.06738e-16
4311.50	7.15478e-17
4313.00	8.92721e-17
4314.50	1.51159e-16
4316.00	1.32219e-16
4317.50	1.022e-16
4319.00	1.1959e-16
4320.50	1.43837e-16
4322.00	1.47777e-16
4323.50	1.27373e-16
4325.00	1.21323e-16
4326.50	1.19492e-16
4328.00	1.19336e-16
4329.50	1.07516e-16
4331.00	1.06462e-16
4332.50	1.35365e-16
4334.00	1.08604e-16
4335.50	1.23826e-16
4337.00	1.17535e-16
4338.50	1.43795e-16
4340.00	1.26694e-16
4341.50	1.41314e-16
4343.00	1.49677e-16
4344.50	1.27698e-16
4346.00	1.14443e-16
4347.50	1.11361e-16
4349.00	1.04079e-16
4350.50	1.01944e-16
4352.00	1.29876e-16
4353.50	1.50137e-16
4355.00	9.72456e-17
4356.50	1.11851e-16
4358.00	1.71343e-16
4359.50	1.47694e-16
4361.00	1.3853e-16
4362.50	1.04796e-16
4364.00	8.00134e-17
4365.50	1.12315e-16
4367.00	1.01324e-16
4368.50	1.07165e-16
4370.00	1.46869e-16
4371.50	1.41648e-16
4373.00	8.45094e-17
4374.50	1.07128e-16
4376.00	1.20145e-16
4377.50	1.12076e-16
4379.00	1.11493e-16
4380.50	1.13324e-16
4382.00	1.23746e-16
4383.50	6.4931e-17
4385.00	8.96482e-17
4386.50	1.4188e-16
4388.00	1.23689e-16
4389.50	7.72574e-17
4391.00	5.72786e-17
4392.50	8.12962e-17
4394.00	8.42982e-17
4395.50	7.59182e-17
4397.00	8.69427e-17
4398.50	9.01785e-17
4400.00	8.94201e-17
4401.50	5.67713e-17
4403.00	1.34918e-16
4404.50	1.44109e-16
4406.00	1.16148e-16
4407.50	1.57901e-16
4409.00	1.40744e-16
4410.50	9.34384e-17
4412.00	9.24572e-17
4413.50	9.38411e-17
4415.00	1.0652e-16
4416.50	9.49e-17
4418.00	1.14702e-16
4419.50	1.29498e-16
4421.00	1.25984e-16
4422.50	9.43582e-17
4424.00	7.57067e-17
4425.50	8.21294e-17
4427.00	8.24371e-17
4428.50	9.48352e-17
4430.00	1.15178e-16
4431.50	1.25578e-16
4433.00	1.23531e-16
4434.50	1.31964e-16
4436.00	1.41554e-16
4437.50	1.42651e-16
4439.00	1.46512e-16
4440.50	1.35215e-16
4442.00	8.9152e-17
4443.50	1.11714e-16
4445.00	1.57634e-16
4446.50	8.86852e-17
4448.00	5.43994e-17
4449.50	5.69475e-17
4451.00	8.88511e-17
4452.50	1.74319e-16
4454.00	1.30505e-16
4455.50	1.07284e-16
4457.00	7.32046e-17
4458.50	7.76325e-17
4460.00	5.8521e-17
4461.50	7.53817e-17
4463.00	5.46722e-17
4464.50	7.76391e-17
4466.00	1.42546e-16
4467.50	1.22558e-16
4469.00	7.89267e-17
4470.50	9.99564e-17
4472.00	1.14814e-16
4473.50	9.87715e-17
4475.00	1.00601e-16
4476.50	1.1721e-16
4478.00	1.16637e-16
4479.50	1.00299e-16
4481.00	9.64589e-17
4482.50	1.15399e-16
4484.00	1.40963e-16
4485.50	1.53336e-16
4487.00	1.40675e-16
4488.50	1.44469e-16
4490.00	1.16944e-16
4491.50	9.85137e-17
4493.00	9.7765e-17
4494.50	8.07691e-17
4496.00	9.74509e-17
4497.50	1.0263e-16
4499.00	9.49177e-17
4500.50	9.42179e-17
4502.00	1.31121e-16
4503.50	1.41733e-16
4505.00	1.01366e-16
4506.50	1.09009e-16
4508.00	1.12721e-16
4509.50	1.30902e-16
4511.00	1.24399e-16
4512.50	1.07009e-16
4514.00	1.20507e-16
4515.50	1.31203e-16
4517.00	1.25261e-16
4518.50	1.19344e-16
4520.00	1.3759e-16
4521.50	1.33902e-16
4523.00	1.14167e-16
4524.50	1.01214e-16
4526.00	1.17849e-16
4527.50	1.23089e-16
4529.00	1.40794e-16
4530.50	1.36201e-16
4532.00	1.45485e-16
4533.50	1.31948e-16
4535.00	1.47641e-16
4536.50	1.36444e-16
4538.00	1.13526e-16
4539.50	1.24788e-16
4541.00	1.22581e-16
4542.50	1.2696e-16
4544.00	1.27964e-16
4545.50	1.26922e-16
4547.00	1.39945e-16
4548.50	1.24084e-16
4550.00	9.36514e-17
4551.50	1.27433e-16
4553.00	1.58281e-16
4554.50	1.54293e-16
4556.00	1.49728e-16
4557.50	1.21572e-16
4559.00	1.37724e-16
4560.50	1.28945e-16
4562.00	1.059e-16
4563.50	1.48687e-16
4565.00	1.63023e-16
4566.50	1.29416e-16
4568.00	1.37761e-16
4569.50	1.16614e-16
4571.00	1.21294e-16
4572.50	9.24313e-17
4574.00	9.33373e-17
4575.50	1.12588e-16
4577.00	7.3765e-17
4578.50	1.00984e-16
4580.00	9.71158e-17
4581.50	5.8313e-17
4583.00	1.2199e-16
4584.50	1.29251e-16
4586.00	1.12178e-16
4587.50	1.33372e-16
4589.00	1.5533e-16
4590.50	1.47707e-16
4592.00	1.10949e-16
4593.50	1.19231e-16
4595.00	1.08543e-16
4596.50	1.3472e-16
4598.00	1.00908e-16
4599.50	8.23366e-17
4601.00	1.12748e-16
4602.50	1.20762e-16
4604.00	1.06997e-16
4605.50	1.13217e-16
4607.00	1.25885e-16
4608.50	1.02211e-16
4610.00	1.04353e-16
4611.50	1.04249e-16
4613.00	7.16588e-17
4614.50	9.63304e-17
4616.00	1.41815e-16
4617.50	1.48593e-16
4619.00	1.57547e-16
4620.50	1.25398e-16
4622.00	1.15784e-16
4623.50	1.293e-16
4625.00	1.39111e-16
4626.50	1.37313e-16
4628.00	1.02639e-16
4629.50	1.08593e-16
4631.00	1.16052e-16
4632.50	9.28704e-17
4634.00	9.34851e-17
4635.50	9.10931e-17
4637.00	1.20818e-16
4638.50	1.27401e-16
4640.00	1.0968e-16
4641.50	1.15977e-16
4643.00	1.47434e-16
4644.50	1.35917e-16
4646.00	1.19098e-16
4647.50	1.26064e-16
4649.00	1.32459e-16
4650.50	1.11652e-16
4652.00	1.09543e-16
4653.50	1.15052e-16
4655.00	9.75764e-17
4656.50	9.00863e-17
4658.00	1.26886e-16
4659.50	1.34961e-16
4661.00	1.20163e-16
4662.50	1.40033e-16
4664.00	1.38135e-16
4665.50	1.2645e-16
4667.00	1.39825e-16
4668.50	1.61042e-16
4670.00	1.58054e-16
4671.50	1.51149e-16
4673.00	1.25998e-16
4674.50	1.08514e-16
4676.00	1.52705e-16
4677.50	1.75008e-16
4679.00	1.45948e-16
4680.50	1.28718e-16
4682.00	1.43975e-16
4683.50	1.54437e-16
4685.00	1.41826e-16
4686.50	1.22692e-16
4688.00	1.80258e-16
4689.50	1.99555e-16
4691.00	1.7762e-16
4692.50	1.84813e-16
4694.00	1.8279e-16
4695.50	1.8271e-16
4697.00	1.77237e-16
4698.50	1.49927e-16
4700.00	1.5348e-16
4701.50	1.75107e-16
4703.00	1.83552e-16
4704.50	1.98378e-16
4706.00	1.71547e-16
4707.50	1.48965e-16
4709.00	1.84249e-16
4710.50	2.04644e-16
4712.00	1.69885e-16
4713.50	1.53859e-16
4715.00	1.30625e-16
4716.50	1.23803e-16
4718.00	1.32874e-16
4719.50	1.44555e-16
4721.00	1.67862e-16
4722.50	1.83292e-16
4724.00	1.64539e-16
4725.50	1.53135e-16
4727.00	1.53952e-16
4728.50	1.48104e-16
4730.00	1.44503e-16
4731.50	1.71225e-16
4733.00	1.72923e-16
4734.50	1.60453e-16
4736.00	1.76237e-16
4737.50	1.83379e-16
4739.00	1.88661e-16
4740.50	2.0111e-16
4742.00	1.77012e-16
4743.50	1.70907e-16
4745.00	2.0539e-16
4746.50	1.9914e-16
4748.00	1.83042e-16
4749.50	1.86202e-16
4751.00	1.94374e-16
4752.50	1.92745e-16
4754.00	1.56405e-16
4755.50	1.52673e-16
4757.00	1.50548e-16
4758.50	1.66477e-16
4760.00	1.66782e-16
4761.50	1.77842e-16
4763.00	1.86498e-16
4764.50	1.57654e-16
4766.00	1.18521e-16
4767.50	1.50381e-16
4769.00	1.66736e-16
4770.50	1.65418e-16
4772.00	1.79649e-16
4773.50	1.91294e-16
4775.00	2.22615e-16
4776.50	1.95955e-16
4778.00	1.72323e-16
4779.50	1.51021e-16
4781.00	1.74587e-16
4782.50	2.0692e-16
4784.00	1.86455e-16
4785.50	2.27002e-16
4787.00	2.38085e-16
4788.50	1.88587e-16
4790.00	1.77747e-16
4791.50	1.9852e-16
4793.00	2.31047e-16
4794.50	2.22234e-16
4796.00	1.82773e-16
4797.50	1.8082e-16
4799.00	1.85031e-16
4800.50	1.90283e-16
4802.00	2.08516e-16
4803.50	1.96386e-16
4805.00	2.15306e-16
4806.50	2.1832e-16
4808.00	1.80738e-16
4809.50	1.83158e-16
4811.00	1.88991e-16
4812.50	1.68807e-16
4814.00	1.63548e-16
4815.50	2.2983e-16
4817.00	2.08098e-16
4818.50	1.69466e-16
4820.00	1.61342e-16
4821.50	1.87762e-16
4823.00	1.94965e-16
4824.50	1.54379e-16
4826.00	2.27821e-16
4827.50	2.08519e-16
4829.00	1.7973e-16
4830.50	1.90635e-16
4832.00	1.87834e-16
4833.50	1.8151e-16
4835.00	1.96817e-16
4836.50	1.93646e-16
4838.00	1.91974e-16
4839.50	2.08195e-16
4841.00	1.65203e-16
4842.50	1.4657e-16
4844.00	2.06457e-16
4845.50	1.85717e-16
4847.00	1.4292e-16
4848.50	1.81466e-16
4850.00	2.06392e-16
4851.50	1.87712e-16
4853.00	1.84889e-16
4854.50	1.81015e-16
4856.00	1.70886e-16
4857.50	1.56679e-16
4859.00	1.51336e-16
4860.50	1.54236e-16
4862.00	1.4554e-16
4863.50	1.43396e-16
4865.00	1.39224e-16
4866.50	1.26239e-16
4868.00	1.39617e-16
4869.50	1.5099e-16
4871.00	1.52782e-16
4872.50	1.56929e-16
4874.00	1.64391e-16
4875.50	1.72145e-16
4877.00	1.47712e-16
4878.50	1.51531e-16
4880.00	1.83386e-16
4881.50	1.6653e-16
4883.00	1.75694e-16
4884.50	1.74343e-16
4886.00	1.70103e-16
4887.50	1.58874e-16
4889.00	1.13088e-16
4890.50	1.20922e-16
4892.00	1.74858e-16
4893.50	1.71405e-16
4895.00	1.55435e-16
4896.50	1.43008e-16
4898.00	1.54561e-16
4899.50	1.49788e-16
4901.00	1.34783e-16
4902.50	1.40662e-16
4904.00	1.80118e-16
4905.50	1.75305e-16
4907.00	1.57957e-16
4908.50	1.51107e-16
4910.00	1.57674e-16
4911.50	1.73562e-16
4913.00	1.56314e-16
4914.50	1.46831e-16
4916.00	1.50644e-16
4917.50	1.74653e-16
4919.00	1.67532e-16
4920.50	1.41035e-16
4922.00	1.21031e-16
4923.50	1.34662e-16
4925.00	1.4409e-16
4926.50	1.50117e-16
4928.00	1.49844e-16
4929.50	1.39188e-16
4931.00	1.30194e-16
4932.50	9.96843e-17
4934.00	9.96951e-17
4935.50	1.27284e-16
4937.00	1.32986e-16
4938.50	1.39406e-16
4940.00	1.41951e-16
4941.50	1.40239e-16
4943.00	1.50312e-16
4944.50	1.49923e-16
4946.00	1.12366e-16
4947.50	8.428e-17
4949.00	1.12013e-16
4950.50	1.2267e-16
4952.00	1.32431e-16
4953.50	1.2606e-16
4955.00	1.51511e-16
4956.50	1.45262e-16
4958.00	1.34652e-16
4959.50	1.57212e-16
4961.00	1.40024e-16
4962.50	1.14315e-16
4964.00	1.25683e-16
4965.50	1.3665e-16
4967.00	1.41268e-16
4968.50	1.37323e-16
4970.00	1.33915e-16
4971.50	1.35527e-16
4973.00	1.36792e-16
4974.50	1.42725e-16
4976.00	1.55793e-16
4977.50	1.57795e-16
4979.00	1.66175e-16
4980.50	1.47264e-16
4982.00	1.53358e-16
4983.50	1.88773e-16
4985.00	1.75444e-16
4986.50	1.5673e-16
4988.00	1.30387e-16
4989.50	1.56076e-16
4991.00	1.62273e-16
4992.50	1.42353e-16
4994.00	1.38026e-16
4995.50	1.6772e-16
4997.00	1.92018e-16
4998.50	1.68414e-16
5000.00	1.69314e-16
5001.50	1.83467e-16
5003.00	1.52295e-16
5004.50	1.3184e-16
5006.00	1.36093e-16
5007.50	1.31618e-16
5009.00	1.25185e-16
5010.50	1.38106e-16
5012.00	1.6691e-16
5013.50	1.43425e-16
5015.00	1.368e-16
5016.50	1.51679e-16
5018.00	1.56847e-16
5019.50	1.4689e-16
5021.00	1.34934e-16
5022.50	1.28977e-16
5024.00	1.40764e-16
5025.50	1.48474e-16
5027.00	1.4468e-16
5028.50	1.541e-16
5030.00	1.61284e-16
5031.50	1.69127e-16
5033.00	1.53504e-16
5034.50	1.61279e-16
5036.00	2.00269e-16
5037.50	1.85651e-16
5039.00	1.71135e-16
5040.50	2.05939e-16
5042.00	2.21776e-16
5043.50	2.03539e-16
5045.00	2.15917e-16
5046.50	2.34354e-16
5048.00	1.95432e-16
5049.50	1.72064e-16
5051.00	2.07205e-16
5052.50	2.34322e-16
5054.00	2.14629e-16
5055.50	2.13518e-16
5057.00	1.95097e-16
5058.50	1.74093e-16
5060.00	1.88448e-16
5061.50	1.85639e-16
5063.00	1.84113e-16
5064.50	1.76606e-16
5066.00	2.03962e-16
5067.50	2.14089e-16
5069.00	1.91976e-16
5070.50	1.81699e-16
5072.00	2.09136e-16
5073.50	2.10178e-16
5075.00	2.15511e-16
5076.50	2.16562e-16
5078.00	1.63535e-16
5079.50	1.73454e-16
5081.00	2.13774e-16
5082.50	1.78162e-16
5084.00	1.59803e-16
5085.50	1.74633e-16
5087.00	1.52355e-16
5088.50	1.44359e-16
5090.00	1.47641e-16
5091.50	1.79727e-16
5093.00	1.72662e-16
5094.50	1.45616e-16
5096.00	1.54634e-16
5097.50	1.38071e-16
5099.00	1.18951e-16
5100.50	1.1786e-16
5102.00	1.26257e-16
5103.50	1.39305e-16
5105.00	1.33315e-16
5106.50	1.3379e-16
5108.00	1.37686e-16
5109.50	1.22825e-16
5111.00	1.30165e-16
5112.50	1.15634e-16
5114.00	1.4425e-16
5115.50	1.25751e-16
5117.00	1.13462e-16
5118.50	1.21835e-16
5120.00	1.44083e-16
5121.50	1.27705e-16
5123.00	1.31235e-16
5124.50	1.51261e-16
5126.00	1.59086e-16
5127.50	1.75857e-16
5129.00	1.60968e-16
5130.50	1.67321e-16
5132.00	1.56033e-16
5133.50	1.65637e-16
5135.00	1.66672e-16
5136.50	1.96335e-16
5138.00	1.70417e-16
5139.50	1.54767e-16
5141.00	1.8812e-16
5142.50	2.1306e-16
5144.00	1.85488e-16
5145.50	1.94383e-16
5147.00	2.06063e-16
5148.50	2.08393e-16
5150.00	2.04502e-16
5151.50	1.88418e-16
5153.00	1.9095e-16
5154.50	1.8903e-16
5156.00	1.80863e-16
5157.50	1.98587e-16
5159.00	1.98142e-16
5160.50	1.91719e-16
5162.00	1.78674e-16
5163.50	1.70656e-16
5165.00	2.08025e-16
5166.50	1.98352e-16
5168.00	1.90601e-16
5169.50	1.8584e-16
5171.00	2.01229e-16
5172.50	2.14597e-16
5174.00	1.81363e-16
5175.50	1.96523e-16
5177.00	1.88382e-16
5178.50	1.62875e-16
5180.00	1.92827e-16
5181.50	2.00495e-16
5183.00	1.98486e-16
5184.50	1.98514e-16
5186.00	1.40266e-16
5187.50	1.84784e-16
5189.00	2.03325e-16
5190.50	1.77822e-16
5192.00	1.69425e-16
5193.50	1.89021e-16
5195.00	1.79351e-16
5196.50	1.5054e-16
5198.00	1.59643e-16
5199.50	1.51789e-16
5201.00	1.62416e-16
5202.50	1.80564e-16
5204.00	1.76004e-16
5205.50	1.77278e-16
5207.00	1.71489e-16
5208.50	1.61275e-16
5210.00	1.76045e-16
5211.50	1.73352e-16
5213.00	1.7361e-16
5214.50	1.64771e-16
5216.00	1.74998e-16
5217.50	1.47668e-16
5219.00	1.57188e-16
5220.50	1.9883e-16
5222.00	1.93318e-16
5223.50	1.76251e-16
5225.00	1.45971e-16
5226.50	1.47933e-16
5228.00	1.66766e-16
5229.50	1.74842e-16
5231.00	1.46722e-16
5232.50	1.24369e-16
5234.00	1.3202e-16
5235.50	1.60244e-16
5237.00	1.39922e-16
5238.50	1.27347e-16
5240.00	1.29366e-16
5241.50	1.38991e-16
5243.00	1.35691e-16
5244.50	1.30285e-16
5246.00	1.38326e-16
5247.50	1.30289e-16
5249.00	1.1808e-16
5250.50	1.2368e-16
5252.00	1.34462e-16
5253.50	1.45349e-16
5255.00	1.1755e-16
5256.50	9.92832e-17
5258.00	1.09142e-16
5259.50	1.19695e-16
5261.00	1.15933e-16
5262.50	1.29601e-16
5264.00	1.11434e-16
5265.50	1.2358e-16
5267.00	1.27968e-16
5268.50	1.15581e-16
5270.00	1.34088e-16
5271.50	1.44219e-16
5273.00	1.29798e-16
5274.50	1.21301e-16
5276.00	1.13456e-16
5277.50	1.07128e-16
5279.00	1.29224e-16
5280.50	1.14328e-16
5282.00	1.05733e-16
5283.50	1.36261e-16
5285.00	1.51056e-16
5286.50	1.43189e-16
5288.00	1.15049e-16
5289.50	1.04592e-16
5291.00	1.18174e-16
5292.50	1.14042e-16
5294.00	1.02949e-16
5295.50	1.2151e-16
5297.00	1.35658e-16
5298.50	1.47526e-16
5300.00	1.52945e-16
5301.50	1.26215e-16
5303.00	1.49984e-16
5304.50	1.71596e-16
5306.00	1.45764e-16
5307.50	1.44792e-16
5309.00	1.29051e-16
5310.50	1.45552e-16
5312.00	1.6192e-16
5313.50	1.40855e-16
5315.00	1.57994e-16
5316.50	1.79663e-16
5318.00	1.47377e-16
5319.50	1.57652e-16
5321.00	1.61785e-16
5322.50	1.32707e-16
5324.00	1.23307e-16
5325.50	1.56697e-16
5327.00	1.42675e-16
5328.50	1.47038e-16
5330.00	1.60678e-16
5331.50	1.5017e-16
5333.00	1.49705e-16
5334.50	1.45531e-16
5336.00	1.32192e-16
5337.50	1.22717e-16
5339.00	1.47558e-16
5340.50	1.58858e-16
5342.00	1.5106e-16
5343.50	1.45834e-16
5345.00	1.6615e-16
5346.50	1.75937e-16
5348.00	1.42221e-16
5349.50	1.59372e-16
5351.00	1.82733e-16
5352.50	1.61737e-16
5354.00	1.44764e-16
5355.50	1.39534e-16
5357.00	1.56709e-16
5358.50	1.52672e-16
5360.00	1.48133e-16
5361.50	1.33567e-16
5363.00	1.46004e-16
5364.50	1.40791e-16
5366.00	1.50438e-16
5367.50	1.63541e-16
5369.00	1.46137e-16
5370.50	1.3544e-16
5372.00	1.63688e-16
5373.50	1.50204e-16
5375.00	1.53647e-16
5376.50	1.11669e-16
5378.00	1.21666e-16
5379.50	1.48893e-16
5381.00	1.59885e-16
5382.50	1.32855e-16
5384.00	1.49829e-16
5385.50	1.62324e-16
5387.00	1.75143e-16
5388.50	1.53051e-16
5390.00	1.4635e-16
5391.50	1.46952e-16
5393.00	1.65127e-16
5394.50	1.68351e-16
5396.00	1.69924e-16
5397.50	1.89247e-16
5399.00	1.63e-16
5400.50	1.64857e-16
5402.00	1.71856e-16
5403.50	1.6243e-16
5405.00	1.66894e-16
5406.50	1.57943e-16
5408.00	1.48407e-16
5409.50	1.38723e-16
5411.00	1.439e-16
5412.50	1.4421e-16
5414.00	1.18862e-16
5415.50	1.45131e-16
5417.00	1.71006e-16
5418.50	1.4639e-16
5420.00	1.38761e-16
5421.50	1.43694e-16
5423.00	1.11262e-16
5424.50	1.33887e-16
5426.00	1.62279e-16
5427.50	1.67378e-16
5429.00	1.46638e-16
5430.50	1.43749e-16
5432.00	1.79869e-16
5433.50	1.5174e-16
5435.00	1.32757e-16
5436.50	1.39603e-16
5438.00	1.1729e-16
5439.50	1.26562e-16
5441.00	1.60757e-16
5442.50	1.83416e-16
5444.00	1.66012e-16
5445.50	1.23868e-16
5447.00	1.21349e-16
5448.50	1.42484e-16
5450.00	1.44168e-16
5451.50	1.45366e-16
5453.00	1.5499e-16
5454.50	1.63259e-16
5456.00	1.81503e-16
5457.50	1.93301e-16
5459.00	1.80715e-16
5460.50	1.87397e-16
5462.00	1.68402e-16
5463.50	1.7593e-16
5465.00	1.7647e-16
5466.50	1.50641e-16
5468.00	1.75652e-16
5469.50	1.92501e-16
5471.00	1.73596e-16
5472.50	1.55417e-16
5474.00	1.6655e-16
5475.50	1.84429e-16
5477.00	1.58659e-16
5478.50	1.40227e-16
5480.00	1.42779e-16
5481.50	1.6007e-16
5483.00	1.89836e-16
5484.50	1.82328e-16
5486.00	2.00601e-16
5487.50	1.74027e-16
5489.00	1.39031e-16
5490.50	1.73135e-16
5492.00	1.75385e-16
5493.50	1.97415e-16
5495.00	1.8449e-16
5496.50	1.6542e-16
5498.00	1.85602e-16
5499.50	1.62499e-16
5501.00	1.8322e-16
5502.50	2.12347e-16
5504.00	1.92002e-16
5505.50	1.90005e-16
5507.00	2.01305e-16
5508.50	1.99097e-16
5510.00	1.99106e-16
5511.50	1.78466e-16
5513.00	1.86521e-16
5514.50	1.54611e-16
5516.00	1.71322e-16
5517.50	1.90773e-16
5519.00	1.81217e-16
5520.50	1.85727e-16
5522.00	1.74771e-16
5523.50	1.60381e-16
5525.00	1.67135e-16
5526.50	1.94992e-16
5528.00	1.94097e-16
5529.50	1.9018e-16
5531.00	1.53498e-16
5532.50	1.35817e-16
5534.00	1.55156e-16
5535.50	1.58998e-16
5537.00	1.63455e-16
5538.50	1.84986e-16
5540.00	1.60451e-16
5541.50	1.47019e-16
5543.00	1.83384e-16
5544.50	1.89568e-16
5546.00	1.87679e-16
5547.50	2.12114e-16
5549.00	1.7607e-16
5550.50	2.01177e-16
5552.00	1.78784e-16
5553.50	1.804e-16
5555.00	1.65319e-16
5556.50	1.65944e-16
5558.00	2.09162e-16
5559.50	1.79773e-16
5561.00	1.8934e-16
5562.50	1.93854e-16
5564.00	2.04715e-16
5565.50	1.75695e-16
5567.00	2.01014e-16
5568.50	2.12241e-16
5570.00	2.24616e-16
5571.50	2.08419e-16
5573.00	1.50385e-16
5574.50	1.99448e-16
5576.00	2.42928e-16
5577.50	2.4422e-16
5579.00	2.28666e-16
5580.50	2.26883e-16
5582.00	1.73235e-16
5583.50	1.66448e-16
5585.00	1.69635e-16
5586.50	1.78767e-16
5588.00	1.96391e-16
5589.50	1.72355e-16
5591.00	1.75851e-16
5592.50	1.96159e-16
5594.00	2.02285e-16
5595.50	2.00867e-16
5597.00	2.1815e-16
5598.50	1.95538e-16
5600.00	1.58595e-16
5601.50	1.56608e-16
5603.00	2.06812e-16
5604.50	2.0199e-16
5606.00	1.78951e-16
5607.50	1.80019e-16
5609.00	1.88529e-16
5610.50	1.68546e-16
5612.00	1.45122e-16
5613.50	1.65178e-16
5615.00	1.66598e-16
5616.50	1.52688e-16
5618.00	1.56036e-16
5619.50	1.48394e-16
5621.00	1.30927e-16
5622.50	1.38489e-16
5624.00	1.45461e-16
5625.50	1.55234e-16
5627.00	1.61224e-16
5628.50	1.4557e-16
5630.00	1.62769e-16
5631.50	1.57854e-16
5633.00	1.463e-16
5634.50	1.59605e-16
5636.00	1.49536e-16
5637.50	1.49099e-16
5639.00	1.53094e-16
5640.50	1.43496e-16
5642.00	1.39062e-16
5643.50	1.5474e-16
5645.00	1.63144e-16
5646.50	1.49924e-16
5648.00	1.49541e-16
5649.50	1.63041e-16
5651.00	1.64287e-16
5652.50	1.71374e-16
5654.00	1.86842e-16
5655.50	1.68702e-16
5657.00	1.74871e-16
5658.50	1.78202e-16
5660.00	1.77134e-16
5661.50	1.83232e-16
5663.00	1.72165e-16
5664.50	1.61223e-16
5666.00	1.58618e-16
5667.50	1.67976e-16
5669.00	1.73391e-16
5670.50	1.77189e-16
5672.00	1.75355e-16
5673.50	1.90677e-16
5675.00	1.66596e-16
5676.50	2.09385e-16
5678.00	2.12049e-16
5679.50	1.95109e-16
5681.00	1.92668e-16
5682.50	2.12906e-16
5684.00	2.1908e-16
5685.50	1.82961e-16
5687.00	1.99387e-16
5688.50	2.1704e-16
5690.00	1.96491e-16
5691.50	2.23574e-16
5693.00	2.14001e-16
5694.50	2.23028e-16
5696.00	2.06757e-16
5697.50	1.87171e-16
5699.00	2.02499e-16
5700.50	2.17805e-16
5702.00	2.2526e-16
5703.50	2.18376e-16
5705.00	2.0025e-16
5706.50	1.89901e-16
5708.00	1.93944e-16
5709.50	1.72157e-16
5711.00	1.51617e-16
5712.50	1.81359e-16
5714.00	1.85084e-16
5715.50	1.87699e-16
5717.00	1.98126e-16
5718.50	1.75059e-16
5720.00	1.93212e-16
5721.50	2.0238e-16
5723.00	1.99461e-16
5724.50	2.04717e-16
5726.00	1.71801e-16
5727.50	1.62463e-16
5729.00	1.63693e-16
5730.50	1.86992e-16
5732.00	1.83914e-16
5733.50	1.57691e-16
5735.00	2.01975e-16
5736.50	2.05711e-16
5738.00	1.85889e-16
5739.50	1.9624e-16
5741.00	1.55321e-16
5742.50	1.71726e-16
5744.00	1.68388e-16
5745.50	1.47837e-16
5747.00	1.48155e-16
5748.50	1.38858e-16
5750.00	1.54898e-16
5751.50	1.50342e-16
5753.00	1.40434e-16
5754.50	1.49395e-16
5756.00	1.43337e-16
5757.50	1.45438e-16
5759.00	1.37271e-16
5760.50	1.22011e-16
5762.00	1.39161e-16
5763.50	1.55488e-16
5765.00	1.29052e-16
5766.50	1.25354e-16
5768.00	1.66995e-16
5769.50	1.65151e-16
5771.00	1.34755e-16
5772.50	1.42355e-16
5774.00	1.53288e-16
5775.50	1.4477e-16
5777.00	1.53418e-16
5778.50	1.42621e-16
5780.00	1.41137e-16
5781.50	1.51e-16
5783.00	1.60889e-16
5784.50	1.42957e-16
5786.00	1.24785e-16
5787.50	1.41713e-16
5789.00	1.26745e-16
5790.50	1.26462e-16
5792.00	1.61645e-16
5793.50	1.81897e-16
5795.00	1.72773e-16
5796.50	1.60496e-16
5798.00	1.56647e-16
5799.50	1.65704e-16
5801.00	1.7936e-16
5802.50	1.59902e-16
5804.00	1.38313e-16
5805.50	1.54919e-16
5807.00	1.96915e-16
5808.50	1.74082e-16
5810.00	1.9196e-16
5811.50	2.12307e-16
5813.00	1.60572e-16
5814.50	1.491e-16
5816.00	1.5811e-16
5817.50	1.71667e-16
5819.00	1.83039e-16
5820.50	1.9408e-16
5822.00	1.96872e-16
5823.50	1.90579e-16
5825.00	2.02609e-16
5826.50	1.90758e-16
5828.00	1.77002e-16
5829.50	1.80338e-16
5831.00	1.76975e-16
5832.50	1.81889e-16
5834.00	1.93118e-16
5835.50	2.22433e-16
5837.00	2.03979e-16
5838.50	2.05436e-16
5840.00	2.09828e-16
5841.50	1.94825e-16
5843.00	1.98549e-16
5844.50	1.81383e-16
5846.00	1.92061e-16
5847.50	2.07694e-16
5849.00	1.78594e-16
5850.50	1.88612e-16
5852.00	1.9206e-16
5853.50	1.65452e-16
5855.00	2.12322e-16
5856.50	2.34607e-16
5858.00	2.10306e-16
5859.50	1.96748e-16
5861.00	1.88862e-16
5862.50	1.69452e-16
5864.00	1.26999e-16
5865.50	1.87854e-16
5867.00	1.58789e-16
5868.50	1.64667e-16
5870.00	1.59842e-16
5871.50	1.51141e-16
5873.00	1.71282e-16
5874.50	1.74195e-16
5876.00	1.82806e-16
5877.50	1.58829e-16
5879.00	1.46447e-16
5880.50	1.52012e-16
5882.00	1.59577e-16
5883.50	1.67983e-16
5885.00	1.69108e-16
5886.50	1.86052e-16
5888.00	2.00814e-16
5889.50	1.7488e-16
5891.00	1.15687e-16
5892.50	1.18844e-16
5894.00	1.48985e-16
5895.50	1.41168e-16
5897.00	1.27128e-16
5898.50	1.59201e-16
5900.00	2.10592e-16
5901.50	2.1391e-16
5903.00	1.7557e-16
5904.50	1.71626e-16
5906.00	1.95618e-16
5907.50	1.82833e-16
5909.00	1.49015e-16
5910.50	1.41856e-16
5912.00	1.59677e-16
5913.50	1.55427e-16
5915.00	1.52115e-16
5916.50	1.64405e-16
5918.00	1.62476e-16
5919.50	1.491e-16
5921.00	1.46834e-16
5922.50	1.48088e-16
5924.00	1.32063e-16
5925.50	1.22813e-16
5927.00	1.34105e-16
5928.50	1.65419e-16
5930.00	1.73504e-16
5931.50	1.58268e-16
5933.00	1.4506e-16
5934.50	1.47691e-16
5936.00	1.44788e-16
5937.50	1.48644e-16
5939.00	1.62724e-16
5940.50	1.32509e-16
5942.00	1.15399e-16
5943.50	1.31544e-16
5945.00	1.52094e-16
5946.50	1.48546e-16
5948.00	1.43892e-16
5949.50	1.48502e-16
5951.00	1.55118e-16
5952.50	1.5852e-16
5954.00	1.44545e-16
5955.50	1.19686e-16
5957.00	1.24783e-16
5958.50	1.26414e-16
5960.00	1.46611e-16
5961.50	1.4527e-16
5963.00	1.20845e-16
5964.50	1.35292e-16
5966.00	1.45167e-16
5967.50	1.08642e-16
5969.00	1.3427e-16
5970.50	1.48776e-16
5972.00	9.83531e-17
5973.50	1.07267e-16
5975.00	1.21473e-16
5976.50	1.19372e-16
5978.00	1.13625e-16
5979.50	1.0286e-16
5981.00	1.31906e-16
5982.50	1.14804e-16
5984.00	7.9765e-17
5985.50	1.00303e-16
5987.00	1.32574e-16
5988.50	1.1274e-16
5990.00	1.23711e-16
5991.50	1.07874e-16
5993.00	9.7604e-17
5994.50	1.04254e-16
5996.00	1.06389e-16
5997.50	9.24083e-17
5999.00	9.80573e-17
6000.50	1.10977e-16
6002.00	1.12972e-16
6003.50	9.79709e-17
6005.00	1.12778e-16
6006.50	1.0032e-16
6008.00	9.32624e-17
6009.50	1.13841e-16
6011.00	1.19816e-16
6012.50	1.31389e-16
6014.00	1.42181e-16
6015.50	1.26703e-16
6017.00	1.22838e-16
6018.50	1.35842e-16
6020.00	1.34583e-16
6021.50	1.62345e-16
6023.00	1.60142e-16
6024.50	1.45889e-16
6026.00	1.50405e-16
6027.50	1.48085e-16
6029.00	1.60993e-16
6030.50	1.62324e-16
6032.00	1.83767e-16
6033.50	2.0162e-16
6035.00	1.81915e-16
6036.50	1.96229e-16
6038.00	2.13919e-16
6039.50	2.08821e-16
6041.00	2.24053e-16
6042.50	1.97267e-16
6044.00	1.62378e-16
6045.50	1.92069e-16
6047.00	2.05546e-16
6048.50	9.61082e-17
6050.00	9.798e-17
6051.50	1.74559e-16
6053.00	2.02014e-16
6054.50	2.12884e-16
6056.00	1.84346e-16
6057.50	1.42498e-16
6059.00	1.59968e-16
6060.50	1.92199e-16
6062.00	1.63e-16
6063.50	1.74813e-16
6065.00	1.93508e-16
6066.50	1.85945e-16
6068.00	1.88639e-16
6069.50	2.03658e-16
6071.00	2.0645e-16
6072.50	2.02283e-16
6074.00	2.08784e-16
6075.50	2.02431e-16
6077.00	1.86443e-16
6078.50	1.75861e-16
6080.00	1.7325e-16
6081.50	1.77951e-16
6083.00	1.82361e-16
6084.50	1.83294e-16
6086.00	2.08095e-16
6087.50	2.13511e-16
6089.00	2.12187e-16
6090.50	2.02118e-16
6092.00	1.77204e-16
6093.50	1.82211e-16
6095.00	1.88291e-16
6096.50	1.97823e-16
6098.00	1.97487e-16
6099.50	1.69152e-16
6101.00	1.40308e-16
6102.50	1.54875e-16
6104.00	1.82068e-16
6105.50	1.92295e-16
6107.00	2.15243e-16
6108.50	1.88354e-16
6110.00	1.88825e-16
6111.50	1.98449e-16
6113.00	1.92317e-16
6114.50	1.51134e-16
6116.00	1.63978e-16
6117.50	1.76755e-16
6119.00	1.81703e-16
6120.50	1.89333e-16
6122.00	1.75376e-16
6123.50	1.72552e-16
6125.00	1.61582e-16
6126.50	1.74289e-16
6128.00	1.75545e-16
6129.50	1.80233e-16
6131.00	1.77557e-16
6132.50	1.66016e-16
6134.00	1.56183e-16
6135.50	1.6941e-16
6137.00	1.68997e-16
6138.50	1.61959e-16
6140.00	1.60489e-16
6141.50	1.69217e-16
6143.00	1.65942e-16
6144.50	1.63299e-16
6146.00	1.8608e-16
6147.50	1.8746e-16
6149.00	1.61367e-16
6150.50	1.52053e-16
6152.00	1.43191e-16
6153.50	1.69168e-16
6155.00	1.76282e-16
6156.50	1.86e-16
6158.00	1.56515e-16
6159.50	1.49675e-16
6161.00	1.82636e-16
6162.50	1.91219e-16
6164.00	1.69386e-16
6165.50	1.58642e-16
6167.00	1.91233e-16
6168.50	1.93992e-16
6170.00	1.67658e-16
6171.50	1.64855e-16
6173.00	1.64143e-16
6174.50	1.86544e-16
6176.00	1.77066e-16
6177.50	1.62734e-16
6179.00	1.62426e-16
6180.50	1.68761e-16
6182.00	1.55891e-16
6183.50	1.65308e-16
6185.00	1.90847e-16
6186.50	1.76141e-16
6188.00	1.55339e-16
6189.50	1.65223e-16
6191.00	1.6751e-16
6192.50	1.59193e-16
6194.00	1.79596e-16
6195.50	1.81415e-16
6197.00	1.44064e-16
6198.50	1.49668e-16
6200.00	1.69895e-16
6201.50	1.72819e-16
6203.00	1.80277e-16
6204.50	1.79467e-16
6206.00	1.78979e-16
6207.50	1.78588e-16
6209.00	1.79433e-16
6210.50	1.6972e-16
6212.00	1.69731e-16
6213.50	1.5632e-16
6215.00	1.57223e-16
6216.50	1.77326e-16
6218.00	1.62464e-16
6219.50	1.6419e-16
6221.00	1.46334e-16
6222.50	1.58864e-16
6224.00	1.50807e-16
6225.50	1.65333e-16
6227.00	1.83988e-16
6228.50	1.57672e-16
6230.00	1.45179e-16
6231.50	1.6581e-16
6233.00	1.68738e-16
6234.50	1.72388e-16
6236.00	1.43529e-16
6237.50	1.54742e-16
6239.00	1.36797e-16
6240.50	1.57877e-16
6242.00	1.56351e-16
6243.50	1.83993e-16
6245.00	1.71352e-16
6246.50	1.52451e-16
6248.00	1.70244e-16
6249.50	1.76192e-16
6251.00	1.44883e-16
6252.50	1.52831e-16
6254.00	1.50159e-16
6255.50	1.19657e-16
6257.00	1.47216e-16
6258.50	1.8021e-16
6260.00	1.56767e-16
6261.50	1.29288e-16
6263.00	1.63517e-16
6264.50	1.5785e-16
6266.00	1.45931e-16
6267.50	1.69333e-16
6269.00	1.43439e-16
6270.50	1.22011e-16
6272.00	1.12627e-16
6273.50	1.28031e-16
6275.00	1.26226e-16
6276.50	1.44865e-16
6278.00	1.422e-16
6279.50	1.53884e-16
6281.00	1.6946e-16
6282.50	1.74488e-16
6284.00	1.78265e-16
6285.50	1.59715e-16
6287.00	1.86552e-16
6288.50	1.92601e-16
6290.00	1.42679e-16
6291.50	1.62505e-16
6293.00	1.54304e-16
6294.50	1.60614e-16
6296.00	1.86479e-16
6297.50	2.06733e-16
6299.00	1.56761e-16
6300.50	1.36198e-16
6302.00	1.56333e-16
6303.50	1.70438e-16
6305.00	1.71529e-16
6306.50	1.84152e-16
6308.00	1.6135e-16
6309.50	1.66568e-16
6311.00	1.65422e-16
6312.50	1.72976e-16
6314.00	1.69299e-16
6315.50	1.55007e-16
6317.00	1.63637e-16
6318.50	1.68345e-16
6320.00	1.67422e-16
6321.50	1.77569e-16
6323.00	1.79195e-16
6324.50	1.62772e-16
6326.00	1.62258e-16
6327.50	1.72012e-16
6329.00	1.89347e-16
6330.50	1.90757e-16
6332.00	1.86445e-16
6333.50	1.73495e-16
6335.00	1.41106e-16
6336.50	1.4088e-16
6338.00	1.47363e-16
6339.50	1.48153e-16
6341.00	1.45842e-16
6342.50	1.59586e-16
6344.00	1.62971e-16
6345.50	1.51916e-16
6347.00	1.5501e-16
6348.50	1.63523e-16
6350.00	1.59361e-16
6351.50	1.60082e-16
6353.00	1.52868e-16
6354.50	1.5524e-16
6356.00	1.57579e-16
6357.50	1.6824e-16
6359.00	1.46473e-16
6360.50	1.41151e-16
6362.00	1.61432e-16
6363.50	1.57308e-16
6365.00	1.19087e-16
6366.50	1.20386e-16
6368.00	1.36505e-16
6369.50	1.43217e-16
6371.00	1.229e-16
6372.50	1.22012e-16
6374.00	1.17215e-16
6375.50	1.3321e-16
6377.00	1.26088e-16
6378.50	1.07725e-16
6380.00	1.16587e-16
6381.50	1.25755e-16
6383.00	1.33305e-16
6384.50	1.32498e-16
6386.00	1.26362e-16
6387.50	1.03372e-16
6389.00	1.23645e-16
6390.50	1.42191e-16
6392.00	1.49329e-16
6393.50	1.43736e-16
6395.00	1.59869e-16
6396.50	1.55677e-16
6398.00	1.52328e-16
6399.50	1.75933e-16
6401.00	1.5697e-16
6402.50	1.63451e-16
6404.00	1.66522e-16
6405.50	1.61137e-16
6407.00	1.65141e-16
6408.50	1.5724e-16
6410.00	1.38025e-16
6411.50	1.60582e-16
6413.00	1.60751e-16
6414.50	1.65803e-16
6416.00	1.72334e-16
6417.50	1.40888e-16
6419.00	1.65776e-16
6420.50	1.50251e-16
6422.00	1.7677e-16
6423.50	1.77298e-16
6425.00	1.55379e-16
6426.50	1.5673e-16
6428.00	1.68752e-16
6429.50	1.6795e-16
6431.00	1.6266e-16
6432.50	1.59385e-16
6434.00	1.49497e-16
6435.50	1.57498e-16
6437.00	1.46262e-16
6438.50	1.53604e-16
6440.00	1.67517e-16
6441.50	1.72719e-16
6443.00	1.61563e-16
6444.50	1.43474e-16
6446.00	1.36939e-16
6447.50	1.66948e-16
6449.00	1.64063e-16
6450.50	1.44226e-16
6452.00	1.4888e-16
6453.50	1.49468e-16
6455.00	1.57175e-16
6456.50	1.60644e-16
6458.00	1.71174e-16
6459.50	1.84698e-16
6461.00	1.67892e-16
6462.50	1.62745e-16
6464.00	1.77963e-16
6465.50	1.58783e-16
6467.00	1.48476e-16
6468.50	1.51464e-16
6470.00	1.54261e-16
6471.50	1.6041e-16
6473.00	1.29085e-16
6474.50	1.29118e-16
6476.00	1.44289e-16
6477.50	1.54679e-16
6479.00	1.4266e-16
6480.50	1.06757e-16
6482.00	1.18475e-16
6483.50	1.35511e-16
6485.00	1.4792e-16
6486.50	1.61604e-16
6488.00	1.53677e-16
6489.50	1.30275e-16
6491.00	1.35519e-16
6492.50	1.52175e-16
6494.00	1.54818e-16
6495.50	1.44278e-16
6497.00	1.57551e-16
6498.50	1.51086e-16
6500.00	1.2129e-16
6501.50	1.38808e-16
6503.00	1.65215e-16
6504.50	1.62966e-16
6506.00	1.51565e-16
6507.50	1.47244e-16
6509.00	1.53282e-16
6510.50	1.69442e-16
6512.00	1.77484e-16
6513.50	1.64894e-16
6515.00	1.30071e-16
6516.50	1.18098e-16
6518.00	1.41746e-16
6519.50	1.51349e-16
6521.00	1.6242e-16
6522.50	1.4665e-16
6524.00	1.55174e-16
6525.50	1.33935e-16
6527.00	1.36767e-16
6528.50	1.67254e-16
6530.00	1.60741e-16
6531.50	1.56258e-16
6533.00	1.48018e-16
6534.50	1.35584e-16
6536.00	1.30843e-16
6537.50	1.53324e-16
6539.00	1.67751e-16
6540.50	1.50272e-16
6542.00	1.33244e-16
6543.50	1.40662e-16
6545.00	1.39465e-16
6546.50	1.39683e-16
6548.00	1.24419e-16
6549.50	1.31922e-16
6551.00	1.22026e-16
6552.50	1.28756e-16
6554.00	1.53259e-16
6555.50	1.41424e-16
6557.00	1.21263e-16
6558.50	1.13363e-16
6560.00	1.37612e-16
6561.50	1.55837e-16
6563.00	1.26859e-16
6564.50	1.19528e-16
6566.00	1.23202e-16
6567.50	1.37716e-16
6569.00	1.18402e-16
6570.50	9.46831e-17
6572.00	1.10652e-16
6573.50	1.1363e-16
6575.00	1.22034e-16
6576.50	1.21563e-16
6578.00	1.03943e-16
6579.50	1.23356e-16
6581.00	1.24779e-16
6582.50	8.66593e-17
6584.00	8.95302e-17
6585.50	1.13575e-16
6587.00	1.02672e-16
6588.50	1.20344e-16
6590.00	1.50144e-16
6591.50	1.44833e-16
6593.00	1.28721e-16
6594.50	1.04296e-16
6596.00	1.15679e-16
6597.50	1.31363e-16
6599.00	1.22216e-16
6600.50	1.16002e-16
6602.00	1.16747e-16
6603.50	9.7708e-17
6605.00	1.1844e-16
6606.50	1.17681e-16
6608.00	1.12962e-16
6609.50	1.31275e-16
6611.00	1.14483e-16
6612.50	1.10456e-16
6614.00	1.11511e-16
6615.50	1.06088e-16
6617.00	1.16104e-16
6618.50	9.7612e-17
6620.00	7.8029e-17
6621.50	1.11021e-16
6623.00	1.12574e-16
6624.50	9.03885e-17
6626.00	1.09255e-16
6627.50	1.23123e-16
6629.00	1.05293e-16
6630.50	8.23608e-17
6632.00	7.98173e-17
6633.50	7.66115e-17
6635.00	7.70595e-17
6636.50	8.90008e-17
6638.00	8.51809e-17
6639.50	9.70544e-17
6641.00	1.12985e-16
6642.50	1.07562e-16
6644.00	1.03686e-16
6645.50	1.05901e-16
6647.00	1.18091e-16
6648.50	9.83623e-17
6650.00	1.03645e-16
6651.50	1.07351e-16
6653.00	9.4161e-17
6654.50	1.09735e-16
6656.00	8.62162e-17
6657.50	8.1461e-17
6659.00	1.08127e-16
6660.50	1.16875e-16
6662.00	1.17311e-16
6663.50	1.17064e-16
6665.00	9.76158e-17
6666.50	1.01603e-16
6668.00	1.08539e-16
6669.50	1.12129e-16
6671.00	1.01007e-16
6672.50	1.07619e-16
6674.00	1.04446e-16
6675.50	1.10206e-16
6677.00	1.19625e-16
6678.50	1.05377e-16
6680.00	8.77349e-17
6681.50	8.8257e-17
6683.00	8.87791e-17
6684.50	8.93012e-17
6686.00	8.98233e-17
6689.00	9.65709e-17
6690.50	1.4176e-16
6692.00	1.38074e-16
6693.50	1.33907e-16
6695.00	1.53149e-16
6696.50	1.52848e-16
6698.00	1.54655e-16
6699.50	1.61664e-16
6701.00	1.78423e-16
6702.50	1.88253e-16
6704.00	2.17911e-16
6705.50	1.97492e-16
6707.00	1.95452e-16
6708.50	2.08119e-16
6710.00	2.11428e-16
6711.50	2.13494e-16
6713.00	2.19759e-16
6714.50	2.49625e-16
6716.00	2.26071e-16
6717.50	2.23899e-16
6719.00	2.25176e-16
6720.50	2.02601e-16
6722.00	2.38991e-16
6723.50	2.38382e-16
6725.00	2.32377e-16
6726.50	2.08816e-16
6728.00	2.13015e-16
6729.50	2.2663e-16
6731.00	2.49254e-16
6732.50	2.73316e-16
6734.00	2.89397e-16
6735.50	2.4505e-16
6737.00	2.09216e-16
6738.50	2.28324e-16
6740.00	2.29487e-16
6741.50	2.13201e-16
6743.00	2.28551e-16
6744.50	2.81267e-16
6746.00	3.48412e-16
6747.50	4.15565e-16
6749.00	4.23243e-16
6750.50	3.744e-16
6752.00	3.10207e-16
6753.50	2.28712e-16
6755.00	2.08481e-16
6756.50	2.10289e-16
6758.00	2.03163e-16
6759.50	2.18728e-16
6761.00	2.30119e-16
6762.50	2.20053e-16
6764.00	2.15514e-16
6765.50	2.40121e-16
6767.00	2.84312e-16
6768.50	2.98593e-16
6770.00	3.02035e-16
6771.50	2.65413e-16
6773.00	2.23495e-16
6774.50	2.37862e-16
6776.00	2.11571e-16
6777.50	2.0293e-16
6779.00	2.19391e-16
6780.50	2.02713e-16
6782.00	2.0421e-16
6783.50	1.89028e-16
6785.00	1.71521e-16
6786.50	1.97208e-16
6788.00	2.02169e-16
6789.50	1.97571e-16
6791.00	2.14557e-16
6792.50	2.13083e-16
6794.00	2.03613e-16
6795.50	1.94774e-16
6797.00	1.75621e-16
6798.50	1.84289e-16
6800.00	1.92317e-16
6801.50	1.86645e-16
6803.00	1.78489e-16
6804.50	1.82776e-16
6806.00	1.88435e-16
6807.50	1.80286e-16
6809.00	1.78801e-16
6810.50	1.83466e-16
6812.00	1.85091e-16
6813.50	1.9725e-16
6815.00	1.79444e-16
6816.50	1.65473e-16
6818.00	1.80961e-16
6819.50	1.77192e-16
6821.00	1.70806e-16
6822.50	1.63884e-16
6824.00	1.74384e-16
6825.50	1.81968e-16
6827.00	1.89891e-16
6828.50	2.08283e-16
6830.00	1.5073e-16
6831.50	1.59797e-16
6833.00	1.63015e-16
6834.50	1.60854e-16
6836.00	1.37385e-16
6837.50	1.71286e-16
6839.00	1.74159e-16
6840.50	1.72564e-16
6842.00	1.4946e-16
6843.50	1.66646e-16
6845.00	1.52272e-16
6846.50	1.53212e-16
6848.00	1.45404e-16
6849.50	1.42519e-16
6851.00	1.53906e-16
6852.50	1.67917e-16
6854.00	1.70989e-16
6855.50	1.54354e-16
6857.00	1.45629e-16
6858.50	1.47146e-16
6860.00	1.6104e-16
6861.50	1.59838e-16
6863.00	1.82133e-16
6864.50	1.9322e-16
6866.00	1.71091e-16
6867.50	1.2891e-16
6869.00	1.15782e-16
6870.50	1.23409e-16
6872.00	1.4678e-16
6873.50	1.30372e-16
6875.00	1.2755e-16
6876.50	1.50654e-16
6878.00	1.5658e-16
6879.50	1.52953e-16
6881.00	1.73086e-16
6882.50	1.7443e-16
6884.00	1.74112e-16
6885.50	1.69353e-16
6887.00	1.54444e-16
6888.50	1.66606e-16
6890.00	1.65525e-16
6891.50	1.60534e-16
6893.00	1.38407e-16
6894.50	1.51375e-16
6896.00	1.79142e-16
6897.50	1.34329e-16
6899.00	1.29975e-16
6900.50	1.57739e-16
6902.00	1.89995e-16
6903.50	1.92626e-16
6905.00	1.74544e-16
6906.50	1.61226e-16
6908.00	1.82559e-16
6909.50	1.65619e-16
6911.00	1.55289e-16
6912.50	1.33665e-16
6914.00	1.28439e-16
6915.50	1.54698e-16
6917.00	1.6027e-16
6918.50	1.56175e-16
6920.00	1.69492e-16
6921.50	1.76008e-16
6923.00	1.79524e-16
6924.50	1.66013e-16
6926.00	1.64703e-16
6927.50	1.64392e-16
6929.00	1.30039e-16
6930.50	1.19509e-16
6932.00	1.34426e-16
6933.50	1.32206e-16
6935.00	1.33253e-16
6936.50	1.38841e-16
6938.00	1.44885e-16
6939.50	1.35555e-16
6941.00	1.21012e-16
6942.50	1.26172e-16
6944.00	1.43481e-16
6945.50	1.35526e-16
6947.00	1.1599e-16
6948.50	1.3299e-16
6950.00	1.62866e-16
6951.50	1.77402e-16
6953.00	1.62658e-16
6954.50	1.15775e-16
6956.00	1.29365e-16
6957.50	1.50654e-16
6959.00	1.39995e-16
6960.50	1.33558e-16
6962.00	1.43724e-16
6963.50	1.46517e-16
6965.00	1.45966e-16
6966.50	1.39188e-16
6968.00	1.39039e-16
6969.50	1.40427e-16
6971.00	1.28486e-16
6972.50	1.51267e-16
6974.00	1.41299e-16
6975.50	1.23028e-16
6977.00	1.16605e-16
6978.50	1.27452e-16
6980.00	1.19078e-16
6981.50	1.20354e-16
6983.00	1.53779e-16
6984.50	1.64939e-16
6986.00	1.59587e-16
6987.50	1.36799e-16
6989.00	1.37864e-16
6990.50	1.53397e-16
6992.00	1.43255e-16
6993.50	1.37732e-16
6995.00	1.28755e-16
6996.50	1.2775e-16
6998.00	1.47403e-16
6999.50	1.33663e-16
7001.00	1.49424e-16
7002.50	1.47045e-16
7004.00	1.45625e-16
7005.50	1.57299e-16
7007.00	1.4106e-16
7008.50	1.29606e-16
7010.00	1.39193e-16
7011.50	1.3196e-16
7013.00	1.55269e-16
7014.50	1.44811e-16
7016.00	1.15118e-16
7017.50	1.45801e-16
7019.00	1.28322e-16
7020.50	1.25234e-16
7022.00	1.29502e-16
7023.50	1.42636e-16
7025.00	1.46179e-16
7026.50	1.6119e-16
7028.00	1.52999e-16
7029.50	1.52547e-16
7031.00	1.53772e-16
7032.50	1.6792e-16
7034.00	1.37729e-16
7035.50	1.16483e-16
7037.00	1.46472e-16
7038.50	1.61451e-16
7040.00	1.74266e-16
7041.50	1.369e-16
7043.00	1.25858e-16
7044.50	1.24138e-16
7046.00	1.2657e-16
7047.50	1.44066e-16
7049.00	1.52353e-16
7050.50	1.46848e-16
7052.00	1.33686e-16
7053.50	1.21366e-16
7055.00	1.35307e-16
7056.50	1.52209e-16
7058.00	1.38151e-16
7059.50	1.29753e-16
7061.00	1.42456e-16
7062.50	1.49265e-16
7064.00	1.54257e-16
7065.50	1.46063e-16
7067.00	1.39667e-16
7068.50	1.26168e-16
7070.00	1.25104e-16
7071.50	1.19961e-16
7073.00	1.39133e-16
7074.50	1.36306e-16
7076.00	1.12274e-16
7077.50	1.24894e-16
7079.00	1.38912e-16
7080.50	1.4018e-16
7082.00	1.50032e-16
7083.50	1.35037e-16
7085.00	1.27347e-16
7086.50	1.40809e-16
7088.00	1.31384e-16
7089.50	1.17751e-16
7091.00	1.23113e-16
7092.50	1.45236e-16
7094.00	1.48428e-16
7095.50	1.25213e-16
7097.00	1.35494e-16
7098.50	1.44346e-16
7100.00	1.48891e-16
7101.50	1.35882e-16
7103.00	1.44884e-16
7104.50	1.61861e-16
7106.00	1.36957e-16
7107.50	1.31264e-16
7109.00	1.41564e-16
7110.50	1.44419e-16
7112.00	1.47691e-16
7113.50	1.37095e-16
7115.00	1.17155e-16
7116.50	1.25381e-16
7118.00	1.25092e-16
7119.50	1.14654e-16
7121.00	1.14817e-16
7122.50	1.17528e-16
7124.00	1.24609e-16
7125.50	1.41716e-16
7127.00	1.47011e-16
7128.50	1.37988e-16
7130.00	1.31273e-16
7131.50	1.48648e-16
7133.00	1.30036e-16
7134.50	1.16571e-16
7136.00	1.22557e-16
7137.50	1.26819e-16
7139.00	1.34463e-16
7140.50	1.38306e-16
7142.00	1.26929e-16
7143.50	1.18648e-16
7145.00	1.2551e-16
7146.50	1.32885e-16
7148.00	1.55279e-16
7149.50	1.80501e-16
7151.00	2.00133e-16
7152.50	1.93128e-16
7154.00	1.55182e-16
7155.50	1.42564e-16
7157.00	1.25074e-16
7158.50	1.36846e-16
7160.00	1.12168e-16
7161.50	1.34685e-16
7163.00	1.32057e-16
7164.50	1.11544e-16
7166.00	1.45341e-16
7167.50	1.489e-16
7169.00	1.43062e-16
7170.50	1.44911e-16
7172.00	1.3837e-16
7173.50	1.37834e-16
7175.00	1.42817e-16
7176.50	1.74787e-16
7178.00	1.70483e-16
7179.50	1.42095e-16
7181.00	1.43053e-16
7182.50	1.51597e-16
7184.00	1.46066e-16
7185.50	1.32698e-16
7187.00	1.26265e-16
7188.50	1.49868e-16
7190.00	1.35432e-16
7191.50	1.09761e-16
7193.00	1.2377e-16
7194.50	1.57199e-16
7196.00	1.69948e-16
7197.50	1.44664e-16
7199.00	1.10879e-16
7200.50	1.35586e-16
7202.00	1.51575e-16
7203.50	1.50936e-16
7205.00	1.33486e-16
7206.50	1.25539e-16
7208.00	1.35982e-16
7209.50	1.58958e-16
7211.00	1.65296e-16
7212.50	1.60876e-16
7214.00	1.25054e-16
7215.50	1.13125e-16
7217.00	1.44894e-16
7218.50	1.27615e-16
7220.00	1.37083e-16
7221.50	1.2085e-16
7223.00	1.19516e-16
7224.50	1.20902e-16
7226.00	1.16996e-16
7227.50	1.50859e-16
7229.00	1.62443e-16
7230.50	1.32349e-16
7232.00	1.29634e-16
7233.50	1.52994e-16
7235.00	1.57961e-16
7236.50	1.56988e-16
7238.00	1.51374e-16
7239.50	1.42768e-16
7241.00	1.49269e-16
7242.50	1.60879e-16
7244.00	1.7165e-16
7245.50	1.48364e-16
7247.00	1.11667e-16
7248.50	1.12471e-16
7250.00	1.21005e-16
7251.50	1.28751e-16
7253.00	1.47373e-16
7254.50	1.66025e-16
7256.00	1.35512e-16
7257.50	1.3251e-16
7259.00	1.38162e-16
7260.50	1.46443e-16
7262.00	1.31653e-16
7263.50	1.26838e-16
7265.00	1.36183e-16
7266.50	1.53445e-16
7268.00	1.51052e-16
7269.50	1.27204e-16
7271.00	1.24658e-16
7272.50	1.28626e-16
7274.00	1.25561e-16
7275.50	1.46648e-16
7277.00	1.31479e-16
7278.50	1.12285e-16
7280.00	1.30865e-16
7281.50	1.10492e-16
7283.00	9.33913e-17
7284.50	9.94984e-17
7286.00	1.25128e-16
7287.50	1.33287e-16
7289.00	1.24335e-16
7290.50	1.3325e-16
7292.00	1.29217e-16
7293.50	1.0458e-16
7295.00	1.01184e-16
7296.50	1.23236e-16
7298.00	1.19446e-16
7299.50	1.13636e-16
7301.00	1.20142e-16
7302.50	1.32654e-16
7304.00	1.46581e-16
7305.50	1.29791e-16
7307.00	1.24779e-16
7308.50	1.31926e-16
7310.00	1.09941e-16
7311.50	1.08652e-16
7313.00	1.08807e-16
7314.50	1.25202e-16
7316.00	1.33883e-16
7317.50	9.98664e-17
7319.00	1.22223e-16
7320.50	1.36942e-16
7322.00	1.02731e-16
7323.50	1.23959e-16
7325.00	1.02674e-16
7326.50	8.8805e-17
7328.00	1.14075e-16
7329.50	1.33533e-16
7331.00	1.18455e-16
7332.50	1.32792e-16
7334.00	1.08333e-16
7335.50	1.13225e-16
7337.00	1.13785e-16
7338.50	1.04135e-16
7340.00	9.41999e-17
7341.50	9.19345e-17
7343.00	1.24504e-16
7344.50	1.12216e-16
7346.00	1.27463e-16
7347.50	1.25155e-16
7349.00	1.07102e-16
7350.50	1.1025e-16
7352.00	1.3316e-16
7353.50	1.19175e-16
7355.00	1.25919e-16
7356.50	1.27889e-16
7358.00	1.09086e-16
7359.50	1.2796e-16
7361.00	1.42906e-16
7362.50	1.10125e-16
7364.00	1.17472e-16
7365.50	1.1252e-16
7367.00	9.29167e-17
7368.50	8.74833e-17
7370.00	8.89792e-17
7371.50	1.02591e-16
7373.00	1.30154e-16
7374.50	1.12074e-16
7376.00	8.71214e-17
7377.50	9.94157e-17
7379.00	1.1915e-16
7380.50	1.19894e-16
7382.00	1.14476e-16
7383.50	1.10188e-16
7385.00	9.91529e-17
7386.50	1.07489e-16
7388.00	1.19336e-16
7389.50	1.24672e-16
7391.00	1.34413e-16
7392.50	1.31484e-16
7394.00	8.53218e-17
7395.50	1.37658e-16
7397.00	1.50106e-16
7398.50	1.53161e-16
7400.00	1.44666e-16
7401.50	1.41762e-16
7403.00	1.10743e-16
7404.50	9.99951e-17
7406.00	1.21624e-16
7407.50	1.43251e-16
7409.00	1.3389e-16
7410.50	1.39688e-16
7412.00	1.31837e-16
7413.50	1.28874e-16
7415.00	1.33269e-16
7416.50	1.28499e-16
7418.00	1.02962e-16
7419.50	1.00911e-16
7421.00	1.21986e-16
7422.50	1.38287e-16
7424.00	1.2308e-16
7425.50	1.32651e-16
7427.00	1.58065e-16
7428.50	1.50562e-16
7430.00	1.25374e-16
7431.50	1.13523e-16
7433.00	1.16473e-16
7434.50	1.28998e-16
7436.00	1.32798e-16
7437.50	1.43864e-16
7439.00	1.35054e-16
7440.50	1.22991e-16
7442.00	1.23772e-16
7443.50	1.12821e-16
7445.00	1.31014e-16
7446.50	1.33621e-16
7448.00	1.38225e-16
7449.50	1.13899e-16
7451.00	1.26166e-16
7452.50	1.38503e-16
7454.00	1.2789e-16
7455.50	1.19358e-16
7457.00	1.18576e-16
7458.50	1.07751e-16
7460.00	1.09546e-16
7461.50	1.16286e-16
7463.00	1.11505e-16
7464.50	1.12709e-16
7466.00	1.27357e-16
7467.50	1.21685e-16
7469.00	1.24231e-16
7470.50	1.40861e-16
7472.00	1.30217e-16
7473.50	1.17163e-16
7475.00	1.0771e-16
7476.50	9.82791e-17
7478.00	1.03315e-16
7479.50	1.0716e-16
7481.00	1.04657e-16
7482.50	1.10865e-16
7484.00	1.21936e-16
7485.50	1.30174e-16
7487.00	1.26496e-16
7488.50	1.20648e-16
7490.00	1.10479e-16
7491.50	1.10126e-16
7493.00	1.25183e-16
7494.50	1.24488e-16
7496.00	1.1463e-16
7497.50	1.0464e-16
7499.00	1.06762e-16
7500.50	1.12165e-16
7502.00	1.10361e-16
7503.50	1.18775e-16
7505.00	1.19734e-16
7506.50	1.02093e-16
7508.00	1.0686e-16
7509.50	1.20543e-16
7511.00	1.10859e-16
7512.50	1.06856e-16
7514.00	1.16461e-16
7515.50	1.1679e-16
7517.00	1.27139e-16
7518.50	1.23956e-16
7520.00	1.25019e-16
7521.50	1.06351e-16
7523.00	1.38007e-16
7524.50	1.28213e-16
7526.00	8.90269e-17
7527.50	1.23941e-16
7529.00	1.19415e-16
7530.50	1.3594e-16
7532.00	1.08738e-16
7533.50	1.29162e-16
7535.00	1.1667e-16
7536.50	9.23223e-17
7538.00	1.07147e-16
7539.50	1.25021e-16
7541.00	1.11917e-16
7542.50	1.10012e-16
7544.00	1.11618e-16
7545.50	1.20098e-16
7547.00	1.41819e-16
7548.50	1.29486e-16
7550.00	1.08212e-16
