       3250.4089   2.7004840e-15
       3251.3835   2.6708792e-15
       3252.3582   2.4613220e-15
       3253.3328   2.3755721e-15
       3254.3074   2.5126231e-15
       3255.2817   2.4908254e-15
       3256.2563   2.5958455e-15
       3257.2310   2.6764050e-15
       3258.2056   2.4746068e-15
       3259.1802   2.4686505e-15
       3260.1548   2.6093680e-15
       3261.1294   2.5177088e-15
       3262.1040   2.4150095e-15
       3263.0786   2.4401731e-15
       3264.0530   2.5683353e-15
       3265.0276   2.7183197e-15
       3266.0022   2.6723228e-15
       3266.9768   2.5629227e-15
       3267.9514   2.6029781e-15
       3268.9260   2.6542863e-15
       3269.9006   2.6145056e-15
       3270.8752   2.6141439e-15
       3271.8499   2.5750950e-15
       3272.8242   2.5126602e-15
       3273.7988   2.4666046e-15
       3274.7734   2.6508876e-15
       3275.7480   2.7727068e-15
       3276.7227   2.6712460e-15
       3277.6973   2.5724886e-15
       3278.6719   2.5560302e-15
       3279.6465   2.5549612e-15
       3280.6211   2.5275948e-15
       3281.5955   2.5163570e-15
       3282.5701   2.3912616e-15
       3283.5447   2.3011756e-15
       3284.5193   2.4132881e-15
       3285.4939   2.4862663e-15
       3286.4685   2.5522881e-15
       3287.4431   2.5763687e-15
       3288.4177   2.5893392e-15
       3289.3923   2.5665347e-15
       3290.3667   2.5225738e-15
       3291.3413   2.5176355e-15
       3292.3159   2.4504868e-15
       3293.2905   2.4447726e-15
       3294.2651   2.5268117e-15
       3295.2397   2.6410911e-15
       3296.2144   2.6307259e-15
       3297.1890   2.5234368e-15
       3298.1636   2.4935027e-15
       3299.1379   2.6341706e-15
       3300.1125   2.6872708e-15
       3301.0872   2.6383522e-15
       3302.0618   2.6732585e-15
       3303.0364   2.6292854e-15
       3304.0110   2.7045637e-15
       3304.9856   2.7451612e-15
       3305.9602   2.6293993e-15
       3306.9348   2.5578690e-15
       3307.9092   2.6152001e-15
       3308.8838   2.6607428e-15
       3309.8584   2.6091730e-15
       3310.8330   2.5496169e-15
       3311.8076   2.5172761e-15
       3312.7822   2.5364030e-15
       3313.7568   2.5418986e-15
       3314.7314   2.4739091e-15
       3315.7061   2.4813185e-15
       3316.6804   2.6066320e-15
       3317.6550   2.6069573e-15
       3318.6296   2.5268942e-15
       3319.6042   2.5657773e-15
       3320.5789   2.5842735e-15
       3321.5535   2.6383387e-15
       3322.5281   2.5977709e-15
       3323.5027   2.5147674e-15
       3324.4773   2.5556504e-15
       3325.4517   2.7001578e-15
       3326.4263   2.6957801e-15
       3327.4009   2.6066263e-15
       3328.3755   2.6600838e-15
       3329.3501   2.6908657e-15
       3330.3247   2.7120565e-15
       3331.2993   2.7628203e-15
       3332.2739   2.6902194e-15
       3333.2483   2.6519530e-15
       3334.2229   2.7248059e-15
       3335.1975   2.7307600e-15
       3336.1721   2.6475649e-15
       3337.1467   2.6232527e-15
       3338.1213   2.6787751e-15
       3339.0959   2.7091324e-15
       3340.0706   2.6298937e-15
       3341.0452   2.5890530e-15
       3342.0195   2.6004408e-15
       3342.9941   2.6604494e-15
       3343.9688   2.6720374e-15
       3344.9434   2.5828433e-15
       3345.9180   2.6237024e-15
       3346.8926   2.6853146e-15
       3347.8672   2.6482772e-15
       3348.8418   2.6009027e-15
       3349.8164   2.6313137e-15
       3350.7908   2.6884435e-15
       3351.7654   2.6721177e-15
       3352.7400   2.6245527e-15
       3353.7146   2.7074582e-15
       3354.6892   2.7217128e-15
       3355.6638   2.6142794e-15
       3356.6384   2.6280956e-15
       3357.6130   2.7006713e-15
       3358.5876   2.6920198e-15
       3359.5620   2.6427325e-15
       3360.5366   2.6580893e-15
       3361.5112   2.6234119e-15
       3362.4858   2.6883448e-15
       3363.4604   2.7038353e-15
       3364.4351   2.6186466e-15
       3365.4097   2.6724451e-15
       3366.3843   2.6762204e-15
       3367.3589   2.5744760e-15
       3368.3333   2.5606716e-15
       3369.3079   2.6154971e-15
       3370.2825   2.7134088e-15
       3371.2571   2.7224301e-15
       3372.2317   2.6628068e-15
       3373.2063   2.5957234e-15
       3374.1809   2.5745565e-15
       3375.1555   2.5751521e-15
       3376.1301   2.5900705e-15
       3377.1045   2.6614534e-15
       3378.0791   2.6814800e-15
       3379.0537   2.7016346e-15
       3380.0283   2.6916197e-15
       3381.0029   2.6166732e-15
       3381.9775   2.6385067e-15
       3382.9521   2.6107580e-15
       3383.9268   2.5978070e-15
       3384.9014   2.5498975e-15
       3385.8757   2.5128287e-15
       3386.8503   2.5457906e-15
       3387.8250   2.5758360e-15
       3388.7996   2.5549554e-15
       3389.7742   2.5509896e-15
       3390.7488   2.5359063e-15
       3391.7234   2.5691854e-15
       3392.6980   2.5418753e-15
       3393.6726   2.6092334e-15
       3394.6470   2.5284428e-15
       3395.6216   2.4804421e-15
       3396.5962   2.5880268e-15
       3397.5708   2.5839669e-15
       3398.5454   2.5445239e-15
       3399.5200   2.5620261e-15
       3400.4946   2.5866688e-15
       3401.4692   2.5401519e-15
       3402.4438   2.5167889e-15
       3403.4182   2.5309346e-15
       3404.3928   2.4887291e-15
       3405.3674   2.4919677e-15
       3406.3420   2.4611494e-15
       3407.3167   2.4554227e-15
       3408.2913   2.4380216e-15
       3409.2659   2.4196758e-15
       3410.2405   2.4844236e-15
       3411.2151   2.5797707e-15
       3412.1895   2.5580586e-15
       3413.1641   2.5691578e-15
       3414.1387   2.5431737e-15
       3415.1133   2.4404448e-15
       3416.0879   2.4542238e-15
       3417.0625   2.5344690e-15
       3418.0371   2.4502142e-15
       3419.0117   2.4014961e-15
       3419.9863   2.4899939e-15
       3420.9607   2.4666150e-15
       3421.9353   2.5210880e-15
       3422.9099   2.5328469e-15
       3423.8845   2.5100024e-15
       3424.8591   2.4795021e-15
       3425.8337   2.4489387e-15
       3426.8083   2.3534224e-15
       3427.7830   2.3592844e-15
       3428.7576   2.4100070e-15
       3429.7319   2.4007089e-15
       3430.7065   2.3783604e-15
       3431.6812   2.3648305e-15
       3432.6558   2.3824610e-15
       3433.6304   2.3039440e-15
       3434.6050   2.3268761e-15
       3435.5796   2.3699714e-15
       3436.5542   2.2851375e-15
       3437.5288   2.2638826e-15
       3438.5032   2.3772927e-15
       3439.4778   2.3743367e-15
       3440.4524   2.3788135e-15
       3441.4270   2.3258485e-15
       3442.4016   2.2718062e-15
       3443.3762   2.2007213e-15
       3444.3508   2.1238697e-15
       3445.3254   2.0934092e-15
       3446.3000   2.0948271e-15
       3447.2744   2.1204113e-15
       3448.2490   2.1505556e-15
       3449.2236   2.1787252e-15
       3450.1982   2.2277868e-15
       3451.1729   2.1697945e-15
       3452.1475   2.1104385e-15
       3453.1221   2.1158894e-15
       3454.0967   2.0862465e-15
       3455.0713   2.0460511e-15
       3456.0457   2.1050004e-15
       3457.0203   2.1698718e-15
       3457.9949   2.1886992e-15
       3458.9695   2.1927816e-15
       3459.9441   2.2188171e-15
       3460.9187   2.2259750e-15
       3461.8933   2.1979735e-15
       3462.8679   2.2253132e-15
       3463.8425   2.2725460e-15
       3464.8169   2.3087907e-15
       3465.7915   2.2671236e-15
       3466.7661   2.2534966e-15
       3467.7407   2.2203305e-15
       3468.7153   2.3157103e-15
       3469.6899   2.3150244e-15
       3470.6646   2.2799606e-15
       3471.6392   2.2636389e-15
       3472.6138   2.2125853e-15
       3473.5881   2.2069257e-15
       3474.5627   2.1990719e-15
       3475.5374   2.1889778e-15
       3476.5120   2.2116975e-15
       3477.4866   2.2680930e-15
       3478.4612   2.2580073e-15
       3479.4358   2.2608965e-15
       3480.4104   2.2856313e-15
       3481.3848   2.2555804e-15
       3482.3594   2.2006248e-15
       3483.3340   2.1524083e-15
       3484.3086   2.1902383e-15
       3485.2832   2.2659423e-15
       3486.2578   2.2797188e-15
       3487.2324   2.2254685e-15
       3488.2070   2.2439263e-15
       3489.1816   2.2433990e-15
       3490.1560   2.1500302e-15
       3491.1306   2.1940319e-15
       3492.1052   2.2844652e-15
       3493.0798   2.2529584e-15
       3494.0544   2.2341179e-15
       3495.0291   2.2345820e-15
       3496.0037   2.2187871e-15
       3496.9783   2.1929932e-15
       3497.9529   2.2065979e-15
       3498.9272   2.2183275e-15
       3499.9019   2.1899041e-15
       3500.8765   2.2356242e-15
       3501.8511   2.2566473e-15
       3502.8257   2.2565647e-15
       3503.8003   2.2215871e-15
       3504.7749   2.2107111e-15
       3505.7495   2.2487815e-15
       3506.7241   2.2038119e-15
       3507.6985   2.1605711e-15
       3508.6731   2.1665405e-15
       3509.6477   2.1950448e-15
       3510.6223   2.1873615e-15
       3511.5969   2.2068887e-15
       3512.5715   2.1765279e-15
       3513.5461   2.1400153e-15
       3514.5208   2.1401367e-15
       3515.4954   2.1682018e-15
       3516.4697   2.1826762e-15
       3517.4443   2.2176684e-15
       3518.4189   2.2077416e-15
       3519.3936   2.2342390e-15
       3520.3682   2.1852568e-15
       3521.3428   2.1517045e-15
       3522.3174   2.2026594e-15
       3523.2920   2.2293162e-15
       3524.2666   2.2592235e-15
       3525.2410   2.2814635e-15
       3526.2156   2.2450236e-15
       3527.1902   2.2200866e-15
       3528.1648   2.2378315e-15
       3529.1394   2.2561085e-15
       3530.1140   2.2229230e-15
       3531.0886   2.2126233e-15
       3532.0632   2.2352449e-15
       3533.0378   2.2598472e-15
       3534.0122   2.2456061e-15
       3534.9868   2.2525527e-15
       3535.9614   2.2628974e-15
       3536.9360   2.2473923e-15
       3537.9106   2.2667508e-15
       3538.8853   2.2905266e-15
       3539.8599   2.2814131e-15
       3540.8345   2.2766924e-15
       3541.8091   2.2751095e-15
       3542.7834   2.2672762e-15
       3543.7581   2.2289359e-15
       3544.7327   2.2582921e-15
       3545.7073   2.2285954e-15
       3546.6819   2.2073041e-15
       3547.6565   2.2131223e-15
       3548.6311   2.2313769e-15
       3549.6057   2.2697718e-15
       3550.5803   2.2325402e-15
       3551.5547   2.2042024e-15
       3552.5293   2.2092000e-15
       3553.5039   2.2507357e-15
       3554.4785   2.2745380e-15
       3555.4531   2.2447800e-15
       3556.4277   2.2355339e-15
       3557.4023   2.2456874e-15
       3558.3770   2.2746804e-15
       3559.3516   2.2467360e-15
       3560.3259   2.2756770e-15
       3561.3005   2.2658220e-15
       3562.2751   2.2310363e-15
       3563.2498   2.2062444e-15
       3564.2244   2.2145384e-15
       3565.1990   2.2310641e-15
       3566.1736   2.2240045e-15
       3567.1482   2.2238727e-15
       3568.1228   2.2516541e-15
       3569.0972   2.2962289e-15
       3570.0718   2.2679205e-15
       3571.0464   2.2262501e-15
       3572.0210   2.1932110e-15
       3572.9956   2.2082156e-15
       3573.9702   2.1794437e-15
       3574.9448   2.1977757e-15
       3575.9194   2.2517071e-15
       3576.8940   2.2432673e-15
       3577.8684   2.2407768e-15
       3578.8430   2.2348035e-15
       3579.8176   2.2259981e-15
       3580.7922   2.2478974e-15
       3581.7668   2.2474916e-15
       3582.7415   2.2217649e-15
       3583.7161   2.2192002e-15
       3584.6907   2.2194842e-15
       3585.6653   2.2029973e-15
       3586.6396   2.1575325e-15
       3587.6143   2.1281149e-15
       3588.5889   2.1600953e-15
       3589.5635   2.2078509e-15
       3590.5381   2.2197733e-15
       3591.5127   2.1898968e-15
       3592.4873   2.2021644e-15
       3593.4619   2.1950571e-15
       3594.4365   2.1664720e-15
       3595.4109   2.1923795e-15
       3596.3855   2.2044302e-15
       3597.3601   2.2061075e-15
       3598.3347   2.1990882e-15
       3599.3093   2.1591361e-15
       3600.2839   2.1447153e-15
       3601.2585   2.1379498e-15
       3602.2332   2.1124290e-15
       3603.2078   2.1786789e-15
       3604.1821   2.2094481e-15
       3605.1567   2.1960858e-15
       3606.1313   2.1615110e-15
       3607.1060   2.1520104e-15
       3608.0806   2.1883126e-15
       3609.0552   2.2135627e-15
       3610.0298   2.1845441e-15
       3611.0044   2.1390934e-15
       3611.9790   2.1648092e-15
       3612.9534   2.1529326e-15
       3613.9280   2.1769894e-15
       3614.9026   2.2134577e-15
       3615.8772   2.1898930e-15
       3616.8518   2.1675156e-15
       3617.8264   2.1771148e-15
       3618.8010   2.1816278e-15
       3619.7756   2.1703216e-15
       3620.7502   2.1695717e-15
       3621.7246   2.1787831e-15
       3622.6992   2.1528042e-15
       3623.6738   2.1111650e-15
       3624.6484   2.1082250e-15
       3625.6230   2.1358792e-15
       3626.5977   2.1243507e-15
       3627.5723   2.0737590e-15
       3628.5469   2.0523474e-15
       3629.5215   2.0870215e-15
       3630.4958   2.1234709e-15
       3631.4705   2.1728453e-15
       3632.4451   2.1709421e-15
       3633.4197   2.1490626e-15
       3634.3943   2.1532537e-15
       3635.3689   2.1914391e-15
       3636.3435   2.1826566e-15
       3637.3181   2.1672271e-15
       3638.2925   2.1056887e-15
       3639.2671   2.0932831e-15
       3640.2417   2.1584140e-15
       3641.2163   2.1572313e-15
       3642.1909   2.1408570e-15
       3643.1655   2.1330251e-15
       3644.1401   2.1158632e-15
       3645.1147   2.1071508e-15
       3646.0894   2.1170159e-15
       3647.0637   2.1480702e-15
       3648.0383   2.1264619e-15
       3649.0129   2.0591211e-15
       3649.9875   2.0632742e-15
       3650.9622   2.1101985e-15
       3651.9368   2.1430226e-15
       3652.9114   2.1622615e-15
       3653.8860   2.1393471e-15
       3654.8606   2.1018707e-15
       3655.8350   2.0975958e-15
       3656.8096   2.1197490e-15
       3657.7842   2.1066277e-15
       3658.7588   2.0964129e-15
       3659.7334   2.1370649e-15
       3660.7080   2.1214165e-15
       3661.6826   2.0945980e-15
       3662.6572   2.0492140e-15
       3663.6318   2.0844978e-15
       3664.6062   2.1386675e-15
       3665.5808   2.1016680e-15
       3666.5554   2.0911058e-15
       3667.5300   2.0765925e-15
       3668.5046   2.0917754e-15
       3669.4792   2.0863547e-15
       3670.4539   2.0899292e-15
       3671.4285   2.1047260e-15
       3672.4031   2.0853367e-15
       3673.3774   2.0445938e-15
       3674.3521   2.0649002e-15
       3675.3267   2.0839636e-15
       3676.3013   2.0813943e-15
       3677.2759   2.0577258e-15
       3678.2505   2.0363047e-15
       3679.2251   2.0350496e-15
       3680.1997   2.0597630e-15
       3681.1743   2.0732091e-15
       3682.1487   2.0584991e-15
       3683.1233   2.0435560e-15
       3684.0979   2.0475674e-15
       3685.0725   2.0685565e-15
       3686.0471   2.0853784e-15
       3687.0217   2.0464149e-15
       3687.9963   2.0024776e-15
       3688.9709   2.0228095e-15
       3689.9456   2.0366713e-15
       3690.9199   2.0140639e-15
       3691.8945   1.9869924e-15
       3692.8691   1.9831392e-15
       3693.8438   1.9839127e-15
       3694.8184   1.9937374e-15
       3695.7930   1.9936846e-15
       3696.7676   1.9637639e-15
       3697.7422   1.9497414e-15
       3698.7168   1.9764157e-15
       3699.6912   1.9830553e-15
       3700.6658   1.9798661e-15
       3701.6404   1.9348026e-15
       3702.6150   1.9322233e-15
       3703.5896   1.9320644e-15
       3704.5642   1.9294990e-15
       3705.5388   1.9132062e-15
       3706.5134   1.9230765e-15
       3707.4880   1.9593890e-15
       3708.4624   1.9388488e-15
       3709.4370   1.9287230e-15
       3710.4116   1.9098510e-15
       3711.3862   1.8922962e-15
       3712.3608   1.9022259e-15
       3713.3354   1.8880397e-15
       3714.3101   1.9262654e-15
       3715.2847   1.9224592e-15
       3716.2593   1.9289404e-15
       3717.2336   1.9138607e-15
       3718.2083   1.8848069e-15
       3719.1829   1.8593011e-15
       3720.1575   1.8890837e-15
       3721.1321   1.8974634e-15
       3722.1067   1.8943494e-15
       3723.0813   1.8648995e-15
       3724.0559   1.8464534e-15
       3725.0305   1.8467624e-15
       3726.0049   1.8350028e-15
       3726.9795   1.8423157e-15
       3727.9541   1.8423954e-15
       3728.9287   1.8298839e-15
       3729.9033   1.8496502e-15
       3730.8779   1.8847831e-15
       3731.8525   1.8630265e-15
       3732.8271   1.8228593e-15
       3733.8018   1.8323441e-15
       3734.7761   1.8400031e-15
       3735.7507   1.8252978e-15
       3736.7253   1.8222162e-15
       3737.7000   1.8346375e-15
       3738.6746   1.8391012e-15
       3739.6492   1.8514718e-15
       3740.6238   1.8422005e-15
       3741.5984   1.8527755e-15
       3742.5730   1.8437345e-15
       3743.5474   1.8580940e-15
       3744.5220   1.8531892e-15
       3745.4966   1.8048234e-15
       3746.4712   1.7628435e-15
       3747.4458   1.7567929e-15
       3748.4204   1.7586348e-15
       3749.3950   1.7800155e-15
       3750.3696   1.7764494e-15
       3751.3442   1.7807322e-15
       3752.3186   1.7520886e-15
       3753.2932   1.7606168e-15
       3754.2678   1.7778668e-15
       3755.2424   1.7670788e-15
       3756.2170   1.7516441e-15
       3757.1917   1.7350559e-15
       3758.1663   1.7488331e-15
       3759.1409   1.7692569e-15
       3760.1155   1.7554077e-15
       3761.0898   1.7135277e-15
       3762.0645   1.6676431e-15
       3763.0391   1.7240813e-15
       3764.0137   1.7323531e-15
       3764.9883   1.7289769e-15
       3765.9629   1.7063103e-15
       3766.9375   1.6892780e-15
       3767.9121   1.7018927e-15
       3768.8867   1.7219527e-15
       3769.8611   1.7064593e-15
       3770.8357   1.6649904e-15
       3771.8103   1.6953219e-15
       3772.7849   1.6997359e-15
       3773.7595   1.6461412e-15
       3774.7341   1.6437826e-15
       3775.7087   1.6577444e-15
       3776.6833   1.6611366e-15
       3777.6580   1.6593063e-15
       3778.6323   1.6638705e-15
       3779.6069   1.6738841e-15
       3780.5815   1.6696148e-15
       3781.5562   1.6507217e-15
       3782.5308   1.6514635e-15
       3783.5054   1.6769599e-15
       3784.4800   1.6762463e-15
       3785.4546   1.6582449e-15
       3786.4292   1.6766812e-15
       3787.4036   1.6842338e-15
       3788.3782   1.6630558e-15
       3789.3528   1.6186832e-15
       3790.3274   1.6204990e-15
       3791.3020   1.6561491e-15
       3792.2766   1.6311946e-15
       3793.2512   1.5929815e-15
       3794.2258   1.5793142e-15
       3795.2002   1.5889237e-15
       3796.1748   1.5935165e-15
       3797.1494   1.5946272e-15
       3798.1240   1.6048345e-15
       3799.0986   1.5952712e-15
       3800.0732   1.5584007e-15
       3801.0479   1.5495670e-15
       3802.0225   1.5936669e-15
       3802.9971   1.6028068e-15
       3803.9714   1.5695438e-15
       3804.9460   1.5331547e-15
       3805.9207   1.5489622e-15
       3806.8953   1.5762384e-15
       3807.8699   1.6192357e-15
       3808.8445   1.6072455e-15
       3809.8191   1.5673669e-15
       3810.7937   1.5548329e-15
       3811.7683   1.5563360e-15
       3812.7427   1.5488583e-15
       3813.7173   1.5580756e-15
       3814.6919   1.5652528e-15
       3815.6665   1.5481413e-15
       3816.6411   1.5391071e-15
       3817.6157   1.5511114e-15
       3818.5903   1.5393323e-15
       3819.5649   1.5196654e-15
       3820.5396   1.5168763e-15
       3821.5139   1.4980620e-15
       3822.4885   1.4892546e-15
       3823.4631   1.4906051e-15
       3824.4377   1.5221264e-15
       3825.4124   1.5512281e-15
       3826.3870   1.5357163e-15
       3827.3616   1.5144460e-15
       3828.3362   1.4997319e-15
       3829.3108   1.5078825e-15
       3830.2852   1.5179438e-15
       3831.2598   1.5021398e-15
       3832.2344   1.5253906e-15
       3833.2090   1.5474850e-15
       3834.1836   1.5215737e-15
       3835.1582   1.5073697e-15
       3836.1328   1.4962397e-15
       3837.1074   1.4772320e-15
       3838.0820   1.4709543e-15
       3839.0564   1.5017780e-15
       3840.0310   1.5154717e-15
       3841.0056   1.5212316e-15
       3841.9802   1.5482895e-15
       3842.9548   1.5315124e-15
       3843.9294   1.5077734e-15
       3844.9041   1.4941594e-15
       3845.8787   1.4950891e-15
       3846.8533   1.5214745e-15
       3847.8276   1.5081596e-15
       3848.8022   1.4919726e-15
       3849.7769   1.5122930e-15
       3850.7515   1.5302010e-15
       3851.7261   1.5314784e-15
       3852.7007   1.5048790e-15
       3853.6753   1.4845033e-15
       3854.6499   1.5147220e-15
       3855.6245   1.5321316e-15
       3856.5989   1.5014882e-15
       3857.5735   1.4998790e-15
       3858.5481   1.5348015e-15
       3859.5227   1.5322038e-15
       3860.4973   1.5141212e-15
       3861.4719   1.5232002e-15
       3862.4465   1.5244287e-15
       3863.4211   1.5022692e-15
       3864.3958   1.5089654e-15
       3865.3701   1.5171152e-15
       3866.3447   1.5070672e-15
       3867.3193   1.5044509e-15
       3868.2939   1.5136042e-15
       3869.2686   1.5133530e-15
       3870.2432   1.5119618e-15
       3871.2178   1.5220489e-15
       3872.1924   1.5291103e-15
       3873.1670   1.5264721e-15
       3874.1414   1.5330859e-15
       3875.1160   1.5363154e-15
       3876.0906   1.5395456e-15
       3877.0652   1.5316004e-15
       3878.0398   1.5302198e-15
       3879.0144   1.5367603e-15
       3879.9890   1.5283057e-15
       3880.9636   1.5539824e-15
       3881.9382   1.5670239e-15
       3882.9126   1.5435724e-15
       3883.8872   1.5239032e-15
       3884.8618   1.5593098e-15
       3885.8364   1.6097370e-15
       3886.8110   1.6114743e-15
       3887.7856   1.6070140e-15
       3888.7603   1.5854206e-15
       3889.7349   1.5557139e-15
       3890.7095   1.5496783e-15
       3891.6838   1.5487575e-15
       3892.6584   1.5423108e-15
       3893.6331   1.5430243e-15
       3894.6077   1.5629426e-15
       3895.5823   1.5637091e-15
       3896.5569   1.5306743e-15
       3897.5315   1.5054095e-15
       3898.5061   1.5302996e-15
       3899.4807   1.5534281e-15
       3900.4551   1.5353474e-15
       3901.4297   1.5350744e-15
       3902.4043   1.5419898e-15
       3903.3789   1.5625332e-15
       3904.3535   1.5676523e-15
       3905.3281   1.5567971e-15
       3906.3027   1.5683120e-15
       3907.2773   1.5447801e-15
       3908.2520   1.5054620e-15
       3909.2263   1.5180759e-15
       3910.2009   1.5210525e-15
       3911.1755   1.5240268e-15
       3912.1501   1.5279046e-15
       3913.1248   1.5265429e-15
       3914.0994   1.5179680e-15
       3915.0740   1.5208671e-15
       3916.0486   1.5368073e-15
       3917.0232   1.5315405e-15
       3917.9976   1.5287838e-15
       3918.9722   1.5506343e-15
       3919.9468   1.5488300e-15
       3920.9214   1.5327334e-15
       3921.8960   1.5293868e-15
       3922.8706   1.5427517e-15
       3923.8452   1.5619568e-15
       3924.8198   1.5453608e-15
       3925.7944   1.5302166e-15
       3926.7688   1.5191063e-15
       3927.7434   1.5037371e-15
       3928.7180   1.4851361e-15
       3929.6926   1.4793048e-15
       3930.6672   1.4949498e-15
       3931.6418   1.5165426e-15
       3932.6165   1.5023194e-15
       3933.5911   1.4783685e-15
       3934.5657   1.4681195e-15
       3935.5400   1.4696836e-15
       3936.5146   1.4730248e-15
       3937.4893   1.4840214e-15
       3938.4639   1.4991966e-15
       3939.4385   1.5091240e-15
       3940.4131   1.4947714e-15
       3941.3877   1.5223192e-15
       3942.3623   1.5484437e-15
       3943.3367   1.5234879e-15
       3944.3113   1.5248057e-15
       3945.2859   1.5308212e-15
       3946.2605   1.5021294e-15
       3947.2351   1.4990541e-15
       3948.2097   1.5046753e-15
       3949.1843   1.5095410e-15
       3950.1589   1.5288879e-15
       3951.1335   1.5454790e-15
       3952.1079   1.5391271e-15
       3953.0825   1.5162154e-15
       3954.0571   1.5179784e-15
       3955.0317   1.5297466e-15
       3956.0063   1.5185969e-15
       3956.9810   1.4978287e-15
       3957.9556   1.5002185e-15
       3958.9302   1.5206048e-15
       3959.9048   1.5249328e-15
       3960.8792   1.5139208e-15
       3961.8538   1.5206976e-15
       3962.8284   1.5260672e-15
       3963.8030   1.5297740e-15
       3964.7776   1.5237805e-15
       3965.7522   1.5029820e-15
       3966.7268   1.5061114e-15
       3967.7014   1.4992078e-15
       3968.6760   1.4988073e-15
       3969.6504   1.5097163e-15
       3970.6250   1.5407690e-15
       3971.5996   1.5186541e-15
       3972.5742   1.4893565e-15
       3973.5488   1.5149385e-15
       3974.5234   1.4891838e-15
       3975.4980   1.5102392e-15
       3976.4727   1.5424440e-15
       3977.4473   1.5296779e-15
       3978.4216   1.5219482e-15
       3979.3962   1.5171513e-15
       3980.3708   1.5197902e-15
       3981.3455   1.5156107e-15
       3982.3201   1.5096310e-15
       3983.2947   1.4990329e-15
       3984.2693   1.5071202e-15
       3985.2439   1.5355804e-15
       3986.2185   1.5326615e-15
       3987.1929   1.5186734e-15
       3988.1675   1.5245196e-15
       3989.1421   1.5003275e-15
       3990.1167   1.4747277e-15
       3991.0913   1.4925329e-15
       3992.0659   1.5268141e-15
       3993.0405   1.5104620e-15
       3994.0151   1.4933490e-15
       3994.9897   1.5057106e-15
       3995.9641   1.5044272e-15
       3996.9387   1.5102200e-15
       3997.9133   1.5186316e-15
       3998.8879   1.5201548e-15
       3999.8625   1.5356131e-15
       4000.8372   1.5332394e-15
       4001.8118   1.5099540e-15
       4002.7864   1.5041221e-15
       4003.7610   1.5213056e-15
       4004.7354   1.5372372e-15
       4005.7100   1.5337834e-15
       4006.6846   1.5073858e-15
       4007.6592   1.4968857e-15
       4008.6338   1.5061064e-15
       4009.6084   1.5127333e-15
       4010.5830   1.5061689e-15
       4011.5576   1.5042823e-15
       4012.5322   1.5163015e-15
       4013.5066   1.5232972e-15
       4014.4812   1.5260376e-15
       4015.4558   1.5165413e-15
       4016.4304   1.4909142e-15
       4017.4050   1.4968472e-15
       4018.3796   1.5145074e-15
       4019.3542   1.5370008e-15
       4020.3289   1.5406033e-15
       4021.3035   1.5092574e-15
       4022.2778   1.5039951e-15
       4023.2524   1.5212797e-15
       4024.2271   1.4810735e-15
       4025.2017   1.4720531e-15
       4026.1763   1.4988068e-15
       4027.1509   1.5043548e-15
       4028.1255   1.4913252e-15
       4029.1001   1.4932873e-15
       4030.0747   1.4867564e-15
       4031.0491   1.5015695e-15
       4032.0237   1.5043783e-15
       4032.9983   1.4818349e-15
       4033.9729   1.4796329e-15
       4034.9475   1.4915163e-15
       4035.9221   1.4846716e-15
       4036.8967   1.4725894e-15
       4037.8713   1.4721735e-15
       4038.8459   1.4668036e-15
       4039.8203   1.4780156e-15
       4040.7949   1.4971523e-15
       4041.7695   1.4728361e-15
       4042.7441   1.4472676e-15
       4043.7188   1.4555764e-15
       4044.6934   1.4795728e-15
       4045.6680   1.4929037e-15
       4046.6426   1.4616298e-15
       4047.6172   1.4360154e-15
       4048.5916   1.4370962e-15
       4049.5662   1.4532057e-15
       4050.5408   1.4760900e-15
       4051.5154   1.4885751e-15
       4052.4900   1.4780054e-15
       4053.4646   1.4682037e-15
       4054.4392   1.4581313e-15
       4055.4138   1.4682022e-15
       4056.3884   1.4634546e-15
       4057.3628   1.4664065e-15
       4058.3374   1.4545617e-15
       4059.3120   1.4391779e-15
       4060.2866   1.4376606e-15
       4061.2612   1.4324785e-15
       4062.2358   1.4544063e-15
       4063.2104   1.4807623e-15
       4064.1851   1.4421250e-15
       4065.1597   1.4197393e-15
       4066.1340   1.4123852e-15
       4067.1086   1.4049391e-15
       4068.0833   1.4209418e-15
       4069.0579   1.4245268e-15
       4070.0325   1.4163973e-15
       4071.0071   1.4068368e-15
       4071.9817   1.4148998e-15
       4072.9563   1.4016044e-15
       4073.9309   1.3903514e-15
       4074.9053   1.4040499e-15
       4075.8799   1.3925337e-15
       4076.8545   1.3804830e-15
       4077.8291   1.3939309e-15
       4078.8037   1.4044330e-15
       4079.7783   1.3880703e-15
       4080.7529   1.3869596e-15
       4081.7275   1.3976863e-15
       4082.7021   1.3736421e-15
       4083.6765   1.3594915e-15
       4084.6511   1.3795379e-15
       4085.6257   1.3862156e-15
       4086.6003   1.3836536e-15
       4087.5750   1.3881617e-15
       4088.5496   1.3890843e-15
       4089.5242   1.3809526e-15
       4090.4988   1.3802836e-15
       4091.4734   1.3793221e-15
       4092.4478   1.3652607e-15
       4093.4224   1.3529162e-15
       4094.3970   1.3531353e-15
       4095.3716   1.3576229e-15
       4096.3462   1.3539969e-15
       4097.3208   1.3575300e-15
       4098.2954   1.3554446e-15
       4099.2700   1.3472110e-15
       4100.2446   1.3397053e-15
       4101.2192   1.3402198e-15
       4102.1938   1.3552786e-15
       4103.1685   1.3441325e-15
       4104.1431   1.3240082e-15
       4105.1172   1.3405678e-15
       4106.0918   1.3502547e-15
       4107.0664   1.3310000e-15
       4108.0410   1.3207959e-15
       4109.0156   1.3274199e-15
       4109.9902   1.3363690e-15
       4110.9648   1.3329027e-15
       4111.9395   1.3241843e-15
       4112.9141   1.3229141e-15
       4113.8887   1.3305085e-15
       4114.8633   1.3465871e-15
       4115.8379   1.3396082e-15
       4116.8125   1.3092802e-15
       4117.7871   1.2871841e-15
       4118.7617   1.2999924e-15
       4119.7363   1.3241511e-15
       4120.7109   1.3308096e-15
       4121.6855   1.3197827e-15
       4122.6597   1.3062882e-15
       4123.6343   1.2944065e-15
       4124.6089   1.2886480e-15
       4125.5835   1.2772605e-15
       4126.5581   1.2769826e-15
       4127.5327   1.2888606e-15
       4128.5073   1.2907078e-15
       4129.4819   1.3033272e-15
       4130.4565   1.3022779e-15
       4131.4312   1.2882295e-15
       4132.4058   1.2734751e-15
       4133.3804   1.2694151e-15
       4134.3550   1.2697981e-15
       4135.3296   1.2793710e-15
       4136.3042   1.2859811e-15
       4137.2788   1.2685668e-15
       4138.2534   1.2533693e-15
       4139.2280   1.2655422e-15
       4140.2021   1.2748573e-15
       4141.1768   1.2681672e-15
       4142.1514   1.2768125e-15
       4143.1260   1.2956005e-15
       4144.1006   1.3012627e-15
       4145.0752   1.2811600e-15
       4146.0498   1.2792935e-15
       4147.0244   1.2939300e-15
       4147.9990   1.3010724e-15
       4148.9736   1.2832429e-15
       4149.9482   1.2654841e-15
       4150.9229   1.2683661e-15
       4151.8975   1.2658884e-15
       4152.8721   1.2783464e-15
       4153.8467   1.2814851e-15
       4154.8213   1.2680101e-15
       4155.7959   1.2572581e-15
       4156.7705   1.2609157e-15
       4157.7446   1.2620206e-15
       4158.7192   1.2603023e-15
       4159.6938   1.2720071e-15
       4160.6685   1.2653288e-15
       4161.6431   1.2685522e-15
       4162.6177   1.2661004e-15
       4163.5923   1.2683611e-15
       4164.5669   1.2453935e-15
       4165.5415   1.2339175e-15
       4166.5161   1.2375815e-15
       4167.4907   1.2393671e-15
       4168.4653   1.2590170e-15
       4169.4399   1.2606422e-15
       4170.4146   1.2432981e-15
       4171.3892   1.2484529e-15
       4172.3638   1.2738743e-15
       4173.3384   1.2634542e-15
       4174.3125   1.2377200e-15
       4175.2871   1.2392269e-15
       4176.2617   1.2284029e-15
       4177.2363   1.2028291e-15
       4178.2109   1.2068220e-15
       4179.1855   1.2208215e-15
       4180.1602   1.2327507e-15
       4181.1348   1.2324802e-15
       4182.1094   1.2199951e-15
       4183.0840   1.2147454e-15
       4184.0586   1.2270446e-15
       4185.0332   1.2342961e-15
       4186.0078   1.2237955e-15
       4186.9824   1.2165266e-15
       4187.9570   1.2175842e-15
       4188.9316   1.2199154e-15
       4189.9062   1.2107724e-15
       4190.8809   1.2215457e-15
       4191.8550   1.2251156e-15
       4192.8296   1.2092331e-15
       4193.8042   1.2161744e-15
       4194.7788   1.2081505e-15
       4195.7534   1.1944762e-15
       4196.7280   1.1962933e-15
       4197.7026   1.1898218e-15
       4198.6772   1.1793051e-15
       4199.6519   1.1888056e-15
       4200.6265   1.1931788e-15
       4201.6011   1.2077209e-15
       4202.5757   1.1932202e-15
       4203.5503   1.1887477e-15
       4204.5249   1.1866111e-15
       4205.4995   1.1884026e-15
       4206.4741   1.1787490e-15
       4207.4487   1.1676502e-15
       4208.4233   1.1659079e-15
       4209.3975   1.1702730e-15
       4210.3721   1.1769755e-15
       4211.3467   1.1848580e-15
       4212.3213   1.1926973e-15
       4213.2959   1.1944473e-15
       4214.2705   1.1934272e-15
       4215.2451   1.1648076e-15
       4216.2197   1.1606367e-15
       4217.1943   1.1792238e-15
       4218.1689   1.1853128e-15
       4219.1436   1.1778996e-15
       4220.1182   1.1865353e-15
       4221.0928   1.1996977e-15
       4222.0674   1.1856588e-15
       4223.0420   1.1664378e-15
       4224.0166   1.1805409e-15
       4224.9912   1.1975020e-15
       4225.9658   1.1784213e-15
       4226.9399   1.1647377e-15
       4227.9146   1.1774352e-15
       4228.8892   1.1664650e-15
       4229.8638   1.1674154e-15
       4230.8384   1.1916443e-15
       4231.8130   1.1965188e-15
       4232.7876   1.1844709e-15
       4233.7622   1.1775423e-15
       4234.7368   1.1711693e-15
       4235.7114   1.1604244e-15
       4236.6860   1.1561875e-15
       4237.6606   1.1551648e-15
       4238.6353   1.1497894e-15
       4239.6099   1.1561132e-15
       4240.5845   1.1622831e-15
       4241.5591   1.1732636e-15
       4242.5337   1.1676355e-15
       4243.5083   1.1626929e-15
       4244.4824   1.1578962e-15
       4245.4570   1.1693248e-15
       4246.4316   1.1709849e-15
       4247.4062   1.1615563e-15
       4248.3809   1.1609434e-15
       4249.3555   1.1713270e-15
       4250.3301   1.1519393e-15
       4251.3047   1.1519570e-15
       4252.2793   1.1452851e-15
       4253.2539   1.1442722e-15
       4254.2285   1.1663683e-15
       4255.2031   1.1707051e-15
       4256.1777   1.1595404e-15
       4257.1523   1.1627171e-15
       4258.1270   1.1544705e-15
       4259.1016   1.1615316e-15
       4260.0762   1.1812911e-15
       4261.0508   1.1681972e-15
       4262.0249   1.1526401e-15
       4262.9995   1.1568189e-15
       4263.9741   1.1755930e-15
       4264.9487   1.1715358e-15
       4265.9233   1.1613643e-15
       4266.8979   1.1585564e-15
       4267.8726   1.1566146e-15
       4268.8472   1.1522358e-15
       4269.8218   1.1557260e-15
       4270.7964   1.1708908e-15
       4271.7710   1.1765733e-15
       4272.7456   1.1562608e-15
       4273.7202   1.1452107e-15
       4274.6948   1.1493997e-15
       4275.6694   1.1456073e-15
       4276.6440   1.1546513e-15
       4277.6187   1.1617371e-15
       4278.5933   1.1625613e-15
       4279.5674   1.1612040e-15
       4280.5420   1.1490821e-15
       4281.5166   1.1467882e-15
       4282.4912   1.1426567e-15
       4283.4658   1.1380603e-15
       4284.4404   1.1438594e-15
       4285.4150   1.1479825e-15
       4286.3896   1.1431732e-15
       4287.3643   1.1358236e-15
       4288.3389   1.1325913e-15
       4289.3135   1.1255070e-15
       4290.2881   1.1483797e-15
       4291.2627   1.1511413e-15
       4292.2373   1.1494786e-15
       4293.2119   1.1338922e-15
       4294.1865   1.1083035e-15
       4295.1611   1.1054418e-15
       4296.1357   1.1355698e-15
       4297.1099   1.1157424e-15
       4298.0845   1.1082852e-15
       4299.0591   1.1191952e-15
       4300.0337   1.1017055e-15
       4301.0083   1.0929324e-15
       4301.9829   1.0957302e-15
       4302.9575   1.0953282e-15
       4303.9321   1.0971268e-15
       4304.9067   1.1194651e-15
       4305.8813   1.1008170e-15
       4306.8560   1.0946962e-15
       4307.8306   1.0974582e-15
       4308.8052   1.1049956e-15
       4309.7798   1.1038050e-15
       4310.7544   1.0974092e-15
       4311.7290   1.1109754e-15
       4312.7036   1.1120426e-15
       4313.6782   1.0846568e-15
       4314.6523   1.0777489e-15
       4315.6270   1.1075076e-15
       4316.6016   1.0977771e-15
       4317.5762   1.0979880e-15
       4318.5508   1.0862934e-15
       4319.5254   1.0886668e-15
       4320.5000   1.0891179e-15
       4321.4746   1.1051950e-15
       4322.4492   1.0895309e-15
       4323.4238   1.0763793e-15
       4324.3984   1.0692660e-15
       4325.3730   1.0807097e-15
       4326.3477   1.0918850e-15
       4327.3223   1.0846260e-15
       4328.2969   1.0751009e-15
       4329.2715   1.0669395e-15
       4330.2461   1.0526911e-15
       4331.2202   1.0686346e-15
       4332.1948   1.0798215e-15
       4333.1694   1.0676907e-15
       4334.1440   1.0645258e-15
       4335.1187   1.0547314e-15
       4336.0933   1.0585558e-15
       4337.0679   1.0676567e-15
       4338.0425   1.0519369e-15
       4339.0171   1.0463472e-15
       4339.9917   1.0582763e-15
       4340.9663   1.0611255e-15
       4341.9409   1.0521832e-15
       4342.9155   1.0265892e-15
       4343.8901   1.0105909e-15
       4344.8647   1.0019308e-15
       4345.8394   1.0213936e-15
       4346.8140   1.0105181e-15
       4347.7886   1.0235954e-15
       4348.7627   1.0619461e-15
       4349.7373   1.0681550e-15
       4350.7119   1.0416918e-15
       4351.6865   1.0377611e-15
       4352.6611   1.0362337e-15
       4353.6357   1.0239189e-15
       4354.6104   1.0272288e-15
       4355.5850   1.0297683e-15
       4356.5596   1.0421657e-15
       4357.5342   1.0384960e-15
       4358.5088   1.0391170e-15
       4359.4834   1.0271561e-15
       4360.4580   1.0328487e-15
       4361.4326   1.0361243e-15
       4362.4072   1.0476031e-15
       4363.3818   1.0186717e-15
       4364.3564   1.0004490e-15
       4365.3311   1.0157956e-15
       4366.3052   1.0381593e-15
       4367.2798   1.0271412e-15
       4368.2544   9.9636621e-16
       4369.2290   1.0197266e-15
       4370.2036   1.0296721e-15
       4371.1782   1.0239374e-15
       4372.1528   1.0386299e-15
       4373.1274   1.0362313e-15
       4374.1021   1.0097212e-15
       4375.0767   1.0070490e-15
       4376.0513   1.0243312e-15
       4377.0259   1.0144511e-15
       4378.0005   1.0034929e-15
       4378.9751   9.9729141e-16
       4379.9497   1.0111806e-15
       4380.9243   1.0056049e-15
       4381.8989   9.9509300e-16
       4382.8735   1.0128235e-15
       4383.8477   9.9120883e-16
       4384.8223   9.7728905e-16
       4385.7969   9.8401913e-16
       4386.7715   9.9913820e-16
       4387.7461   1.0071140e-15
       4388.7207   1.0133519e-15
       4389.6953   1.0226426e-15
       4390.6699   1.0158087e-15
       4391.6445   1.0028437e-15
       4392.6191   1.0031943e-15
       4393.5938   9.9067706e-16
       4394.5684   9.8230956e-16
       4395.5430   9.8497904e-16
       4396.5176   9.8012832e-16
       4397.4922   9.6288980e-16
       4398.4668   9.5851449e-16
       4399.4414   9.6865551e-16
       4400.4160   9.8497377e-16
       4401.3901   9.6717774e-16
       4402.3647   9.6694174e-16
       4403.3394   9.7819311e-16
       4404.3140   9.7743043e-16
       4405.2886   9.8716586e-16
       4406.2632   9.9343804e-16
       4407.2378   9.7997604e-16
       4408.2124   9.7005931e-16
       4409.1870   9.7268852e-16
       4410.1616   9.8453093e-16
       4411.1362   9.6936841e-16
       4412.1108   9.6154336e-16
       4413.0854   9.7026728e-16
       4414.0601   9.6816329e-16
       4415.0347   9.7719493e-16
       4416.0093   9.7742178e-16
       4416.9839   9.7256897e-16
       4417.9585   9.7866185e-16
       4418.9326   9.7505754e-16
       4419.9072   9.7444308e-16
       4420.8818   9.7853066e-16
       4421.8564   9.8309945e-16
       4422.8311   9.7775130e-16
       4423.8057   9.6729265e-16
       4424.7803   9.8223316e-16
       4425.7549   9.8057206e-16
       4426.7295   9.6145875e-16
       4427.7041   9.4163093e-16
       4428.6787   9.6543198e-16
       4429.6533   9.7097320e-16
       4430.6279   9.5831830e-16
       4431.6025   9.5768636e-16
       4432.5771   9.6067538e-16
       4433.5518   9.6012466e-16
       4434.5264   9.5762512e-16
       4435.5010   9.5262222e-16
       4436.4751   9.6807448e-16
       4437.4497   9.6049752e-16
       4438.4243   9.4939715e-16
       4439.3989   9.4802697e-16
       4440.3735   9.7612172e-16
       4441.3481   9.8157287e-16
       4442.3228   9.6136844e-16
       4443.2974   9.5006765e-16
       4444.2720   9.5077237e-16
       4445.2466   9.6094083e-16
       4446.2212   9.6736595e-16
       4447.1958   9.4806559e-16
       4448.1704   9.3965271e-16
       4449.1450   9.4652022e-16
       4450.1196   9.4205397e-16
       4451.0942   9.4613052e-16
       4452.0688   9.4894522e-16
       4453.0435   9.2838938e-16
       4454.0176   9.2745935e-16
       4454.9922   9.4918282e-16
       4455.9668   9.3949767e-16
       4456.9414   9.3705019e-16
       4457.9160   9.5075206e-16
       4458.8906   9.3200669e-16
       4459.8652   9.2726785e-16
       4460.8398   9.4245801e-16
       4461.8145   9.4963220e-16
       4462.7891   9.5354130e-16
       4463.7637   9.6531083e-16
       4464.7383   9.5436476e-16
       4465.7129   9.5933943e-16
       4466.6875   9.6664542e-16
       4467.6621   9.4906620e-16
       4468.6367   9.3377690e-16
       4469.6113   9.2645013e-16
       4470.5859   9.3368216e-16
       4471.5601   9.3811225e-16
       4472.5347   9.4523837e-16
       4473.5093   9.4514982e-16
       4474.4839   9.4186807e-16
       4475.4585   9.4355586e-16
       4476.4331   9.5054021e-16
       4477.4077   9.4803024e-16
       4478.3823   9.5946474e-16
       4479.3569   9.5859287e-16
       4480.3315   9.3413411e-16
       4481.3062   9.2593032e-16
       4482.2808   9.3765950e-16
       4483.2554   9.4090422e-16
       4484.2300   9.4357053e-16
       4485.2046   9.2275657e-16
       4486.1792   9.3747323e-16
       4487.1538   9.2773055e-16
       4488.1279   9.3101188e-16
       4489.1025   9.4364843e-16
       4490.0771   9.4357900e-16
       4491.0518   9.4194032e-16
       4492.0264   9.4911362e-16
       4493.0010   9.4418889e-16
       4493.9756   9.2888474e-16
       4494.9502   9.4026783e-16
       4495.9248   9.4788072e-16
       4496.8994   9.5814108e-16
       4497.8740   9.6538182e-16
       4498.8486   9.5097003e-16
       4499.8232   9.4224020e-16
       4500.7979   9.4834081e-16
       4501.7725   9.5711800e-16
       4502.7471   9.4520012e-16
       4503.7217   9.4548513e-16
       4504.6963   9.5406445e-16
       4505.6704   9.5925339e-16
       4506.6450   9.6443123e-16
       4507.6196   9.5050199e-16
       4508.5942   9.4503205e-16
       4509.5688   9.6024476e-16
       4510.5435   9.4941987e-16
       4511.5181   9.4143083e-16
       4512.4927   9.3211923e-16
       4513.4673   9.3331406e-16
       4514.4419   9.4265358e-16
       4515.4165   9.3028949e-16
       4516.3911   9.3270056e-16
       4517.3657   9.6035409e-16
       4518.3403   9.7939656e-16
       4519.3149   9.6097822e-16
       4520.2896   9.2249544e-16
       4521.2642   9.3082536e-16
       4522.2388   9.6076837e-16
       4523.2129   9.6705336e-16
       4524.1875   9.6787428e-16
       4525.1621   9.5164279e-16
       4526.1367   9.4580570e-16
       4527.1113   9.6813815e-16
       4528.0859   9.7501353e-16
       4529.0605   9.5934031e-16
       4530.0352   9.6377378e-16
       4531.0098   9.7595276e-16
       4531.9844   9.6746481e-16
       4532.9590   9.7824928e-16
       4533.9336   9.8938001e-16
       4534.9082   9.6638739e-16
       4535.8828   9.6005740e-16
       4536.8574   9.6075468e-16
       4537.8320   9.5341473e-16
       4538.8066   9.6950345e-16
       4539.7812   9.7356330e-16
       4540.7554   9.6870004e-16
       4541.7300   9.5945850e-16
       4542.7046   9.7144817e-16
       4543.6792   9.7037688e-16
       4544.6538   9.5010664e-16
       4545.6284   9.5665492e-16
       4546.6030   9.5858037e-16
       4547.5776   9.8044430e-16
       4548.5522   9.8284208e-16
       4549.5269   9.6011800e-16
       4550.5015   9.5406029e-16
       4551.4761   9.7772680e-16
       4552.4507   9.9356257e-16
       4553.4253   9.8110231e-16
       4554.3999   9.8166927e-16
       4555.3745   9.8475725e-16
       4556.3491   9.8504217e-16
       4557.3237   9.7786749e-16
       4558.2979   9.6938464e-16
       4559.2725   9.5587785e-16
       4560.2471   9.6232011e-16
       4561.2217   9.8722084e-16
       4562.1963   9.6178107e-16
       4563.1709   9.5830213e-16
       4564.1455   9.8676549e-16
       4565.1201   9.6477288e-16
       4566.0947   9.5853450e-16
       4567.0693   9.7161231e-16
       4568.0439   9.8470085e-16
       4569.0186   9.6889604e-16
       4569.9932   9.7297775e-16
       4570.9678   9.7772975e-16
       4571.9424   9.5602646e-16
       4572.9170   9.5957725e-16
       4573.8916   9.6139036e-16
       4574.8662   9.6561069e-16
       4575.8403   9.8400468e-16
       4576.8149   9.7612264e-16
       4577.7896   9.6476943e-16
       4578.7642   9.5630084e-16
       4579.7388   9.4688920e-16
       4580.7134   9.5480428e-16
       4581.6880   9.6634866e-16
       4582.6626   9.6150082e-16
       4583.6372   9.6037062e-16
       4584.6118   9.6902653e-16
       4585.5864   9.5600079e-16
       4586.5610   9.5047934e-16
       4587.5356   9.6890170e-16
       4588.5103   9.6483712e-16
       4589.4849   9.6989822e-16
       4590.4595   9.5906579e-16
       4591.4341   9.7438167e-16
       4592.4087   9.6950012e-16
       4593.3828   9.6799311e-16
       4594.3574   9.8059133e-16
       4595.3320   9.7522756e-16
       4596.3066   9.5229311e-16
       4597.2812   9.6054074e-16
       4598.2559   9.6130864e-16
       4599.2305   9.5637584e-16
       4600.2051   9.6050187e-16
       4601.1797   9.7188378e-16
       4602.1543   9.6897233e-16
       4603.1289   9.5589341e-16
       4604.1035   9.5007890e-16
       4605.0781   9.4704697e-16
       4606.0527   9.5431058e-16
       4607.0273   9.6684461e-16
       4608.0020   9.7515166e-16
       4608.9766   9.7358547e-16
       4609.9512   9.6767432e-16
       4610.9253   9.5714643e-16
       4611.8999   9.4578509e-16
       4612.8745   9.3774065e-16
       4613.8491   9.4044692e-16
       4614.8237   9.5460994e-16
       4615.7983   9.4920863e-16
       4616.7729   9.4546502e-16
       4617.7476   9.4894764e-16
       4618.7222   9.5014845e-16
       4619.6968   9.5265581e-16
       4620.6714   9.5729857e-16
       4621.6460   9.6759306e-16
       4622.6206   9.5486342e-16
       4623.5952   9.4343278e-16
       4624.5698   9.6255019e-16
       4625.5444   9.5791166e-16
       4626.5190   9.5068419e-16
       4627.4937   9.6031898e-16
       4628.4678   9.5462842e-16
       4629.4424   9.5885247e-16
       4630.4170   9.5407761e-16
       4631.3916   9.4710602e-16
       4632.3662   9.6594136e-16
       4633.3408   9.5387064e-16
       4634.3154   9.4392182e-16
       4635.2900   9.4400442e-16
       4636.2646   9.4025570e-16
       4637.2393   9.3974770e-16
       4638.2139   9.4255238e-16
       4639.1885   9.3626080e-16
       4640.1631   9.3708076e-16
       4641.1377   9.4597628e-16
       4642.1123   9.4319880e-16
       4643.0869   9.4423437e-16
       4644.0615   9.6042022e-16
       4645.0356   9.7292599e-16
       4646.0103   9.5176193e-16
       4646.9849   9.5015341e-16
       4647.9595   9.7083679e-16
       4648.9341   9.5948176e-16
       4649.9087   9.4622746e-16
       4650.8833   9.7083395e-16
       4651.8579   9.6809986e-16
       4652.8325   9.5008192e-16
       4653.8071   9.4675790e-16
       4654.7817   9.6259293e-16
       4655.7563   9.6607539e-16
       4656.7310   9.5652196e-16
       4657.7056   9.6093909e-16
       4658.6802   9.5332395e-16
       4659.6548   9.4028684e-16
       4660.6294   9.5228902e-16
       4661.6040   9.5529597e-16
       4662.5781   9.6519910e-16
       4663.5527   9.6526344e-16
       4664.5273   9.7060113e-16
       4665.5020   9.5798402e-16
       4666.4766   9.5631412e-16
       4667.4512   9.5519940e-16
       4668.4258   9.5129643e-16
       4669.4004   9.5822532e-16
       4670.3750   9.6555927e-16
       4671.3496   9.7594897e-16
       4672.3242   9.6669762e-16
       4673.2988   9.5721395e-16
       4674.2734   9.5199575e-16
       4675.2480   9.5537530e-16
       4676.2227   9.4704880e-16
       4677.1973   9.5441316e-16
       4678.1719   9.5190651e-16
       4679.1465   9.4185410e-16
       4680.1206   9.2954156e-16
       4681.0952   9.4481763e-16
       4682.0698   9.6290864e-16
       4683.0444   9.6426762e-16
       4684.0190   9.5061236e-16
       4684.9937   9.4472079e-16
       4685.9683   9.4290871e-16
       4686.9429   9.3033923e-16
       4687.9175   9.4206813e-16
       4688.8921   9.5812779e-16
       4689.8667   9.5150679e-16
       4690.8413   9.3524415e-16
       4691.8159   9.4889399e-16
       4692.7905   9.6735261e-16
       4693.7651   9.7092700e-16
       4694.7397   9.5473779e-16
       4695.7144   9.6202807e-16
       4696.6890   9.7564305e-16
       4697.6631   9.5093357e-16
       4698.6377   9.4195950e-16
       4699.6123   9.5623754e-16
       4700.5869   9.5928203e-16
       4701.5615   9.5191645e-16
       4702.5361   9.5291059e-16
       4703.5107   9.6873571e-16
       4704.4854   9.7171207e-16
       4705.4600   9.7472868e-16
       4706.4346   9.5333285e-16
       4707.4092   9.1826946e-16
       4708.3838   9.3150007e-16
       4709.3584   9.5317941e-16
       4710.3330   9.4261985e-16
       4711.3076   9.3494865e-16
       4712.2822   9.4015801e-16
       4713.2568   9.3750832e-16
       4714.2314   9.3859990e-16
       4715.2056   9.3364504e-16
       4716.1802   9.3644392e-16
       4717.1548   9.3912649e-16
       4718.1294   9.3354551e-16
       4719.1040   9.4531976e-16
       4720.0786   9.5565194e-16
       4721.0532   9.5469505e-16
       4722.0278   9.4220571e-16
       4723.0024   9.4797588e-16
       4723.9771   9.5917367e-16
       4724.9517   9.4774378e-16
       4725.9263   9.4123696e-16
       4726.9009   9.3193959e-16
       4727.8755   9.3083515e-16
       4728.8501   9.4229566e-16
       4729.8247   9.4987746e-16
       4730.7993   9.4964500e-16
       4731.7739   9.3837446e-16
       4732.7480   9.5027600e-16
       4733.7227   9.6389090e-16
       4734.6973   9.4093131e-16
       4735.6719   9.1949681e-16
       4736.6465   9.3378187e-16
       4737.6211   9.3767442e-16
       4738.5957   9.4954751e-16
       4739.5703   9.6289323e-16
       4740.5449   9.5908954e-16
       4741.5195   9.4406275e-16
       4742.4941   9.3619186e-16
       4743.4688   9.5876505e-16
       4744.4434   9.5472832e-16
       4745.4180   9.5597333e-16
       4746.3926   9.4222347e-16
       4747.3672   9.3421820e-16
       4748.3418   9.3940438e-16
       4749.3164   9.4665179e-16
       4750.2905   9.5495401e-16
       4751.2651   9.4836907e-16
       4752.2397   9.4216032e-16
       4753.2144   9.3943823e-16
       4754.1890   9.3428808e-16
       4755.1636   9.2576657e-16
       4756.1382   9.1779071e-16
       4757.1128   9.3610090e-16
       4758.0874   9.4428020e-16
       4759.0620   9.2616233e-16
       4760.0366   9.2770361e-16
       4761.0112   9.4123534e-16
       4761.9858   9.4781364e-16
       4762.9604   9.3868493e-16
       4763.9351   9.4059668e-16
       4764.9097   9.4882577e-16
       4765.8843   9.5261515e-16
       4766.8589   9.2998248e-16
       4767.8330   9.2075561e-16
       4768.8076   9.2470325e-16
       4769.7822   9.1912925e-16
       4770.7568   9.3569389e-16
       4771.7314   9.5037701e-16
       4772.7061   9.3287934e-16
       4773.6807   9.1634940e-16
       4774.6553   9.1867000e-16
       4775.6299   9.3196759e-16
       4776.6045   9.1579551e-16
       4777.5791   9.0305528e-16
       4778.5537   9.3464422e-16
       4779.5283   9.4217116e-16
       4780.5029   9.0763995e-16
       4781.4775   9.0328528e-16
       4782.4521   9.2047506e-16
       4783.4268   9.0495579e-16
       4784.4014   8.9923545e-16
       4785.3755   9.1625364e-16
       4786.3501   9.2969007e-16
       4787.3247   9.2075669e-16
       4788.2993   9.2120284e-16
       4789.2739   9.1739237e-16
       4790.2485   9.1184846e-16
       4791.2231   9.1518872e-16
       4792.1978   9.0994146e-16
       4793.1724   9.1074580e-16
       4794.1470   9.2262214e-16
       4795.1216   9.2762857e-16
       4796.0962   9.1591856e-16
       4797.0708   9.1167654e-16
       4798.0454   9.3617325e-16
       4799.0200   9.4872180e-16
       4799.9946   9.3503674e-16
       4800.9692   9.0065348e-16
       4801.9434   9.0431047e-16
       4802.9180   9.1097047e-16
       4803.8926   8.9379196e-16
       4804.8672   9.0571303e-16
       4805.8418   9.2977706e-16
       4806.8164   9.0869707e-16
       4807.7910   9.0345438e-16
       4808.7656   9.0849543e-16
       4809.7402   8.9476062e-16
       4810.7148   8.8773991e-16
       4811.6895   9.1028386e-16
       4812.6641   9.1739506e-16
       4813.6387   9.0734841e-16
       4814.6133   8.9714824e-16
       4815.5879   8.9394923e-16
       4816.5625   9.0326724e-16
       4817.5371   9.0909353e-16
       4818.5117   9.1469822e-16
       4819.4858   9.1016117e-16
       4820.4604   8.9240820e-16
       4821.4351   8.8049251e-16
       4822.4097   8.7750828e-16
       4823.3843   8.9520436e-16
       4824.3589   8.9497495e-16
       4825.3335   8.7855098e-16
       4826.3081   8.7759285e-16
       4827.2827   8.9103400e-16
       4828.2573   8.8839223e-16
       4829.2319   8.8805005e-16
       4830.2065   8.7355859e-16
       4831.1812   8.7138903e-16
       4832.1558   8.8542396e-16
       4833.1304   8.7895596e-16
       4834.1050   8.7132721e-16
       4835.0796   8.7891202e-16
       4836.0542   8.8780832e-16
       4837.0283   8.7800385e-16
       4838.0029   8.7318221e-16
       4838.9775   8.9331479e-16
       4839.9521   8.8755741e-16
       4840.9268   8.8501768e-16
       4841.9014   8.9769137e-16
       4842.8760   8.7836881e-16
       4843.8506   8.4836190e-16
       4844.8252   8.5408107e-16
       4845.7998   8.5848590e-16
       4846.7744   8.4992358e-16
       4847.7490   8.5081382e-16
       4848.7236   8.5382138e-16
       4849.6982   8.6149843e-16
       4850.6729   8.6312984e-16
       4851.6475   8.7486160e-16
       4852.6221   8.8096592e-16
       4853.5967   8.5934537e-16
       4854.5708   8.5318741e-16
       4855.5454   8.6729467e-16
       4856.5200   8.6107087e-16
       4857.4946   8.5734802e-16
       4858.4692   8.7671166e-16
       4859.4438   8.8144070e-16
       4860.4185   8.7470907e-16
       4861.3931   8.7111929e-16
       4862.3677   8.7860807e-16
       4863.3423   8.8615779e-16
       4864.3169   8.6921446e-16
       4865.2915   8.6275458e-16
       4866.2661   8.6366644e-16
       4867.2407   8.6393056e-16
       4868.2153   8.6582538e-16
       4869.1899   8.6345275e-16
       4870.1646   8.7838623e-16
       4871.1392   8.8767685e-16
       4872.1133   8.8983797e-16
       4873.0879   8.8266727e-16
       4874.0625   8.7070599e-16
       4875.0371   8.8840196e-16
       4876.0117   8.9586010e-16
       4876.9863   8.7424423e-16
       4877.9609   8.5395342e-16
       4878.9355   8.5508485e-16
       4879.9102   8.7026688e-16
       4880.8848   8.6036536e-16
       4881.8594   8.5518189e-16
       4882.8340   8.5376442e-16
       4883.8086   8.5535385e-16
       4884.7832   8.5611325e-16
       4885.7578   8.5500801e-16
       4886.7324   8.6273851e-16
       4887.7070   8.4451258e-16
       4888.6816   8.3719751e-16
       4889.6558   8.4159918e-16
       4890.6304   8.4346352e-16
       4891.6050   8.5341515e-16
       4892.5796   8.5144362e-16
       4893.5542   8.2825101e-16
       4894.5288   8.5089911e-16
       4895.5034   8.7015861e-16
       4896.4780   8.4394703e-16
       4897.4526   8.4724410e-16
       4898.4272   8.7630672e-16
       4899.4019   8.7549358e-16
       4900.3765   8.5894149e-16
       4901.3511   8.6619642e-16
       4902.3257   8.5954478e-16
       4903.3003   8.6108862e-16
       4904.2749   8.7561923e-16
       4905.2495   8.7688769e-16
       4906.2241   8.6171043e-16
       4907.1982   8.6137812e-16
       4908.1729   8.5459882e-16
       4909.1475   8.5042843e-16
       4910.1221   8.5888850e-16
       4911.0967   8.6203081e-16
       4912.0713   8.7533663e-16
       4913.0459   8.6737356e-16
       4914.0205   8.6707417e-16
       4914.9951   8.7505664e-16
       4915.9697   8.6846981e-16
       4916.9443   8.5993633e-16
       4917.9189   8.5690997e-16
       4918.8936   8.6631837e-16
       4919.8682   8.5484327e-16
       4920.8428   8.4139827e-16
       4921.8174   8.5753028e-16
       4922.7920   8.6523871e-16
       4923.7666   8.5304457e-16
       4924.7407   8.4111759e-16
       4925.7153   8.5129988e-16
       4926.6899   8.6052726e-16
       4927.6646   8.4885513e-16
       4928.6392   8.3893013e-16
       4929.6138   8.4892122e-16
       4930.5884   8.6133854e-16
       4931.5630   8.3157534e-16
       4932.5376   7.9639281e-16
       4933.5122   8.0576198e-16
       4934.4868   8.0578349e-16
       4935.4614   8.1899058e-16
       4936.4360   8.2907623e-16
       4937.4106   8.3241819e-16
       4938.3853   8.3250465e-16
       4939.3599   8.3254781e-16
       4940.3345   8.3459442e-16
       4941.3086   8.3635674e-16
       4942.2832   8.3088685e-16
       4943.2578   8.2423319e-16
       4944.2324   8.1488048e-16
       4945.2070   8.1572765e-16
       4946.1816   8.1238028e-16
       4947.1562   8.1509987e-16
       4948.1309   8.1245771e-16
       4949.1055   8.0550769e-16
       4950.0801   7.9722750e-16
       4951.0547   8.0260809e-16
       4952.0293   8.2512419e-16
       4953.0039   8.1542018e-16
       4953.9785   7.9615316e-16
       4954.9531   7.9645410e-16
       4955.9277   7.8852912e-16
       4956.9023   7.9020532e-16
       4957.8770   7.8798319e-16
       4958.8511   7.9195591e-16
       4959.8257   7.9070382e-16
       4960.8003   7.7435268e-16
       4961.7749   7.7560692e-16
       4962.7495   7.6511822e-16
       4963.7241   7.7148335e-16
       4964.6987   7.7350563e-16
       4965.6733   7.6982477e-16
       4966.6479   7.6960225e-16
       4967.6226   7.6158232e-16
       4968.5972   7.4448172e-16
       4969.5718   7.4132392e-16
       4970.5464   7.5260821e-16
       4971.5210   7.5440387e-16
       4972.4956   7.4217740e-16
       4973.4702   7.4548311e-16
       4974.4448   7.5499995e-16
       4975.4194   7.5443453e-16
       4976.3936   7.6019612e-16
       4977.3682   7.6619057e-16
       4978.3428   7.4603950e-16
       4979.3174   7.3997871e-16
       4980.2920   7.4280088e-16
       4981.2666   7.3663647e-16
       4982.2412   7.3521477e-16
       4983.2158   7.4247807e-16
       4984.1904   7.2444369e-16
       4985.1650   7.1612178e-16
       4986.1396   7.2103439e-16
       4987.1143   7.2251448e-16
       4988.0889   7.2718270e-16
       4989.0635   7.1489508e-16
       4990.0381   7.1269407e-16
       4991.0127   7.2832032e-16
       4991.9873   7.2033484e-16
       4992.9619   7.0466513e-16
       4993.9360   7.0440329e-16
       4994.9106   7.1459072e-16
       4995.8853   6.9582148e-16
       4996.8599   6.9670781e-16
       4997.8345   7.0338607e-16
       4998.8091   6.8775780e-16
       4999.7837   6.8102303e-16
       5000.7583   6.8240372e-16
       5001.7329   6.6619676e-16
       5002.7075   6.8195447e-16
       5003.6821   6.7733274e-16
       5004.6567   6.7038508e-16
       5005.6313   6.6446173e-16
       5006.6060   6.5622538e-16
       5007.5806   6.5693586e-16
       5008.5552   6.5621592e-16
       5009.5298   6.6064812e-16
       5010.5044   6.6479799e-16
       5011.4785   6.7053741e-16
       5012.4531   6.6007162e-16
       5013.4277   6.3893473e-16
       5014.4023   6.4636503e-16
       5015.3770   6.4665794e-16
       5016.3516   6.4900764e-16
       5017.3262   6.4590796e-16
       5018.3008   6.3697332e-16
       5019.2754   6.3163717e-16
       5020.2500   6.4049836e-16
       5021.2246   6.3516811e-16
       5022.1992   6.2890061e-16
       5023.1738   6.1911088e-16
       5024.1484   6.2087167e-16
       5025.1230   6.3448397e-16
       5026.0977   6.3277712e-16
       5027.0723   6.3129478e-16
       5028.0469   6.1875128e-16
       5029.0210   6.2174134e-16
       5029.9956   6.3305191e-16
       5030.9702   6.1881051e-16
       5031.9448   6.1498167e-16
       5032.9194   6.1295498e-16
       5033.8940   6.2444834e-16
       5034.8687   6.2691594e-16
       5035.8433   6.1606300e-16
       5036.8179   6.1944945e-16
       5037.7925   6.1535180e-16
       5038.7671   6.1760987e-16
       5039.7417   6.1229543e-16
       5040.7163   6.0118506e-16
       5041.6909   6.0964228e-16
       5042.6655   6.1462707e-16
       5043.6401   6.0438422e-16
       5044.6147   6.0223048e-16
       5045.5894   6.0813910e-16
       5046.5635   5.9275532e-16
       5047.5381   5.8449630e-16
       5048.5127   5.8434609e-16
       5049.4873   5.8957644e-16
       5050.4619   5.8459238e-16
       5051.4365   5.7241713e-16
       5052.4111   5.7504983e-16
       5053.3857   5.8679307e-16
       5054.3604   5.7057680e-16
       5055.3350   5.7686566e-16
       5056.3096   5.8441058e-16
       5057.2842   5.6656332e-16
       5058.2588   5.6473707e-16
       5059.2334   5.7381211e-16
       5060.2080   5.8502737e-16
       5061.1826   5.7536275e-16
       5062.1572   5.6056660e-16
       5063.1318   5.6661548e-16
       5064.1060   5.7947084e-16
       5065.0806   5.6628813e-16
       5066.0552   5.6307146e-16
       5067.0298   5.7642382e-16
       5068.0044   5.8043805e-16
       5068.9790   5.6912350e-16
       5069.9536   5.7141364e-16
       5070.9282   5.7226428e-16
       5071.9028   5.6989649e-16
       5072.8774   5.6251519e-16
       5073.8521   5.6717042e-16
       5074.8267   5.6244164e-16
       5075.8013   5.5097191e-16
       5076.7759   5.5860360e-16
       5077.7505   5.8148583e-16
       5078.7251   5.7203229e-16
       5079.6997   5.5417791e-16
       5080.6743   5.5472295e-16
       5081.6484   5.4413371e-16
       5082.6230   5.3408003e-16
       5083.5977   5.4478753e-16
       5084.5723   5.6504292e-16
       5085.5469   5.7162129e-16
       5086.5215   5.5064878e-16
       5087.4961   5.4501602e-16
       5088.4707   5.5151610e-16
       5089.4453   5.5913605e-16
       5090.4199   5.5402612e-16
       5091.3945   5.5830481e-16
       5092.3691   5.6243710e-16
       5093.3438   5.4546756e-16
       5094.3184   5.4423773e-16
       5095.2930   5.6456038e-16
       5096.2676   5.5855194e-16
       5097.2422   5.5019385e-16
       5098.2163   5.6141591e-16
       5099.1909   5.7349309e-16
       5100.1655   5.6981816e-16
       5101.1401   5.6078514e-16
       5102.1147   5.5606660e-16
       5103.0894   5.5429503e-16
       5104.0640   5.5806158e-16
       5105.0386   5.5097656e-16
       5106.0132   5.4736132e-16
       5106.9878   5.6144844e-16
       5107.9624   5.6374062e-16
       5108.9370   5.6630772e-16
       5109.9116   5.6957893e-16
       5110.8862   5.5681281e-16
       5111.8608   5.5254739e-16
       5112.8354   5.4891450e-16
       5113.8101   5.5803493e-16
       5114.7847   5.7243695e-16
       5115.7588   5.6625140e-16
       5116.7334   5.6216085e-16
       5117.7080   5.7880040e-16
       5118.6826   5.7117569e-16
       5119.6572   5.5895879e-16
       5120.6318   5.5809227e-16
       5121.6064   5.6723521e-16
       5122.5811   5.7316316e-16
       5123.5557   5.7491826e-16
       5124.5303   5.6952911e-16
       5125.5049   5.7005573e-16
       5126.4795   5.7090020e-16
       5127.4541   5.6332377e-16
       5128.4287   5.7704045e-16
       5129.4033   5.8846833e-16
       5130.3779   5.7473936e-16
       5131.3525   5.7363637e-16
       5132.3271   5.7476202e-16
       5133.3013   5.7403127e-16
       5134.2759   5.7958565e-16
       5135.2505   5.8746704e-16
       5136.2251   5.8010259e-16
       5137.1997   5.7689656e-16
       5138.1743   5.8739647e-16
       5139.1489   5.9604705e-16
       5140.1235   5.8980281e-16
       5141.0981   5.9848717e-16
       5142.0728   5.9394353e-16
       5143.0474   5.9230417e-16
       5144.0220   5.9702451e-16
       5144.9966   5.9293059e-16
       5145.9712   6.0010980e-16
       5146.9458   6.0767921e-16
       5147.9204   6.0333544e-16
       5148.8950   5.9803347e-16
       5149.8696   5.9773312e-16
       5150.8438   5.9332112e-16
       5151.8184   5.9739650e-16
       5152.7930   6.0012983e-16
       5153.7676   6.0076136e-16
       5154.7422   6.0852144e-16
       5155.7168   6.0623876e-16
       5156.6914   6.1181652e-16
       5157.6660   6.0820878e-16
       5158.6406   6.0681239e-16
       5159.6152   6.0776744e-16
       5160.5898   6.0629067e-16
       5161.5645   6.1289805e-16
       5162.5391   6.1287799e-16
       5163.5137   6.0398842e-16
       5164.4883   6.1746608e-16
       5165.4629   6.1998229e-16
       5166.4375   6.1342810e-16
       5167.4121   6.1865916e-16
       5168.3862   6.2769143e-16
       5169.3608   6.2335777e-16
       5170.3354   6.1703000e-16
       5171.3101   6.1477930e-16
       5172.2847   6.2194434e-16
       5173.2593   6.2886120e-16
       5174.2339   6.3283161e-16
       5175.2085   6.2687494e-16
       5176.1831   6.3029146e-16
       5177.1577   6.4392246e-16
       5178.1323   6.3960296e-16
       5179.1069   6.3660455e-16
       5180.0815   6.2995318e-16
       5181.0562   6.3503238e-16
       5182.0308   6.3978858e-16
       5183.0054   6.3255623e-16
       5183.9800   6.2719908e-16
       5184.9546   6.3421660e-16
       5185.9287   6.3868964e-16
       5186.9033   6.3204459e-16
       5187.8779   6.4262482e-16
       5188.8525   6.4255090e-16
       5189.8271   6.4290057e-16
       5190.8018   6.3941033e-16
       5191.7764   6.3454051e-16
       5192.7510   6.4384105e-16
       5193.7256   6.4582474e-16
       5194.7002   6.4197067e-16
       5195.6748   6.2823856e-16
       5196.6494   6.4597380e-16
       5197.6240   6.4442018e-16
       5198.5986   6.3193564e-16
       5199.5732   6.2746531e-16
       5200.5479   6.4039914e-16
       5201.5225   6.3902207e-16
       5202.4971   6.4022734e-16
       5203.4712   6.5108362e-16
       5204.4458   6.4990185e-16
       5205.4204   6.5036222e-16
       5206.3950   6.4218572e-16
       5207.3696   6.3188660e-16
       5208.3442   6.2567907e-16
       5209.3188   6.3477242e-16
       5210.2935   6.4337292e-16
       5211.2681   6.4211453e-16
       5212.2427   6.3284560e-16
       5213.2173   6.3616686e-16
       5214.1919   6.4487773e-16
       5215.1665   6.4466511e-16
       5216.1411   6.5742391e-16
       5217.1157   6.5211276e-16
       5218.0903   6.2896567e-16
       5219.0649   6.3000577e-16
       5220.0396   6.4238793e-16
       5221.0137   6.4312633e-16
       5221.9883   6.3617472e-16
       5222.9629   6.4709791e-16
       5223.9375   6.5536367e-16
       5224.9121   6.4642282e-16
       5225.8867   6.6229764e-16
       5226.8613   6.6998280e-16
       5227.8359   6.6022950e-16
       5228.8105   6.5349157e-16
       5229.7852   6.5558061e-16
       5230.7598   6.6914183e-16
       5231.7344   6.6590979e-16
       5232.7090   6.6423611e-16
       5233.6836   6.5246899e-16
       5234.6582   6.4879788e-16
       5235.6328   6.5681943e-16
       5236.6074   6.5838440e-16
       5237.5820   6.5599270e-16
       5238.5562   6.6366092e-16
       5239.5308   6.4951048e-16
       5240.5054   6.3486202e-16
       5241.4800   6.5202176e-16
       5242.4546   6.6179975e-16
       5243.4292   6.6708116e-16
       5244.4038   6.5896268e-16
       5245.3784   6.4854825e-16
       5246.3530   6.4440352e-16
       5247.3276   6.4391691e-16
       5248.3022   6.4498928e-16
       5249.2769   6.5058955e-16
       5250.2515   6.5499089e-16
       5251.2261   6.5757830e-16
       5252.2007   6.7034115e-16
       5253.1753   6.6452731e-16
       5254.1499   6.4411880e-16
       5255.1240   6.5697675e-16
       5256.0986   6.7098086e-16
       5257.0732   6.5537655e-16
       5258.0479   6.3718414e-16
       5259.0225   6.3777198e-16
       5259.9971   6.3911346e-16
       5260.9717   6.4442684e-16
       5261.9463   6.3857953e-16
       5262.9209   6.3516984e-16
       5263.8955   6.3717911e-16
       5264.8701   6.3859652e-16
       5265.8447   6.4145207e-16
       5266.8193   6.4343230e-16
       5267.7939   6.5258836e-16
       5268.7686   6.4876760e-16
       5269.7432   6.4694775e-16
       5270.7178   6.4859198e-16
       5271.6924   6.5004311e-16
       5272.6665   6.4648512e-16
       5273.6411   6.5107654e-16
       5274.6157   6.4431703e-16
       5275.5903   6.4205515e-16
       5276.5649   6.4519231e-16
       5277.5396   6.4806592e-16
       5278.5142   6.4536156e-16
       5279.4888   6.5195437e-16
       5280.4634   6.6289257e-16
       5281.4380   6.4420372e-16
       5282.4126   6.3856460e-16
       5283.3872   6.4464035e-16
       5284.3618   6.3194686e-16
       5285.3364   6.3101505e-16
       5286.3110   6.3236128e-16
       5287.2856   6.3310422e-16
       5288.2603   6.3014717e-16
       5289.2349   6.3062249e-16
       5290.2090   6.3665185e-16
       5291.1836   6.4109838e-16
       5292.1582   6.3793709e-16
       5293.1328   6.3272121e-16
       5294.1074   6.2967526e-16
       5295.0820   6.3263876e-16
       5296.0566   6.3108393e-16
       5297.0312   6.2699793e-16
       5298.0059   6.3373405e-16
       5298.9805   6.3903307e-16
       5299.9551   6.3315312e-16
       5300.9297   6.2976884e-16
       5301.9043   6.2861755e-16
       5302.8789   6.2678356e-16
       5303.8535   6.2849953e-16
       5304.8281   6.2450828e-16
       5305.8027   6.2579801e-16
       5306.7773   6.3372073e-16
       5307.7515   6.3289064e-16
       5308.7261   6.3022323e-16
       5309.7007   6.2703184e-16
       5310.6753   6.2726418e-16
       5311.6499   6.3085524e-16
       5312.6245   6.2764210e-16
       5313.5991   6.3034130e-16
       5314.5737   6.3546293e-16
       5315.5483   6.3986905e-16
       5316.5229   6.3719721e-16
       5317.4976   6.4082902e-16
       5318.4722   6.4875089e-16
       5319.4468   6.4728017e-16
       5320.4214   6.4844889e-16
       5321.3960   6.4802213e-16
       5322.3706   6.4022888e-16
       5323.3452   6.4222284e-16
       5324.3198   6.3918109e-16
       5325.2939   6.4607665e-16
       5326.2686   6.4681716e-16
       5327.2432   6.3788976e-16
       5328.2178   6.3627843e-16
       5329.1924   6.3766650e-16
       5330.1670   6.3853049e-16
       5331.1416   6.3945574e-16
       5332.1162   6.4037812e-16
       5333.0908   6.4125632e-16
       5334.0654   6.4248748e-16
       5335.0400   6.4196680e-16
       5336.0146   6.3373919e-16
       5336.9893   6.3504515e-16
       5337.9639   6.4389991e-16
       5338.9385   6.4916352e-16
       5339.9131   6.4004821e-16
       5340.8877   6.3198638e-16
       5341.8623   6.3028470e-16
       5342.8364   6.2796244e-16
       5343.8110   6.2879833e-16
       5344.7856   6.3172103e-16
       5345.7603   6.2724026e-16
       5346.7349   6.1924489e-16
       5347.7095   6.2442121e-16
       5348.6841   6.2833806e-16
       5349.6587   6.3018602e-16
       5350.6333   6.3653950e-16
       5351.6079   6.3631904e-16
       5352.5825   6.2305643e-16
       5353.5571   6.2411109e-16
       5354.5317   6.3989002e-16
       5355.5063   6.4310345e-16
       5356.4810   6.3438489e-16
       5357.4556   6.3314612e-16
       5358.4302   6.2713736e-16
       5359.4048   6.2244506e-16
       5360.3789   6.2972273e-16
       5361.3535   6.3524729e-16
       5362.3281   6.3425740e-16
       5363.3027   6.3774926e-16
       5364.2773   6.3947608e-16
       5365.2520   6.2586025e-16
       5366.2266   6.1437205e-16
       5367.2012   6.1821593e-16
       5368.1758   6.2382380e-16
       5369.1504   6.2426276e-16
       5370.1250   6.2216591e-16
       5371.0996   6.1950437e-16
       5372.0742   6.1721497e-16
       5373.0488   6.1755605e-16
       5374.0234   6.2345383e-16
       5374.9980   6.2183920e-16
       5375.9727   6.3083351e-16
       5376.9473   6.3427771e-16
       5377.9214   6.3483716e-16
       5378.8960   6.3422673e-16
       5379.8706   6.3020891e-16
       5380.8452   6.2738642e-16
       5381.8198   6.2972855e-16
       5382.7944   6.2877957e-16
       5383.7690   6.2598642e-16
       5384.7437   6.3109312e-16
       5385.7183   6.2539837e-16
       5386.6929   6.2214068e-16
       5387.6675   6.2673550e-16
       5388.6421   6.2137285e-16
       5389.6167   6.1275296e-16
       5390.5913   6.0943323e-16
       5391.5659   6.0124254e-16
       5392.5405   5.9890924e-16
       5393.5151   6.0916582e-16
       5394.4897   6.1854256e-16
       5395.4639   6.2344811e-16
       5396.4385   6.3701326e-16
       5397.4131   6.3221426e-16
       5398.3877   6.1392795e-16
       5399.3623   6.1782219e-16
       5400.3369   6.1567652e-16
       5401.3115   6.1418771e-16
       5402.2861   6.2031427e-16
       5403.2607   6.1724006e-16
       5404.2354   6.0804572e-16
       5405.2100   6.1037629e-16
       5406.1846   6.1622106e-16
       5407.1592   6.1198887e-16
       5408.1338   6.1536278e-16
       5409.1084   6.0507866e-16
       5410.0830   6.0581296e-16
       5411.0576   6.1145321e-16
       5412.0317   6.1533007e-16
       5413.0063   6.0862146e-16
       5413.9810   6.1733673e-16
       5414.9556   6.2722054e-16
       5415.9302   6.3208226e-16
       5416.9048   6.3335437e-16
       5417.8794   6.2797371e-16
       5418.8540   6.2569411e-16
       5419.8286   6.1344574e-16
       5420.8032   6.1557757e-16
       5421.7778   6.1946750e-16
       5422.7524   6.1582472e-16
       5423.7271   6.1018279e-16
       5424.7017   6.0504558e-16
       5425.6763   6.1222638e-16
       5426.6509   6.2157525e-16
       5427.6255   6.1883013e-16
       5428.6001   6.1466096e-16
       5429.5742   6.2261172e-16
       5430.5488   6.1550666e-16
       5431.5234   6.1002066e-16
       5432.4980   6.0988984e-16
       5433.4727   6.0220961e-16
       5434.4473   6.0348536e-16
       5435.4219   6.1055917e-16
       5436.3965   6.1208411e-16
       5437.3711   6.0756355e-16
       5438.3457   6.0615896e-16
       5439.3203   5.9891773e-16
       5440.2949   6.0305977e-16
       5441.2695   6.0728339e-16
       5442.2441   6.0115670e-16
       5443.2188   6.0467620e-16
       5444.1934   6.1490733e-16
       5445.1680   6.0917226e-16
       5446.1426   6.0739710e-16
       5447.1167   6.0159529e-16
       5448.0913   5.9754115e-16
       5449.0659   5.8662499e-16
       5450.0405   5.7897690e-16
       5451.0151   5.7503672e-16
       5451.9897   5.8128616e-16
       5452.9644   5.8280759e-16
       5453.9390   5.8655528e-16
       5454.9136   5.9024729e-16
       5455.8882   5.8520348e-16
       5456.8628   5.9549794e-16
       5457.8374   5.9671012e-16
       5458.8120   5.9057749e-16
       5459.7866   5.9089416e-16
       5460.7612   5.8987988e-16
       5461.7358   5.8763688e-16
       5462.7104   5.9258077e-16
       5463.6851   5.8988708e-16
       5464.6592   5.8275272e-16
       5465.6338   5.7854076e-16
       5466.6084   5.8375126e-16
       5467.5830   5.8801421e-16
       5468.5576   5.8384865e-16
       5469.5322   5.7916058e-16
       5470.5068   5.7304445e-16
       5471.4814   5.6607601e-16
       5472.4561   5.7539979e-16
       5473.4307   5.8505184e-16
       5474.4053   5.8943834e-16
       5475.3799   5.8612740e-16
       5476.3545   5.7661438e-16
       5477.3291   5.6848627e-16
       5478.3037   5.6362678e-16
       5479.2783   5.6313260e-16
       5480.2529   5.7370134e-16
       5481.2275   5.7629100e-16
       5482.2017   5.7556538e-16
       5483.1763   5.6344813e-16
       5484.1509   5.6271726e-16
       5485.1255   5.6417861e-16
       5486.1001   5.5932545e-16
       5487.0747   5.4735112e-16
       5488.0493   5.3868420e-16
       5489.0239   5.3442447e-16
       5489.9985   5.3573763e-16
       5490.9731   5.4157112e-16
       5491.9478   5.3752735e-16
       5492.9224   5.4454852e-16
       5493.8970   5.5150468e-16
       5494.8716   5.4393364e-16
       5495.8462   5.3944795e-16
       5496.8208   5.4940955e-16
       5497.7954   5.3516282e-16
       5498.7700   5.3846693e-16
       5499.7441   5.5291815e-16
       5500.7188   5.4579262e-16
       5501.6934   5.3970458e-16
       5502.6680   5.4530090e-16
       5503.6426   5.5150730e-16
       5504.6172   5.5239412e-16
       5505.5918   5.4922617e-16
       5506.5664   5.3742380e-16
       5507.5410   5.5098073e-16
       5508.5156   5.5638970e-16
       5509.4902   5.4907269e-16
       5510.4648   5.4780542e-16
       5511.4395   5.3636197e-16
       5512.4141   5.3876487e-16
       5513.3887   5.4083828e-16
       5514.3633   5.4024034e-16
       5515.3379   5.5274369e-16
       5516.3125   5.4619521e-16
       5517.2866   5.4122439e-16
       5518.2612   5.4693109e-16
       5519.2358   5.5341416e-16
       5520.2104   5.5373874e-16
       5521.1851   5.4248661e-16
       5522.1597   5.3730799e-16
       5523.1343   5.3764524e-16
       5524.1089   5.3958683e-16
       5525.0835   5.4056626e-16
       5526.0581   5.3982002e-16
       5527.0327   5.4145456e-16
       5528.0073   5.4785244e-16
       5528.9819   5.4143429e-16
       5529.9565   5.3378047e-16
       5530.9312   5.3686802e-16
       5531.9058   5.3882360e-16
       5532.8804   5.4318754e-16
       5533.8550   5.3840879e-16
       5534.8291   5.3518189e-16
       5535.8037   5.3352624e-16
       5536.7783   5.3471695e-16
       5537.7529   5.2990461e-16
       5538.7275   5.2380422e-16
       5539.7021   5.2637403e-16
       5540.6768   5.2383266e-16
       5541.6514   5.2701384e-16
       5542.6260   5.3187732e-16
       5543.6006   5.2764327e-16
       5544.5752   5.3209167e-16
       5545.5498   5.2814359e-16
       5546.5244   5.3026913e-16
       5547.4990   5.3418818e-16
       5548.4736   5.3490813e-16
       5549.4482   5.3175289e-16
       5550.4229   5.2376908e-16
       5551.3975   5.3398353e-16
       5552.3716   5.3180888e-16
       5553.3462   5.1271649e-16
       5554.3208   5.0450763e-16
       5555.2954   5.1442995e-16
       5556.2700   5.1410771e-16
       5557.2446   5.1384389e-16
       5558.2192   5.1766409e-16
       5559.1938   5.2032315e-16
       5560.1685   5.2923628e-16
       5561.1431   5.2143757e-16
       5562.1177   5.1542331e-16
       5563.0923   5.2303249e-16
       5564.0669   5.2280251e-16
       5565.0415   5.2807891e-16
       5566.0161   5.2091473e-16
       5566.9907   5.0131314e-16
       5567.9653   4.9768786e-16
       5568.9395   5.0485125e-16
       5569.9141   5.1012108e-16
       5570.8887   5.0170999e-16
       5571.8633   4.9468896e-16
       5572.8379   4.9398238e-16
       5573.8125   5.0123029e-16
       5574.7871   5.1883519e-16
       5575.7617   5.2386341e-16
       5576.7363   5.1007122e-16
       5577.7109   5.0612807e-16
       5578.6855   5.0992282e-16
       5579.6602   5.1909683e-16
       5580.6348   5.1984217e-16
       5581.6094   5.0853638e-16
       5582.5840   5.0158380e-16
       5583.5586   5.0246209e-16
       5584.5332   5.0166175e-16
       5585.5078   5.0846326e-16
       5586.4819   5.0581724e-16
       5587.4565   5.1133889e-16
       5588.4312   5.1539470e-16
       5589.4058   5.0468810e-16
       5590.3804   5.0074479e-16
       5591.3550   5.0824079e-16
       5592.3296   5.0928848e-16
       5593.3042   5.0462815e-16
       5594.2788   5.0143145e-16
       5595.2534   5.0267371e-16
       5596.2280   5.1159525e-16
       5597.2026   5.0946332e-16
       5598.1772   5.0797059e-16
       5599.1519   5.1145791e-16
       5600.1265   5.0931801e-16
       5601.1011   5.1244643e-16
       5602.0757   5.0923629e-16
       5603.0503   5.0759653e-16
       5604.0244   5.1208583e-16
       5604.9990   5.0450990e-16
       5605.9736   4.9871372e-16
       5606.9482   4.9481598e-16
       5607.9229   4.9714980e-16
       5608.8975   4.9514859e-16
       5609.8721   4.9453420e-16
       5610.8467   4.9589130e-16
       5611.8213   4.9957733e-16
       5612.7959   5.0089965e-16
       5613.7705   5.0434274e-16
       5614.7451   5.1197773e-16
       5615.7197   4.9562816e-16
       5616.6943   4.9239535e-16
       5617.6689   4.9734078e-16
       5618.6436   4.9740873e-16
       5619.6182   4.9699910e-16
       5620.5928   4.9515021e-16
       5621.5669   5.0006722e-16
       5622.5415   5.1301247e-16
       5623.5161   5.0458430e-16
       5624.4907   4.9193730e-16
       5625.4653   4.9233639e-16
       5626.4399   4.9389063e-16
       5627.4146   4.9222869e-16
       5628.3892   4.9831972e-16
       5629.3638   4.9405443e-16
       5630.3384   4.8871901e-16
       5631.3130   4.9110355e-16
       5632.2876   4.8983529e-16
       5633.2622   4.7474750e-16
       5634.2368   4.6581461e-16
       5635.2114   4.8199298e-16
       5636.1860   4.8676014e-16
       5637.1606   4.8109592e-16
       5638.1353   4.7745045e-16
       5639.1094   4.8009546e-16
       5640.0840   4.9068849e-16
       5641.0586   4.8970284e-16
       5642.0332   4.8262238e-16
       5643.0078   4.7368127e-16
       5643.9824   4.7356107e-16
       5644.9570   4.7625933e-16
       5645.9316   4.8293462e-16
       5646.9062   4.8699282e-16
       5647.8809   4.7994507e-16
       5648.8555   4.7245112e-16
       5649.8301   4.7777698e-16
       5650.8047   4.7944140e-16
       5651.7793   4.8197338e-16
       5652.7539   4.8481403e-16
       5653.7285   4.7239334e-16
       5654.7031   4.7580047e-16
       5655.6777   4.8075973e-16
       5656.6519   4.7693841e-16
       5657.6265   4.8373192e-16
       5658.6011   4.8287861e-16
       5659.5757   4.7167523e-16
       5660.5503   4.7800089e-16
       5661.5249   4.8452347e-16
       5662.4995   4.7517566e-16
       5663.4741   4.7811918e-16
       5664.4487   4.8352412e-16
       5665.4233   4.8534993e-16
       5666.3979   4.8814081e-16
       5667.3726   4.7658358e-16
       5668.3472   4.7340152e-16
       5669.3218   4.7758975e-16
       5670.2964   4.7074775e-16
       5671.2710   4.6924746e-16
       5672.2456   4.7691582e-16
       5673.2202   4.6801236e-16
       5674.1943   4.6531528e-16
       5675.1689   4.7064889e-16
       5676.1436   4.7401389e-16
       5677.1182   4.6941876e-16
       5678.0928   4.6899370e-16
       5679.0674   4.6959515e-16
       5680.0420   4.7436737e-16
       5681.0166   4.7274061e-16
       5681.9912   4.6751905e-16
       5682.9658   4.7229058e-16
       5683.9404   4.6868688e-16
       5684.9150   4.7383963e-16
       5685.8896   4.6955440e-16
       5686.8643   4.6436603e-16
       5687.8389   4.6488194e-16
       5688.8135   4.6247425e-16
       5689.7881   4.6130907e-16
       5690.7627   4.6625049e-16
       5691.7368   4.6133952e-16
       5692.7114   4.5559670e-16
       5693.6860   4.6418590e-16
       5694.6606   4.7024897e-16
       5695.6353   4.6973907e-16
       5696.6099   4.6597560e-16
       5697.5845   4.6347048e-16
       5698.5591   4.6776727e-16
       5699.5337   4.6764551e-16
       5700.5083   4.6984987e-16
       5701.4829   4.7145759e-16
       5702.4575   4.7006660e-16
       5703.4321   4.7315578e-16
       5704.4067   4.6938078e-16
       5705.3813   4.6332007e-16
       5706.3560   4.6048777e-16
       5707.3306   4.6310806e-16
       5708.3047   4.5947947e-16
       5709.2793   4.6080059e-16
       5710.2539   4.6346628e-16
       5711.2285   4.6178749e-16
       5712.2031   4.6672357e-16
       5713.1777   4.6035359e-16
       5714.1523   4.5157049e-16
       5715.1270   4.5488663e-16
       5716.1016   4.5685468e-16
       5717.0762   4.5867807e-16
       5718.0508   4.5428874e-16
       5719.0254   4.5063508e-16
       5720.0000   4.5301529e-16
       5720.9746   4.5911240e-16
       5721.9492   4.5015522e-16
       5722.9238   4.4942089e-16
       5723.8984   4.4733688e-16
       5724.8730   4.3940792e-16
       5725.8472   4.4219731e-16
       5726.8218   4.4492158e-16
       5727.7964   4.4732541e-16
       5728.7710   4.3732805e-16
       5729.7456   4.3422055e-16
       5730.7202   4.4823669e-16
       5731.6948   4.5826593e-16
       5732.6694   4.4814814e-16
       5733.6440   4.4012928e-16
       5734.6187   4.4232340e-16
       5735.5933   4.4695082e-16
       5736.5679   4.5711533e-16
       5737.5425   4.5270878e-16
       5738.5171   4.4861542e-16
       5739.4917   4.4789007e-16
       5740.4663   4.4755310e-16
       5741.4409   4.4977282e-16
       5742.4155   4.4040820e-16
       5743.3896   4.4142389e-16
       5744.3643   4.5194389e-16
       5745.3389   4.5043972e-16
       5746.3135   4.4012041e-16
       5747.2881   4.3572511e-16
       5748.2627   4.4558317e-16
       5749.2373   4.4406577e-16
       5750.2119   4.3304932e-16
       5751.1865   4.3244126e-16
       5752.1611   4.4360902e-16
       5753.1357   4.4490848e-16
       5754.1104   4.4318291e-16
       5755.0850   4.3953291e-16
       5756.0596   4.3060870e-16
       5757.0342   4.3578311e-16
       5758.0088   4.4395764e-16
       5758.9834   4.4614137e-16
       5759.9580   4.3631013e-16
       5760.9321   4.3221609e-16
       5761.9067   4.4451751e-16
       5762.8813   4.4809064e-16
       5763.8560   4.3225817e-16
       5764.8306   4.3033643e-16
       5765.8052   4.4044124e-16
       5766.7798   4.3869619e-16
       5767.7544   4.3910312e-16
       5768.7290   4.3896383e-16
       5769.7036   4.4006093e-16
       5770.6782   4.4343889e-16
       5771.6528   4.3282922e-16
       5772.6274   4.2844844e-16
       5773.6021   4.3464269e-16
       5774.5767   4.4349135e-16
       5775.5513   4.3973759e-16
       5776.5259   4.4045667e-16
       5777.5005   4.3626290e-16
       5778.4746   4.3358524e-16
       5779.4492   4.3178676e-16
       5780.4238   4.3885385e-16
       5781.3984   4.3727583e-16
       5782.3730   4.3404288e-16
       5783.3477   4.3793274e-16
       5784.3223   4.3967013e-16
       5785.2969   4.3612691e-16
       5786.2715   4.2933377e-16
       5787.2461   4.3644555e-16
       5788.2207   4.3870675e-16
       5789.1953   4.3248051e-16
       5790.1699   4.2777163e-16
       5791.1445   4.2687709e-16
       5792.1191   4.2977015e-16
       5793.0938   4.3143729e-16
       5794.0684   4.3492635e-16
       5795.0430   4.3725082e-16
       5796.0171   4.3726209e-16
       5796.9917   4.3781366e-16
       5797.9663   4.3187010e-16
       5798.9409   4.2814647e-16
       5799.9155   4.2695377e-16
       5800.8901   4.2448420e-16
       5801.8647   4.1889995e-16
       5802.8394   4.2338641e-16
       5803.8140   4.3327474e-16
       5804.7886   4.3687861e-16
       5805.7632   4.3497687e-16
       5806.7378   4.2808008e-16
       5807.7124   4.2286095e-16
       5808.6870   4.2119212e-16
       5809.6616   4.2413397e-16
       5810.6362   4.3138321e-16
       5811.6108   4.3696289e-16
       5812.5854   4.3398535e-16
       5813.5596   4.2935441e-16
       5814.5342   4.3368955e-16
       5815.5088   4.3156306e-16
       5816.4834   4.2821902e-16
       5817.4580   4.2870643e-16
       5818.4326   4.3479126e-16
       5819.4072   4.3156585e-16
       5820.3818   4.2231915e-16
       5821.3564   4.3131868e-16
       5822.3311   4.3450472e-16
       5823.3057   4.2586013e-16
       5824.2803   4.1643197e-16
       5825.2549   4.2966428e-16
       5826.2295   4.4453300e-16
       5827.2041   4.3824912e-16
       5828.1787   4.2071024e-16
       5829.1533   4.1673837e-16
       5830.1279   4.1990298e-16
       5831.1021   4.2365430e-16
       5832.0767   4.3038888e-16
       5833.0513   4.3942082e-16
       5834.0259   4.3544173e-16
       5835.0005   4.2521611e-16
       5835.9751   4.3067280e-16
       5836.9497   4.2669945e-16
       5837.9243   4.1662250e-16
       5838.8989   4.2195106e-16
       5839.8735   4.3168447e-16
       5840.8481   4.2396267e-16
       5841.8228   4.1981056e-16
       5842.7974   4.2408050e-16
       5843.7720   4.2540999e-16
       5844.7466   4.3038054e-16
       5845.7212   4.2759874e-16
       5846.6958   4.2732881e-16
       5847.6704   4.2630883e-16
       5848.6445   4.1947537e-16
       5849.6191   4.3052679e-16
       5850.5938   4.3317736e-16
       5851.5684   4.1588987e-16
       5852.5430   4.1008252e-16
       5853.5176   4.1677763e-16
       5854.4922   4.2112054e-16
       5855.4668   4.1228059e-16
       5856.4414   4.1307750e-16
       5857.4160   4.2230355e-16
       5858.3906   4.2227698e-16
       5859.3652   4.1827930e-16
       5860.3398   4.2209959e-16
       5861.3145   4.2164402e-16
       5862.2891   4.1783325e-16
       5863.2637   4.2636479e-16
       5864.2383   4.2933391e-16
       5865.2124   4.2345654e-16
       5866.1870   4.1693715e-16
       5867.1616   4.1613376e-16
       5868.1362   4.1542426e-16
       5869.1108   4.1626474e-16
       5870.0854   4.1014420e-16
       5871.0601   4.0736419e-16
       5872.0347   4.1647927e-16
       5873.0093   4.1460805e-16
       5873.9839   4.0555849e-16
       5874.9585   4.0159392e-16
       5875.9331   4.1846382e-16
       5876.9077   4.2198039e-16
       5877.8823   4.1051511e-16
       5878.8569   4.0800805e-16
       5879.8315   4.1525143e-16
       5880.8062   4.1496412e-16
       5881.7808   4.1718462e-16
       5882.7549   4.1737330e-16
       5883.7295   4.1485412e-16
       5884.7041   4.0187446e-16
       5885.6787   3.8754617e-16
       5886.6533   3.8947868e-16
       5887.6279   4.0629090e-16
       5888.6025   4.0510440e-16
       5889.5771   3.9364772e-16
       5890.5518   3.9394764e-16
       5891.5264   3.9779391e-16
       5892.5010   4.0547841e-16
       5893.4756   3.9880860e-16
       5894.4502   3.9094551e-16
       5895.4248   3.9379345e-16
       5896.3994   3.9266865e-16
       5897.3740   3.9527128e-16
       5898.3486   4.0167182e-16
       5899.3232   3.9738599e-16
       5900.2974   3.9501289e-16
       5901.2720   4.0136729e-16
       5902.2466   4.0441283e-16
       5903.2212   4.0263270e-16
       5904.1958   4.0690443e-16
       5905.1704   4.1109005e-16
       5906.1450   4.1003690e-16
       5907.1196   4.1134008e-16
       5908.0942   4.1045447e-16
       5909.0688   4.0169796e-16
       5910.0435   3.9964781e-16
       5911.0181   3.9405350e-16
       5911.9927   4.0273132e-16
       5912.9673   4.1281855e-16
       5913.9419   4.1227608e-16
       5914.9165   4.0085269e-16
       5915.8911   3.9350838e-16
       5916.8657   4.0045670e-16
       5917.8398   3.9874160e-16
       5918.8145   3.8998833e-16
       5919.7891   3.9510969e-16
       5920.7637   4.0427444e-16
       5921.7383   4.0621877e-16
       5922.7129   4.0505933e-16
       5923.6875   4.0155794e-16
       5924.6621   4.0114708e-16
       5925.6367   4.0474643e-16
       5926.6113   3.9134507e-16
       5927.5859   3.8618495e-16
       5928.5605   3.9051615e-16
       5929.5352   3.9113835e-16
       5930.5098   3.9301417e-16
       5931.4844   3.9777717e-16
       5932.4590   3.9818253e-16
       5933.4336   3.9479665e-16
       5934.4082   3.8775762e-16
       5935.3823   3.9054391e-16
       5936.3569   3.9927598e-16
       5937.3315   4.0044141e-16
       5938.3062   3.9842230e-16
       5939.2808   3.9442095e-16
       5940.2554   3.8978990e-16
       5941.2300   3.8756733e-16
       5942.2046   3.9171470e-16
       5943.1792   3.9448461e-16
       5944.1538   3.9723481e-16
       5945.1284   3.9102047e-16
       5946.1030   3.8826498e-16
       5947.0776   3.9502343e-16
       5948.0522   4.0032452e-16
       5949.0269   3.8499002e-16
       5950.0015   3.7880750e-16
       5950.9761   3.8971652e-16
       5951.9507   3.8704296e-16
       5952.9248   3.9676199e-16
       5953.8994   4.0289210e-16
       5954.8740   3.9765843e-16
       5955.8486   3.9114012e-16
       5956.8232   3.8430469e-16
       5957.7979   3.8801298e-16
       5958.7725   3.9289974e-16
       5959.7471   3.8928713e-16
       5960.7217   3.8751177e-16
       5961.6963   3.9016981e-16
       5962.6709   3.8569392e-16
       5963.6455   3.8212690e-16
       5964.6201   3.8326534e-16
       5965.5947   3.8386887e-16
       5966.5693   3.8848779e-16
       5967.5439   3.8903659e-16
       5968.5186   3.8174309e-16
       5969.4932   3.8053668e-16
       5970.4673   3.8591371e-16
       5971.4419   3.8676677e-16
       5972.4165   3.8029749e-16
       5973.3911   3.8096320e-16
       5974.3657   3.7912270e-16
       5975.3403   3.8400161e-16
       5976.3149   3.8096948e-16
       5977.2896   3.8525176e-16
       5978.2642   3.9358141e-16
       5979.2388   3.8437212e-16
       5980.2134   3.8334973e-16
       5981.1880   3.8406281e-16
       5982.1626   3.7884106e-16
       5983.1372   3.7464155e-16
       5984.1118   3.7596028e-16
       5985.0864   3.7668815e-16
       5986.0610   3.8265890e-16
       5987.0356   3.8140917e-16
       5988.0098   3.7256370e-16
       5988.9844   3.7113937e-16
       5989.9590   3.6963224e-16
       5990.9336   3.7123305e-16
       5991.9082   3.7543256e-16
       5992.8828   3.7402448e-16
       5993.8574   3.6747976e-16
       5994.8320   3.6890894e-16
       5995.8066   3.7106224e-16
       5996.7812   3.7336270e-16
       5997.7559   3.7963532e-16
       5998.7305   3.7289823e-16
       5999.7051   3.6217105e-16
       6000.6797   3.6273566e-16
       6001.6543   3.6971256e-16
       6002.6289   3.7053170e-16
       6003.6035   3.6855294e-16
       6004.5781   3.7441726e-16
       6005.5522   3.7917554e-16
       6006.5269   3.7070862e-16
       6007.5015   3.7067901e-16
       6008.4761   3.7948716e-16
       6009.4507   3.8463554e-16
       6010.4253   3.7993674e-16
       6011.3999   3.7808621e-16
       6012.3745   3.7702686e-16
       6013.3491   3.6931347e-16
       6014.3237   3.6781843e-16
       6015.2983   3.7643732e-16
       6016.2729   3.7717516e-16
       6017.2476   3.7631826e-16
       6018.2222   3.7515749e-16
       6019.1968   3.7176414e-16
       6020.1714   3.6189902e-16
       6021.1460   3.6096535e-16
       6022.1201   3.5961045e-16
       6023.0947   3.6089214e-16
       6024.0693   3.6613558e-16
       6025.0439   3.7033395e-16
       6026.0186   3.6625832e-16
       6026.9932   3.6188325e-16
       6027.9678   3.6417685e-16
       6028.9424   3.7013028e-16
       6029.9170   3.7185265e-16
       6030.8916   3.7580034e-16
       6031.8662   3.7699662e-16
       6032.8408   3.7030550e-16
       6033.8154   3.7880982e-16
       6034.7900   3.8484209e-16
       6035.7646   3.7815633e-16
       6036.7393   3.7411067e-16
       6037.7139   3.6934176e-16
       6038.6885   3.7020218e-16
       6039.6626   3.6651755e-16
       6040.6372   3.6359866e-16
       6041.6118   3.6366089e-16
       6042.5864   3.5650653e-16
       6043.5610   3.5856960e-16
       6044.5356   3.6496075e-16
       6045.5103   3.5515228e-16
       6046.4849   3.5609915e-16
       6047.4595   3.6432437e-16
       6048.4341   3.6658786e-16
       6049.4087   3.6843409e-16
       6050.3833   3.6748380e-16
       6051.3579   3.6150781e-16
       6052.3325   3.5226591e-16
       6053.3071   3.5398977e-16
       6054.2817   3.6125738e-16
       6055.2563   3.6522808e-16
       6056.2310   3.6005996e-16
       6057.2051   3.5705844e-16
       6058.1797   3.6376639e-16
       6059.1543   3.6787536e-16
       6060.1289   3.6076285e-16
       6061.1035   3.5186341e-16
       6062.0781   3.5355788e-16
       6063.0527   3.5266991e-16
       6064.0273   3.5182244e-16
       6065.0020   3.4757978e-16
       6065.9766   3.5155468e-16
       6066.9512   3.5287630e-16
       6067.9258   3.5073470e-16
       6068.9004   3.5377226e-16
       6069.8750   3.5658862e-16
       6070.8496   3.5089085e-16
       6071.8242   3.5329713e-16
       6072.7988   3.5297995e-16
       6073.7734   3.5278305e-16
       6074.7476   3.6694974e-16
       6075.7222   3.6743094e-16
       6076.6968   3.6023167e-16
       6077.6714   3.5649627e-16
       6078.6460   3.5545491e-16
       6079.6206   3.5212878e-16
       6080.5952   3.5972240e-16
       6081.5698   3.5164024e-16
       6082.5444   3.4612918e-16
       6083.5190   3.5306703e-16
       6084.4937   3.4825452e-16
       6085.4683   3.4733865e-16
       6086.4429   3.5300950e-16
       6087.4175   3.5429494e-16
       6088.3921   3.5744395e-16
       6089.3667   3.5688985e-16
       6090.3413   3.5747510e-16
       6091.3159   3.5656307e-16
       6092.2900   3.5284242e-16
       6093.2646   3.5439187e-16
       6094.2393   3.5828778e-16
       6095.2139   3.6136125e-16
       6096.1885   3.6300339e-16
       6097.1631   3.6476234e-16
       6098.1377   3.5981975e-16
       6099.1123   3.5831952e-16
       6100.0869   3.4919824e-16
       6101.0615   3.4653302e-16
       6102.0361   3.4790763e-16
       6103.0107   3.4916472e-16
       6103.9854   3.5007582e-16
       6104.9600   3.4995052e-16
       6105.9346   3.4852787e-16
       6106.9092   3.4725185e-16
       6107.8838   3.4656045e-16
       6108.8584   3.4816384e-16
       6109.8325   3.4793611e-16
       6110.8071   3.4225598e-16
       6111.7817   3.3744390e-16
       6112.7563   3.4444390e-16
       6113.7310   3.4409778e-16
       6114.7056   3.3736996e-16
       6115.6802   3.3706725e-16
       6116.6548   3.4471609e-16
       6117.6294   3.4783379e-16
       6118.6040   3.4731039e-16
       6119.5786   3.4196490e-16
       6120.5532   3.3893135e-16
       6121.5278   3.3840051e-16
       6122.5024   3.3485113e-16
       6123.4771   3.3680232e-16
       6124.4517   3.4123796e-16
       6125.4263   3.3431543e-16
       6126.4009   3.2863923e-16
       6127.3750   3.3100074e-16
       6128.3496   3.2952041e-16
       6129.3242   3.2533991e-16
       6130.2988   3.2688218e-16
       6131.2734   3.2772006e-16
       6132.2480   3.2346558e-16
       6133.2227   3.2604904e-16
       6134.1973   3.2766455e-16
       6135.1719   3.2280971e-16
       6136.1465   3.2017584e-16
       6137.1211   3.2020625e-16
       6138.0957   3.3064500e-16
       6139.0703   3.3045392e-16
       6140.0449   3.2371586e-16
       6141.0195   3.2912753e-16
       6141.9941   3.3450427e-16
       6142.9688   3.3170267e-16
       6143.9434   3.3148500e-16
       6144.9175   3.3255810e-16
       6145.8921   3.1818063e-16
       6146.8667   3.2041320e-16
       6147.8413   3.2220674e-16
       6148.8159   3.1724589e-16
       6149.7905   3.2550571e-16
