  3000.0000 -2.47435e-15
  3010.0000 -1.46853e-14
  3020.0000 2.06015e-15
  3030.0000 -2.75775e-16
  3040.0000 1.50371e-15
  3050.0000 1.04060e-15
  3060.0000 7.97930e-18
  3070.0000 -1.71400e-17
  3080.0000 -5.93803e-17
  3090.0000 5.05046e-16
  3100.0000 2.00060e-16
  3110.0000 1.51645e-16
  3120.0000 -1.80500e-17
  3130.0000 8.97564e-17
  3140.0000 1.30694e-17
  3150.0000 9.53500e-17
  3160.0000 1.65431e-16
  3170.0000 2.55487e-16
  3180.0000 2.05570e-16
  3190.0000 1.03294e-16
  3200.0000 1.99240e-16
  3210.0000 1.72500e-16
  3220.0000 1.47862e-16
  3230.0000 1.56005e-16
  3240.0000 1.07239e-16
  3250.0000 1.66238e-16
  3260.0000 1.26639e-16
  3270.0000 1.71846e-16
  3280.0000 1.78019e-16
  3290.0000 1.76829e-16
  3300.0000 1.19615e-16
  3310.0000 1.85077e-16
  3320.0000 1.61615e-16
  3330.0000 1.73137e-16
  3340.0000 8.48219e-17
  3350.0000 1.95580e-16
  3360.0000 1.73145e-16
  3370.0000 1.51880e-16
  3380.0000 2.31119e-16
  3390.0000 1.64473e-16
  3400.0000 1.69873e-16
  3410.0000 1.47815e-16
  3420.0000 1.26788e-16
  3430.0000 1.67978e-16
  3440.0000 2.15873e-16
  3450.0000 1.27726e-16
  3460.0000 1.57789e-16
  3470.0000 1.13086e-16
  3480.0000 1.35387e-16
  3490.0000 2.11327e-16
  3500.0000 1.62775e-16
  3510.0000 1.70659e-16
  3520.0000 1.29586e-16
  3530.0000 1.80434e-16
  3540.0000 1.88638e-16
  3550.0000 1.72256e-16
  3560.0000 1.61443e-16
  3570.0000 1.68305e-16
  3580.0000 1.63182e-16
  3590.0000 1.79122e-16
  3600.0000 1.45985e-16
  3610.0000 1.75827e-16
  3620.0000 1.58049e-16
  3630.0000 1.41904e-16
  3640.0000 1.56974e-16
  3650.0000 1.77352e-16
  3660.0000 1.74316e-16
  3670.0000 1.48425e-16
  3680.0000 2.01519e-16
  3690.0000 1.76788e-16
  3700.0000 1.72045e-16
  3710.0000 2.07825e-16
  3720.0000 1.90939e-16
  3730.0000 1.94412e-16
  3740.0000 2.10971e-16
  3750.0000 1.68502e-16
  3760.0000 1.55524e-16
  3770.0000 1.97550e-16
  3780.0000 2.11609e-16
  3790.0000 1.76757e-16
  3800.0000 2.00494e-16
  3810.0000 2.00788e-16
  3820.0000 2.13537e-16
  3830.0000 2.12966e-16
  3840.0000 2.03816e-16
  3850.0000 2.01695e-16
  3860.0000 2.22782e-16
  3870.0000 1.89173e-16
  3880.0000 2.07725e-16
  3890.0000 2.05676e-16
  3900.0000 2.23422e-16
  3910.0000 1.98805e-16
  3920.0000 2.25620e-16
  3930.0000 2.01534e-16
  3940.0000 2.29871e-16
  3950.0000 1.38392e-15
  3960.0000 2.12910e-16
  3970.0000 2.23707e-16
  3980.0000 2.18780e-16
  3990.0000 2.34810e-16
  4000.0000 2.00341e-16
  4010.0000 2.31993e-16
  4020.0000 2.19307e-16
  4030.0000 2.13119e-16
  4040.0000 2.38756e-16
  4050.0000 2.10575e-16
  4060.0000 2.41727e-16
  4070.0000 2.01068e-16
  4080.0000 1.97631e-16
  4090.0000 2.23648e-16
  4100.0000 3.46917e-16
  4110.0000 2.11816e-16
  4120.0000 2.71230e-16
  4130.0000 2.12235e-16
  4140.0000 1.97875e-16
  4150.0000 2.11497e-16
  4160.0000 1.99338e-16
  4170.0000 2.11688e-16
  4180.0000 2.12360e-16
  4190.0000 2.01024e-16
  4200.0000 2.83484e-16
  4210.0000 2.33850e-16
  4220.0000 2.10863e-16
  4230.0000 2.21775e-16
  4240.0000 2.24455e-16
  4250.0000 2.44122e-16
  4260.0000 2.27811e-16
  4270.0000 2.35621e-16
  4280.0000 2.58633e-16
  4290.0000 2.29255e-16
  4300.0000 2.43041e-16
  4310.0000 2.55705e-16
  4320.0000 2.37169e-16
  4330.0000 2.61891e-16
  4340.0000 3.39502e-16
  4350.0000 2.55193e-16
  4360.0000 2.51651e-16
  4370.0000 2.51898e-16
  4380.0000 2.35586e-16
  4390.0000 2.51955e-16
  4400.0000 2.43260e-16
  4410.0000 2.28005e-16
  4420.0000 2.36342e-16
  4430.0000 2.47623e-16
  4440.0000 2.47727e-16
  4450.0000 2.42612e-16
  4460.0000 2.39240e-16
  4470.0000 2.31755e-16
  4480.0000 2.27237e-16
  4490.0000 2.30719e-16
  4500.0000 2.37380e-16
  4510.0000 2.40182e-16
  4520.0000 2.23526e-16
  4530.0000 2.35277e-16
  4540.0000 2.38741e-16
  4550.0000 2.25404e-16
  4560.0000 2.32675e-16
  4570.0000 2.31219e-16
  4580.0000 2.34801e-16
  4590.0000 2.25956e-16
  4600.0000 4.26127e-16
  4610.0000 2.20351e-16
  4620.0000 2.28148e-16
  4630.0000 2.23785e-16
  4640.0000 2.20307e-16
  4650.0000 2.17565e-16
  4660.0000 2.08101e-16
  4670.0000 2.14026e-16
  4680.0000 2.10555e-16
  4690.0000 2.10739e-16
  4700.0000 2.17292e-16
  4710.0000 2.02228e-16
  4720.0000 2.10466e-16
  4730.0000 2.06226e-16
  4740.0000 2.24883e-16
  4750.0000 2.09447e-16
  4760.0000 1.96281e-16
  4770.0000 2.18393e-16
  4780.0000 2.04248e-16
  4790.0000 2.13656e-16
  4800.0000 2.16767e-16
  4810.0000 2.01916e-16
  4820.0000 1.99182e-16
  4830.0000 2.13214e-16
  4840.0000 2.33680e-16
  4850.0000 2.21718e-16
  4860.0000 2.14234e-16
  4870.0000 2.07641e-16
  4880.0000 2.27637e-16
  4890.0000 2.21178e-16
  4900.0000 2.26557e-16
  4910.0000 2.25139e-16
  4920.0000 2.27676e-16
  4930.0000 2.34105e-16
  4940.0000 2.31964e-16
  4950.0000 2.34354e-16
  4960.0000 2.34066e-16
  4970.0000 2.30215e-16
  4980.0000 2.34808e-16
  4990.0000 2.36217e-16
  5000.0000 2.43674e-16
  5010.0000 2.35236e-16
  5020.0000 2.42544e-16
  5030.0000 2.38867e-16
  5040.0000 2.28742e-16
  5050.0000 2.26882e-16
  5060.0000 2.40166e-16
  5070.0000 2.40570e-16
  5080.0000 2.32252e-16
  5090.0000 2.27846e-16
  5100.0000 2.31817e-16
  5110.0000 2.26187e-16
  5120.0000 2.25285e-16
  5130.0000 2.32651e-16
  5140.0000 2.29376e-16
  5150.0000 6.44819e-16
  5160.0000 2.15925e-16
  5170.0000 2.25463e-16
  5180.0000 2.19471e-16
  5190.0000 2.18183e-16
  5200.0000 2.28165e-16
  5210.0000 2.28511e-16
  5220.0000 2.23672e-16
  5230.0000 2.09970e-16
  5240.0000 2.15175e-16
  5250.0000 8.22431e-16
  5260.0000 2.24287e-16
  5270.0000 2.01391e-16
  5280.0000 2.18642e-16
  5290.0000 2.06233e-16
  5300.0000 2.02010e-15
  5310.0000 2.17000e-16
  5320.0000 2.01580e-16
  5330.0000 2.11687e-16
  5340.0000 2.08483e-16
  5350.0000 2.00638e-16
  5360.0000 2.04276e-16
  5370.0000 1.95007e-16
  5380.0000 1.98702e-16
  5390.0000 1.90038e-16
  5400.0000 1.89930e-16
  5410.0000 1.95084e-16
  5420.0000 1.90151e-16
  5430.0000 1.90654e-16
  5440.0000 1.93349e-16
  5450.0000 1.77784e-16
  5460.0000 1.84004e-16
  5470.0000 1.93485e-16
  5480.0000 1.91718e-16
  5490.0000 1.84051e-16
  5500.0000 1.89152e-16
  5510.0000 1.88162e-16
  5520.0000 1.70237e-16
  5530.0000 1.70488e-16
  5540.0000 1.79001e-16
  5550.0000 1.72898e-16
  5560.0000 1.79554e-16
  5570.0000 1.60831e-16
  5580.0000 1.37805e-16
  5590.0000 1.62772e-16
  5600.0000 1.71332e-16
  5610.0000 1.53864e-16
  5620.0000 1.74340e-16
  5630.0000 1.94646e-16
  5640.0000 1.71491e-16
  5650.0000 1.94610e-16
  5660.0000 1.73367e-16
  5670.0000 1.80664e-16
  5680.0000 1.78358e-16
  5690.0000 1.77083e-16
  5700.0000 1.72548e-16
  5710.0000 1.84606e-16
  5720.0000 1.87215e-16
  5730.0000 1.65530e-16
  5740.0000 1.74857e-16
  5750.0000 1.81030e-16
  5760.0000 1.57722e-16
  5770.0000 1.66128e-16
  5780.0000 1.74741e-16
  5790.0000 1.52166e-16
  5800.0000 1.71427e-16
  5810.0000 1.53928e-16
  5820.0000 1.59015e-16
  5830.0000 1.59934e-16
  5840.0000 1.60937e-16
  5850.0000 1.53493e-16
  5860.0000 1.88706e-16
  5870.0000 1.54087e-16
  5880.0000 1.66853e-16
  5890.0000 1.64236e-16
  5900.0000 1.55686e-16
  5910.0000 1.59221e-16
  5920.0000 1.52137e-16
  5930.0000 1.62400e-16
  5940.0000 1.59987e-16
  5950.0000 1.55393e-16
  5960.0000 1.51073e-16
  5970.0000 1.49248e-16
  5980.0000 1.40344e-16
  5990.0000 1.60658e-16
  6000.0000 1.48732e-16
  6010.0000 1.46417e-16
  6020.0000 1.64556e-16
  6030.0000 1.53990e-16
  6040.0000 1.49737e-16
  6050.0000 1.46310e-16
  6060.0000 1.61309e-16
  6070.0000 1.56378e-16
  6080.0000 1.62506e-16
  6090.0000 1.52612e-16
  6100.0000 1.55282e-16
  6110.0000 1.51140e-16
  6120.0000 1.69689e-16
  6130.0000 1.56438e-16
  6140.0000 1.65464e-16
  6150.0000 1.64695e-16
  6160.0000 1.64983e-16
  6170.0000 1.55728e-16
  6180.0000 1.58696e-16
  6190.0000 1.59740e-16
  6200.0000 1.55177e-16
  6210.0000 1.52993e-16
  6220.0000 1.96994e-16
  6230.0000 1.48015e-16
  6240.0000 1.44183e-16
  6250.0000 1.50743e-16
  6260.0000 1.59016e-16
  6270.0000 1.61756e-16
  6280.0000 1.49462e-16
  6290.0000 1.52188e-16
  6300.0000 1.52411e-16
  6310.0000 1.43635e-16
  6320.0000 1.59630e-16
  6330.0000 1.45666e-16
  6340.0000 1.49800e-16
  6350.0000 1.52371e-16
  6360.0000 1.53933e-16
  6370.0000 1.50298e-16
  6380.0000 1.58108e-16
  6390.0000 1.46581e-16
  6400.0000 1.61430e-16
  6410.0000 1.61230e-16
  6420.0000 1.62149e-16
  6430.0000 1.57912e-16
  6440.0000 1.55136e-16
  6450.0000 1.45202e-16
  6460.0000 1.55247e-16
  6470.0000 1.45779e-16
  6480.0000 1.47027e-16
  6490.0000 1.54183e-16
  6500.0000 1.49827e-16
  6510.0000 1.46181e-16
  6520.0000 1.51733e-16
  6530.0000 1.41915e-16
  6540.0000 1.44822e-16
  6550.0000 1.56128e-16
  6560.0000 1.43328e-16
  6570.0000 1.54826e-16
  6580.0000 1.40522e-16
  6590.0000 1.54615e-16
  6600.0000 1.53995e-16
  6610.0000 1.37862e-16
  6620.0000 1.45084e-16
  6630.0000 1.43010e-16
  6640.0000 1.37357e-16
  6650.0000 1.40600e-16
  6660.0000 1.40615e-16
  6670.0000 1.63025e-16
  6680.0000 1.41008e-16
  6690.0000 1.53174e-16
  6700.0000 1.48580e-16
  6710.0000 1.52879e-16
  6720.0000 1.42877e-16
  6730.0000 1.45104e-16
  6740.0000 1.48170e-16
  6750.0000 1.46740e-16
  6760.0000 1.38938e-16
  6770.0000 1.41658e-16
  6780.0000 1.32544e-16
  6790.0000 1.37289e-16
  6800.0000 1.30624e-16
  6810.0000 1.32174e-16
  6820.0000 1.28851e-16
  6830.0000 1.34026e-16
  6840.0000 1.33832e-16
  6850.0000 1.35027e-16
  6860.0000 1.36598e-16
  6870.0000 1.26028e-16
  6880.0000 1.31178e-16
  6890.0000 1.30660e-16
  6900.0000 1.25161e-16
  6910.0000 1.22307e-16
  6920.0000 1.26104e-16
  6930.0000 1.36243e-16
  6940.0000 1.49535e-16
  6950.0000 1.51192e-15
  6960.0000 1.24357e-16
  6970.0000 2.07639e-16
  6980.0000 1.25222e-16
  6990.0000 1.17213e-16
  7000.0000 1.21104e-16
  7010.0000 1.29446e-16
  7020.0000 1.21102e-16
  7030.0000 1.20631e-16
  7040.0000 1.21990e-16
  7050.0000 1.25675e-16
  7060.0000 1.18795e-16
  7070.0000 1.36689e-16
  7080.0000 1.17468e-16
  7090.0000 1.17965e-16
  7100.0000 1.16231e-16
  7110.0000 2.34214e-16
  7120.0000 1.25589e-16
  7130.0000 2.04299e-16
  7140.0000 1.17200e-16
  7150.0000 1.15528e-16
  7160.0000 1.14205e-16
  7170.0000 1.21196e-16
  7180.0000 1.15869e-16
  7190.0000 1.14753e-16
  7200.0000 1.12360e-16
  7210.0000 1.14531e-16
  7220.0000 1.14099e-16
  7230.0000 1.06970e-16
  7240.0000 1.13395e-16
  7250.0000 1.03130e-16
  7260.0000 1.07269e-16
  7270.0000 1.13628e-16
  7280.0000 1.05310e-16
  7290.0000 1.08120e-16
  7300.0000 1.18272e-16
  7310.0000 1.14134e-16
  7320.0000 1.14966e-16
  7330.0000 1.15850e-16
  7340.0000 1.09102e-16
  7350.0000 1.07495e-16
  7360.0000 2.37980e-17
  7370.0000 1.11524e-16
  7380.0000 1.14375e-16
  7390.0000 1.09232e-16
  7400.0000 1.13255e-16
  7410.0000 1.11172e-16
  7420.0000 1.11831e-16
  7430.0000 1.06376e-16
  7440.0000 1.08434e-16
  7450.0000 1.09191e-16
  7460.0000 1.11259e-16
  7470.0000 1.12531e-16
  7480.0000 1.22921e-16
  7490.0000 1.11160e-16
  7500.0000 1.14024e-16
  7510.0000 1.06621e-16
  7520.0000 1.03243e-16
  7530.0000 1.06429e-16
  7540.0000 1.01461e-16
  7550.0000 1.06010e-16
  7560.0000 1.44614e-16
  7570.0000 1.05403e-16
  7580.0000 1.01005e-16
  7590.0000 9.97807e-17
  7600.0000 6.19630e-17
  7610.0000 5.96787e-17
  7620.0000 9.07762e-17
  7630.0000 8.68080e-17
  7640.0000 8.39635e-17
  7650.0000 8.25346e-17
  7660.0000 9.34060e-17
  7670.0000 8.92154e-17
  7680.0000 8.69643e-17
  7690.0000 9.09419e-17
  7700.0000 9.10097e-17
  7710.0000 9.30956e-17
  7720.0000 9.29703e-17
  7730.0000 9.47384e-17
  7740.0000 9.13880e-17
  7750.0000 1.01340e-16
  7760.0000 1.01219e-16
  7770.0000 9.28156e-17
  7780.0000 9.22136e-17
  7790.0000 9.05796e-17
  7800.0000 9.12712e-17
  7810.0000 9.00058e-17
  7820.0000 8.61775e-17
  7830.0000 9.36998e-17
  7840.0000 8.62435e-17
  7850.0000 9.66688e-17
  7860.0000 1.01203e-16
  7870.0000 8.99668e-17
  7880.0000 9.46183e-17
  7890.0000 8.97199e-17
  7900.0000 9.21049e-17
  7910.0000 9.70507e-17
  7920.0000 9.24559e-17
  7930.0000 9.27258e-17
  7940.0000 9.29114e-17
  7950.0000 9.07531e-17
  7960.0000 9.65758e-17
  7970.0000 9.54137e-17
  7980.0000 1.01418e-16
  7990.0000 1.01109e-16
  8000.0000 9.86440e-17
  8010.0000 1.06166e-16
  8020.0000 1.05611e-16
  8030.0000 1.12133e-16
  8040.0000 1.01205e-16
  8050.0000 1.03678e-16
  8060.0000 1.10561e-16
  8070.0000 1.08676e-16
  8080.0000 1.13049e-16
  8090.0000 1.07968e-16
  8100.0000 1.03725e-16
  8110.0000 1.11568e-16
  8120.0000 1.05574e-16
  8130.0000 1.13211e-16
  8140.0000 1.13574e-16
  8150.0000 1.10805e-16
  8160.0000 1.11925e-16
  8170.0000 1.13731e-16
  8180.0000 1.10783e-16
  8190.0000 1.11373e-16
  8200.0000 1.12819e-16
  8210.0000 1.26972e-16
  8220.0000 1.16643e-16
  8230.0000 1.11001e-16
  8240.0000 1.18044e-16
  8250.0000 1.19625e-16
  8260.0000 1.15960e-16
  8270.0000 1.22005e-16
  8280.0000 1.23129e-16
  8290.0000 1.17234e-16
  8300.0000 1.20234e-16
  8310.0000 1.20822e-16
  8320.0000 1.14266e-16
  8330.0000 1.16881e-16
  8340.0000 1.12617e-16
  8350.0000 1.18675e-16
  8360.0000 1.13033e-16
  8370.0000 1.15622e-16
  8380.0000 1.15905e-16
  8390.0000 1.18647e-16
  8400.0000 1.10491e-16
  8410.0000 1.08296e-16
  8420.0000 1.14837e-16
  8430.0000 1.25057e-16
  8440.0000 1.50375e-16
  8450.0000 1.17210e-16
  8460.0000 1.12270e-16
  8470.0000 1.15642e-16
  8480.0000 1.17612e-16
  8490.0000 1.16798e-16
  8500.0000 1.16387e-16
  8510.0000 1.17993e-16
  8520.0000 1.14256e-16
  8530.0000 1.15586e-16
  8540.0000 1.18844e-16
  8550.0000 1.15252e-16
  8560.0000 1.15031e-16
  8570.0000 1.12035e-16
  8580.0000 1.12496e-16
  8590.0000 1.10519e-16
  8600.0000 1.11710e-16
  8610.0000 1.07290e-16
  8620.0000 1.08818e-16
  8630.0000 1.08889e-16
  8640.0000 1.02080e-16
  8650.0000 1.02346e-16
  8660.0000 1.07278e-16
  8670.0000 1.03906e-16
  8680.0000 1.05747e-16
  8690.0000 1.03846e-16
  8700.0000 1.05400e-16
  8710.0000 1.03887e-16
  8720.0000 1.02212e-16
  8730.0000 1.01040e-16
  8740.0000 1.04646e-16
  8750.0000 1.00012e-16
  8760.0000 1.00489e-16
  8770.0000 9.93635e-17
  8780.0000 9.28948e-17
  8790.0000 1.01496e-16
  8800.0000 1.01644e-16
  8810.0000 1.01226e-16
  8820.0000 9.53726e-17
  8830.0000 9.56786e-17
  8840.0000 9.63059e-17
  8850.0000 9.94142e-17
  8860.0000 9.81489e-17
  8870.0000 9.92049e-17
  8880.0000 9.40137e-17
  8890.0000 1.02724e-16
  8900.0000 1.03969e-16
  8910.0000 9.79843e-17
  8920.0000 9.66064e-17
  8930.0000 9.21308e-17
  8940.0000 9.71534e-17
  8950.0000 9.80513e-17
  8960.0000 9.74451e-17
  8970.0000 9.18585e-17
  8980.0000 9.42544e-17
  8990.0000 9.04709e-17
  9000.0000 8.77904e-17
  9010.0000 1.19547e-16
  9020.0000 9.02256e-17
  9030.0000 9.09430e-17
  9040.0000 9.50477e-17
  9050.0000 9.04304e-17
  9060.0000 9.17921e-17
  9070.0000 8.88519e-17
  9080.0000 9.29374e-17
  9090.0000 9.26090e-17
  9100.0000 9.13176e-17
  9110.0000 9.24835e-17
  9120.0000 8.73768e-17
  9130.0000 8.78022e-17
  9140.0000 8.82250e-17
  9150.0000 8.72675e-17
  9160.0000 8.22750e-17
  9170.0000 8.66216e-17
  9180.0000 9.21361e-17
  9190.0000 8.88555e-17
  9200.0000 8.50410e-17
  9210.0000 8.17231e-17
  9220.0000 8.27222e-17
  9230.0000 9.26575e-17
  9240.0000 8.41797e-17
  9250.0000 8.00031e-17
  9260.0000 8.28164e-17
  9270.0000 8.31990e-17
  9280.0000 7.31637e-17
  9290.0000 7.64890e-17
  9300.0000 7.47797e-17
  9310.0000 6.42871e-17
  9320.0000 6.75677e-17
  9330.0000 6.36371e-17
  9340.0000 6.15485e-17
  9350.0000 6.97402e-17
  9360.0000 7.08099e-17
  9370.0000 7.32270e-17
  9380.0000 6.63864e-17
  9390.0000 7.32928e-17
  9400.0000 1.37162e-16
  9410.0000 6.80647e-17
  9420.0000 7.73523e-17
  9430.0000 6.38588e-17
  9440.0000 9.06220e-17
  9450.0000 6.93277e-17
  9460.0000 5.98589e-17
  9470.0000 6.92406e-17
  9480.0000 6.63674e-17
  9490.0000 7.37848e-17
  9500.0000 5.73116e-17
  9510.0000 7.03837e-17
  9520.0000 5.97388e-17
  9530.0000 7.30758e-17
  9540.0000 5.83154e-17
  9550.0000 7.55927e-17
  9560.0000 7.12829e-17
  9570.0000 9.41314e-17
  9580.0000 6.99021e-17
  9590.0000 6.64349e-17
  9600.0000 9.23348e-17
  9610.0000 1.20308e-16
  9620.0000 5.57700e-17
  9630.0000 6.25884e-17
  9640.0000 6.71311e-17
  9650.0000 5.53044e-17
  9660.0000 6.51287e-17
  9670.0000 1.09828e-16
  9680.0000 5.65518e-17
  9690.0000 5.73415e-17
  9700.0000 6.29880e-17
  9710.0000 6.57540e-17
  9720.0000 6.74977e-17
  9730.0000 5.99145e-17
  9740.0000 5.00921e-17
  9750.0000 5.30457e-17
  9760.0000 5.14427e-17
  9770.0000 6.42688e-17
  9780.0000 6.67500e-17
  9790.0000 6.08472e-17
  9800.0000 6.04337e-17
  9810.0000 4.71092e-17
  9820.0000 5.36230e-17
  9830.0000 5.36645e-17
  9840.0000 5.29033e-17
  9850.0000 6.22080e-17
  9860.0000 5.37007e-17
  9870.0000 5.16190e-17
  9880.0000 5.71577e-17
  9890.0000 5.19831e-17
  9900.0000 4.95035e-17
  9910.0000 6.47481e-17
  9920.0000 4.23784e-17
  9930.0000 4.95899e-17
  9940.0000 4.84581e-17
  9950.0000 6.32207e-17
  9960.0000 5.82901e-17
  9970.0000 6.69806e-17
  9980.0000 4.73579e-17
  9990.0000 4.41183e-17
 10000.0000 4.34678e-17
 10010.0000 5.88455e-17
 10020.0000 4.48562e-17
 10030.0000 4.51506e-17
 10040.0000 7.12764e-17
 10050.0000 4.75403e-17
 10060.0000 4.81672e-17
 10070.0000 4.61005e-17
 10080.0000 5.43525e-17
 10090.0000 1.79850e-16
 10100.0000 1.37171e-16
 10110.0000 6.14887e-17
 10120.0000 6.38669e-17
 10130.0000 6.01990e-17
 10140.0000 3.73575e-17
 10150.0000 1.76270e-17
 10160.0000 4.62932e-17
 10170.0000 1.55328e-17
 10180.0000 1.18725e-17
 10190.0000 5.47767e-17
 10200.0000 4.19432e-17
 10210.0000 7.63896e-17
 10220.0000 5.96214e-17
 10230.0000 8.41694e-17
 10240.0000 6.14371e-17
 10250.0000 5.36816e-17
 10260.0000 5.26871e-17
 10270.0000 5.05637e-17
 10280.0000 5.58258e-17
 10290.0000 6.36326e-17
 10300.0000 6.92625e-17
 10310.0000 5.13383e-17
 10320.0000 5.73084e-17
 10330.0000 5.77970e-17
 10340.0000 6.10431e-17
 10350.0000 5.48983e-17
 10360.0000 4.81732e-17
 10370.0000 6.37996e-17
 10380.0000 6.64345e-17
 10390.0000 6.28966e-17
 10400.0000 5.24506e-17
 10410.0000 5.56955e-17
 10420.0000 5.72105e-17
 10430.0000 6.03648e-17
 10440.0000 6.15815e-17
 10450.0000 5.92998e-17
 10460.0000 5.53347e-17
 10470.0000 5.84083e-17
 10480.0000 5.87626e-17
 10490.0000 5.25033e-17
 10500.0000 5.87568e-17
 10510.0000 6.26310e-17
 10520.0000 5.83680e-17
 10530.0000 5.54672e-17
 10540.0000 6.77756e-17
 10550.0000 5.30240e-17
 10560.0000 5.70959e-17
 10570.0000 6.22052e-17
 10580.0000 5.73062e-17
 10590.0000 6.10607e-17
 10600.0000 5.91370e-17
 10610.0000 5.86303e-17
 10620.0000 6.20645e-17
 10630.0000 5.39637e-17
 10640.0000 7.26717e-17
 10650.0000 6.80934e-17
 10660.0000 5.29886e-17
 10670.0000 5.69207e-17
 10680.0000 5.26385e-17
 10690.0000 5.62021e-17
 10700.0000 6.20745e-17
 10710.0000 5.39633e-17
 10720.0000 5.97217e-17
 10730.0000 6.95150e-17
 10740.0000 5.67972e-17
 10750.0000 5.79340e-17
 10760.0000 5.74557e-17
 10770.0000 4.74013e-17
 10780.0000 5.87742e-17
 10790.0000 5.58443e-17
 10800.0000 5.33576e-17
 10810.0000 5.44349e-17
 10820.0000 5.28472e-17
 10830.0000 6.61241e-17
 10840.0000 5.46539e-17
 10850.0000 5.65592e-17
 10860.0000 5.06589e-17
 10870.0000 4.95436e-17
 10880.0000 4.78156e-17
 10890.0000 5.55095e-17
 10900.0000 5.21970e-17
 10910.0000 5.10743e-17
 10920.0000 5.09484e-17
 10930.0000 5.22916e-17
 10940.0000 4.90891e-17
 10950.0000 5.30032e-17
 10960.0000 4.91139e-17
 10970.0000 5.24555e-17
 10980.0000 4.66884e-17
 10990.0000 4.95797e-17
 11000.0000 4.12966e-17
 11010.0000 3.75985e-17
 11020.0000 4.54496e-17
 11030.0000 4.01183e-17
 11040.0000 5.48461e-17
 11050.0000 4.71031e-17
 11060.0000 4.75918e-17
 11070.0000 4.45892e-17
 11080.0000 4.49173e-17
 11090.0000 3.45721e-17
 11100.0000 4.14385e-17
 11110.0000 4.70393e-17
 11120.0000 4.80946e-17
 11130.0000 4.64294e-17
 11140.0000 4.99565e-17
 11150.0000 4.99764e-17
 11160.0000 3.69793e-17
 11170.0000 4.41958e-17
 11180.0000 4.70777e-17
 11190.0000 5.69454e-17
 11200.0000 5.21456e-17
 11210.0000 5.36655e-17
 11220.0000 3.43540e-17
 11230.0000 5.83432e-17
 11240.0000 5.15740e-17
 11250.0000 4.10540e-17
 11260.0000 5.74933e-17
 11270.0000 4.78481e-17
 11280.0000 5.94861e-17
 11290.0000 4.76020e-17
 11300.0000 5.02324e-17
 11310.0000 3.96475e-17
 11320.0000 5.02840e-17
 11330.0000 4.18620e-17
 11340.0000 4.08182e-17
 11350.0000 2.51253e-17
 11360.0000 5.48252e-17
 11370.0000 4.11682e-17
 11380.0000 3.82771e-17
 11390.0000 4.92596e-17
 11400.0000 4.15472e-17
 11410.0000 4.62172e-17
 11420.0000 5.02521e-17
 11430.0000 4.20776e-17
 11440.0000 7.27832e-17
 11450.0000 4.71691e-17
 11460.0000 4.78327e-17
 11470.0000 1.57413e-16
 11480.0000 4.31486e-17
 11490.0000 4.64570e-17
 11500.0000 4.80754e-17
 11510.0000 4.41241e-17
 11520.0000 3.42458e-17
 11530.0000 4.92863e-17
 11540.0000 3.28330e-17
 11550.0000 4.36671e-17
 11560.0000 4.48934e-17
 11570.0000 4.30443e-17
 11580.0000 5.45587e-17
 11590.0000 7.11347e-17
 11600.0000 4.08506e-17
 11610.0000 3.94440e-17
 11620.0000 3.47247e-17
 11630.0000 4.69831e-17
 11640.0000 4.06118e-17
 11650.0000 3.80722e-17
 11660.0000 3.84033e-17
 11670.0000 4.15834e-17
 11680.0000 4.27758e-17
 11690.0000 4.93135e-17
 11700.0000 4.13867e-17
 11710.0000 4.63632e-17
 11720.0000 4.71420e-17
 11730.0000 3.61502e-17
 11740.0000 3.81839e-17
 11750.0000 4.70782e-17
 11760.0000 3.98425e-17
 11770.0000 3.79053e-17
 11780.0000 3.69861e-17
 11790.0000 3.64641e-17
 11800.0000 3.71339e-17
 11810.0000 3.61363e-17
 11820.0000 3.66876e-17
 11830.0000 4.20669e-17
 11840.0000 4.18458e-17
 11850.0000 4.19969e-17
 11860.0000 3.95414e-17
 11870.0000 4.08343e-17
 11880.0000 4.02233e-17
 11890.0000 4.20968e-17
 11900.0000 3.85503e-17
 11910.0000 3.70066e-17
 11920.0000 3.97895e-17
 11930.0000 4.17159e-17
 11940.0000 4.24442e-17
 11950.0000 4.01234e-17
 11960.0000 4.11432e-17
 11970.0000 4.08652e-17
 11980.0000 3.65654e-17
 11990.0000 3.96784e-17
 12000.0000 3.40261e-17
 12010.0000 3.94022e-17
 12020.0000 3.50515e-17
 12030.0000 2.74703e-17
 12040.0000 3.45157e-17
 12050.0000 3.39694e-17
 12060.0000 3.65593e-17
 12070.0000 3.15246e-17
 12080.0000 3.58168e-17
 12090.0000 3.37618e-17
 12100.0000 3.60410e-17
 12110.0000 3.46418e-17
 12120.0000 5.04227e-17
 12130.0000 3.33211e-17
 12140.0000 3.75251e-17
 12150.0000 3.26936e-17
 12160.0000 3.98653e-17
 12170.0000 3.44103e-17
 12180.0000 3.31247e-17
 12190.0000 3.09953e-17
 12200.0000 3.88350e-17
 12210.0000 2.91658e-17
 12220.0000 2.23564e-17
 12230.0000 3.90411e-17
 12240.0000 4.42344e-17
 12250.0000 4.20733e-17
 12260.0000 2.90838e-17
 12270.0000 3.05277e-17
 12280.0000 3.25292e-17
 12290.0000 4.02694e-17
 12300.0000 3.18475e-17
 12310.0000 3.21524e-17
 12320.0000 2.84041e-17
 12330.0000 3.65066e-17
 12340.0000 3.40345e-17
 12350.0000 3.07508e-17
 12360.0000 3.28601e-17
 12370.0000 3.40879e-17
 12380.0000 3.36533e-17
 12390.0000 3.76398e-17
 12400.0000 2.19342e-17
 12410.0000 3.32655e-17
 12420.0000 2.98807e-17
 12430.0000 3.15461e-17
 12440.0000 3.16459e-17
 12450.0000 3.52646e-17
 12460.0000 3.33858e-17
 12470.0000 3.47777e-17
 12480.0000 3.18584e-17
 12490.0000 2.74878e-17
 12500.0000 2.74294e-17
 12510.0000 3.28930e-17
 12520.0000 2.99793e-17
 12530.0000 3.02537e-17
 12540.0000 2.99185e-17
 12550.0000 2.90273e-17
 12560.0000 2.88238e-17
 12570.0000 2.85477e-17
 12580.0000 3.02991e-17
 12590.0000 3.00802e-17
 12600.0000 3.27865e-17
 12610.0000 2.98641e-17
 12620.0000 2.74851e-17
 12630.0000 2.76143e-17
 12640.0000 3.56213e-17
 12650.0000 3.21791e-17
 12660.0000 3.57587e-17
 12670.0000 2.19208e-17
 12680.0000 2.88101e-17
 12690.0000 3.80085e-17
 12700.0000 2.14799e-17
 12710.0000 3.22810e-17
 12720.0000 1.85722e-17
 12730.0000 3.33909e-17
 12740.0000 1.82036e-17
 12750.0000 1.95307e-17
 12760.0000 2.83862e-17
 12770.0000 2.71412e-17
 12780.0000 1.33061e-17
 12790.0000 3.47865e-17
 12800.0000 3.00411e-17
 12810.0000 2.82341e-17
 12820.0000 2.41921e-17
 12830.0000 2.95281e-17
 12840.0000 3.25202e-17
 12850.0000 2.74798e-17
 12860.0000 2.76479e-17
 12870.0000 3.08151e-17
 12880.0000 2.11056e-17
 12890.0000 2.79504e-17
 12900.0000 4.83563e-17
 12910.0000 2.92782e-17
 12920.0000 3.46662e-17
 12930.0000 3.01641e-17
 12940.0000 2.33269e-17
 12950.0000 2.35207e-17
 12960.0000 3.04499e-17
 12970.0000 3.10308e-17
 12980.0000 2.24096e-17
 12990.0000 2.93976e-17
 13000.0000 2.91687e-17
 13010.0000 2.22865e-17
 13020.0000 3.21925e-17
 13030.0000 2.70603e-17
 13040.0000 2.53200e-17
 13050.0000 2.37538e-17
 13060.0000 2.95567e-17
 13070.0000 2.76920e-17
 13080.0000 2.70529e-17
 13090.0000 2.71662e-17
 13100.0000 2.92531e-17
 13110.0000 2.75154e-17
 13120.0000 2.36246e-17
 13130.0000 2.26738e-17
 13140.0000 2.17327e-17
 13150.0000 2.13109e-17
 13160.0000 2.80655e-17
 13170.0000 2.61072e-17
 13180.0000 2.15001e-17
 13190.0000 2.55438e-17
 13200.0000 2.41048e-17
 13210.0000 1.86525e-17
 13220.0000 2.92280e-17
 13230.0000 2.32502e-17
 13240.0000 2.39158e-17
 13250.0000 2.45296e-17
 13260.0000 2.49907e-17
 13270.0000 2.36294e-17
 13280.0000 2.33640e-17
 13290.0000 1.95881e-17
 13300.0000 2.30593e-17
 13310.0000 2.54750e-17
 13320.0000 2.26571e-17
 13330.0000 2.23607e-17
 13340.0000 2.03764e-17
 13350.0000 2.46169e-17
 13360.0000 2.07363e-17
 13370.0000 2.11730e-17
 13380.0000 2.16350e-17
 13390.0000 2.48619e-17
 13400.0000 3.19187e-17
 13410.0000 2.66489e-17
 13420.0000 2.97921e-17
 13430.0000 2.78654e-17
 13440.0000 3.04214e-17
 13450.0000 2.79103e-17
 13460.0000 2.84874e-17
 13470.0000 3.74567e-17
 13480.0000 2.38909e-17
 13490.0000 2.78774e-17
 13500.0000 -1.19600e-18
 13510.0000 3.44657e-17
 13520.0000 3.18786e-17
 13530.0000 4.65929e-17
 13540.0000 3.85374e-16
 13550.0000 9.33662e-17
 13560.0000 2.21723e-18
 13570.0000 2.10073e-17
 13580.0000 2.19191e-16
 13590.0000 2.75706e-16
 13600.0000 -1.09870e-17
 13610.0000 -1.33657e-15
 13620.0000 5.23896e-16
 13630.0000 6.19832e-17
 13640.0000 9.70126e-16
 13650.0000 2.53650e-17
 13660.0000 -1.36232e-17
 13670.0000 3.58019e-16
 13680.0000 1.47725e-15
 13690.0000 1.34160e-17
 13700.0000 -1.14425e-16
 13710.0000 1.05582e-15
 13720.0000 -3.75954e-17
 13730.0000 5.32803e-17
 13740.0000 3.12101e-17
 13750.0000 -1.91657e-17
 13760.0000 3.97746e-17
 13770.0000 2.60432e-17
 13780.0000 -2.77946e-16
 13790.0000 1.66310e-17
 13800.0000 9.02766e-17
 13810.0000 2.39509e-17
 13820.0000 3.03277e-15
 13830.0000 1.12655e-15
 13840.0000 8.58042e-17
 13850.0000 1.68746e-15
 13860.0000 5.05061e-17
 13870.0000 7.29149e-17
 13880.0000 -4.12915e-16
 13890.0000 4.19052e-17
 13900.0000 2.94841e-17
 13910.0000 1.93502e-17
 13920.0000 4.46177e-16
 13930.0000 2.22992e-17
 13940.0000 3.63432e-17
 13950.0000 8.28146e-17
 13960.0000 9.33569e-16
 13970.0000 5.03595e-17
 13980.0000 3.58711e-17
 13990.0000 3.86098e-17
 14000.0000 7.94053e-16
 14010.0000 5.00643e-16
 14020.0000 2.97236e-17
 14030.0000 3.79280e-17
 14040.0000 -1.20571e-16
 14050.0000 4.46417e-16
 14060.0000 -7.15451e-18
 14070.0000 1.72736e-16
 14080.0000 2.19938e-17
 14090.0000 -1.29671e-15
 14100.0000 3.70338e-17
 14110.0000 3.17880e-17
 14120.0000 3.12673e-17
 14130.0000 8.80966e-18
 14140.0000 2.63498e-17
 14150.0000 3.68333e-17
 14160.0000 2.14744e-17
 14170.0000 2.85506e-17
 14180.0000 2.77754e-17
 14190.0000 1.51407e-17
 14200.0000 3.07526e-17
 14210.0000 3.13849e-17
 14220.0000 2.47574e-17
 14230.0000 2.61248e-17
 14240.0000 3.04591e-17
 14250.0000 2.23694e-17
 14260.0000 2.73439e-17
 14270.0000 -7.20714e-18
 14280.0000 2.97412e-17
 14290.0000 2.29444e-17
 14300.0000 2.55878e-17
 14310.0000 3.17801e-17
 14320.0000 2.57904e-17
 14330.0000 2.33559e-17
 14340.0000 3.74210e-17
 14350.0000 2.34597e-17
 14360.0000 2.75205e-17
 14370.0000 8.13300e-18
 14380.0000 2.09742e-17
 14390.0000 2.81026e-17
 14400.0000 2.11848e-17
 14410.0000 2.79943e-17
 14420.0000 2.35141e-17
 14430.0000 2.39497e-17
 14440.0000 2.35137e-17
 14450.0000 1.27171e-16
 14460.0000 2.51602e-17
 14470.0000 2.47677e-17
 14480.0000 2.35991e-17
 14490.0000 2.49348e-17
 14500.0000 1.13668e-17
 14510.0000 2.55227e-17
 14520.0000 3.23784e-17
 14530.0000 2.74082e-17
 14540.0000 2.47803e-17
 14550.0000 2.24659e-17
 14560.0000 1.20686e-17
 14570.0000 2.35921e-17
 14580.0000 2.32770e-17
 14590.0000 2.44829e-17
 14600.0000 1.19059e-19
 14610.0000 2.60255e-17
 14620.0000 2.55508e-17
 14630.0000 2.70331e-17
 14640.0000 1.98790e-17
 14650.0000 3.19638e-17
 14660.0000 2.96341e-17
 14670.0000 2.86701e-17
 14680.0000 2.39426e-17
 14690.0000 2.01888e-17
 14700.0000 3.01526e-17
 14710.0000 2.56730e-17
 14720.0000 2.81633e-17
 14730.0000 2.61426e-17
 14740.0000 2.62631e-17
 14750.0000 1.84097e-17
 14760.0000 2.64737e-17
 14770.0000 1.60541e-17
 14780.0000 2.53320e-17
 14790.0000 1.99005e-17
 14800.0000 1.57963e-17
 14810.0000 2.15807e-17
 14820.0000 2.55645e-17
 14830.0000 3.18690e-18
 14840.0000 2.63790e-17
 14850.0000 2.67776e-17
 14860.0000 3.49563e-17
 14870.0000 2.30316e-17
 14880.0000 2.93141e-17
 14890.0000 2.51563e-17
 14900.0000 2.06471e-17
 14910.0000 2.57603e-17
 14920.0000 2.59806e-17
 14930.0000 2.99323e-17
 14940.0000 2.14624e-17
 14950.0000 2.64257e-17
 14960.0000 2.15201e-17
 14970.0000 2.49152e-17
 14980.0000 1.99696e-17
 14990.0000 2.24755e-17
 15000.0000 1.90000e-17
 15010.0000 1.87234e-17
 15020.0000 2.29230e-17
 15030.0000 2.40990e-17
 15040.0000 2.60864e-17
 15050.0000 1.51323e-17
 15060.0000 1.09154e-17
 15070.0000 1.99956e-17
 15080.0000 2.16143e-17
 15090.0000 2.86270e-17
 15100.0000 2.35450e-17
 15110.0000 2.69330e-17
 15120.0000 2.43637e-17
 15130.0000 2.38602e-17
 15140.0000 2.48493e-17
 15150.0000 2.39688e-17
 15160.0000 2.22052e-17
 15170.0000 2.45549e-17
 15180.0000 2.75054e-17
 15190.0000 2.50875e-17
 15200.0000 2.25218e-17
 15210.0000 2.39602e-17
 15220.0000 2.32489e-17
 15230.0000 3.27377e-17
 15240.0000 2.23914e-17
 15250.0000 2.52948e-17
 15260.0000 2.00871e-17
 15270.0000 2.31731e-17
 15280.0000 1.61448e-17
 15290.0000 2.31578e-17
 15300.0000 2.10581e-17
 15310.0000 2.10761e-17
 15320.0000 1.87261e-17
 15330.0000 5.20026e-17
 15340.0000 1.89455e-17
 15350.0000 2.01493e-17
 15360.0000 2.20294e-17
 15370.0000 1.97106e-17
 15380.0000 2.08918e-17
 15390.0000 1.87172e-17
 15400.0000 1.98236e-17
 15410.0000 2.15735e-17
 15420.0000 2.21410e-17
 15430.0000 1.84593e-17
 15440.0000 2.10111e-17
 15450.0000 2.18245e-17
 15460.0000 2.26098e-17
 15470.0000 2.03434e-17
 15480.0000 2.17068e-17
 15490.0000 1.89266e-17
 15500.0000 2.59326e-17
 15510.0000 1.95712e-17
 15520.0000 2.20616e-17
 15530.0000 1.17014e-17
 15540.0000 2.37661e-17
 15550.0000 2.00724e-17
 15560.0000 1.97863e-17
 15570.0000 2.00237e-17
 15580.0000 2.27952e-17
 15590.0000 1.29049e-17
 15600.0000 2.07932e-17
 15610.0000 2.02602e-17
 15620.0000 2.10901e-17
 15630.0000 1.82808e-17
 15640.0000 1.96847e-17
 15650.0000 3.43397e-17
 15660.0000 2.18585e-17
 15670.0000 1.92559e-17
 15680.0000 2.20413e-17
 15690.0000 2.44408e-17
 15700.0000 1.88582e-17
 15710.0000 1.95295e-17
 15720.0000 1.84146e-17
 15730.0000 2.11490e-17
 15740.0000 1.73914e-17
 15750.0000 2.34765e-17
 15760.0000 2.04113e-17
 15770.0000 2.24440e-17
 15780.0000 1.84136e-17
 15790.0000 2.03758e-17
 15800.0000 1.37017e-17
 15810.0000 2.27054e-17
 15820.0000 2.30669e-17
 15830.0000 5.41699e-18
 15840.0000 1.64209e-17
 15850.0000 1.41186e-17
 15860.0000 1.53031e-17
 15870.0000 1.80277e-17
 15880.0000 2.15977e-17
 15890.0000 2.46350e-17
 15900.0000 2.11351e-17
 15910.0000 1.86725e-17
 15920.0000 2.08568e-17
 15930.0000 2.20645e-17
 15940.0000 2.27723e-17
 15950.0000 2.13998e-17
 15960.0000 2.19146e-17
 15970.0000 3.43925e-17
 15980.0000 2.27119e-17
 15990.0000 2.38488e-17
 16000.0000 2.07515e-17
 16010.0000 1.95634e-17
 16020.0000 4.15627e-17
 16030.0000 3.24524e-17
 16040.0000 2.43723e-17
 16050.0000 2.05624e-17
 16060.0000 2.32867e-17
 16070.0000 2.30429e-17
 16080.0000 2.62354e-17
 16090.0000 2.26622e-17
 16100.0000 1.98400e-17
 16110.0000 1.89642e-17
 16120.0000 5.34066e-17
 16130.0000 2.46244e-17
 16140.0000 1.99454e-17
 16150.0000 2.18512e-17
 16160.0000 2.10994e-17
 16170.0000 2.00553e-17
 16180.0000 1.99007e-17
 16190.0000 1.68955e-17
 16200.0000 1.80580e-17
 16210.0000 1.83491e-17
 16220.0000 1.73342e-17
 16230.0000 3.62441e-17
 16240.0000 1.94042e-17
 16250.0000 2.02471e-17
 16260.0000 2.25108e-17
 16270.0000 2.22717e-17
 16280.0000 2.20146e-17
 16290.0000 2.21014e-17
 16300.0000 1.71352e-17
 16310.0000 2.52452e-17
 16320.0000 1.88996e-17
 16330.0000 1.94422e-17
 16340.0000 1.48031e-17
 16350.0000 2.76381e-17
 16360.0000 1.86927e-17
 16370.0000 1.94534e-17
 16380.0000 1.53480e-17
 16390.0000 1.72134e-17
 16400.0000 1.96779e-17
 16410.0000 1.91446e-17
 16420.0000 1.84795e-17
 16430.0000 1.97060e-17
 16440.0000 1.67161e-17
 16450.0000 1.82415e-17
 16460.0000 1.95996e-17
 16470.0000 1.88881e-17
 16480.0000 2.03281e-17
 16490.0000 1.95012e-17
 16500.0000 1.36723e-17
 16510.0000 2.02737e-17
 16520.0000 1.93957e-17
 16530.0000 2.26752e-17
 16540.0000 2.10129e-17
 16550.0000 1.94938e-17
 16560.0000 2.00066e-17
 16570.0000 2.19971e-17
 16580.0000 2.24522e-17
 16590.0000 2.16014e-17
 16600.0000 1.95938e-17
 16610.0000 1.97094e-17
 16620.0000 2.02650e-17
 16630.0000 2.38564e-17
 16640.0000 1.97431e-17
 16650.0000 1.88498e-17
 16660.0000 2.10073e-17
 16670.0000 2.09772e-17
 16680.0000 1.13465e-17
 16690.0000 2.84239e-17
 16700.0000 3.08820e-17
 16710.0000 1.94133e-17
 16720.0000 1.70162e-17
 16730.0000 1.61377e-17
 16740.0000 2.12158e-17
 16750.0000 1.73508e-17
 16760.0000 2.41018e-17
 16770.0000 1.94183e-17
 16780.0000 2.21163e-17
 16790.0000 2.36759e-17
 16800.0000 1.93676e-17
 16810.0000 2.16904e-17
 16820.0000 2.30596e-17
 16830.0000 2.50604e-17
 16840.0000 2.14961e-17
 16850.0000 2.02994e-17
 16860.0000 2.05237e-17
 16870.0000 2.21005e-17
 16880.0000 2.26242e-17
 16890.0000 2.05600e-17
 16900.0000 1.49246e-17
 16910.0000 2.39593e-17
 16920.0000 2.43985e-17
 16930.0000 2.20297e-17
 16940.0000 2.33209e-17
 16950.0000 1.75890e-17
 16960.0000 2.59292e-17
 16970.0000 2.38342e-17
 16980.0000 2.26516e-17
 16990.0000 2.20186e-17
 17000.0000 4.48758e-17
 17010.0000 8.58996e-18
 17020.0000 2.22679e-17
 17030.0000 2.40076e-17
 17040.0000 2.25976e-17
 17050.0000 2.34446e-17
 17060.0000 2.46483e-17
 17070.0000 2.51201e-17
 17080.0000 2.30060e-17
 17090.0000 2.33680e-17
 17100.0000 2.24918e-17
 17110.0000 2.49051e-17
 17120.0000 1.92059e-17
 17130.0000 2.53398e-17
 17140.0000 2.46652e-17
 17150.0000 2.54048e-17
 17160.0000 2.43465e-17
 17170.0000 2.24480e-17
 17180.0000 2.39509e-17
 17190.0000 2.35349e-17
 17200.0000 2.45226e-17
 17210.0000 2.60315e-17
 17220.0000 2.24104e-17
 17230.0000 2.02020e-17
 17240.0000 2.00519e-17
 17250.0000 2.46634e-17
 17260.0000 1.99161e-17
 17270.0000 2.36934e-17
 17280.0000 2.69461e-17
 17290.0000 2.22972e-17
 17300.0000 2.69561e-17
 17310.0000 2.06026e-17
 17320.0000 1.74721e-17
 17330.0000 1.87466e-17
 17340.0000 2.29788e-17
 17350.0000 2.50938e-17
 17360.0000 1.92324e-17
 17370.0000 2.17556e-17
 17380.0000 3.55885e-17
 17390.0000 2.04844e-17
 17400.0000 2.13741e-17
 17410.0000 2.52004e-17
 17420.0000 2.60394e-17
 17430.0000 2.04049e-17
 17440.0000 1.73482e-17
 17450.0000 2.33197e-17
 17460.0000 1.87934e-17
 17470.0000 2.07116e-17
 17480.0000 2.12048e-17
 17490.0000 1.87808e-17
 17500.0000 1.13636e-17
 17510.0000 2.01119e-17
 17520.0000 1.86822e-17
 17530.0000 1.84929e-17
 17540.0000 1.91122e-17
 17550.0000 1.92624e-17
 17560.0000 2.05447e-17
 17570.0000 1.65821e-17
 17580.0000 2.19527e-17
 17590.0000 2.09392e-17
 17600.0000 1.96650e-17
 17610.0000 1.90657e-17
 17620.0000 1.75208e-17
 17630.0000 1.82636e-17
 17640.0000 2.42751e-17
 17650.0000 2.33992e-17
 17660.0000 2.08369e-17
 17670.0000 2.45120e-17
 17680.0000 2.18130e-17
 17690.0000 2.11002e-17
 17700.0000 1.85719e-17
 17710.0000 2.05901e-17
 17720.0000 1.81907e-17
 17730.0000 1.84460e-17
 17740.0000 1.85283e-17
 17750.0000 1.89437e-17
 17760.0000 1.90039e-17
 17770.0000 1.50324e-17
 17780.0000 1.48258e-17
 17790.0000 1.74566e-17
 17800.0000 2.09554e-17
 17810.0000 1.56402e-17
 17820.0000 1.63388e-17
 17830.0000 1.79198e-17
 17840.0000 1.91028e-17
 17850.0000 1.87951e-17
 17860.0000 2.00544e-17
 17870.0000 1.10821e-17
 17880.0000 9.94492e-19
 17890.0000 1.82036e-17
 17900.0000 1.89859e-17
 17910.0000 2.00468e-17
 17920.0000 1.82546e-17
 17930.0000 1.90588e-17
 17940.0000 1.81240e-17
 17950.0000 1.80469e-17
 17960.0000 2.08777e-17
 17970.0000 2.10573e-17
 17980.0000 1.97508e-17
 17990.0000 3.60033e-18
 18000.0000 2.19541e-17
 18010.0000 2.13146e-17
 18020.0000 2.47456e-17
 18030.0000 2.18300e-17
 18040.0000 2.10505e-17
 18050.0000 2.14053e-17
 18060.0000 -2.32103e-17
 18070.0000 1.81278e-17
 18080.0000 2.06179e-17
 18090.0000 1.46112e-17
 18100.0000 2.05605e-17
 18110.0000 4.11450e-17
 18120.0000 1.59662e-17
 18130.0000 2.17330e-17
 18140.0000 2.56991e-17
 18150.0000 -1.27428e-18
 18160.0000 2.33749e-17
 18170.0000 2.52606e-17
 18180.0000 5.20557e-17
 18190.0000 1.69052e-17
 18200.0000 -1.78862e-16
 18210.0000 4.60226e-18
 18220.0000 -6.54884e-17
 18230.0000 2.11132e-17
 18240.0000 2.23974e-17
 18250.0000 2.91802e-17
 18260.0000 -1.88980e-16
 18270.0000 1.81458e-17
 18280.0000 -1.97314e-16
 18290.0000 2.36088e-17
 18300.0000 -3.66452e-17
 18310.0000 1.10981e-16
 18320.0000 2.88031e-17
 18330.0000 1.82024e-17
 18340.0000 -3.00710e-16
 18350.0000 -1.23670e-15
 18360.0000 8.96618e-16
 18370.0000 2.63708e-15
 18380.0000 1.55082e-16
 18390.0000 1.11653e-15
 18400.0000 9.49442e-16
 18410.0000 -1.73280e-15
 18420.0000 1.43188e-15
 18430.0000 3.55063e-17
 18440.0000 2.31915e-17
 18450.0000 2.19495e-18
 18460.0000 -1.34741e-15
 18470.0000 1.05431e-15
 18480.0000 -2.07256e-15
 18490.0000 2.78352e-17
 18500.0000 -8.26498e-17
 18510.0000 7.03647e-18
 18520.0000 1.92326e-16
 18530.0000 -7.35254e-16
 18540.0000 1.73732e-16
 18550.0000 2.97660e-17
 18560.0000 -3.93919e-17
 18570.0000 -2.59560e-16
 18580.0000 2.42677e-17
 18590.0000 5.00550e-16
 18600.0000 8.25987e-17
 18610.0000 1.69459e-17
 18620.0000 1.19966e-17
 18630.0000 7.26701e-18
 18640.0000 -3.78828e-16
 18650.0000 1.18160e-17
 18660.0000 2.25188e-17
 18670.0000 3.03028e-15
 18680.0000 -8.61823e-16
 18690.0000 -1.91676e-15
 18700.0000 4.03163e-16
 18710.0000 4.25815e-15
 18720.0000 -6.57902e-16
 18730.0000 8.24688e-16
 18740.0000 -2.52425e-16
 18750.0000 5.79959e-16
 18760.0000 -7.76379e-16
 18770.0000 8.83142e-18
 18780.0000 -3.07045e-19
 18790.0000 2.04824e-17
 18800.0000 -5.16590e-18
 18810.0000 -3.25898e-17
 18820.0000 1.81824e-17
 18830.0000 -3.35843e-16
 18840.0000 8.59039e-16
 18850.0000 1.05100e-17
 18860.0000 9.87904e-17
 18870.0000 1.70956e-17
 18880.0000 1.76054e-17
 18890.0000 9.44352e-17
 18900.0000 -1.62050e-16
 18910.0000 1.38195e-17
 18920.0000 -9.90586e-17
 18930.0000 3.20310e-17
 18940.0000 7.99039e-18
 18950.0000 2.11797e-17
 18960.0000 2.36782e-17
 18970.0000 1.35350e-16
 18980.0000 3.01801e-16
 18990.0000 3.82403e-16
 19000.0000 7.47675e-16
 19010.0000 7.38516e-18
 19020.0000 -2.58739e-16
 19030.0000 -1.43347e-16
 19040.0000 8.53760e-17
 19050.0000 1.00633e-15
 19060.0000 -1.00333e-15
 19070.0000 5.09107e-17
 19080.0000 -3.17755e-17
 19090.0000 1.76885e-17
 19100.0000 4.12953e-18
 19110.0000 -9.68361e-18
 19120.0000 4.33620e-17
 19130.0000 2.90359e-15
 19140.0000 7.24275e-17
 19150.0000 3.74766e-17
 19160.0000 -2.07947e-15
 19170.0000 3.04631e-17
 19180.0000 1.96722e-17
 19190.0000 -8.09426e-18
 19200.0000 4.33083e-16
 19210.0000 2.22414e-16
 19220.0000 2.27315e-17
 19230.0000 -2.03059e-16
 19240.0000 1.54194e-15
 19250.0000 2.30617e-17
 19260.0000 1.34340e-16
 19270.0000 -6.84616e-17
 19280.0000 -1.55815e-16
 19290.0000 1.86239e-17
 19300.0000 2.27507e-17
 19310.0000 1.11862e-17
 19320.0000 1.84533e-17
 19330.0000 1.83212e-17
 19340.0000 1.08766e-17
 19350.0000 2.15036e-17
 19360.0000 7.33691e-18
 19370.0000 1.94316e-17
 19380.0000 2.08030e-17
 19390.0000 -3.24596e-17
 19400.0000 8.77179e-18
 19410.0000 2.60072e-17
 19420.0000 1.66554e-17
 19430.0000 2.19399e-17
 19440.0000 1.39845e-17
 19450.0000 1.63358e-17
 19460.0000 1.48101e-17
 19470.0000 1.64701e-17
 19480.0000 1.13518e-17
 19490.0000 1.64281e-17
 19500.0000 1.10463e-17
 19510.0000 1.36725e-17
 19520.0000 2.51813e-17
 19530.0000 2.01056e-17
 19540.0000 2.27874e-17
 19550.0000 1.30303e-17
 19560.0000 7.32316e-18
 19570.0000 1.75497e-17
 19580.0000 2.31049e-17
 19590.0000 3.91141e-17
 19600.0000 1.07553e-17
 19610.0000 1.98942e-17
 19620.0000 1.67533e-17
 19630.0000 1.87754e-17
 19640.0000 1.26719e-17
 19650.0000 1.70468e-17
 19660.0000 1.64804e-17
 19670.0000 5.56937e-18
 19680.0000 1.08577e-17
 19690.0000 1.29647e-17
 19700.0000 1.70808e-17
 19710.0000 1.57961e-17
 19720.0000 1.78848e-17
 19730.0000 1.17401e-17
 19740.0000 1.43918e-17
 19750.0000 1.28060e-17
 19760.0000 7.09579e-18
 19770.0000 1.20046e-17
 19780.0000 1.58684e-17
 19790.0000 2.88396e-17
 19800.0000 1.73859e-17
 19810.0000 1.77348e-17
 19820.0000 1.49787e-17
 19830.0000 1.47237e-17
 19840.0000 1.60066e-17
 19850.0000 1.28606e-17
 19860.0000 3.07002e-16
 19870.0000 1.90703e-17
 19880.0000 1.50585e-17
 19890.0000 1.20940e-17
 19900.0000 1.57905e-17
 19910.0000 1.28359e-17
 19920.0000 1.10976e-17
 19930.0000 1.46543e-17
 19940.0000 1.19580e-17
 19950.0000 1.52666e-17
 19960.0000 1.40577e-17
 19970.0000 1.39313e-17
 19980.0000 1.10027e-17
 19990.0000 1.53212e-17
 20000.0000 6.68246e-18
 20010.0000 1.59637e-17
 20020.0000 1.42693e-17
 20030.0000 2.34430e-17
 20040.0000 1.00500e-17
 20050.0000 2.73613e-18
 20060.0000 1.61957e-17
 20070.0000 1.41911e-17
 20080.0000 1.37541e-17
 20090.0000 1.48716e-17
 20100.0000 1.25677e-17
 20110.0000 2.30041e-17
 20120.0000 9.80426e-18
 20130.0000 1.09260e-17
 20140.0000 3.55498e-18
 20150.0000 8.91218e-18
 20160.0000 1.15003e-17
 20170.0000 9.77056e-18
 20180.0000 2.00747e-18
 20190.0000 1.03026e-17
 20200.0000 1.24015e-17
 20210.0000 1.12050e-17
 20220.0000 1.50340e-17
 20230.0000 1.56635e-17
 20240.0000 1.17890e-17
 20250.0000 1.10649e-17
 20260.0000 8.44015e-18
 20270.0000 3.47024e-18
 20280.0000 1.33097e-17
 20290.0000 1.00444e-17
 20300.0000 1.13575e-17
 20310.0000 1.39833e-17
 20320.0000 1.33232e-17
 20330.0000 8.56263e-18
 20340.0000 1.21925e-17
 20350.0000 1.26080e-17
 20360.0000 1.34445e-17
 20370.0000 1.23735e-17
 20380.0000 1.53935e-17
 20390.0000 1.33199e-17
 20400.0000 1.48580e-17
 20410.0000 1.35338e-17
 20420.0000 1.07500e-17
 20430.0000 1.11396e-17
 20440.0000 1.39461e-17
 20450.0000 1.25930e-17
 20460.0000 1.03394e-17
 20470.0000 1.35190e-17
 20480.0000 1.17658e-17
 20490.0000 1.14762e-17
 20500.0000 1.31630e-17
 20510.0000 1.30986e-17
 20520.0000 7.31807e-18
 20530.0000 1.41575e-17
 20540.0000 1.35517e-17
 20550.0000 8.84273e-18
 20560.0000 3.47325e-18
 20570.0000 1.13673e-17
 20580.0000 1.10087e-17
 20590.0000 1.25370e-17
 20600.0000 1.93794e-17
 20610.0000 1.31886e-17
 20620.0000 9.39188e-18
 20630.0000 9.85631e-18
 20640.0000 1.42159e-17
 20650.0000 1.57894e-17
 20660.0000 8.02035e-18
 20670.0000 1.80874e-17
 20680.0000 1.30722e-17
 20690.0000 1.33943e-17
 20700.0000 1.95954e-17
 20710.0000 1.54916e-17
 20720.0000 1.10673e-17
 20730.0000 1.41667e-17
 20740.0000 1.64037e-17
 20750.0000 8.10152e-18
 20760.0000 1.44186e-17
 20770.0000 1.16188e-17
 20780.0000 8.35034e-18
 20790.0000 6.60875e-18
 20800.0000 1.24001e-17
 20810.0000 1.31780e-17
 20820.0000 1.47728e-17
 20830.0000 1.51166e-17
 20840.0000 1.42925e-17
 20850.0000 7.73555e-18
 20860.0000 1.61876e-17
 20870.0000 1.04244e-17
 20880.0000 1.27516e-17
 20890.0000 1.06875e-17
 20900.0000 1.49336e-17
 20910.0000 5.21399e-18
 20920.0000 9.94912e-18
 20930.0000 9.40794e-18
 20940.0000 1.27442e-17
 20950.0000 1.18789e-17
 20960.0000 1.09954e-17
 20970.0000 1.23509e-17
 20980.0000 1.17035e-17
 20990.0000 1.38436e-17
 21000.0000 1.00498e-17
 21010.0000 1.02720e-17
 21020.0000 1.19042e-17
 21030.0000 1.19989e-17
 21040.0000 1.68121e-17
 21050.0000 1.38342e-17
 21060.0000 1.79951e-17
 21070.0000 1.15862e-17
 21080.0000 1.61335e-17
 21090.0000 9.86876e-18
 21100.0000 1.30661e-17
 21110.0000 1.62493e-17
 21120.0000 1.24351e-17
 21130.0000 1.24870e-17
 21140.0000 1.08377e-17
 21150.0000 8.63730e-18
 21160.0000 1.38480e-17
 21170.0000 1.71041e-17
 21180.0000 7.37076e-18
 21190.0000 1.12280e-17
 21200.0000 1.51721e-17
 21210.0000 8.58853e-18
 21220.0000 1.19552e-17
 21230.0000 8.42652e-18
 21240.0000 1.05791e-17
 21250.0000 9.57422e-18
 21260.0000 1.35840e-17
 21270.0000 1.15827e-17
 21280.0000 8.83115e-18
 21290.0000 9.68548e-18
 21300.0000 1.31233e-17
 21310.0000 1.34332e-17
 21320.0000 1.41405e-17
 21330.0000 1.57311e-17
 21340.0000 1.30521e-17
 21350.0000 1.04776e-17
 21360.0000 1.23528e-17
 21370.0000 1.35047e-17
 21380.0000 1.61776e-17
 21390.0000 1.10608e-17
 21400.0000 1.07838e-17
 21410.0000 1.11825e-17
 21420.0000 1.34696e-17
 21430.0000 1.42831e-17
 21440.0000 9.53909e-18
 21450.0000 1.12571e-17
 21460.0000 8.10331e-18
 21470.0000 1.38737e-17
 21480.0000 1.07394e-17
 21490.0000 1.23655e-17
 21500.0000 1.48764e-17
 21510.0000 1.26935e-17
 21520.0000 1.24586e-17
 21530.0000 1.26589e-17
 21540.0000 7.80490e-18
 21550.0000 1.10749e-17
 21560.0000 1.51447e-17
 21570.0000 4.74009e-18
 21580.0000 1.31356e-17
 21590.0000 1.27233e-17
 21600.0000 1.21433e-17
 21610.0000 1.00208e-17
 21620.0000 8.81743e-18
 21630.0000 1.10086e-17
 21640.0000 7.85844e-18
 21650.0000 1.08204e-17
 21660.0000 8.27009e-18
 21670.0000 1.11327e-17
 21680.0000 1.21185e-17
 21690.0000 1.29011e-17
 21700.0000 1.58420e-17
 21710.0000 1.35329e-17
 21720.0000 8.76135e-18
 21730.0000 1.05389e-17
 21740.0000 6.18821e-18
 21750.0000 8.79721e-18
 21760.0000 8.63398e-18
 21770.0000 1.14509e-17
 21780.0000 6.66353e-18
 21790.0000 8.86565e-18
 21800.0000 1.47380e-17
 21810.0000 6.16857e-18
 21820.0000 4.73090e-18
 21830.0000 7.65152e-18
 21840.0000 9.90754e-18
 21850.0000 6.77378e-18
 21860.0000 4.23968e-18
 21870.0000 1.69993e-18
 21880.0000 1.04828e-17
 21890.0000 1.11791e-17
 21900.0000 9.88185e-18
 21910.0000 8.78132e-18
 21920.0000 5.10803e-18
 21930.0000 1.05117e-17
 21940.0000 7.95922e-18
 21950.0000 1.13151e-17
 21960.0000 9.55308e-18
 21970.0000 6.89045e-18
 21980.0000 5.28685e-18
 21990.0000 8.80153e-18
 22000.0000 9.20948e-18
 22010.0000 1.02301e-17
 22020.0000 7.08554e-18
 22030.0000 6.27662e-18
 22040.0000 7.54722e-18
 22050.0000 9.23995e-18
 22060.0000 7.05172e-18
 22070.0000 7.86325e-18
 22080.0000 7.47539e-18
 22090.0000 8.62532e-18
 22100.0000 1.25709e-17
 22110.0000 6.42284e-18
 22120.0000 5.72189e-19
 22130.0000 7.87010e-18
 22140.0000 7.80503e-18
 22150.0000 8.75784e-18
 22160.0000 8.33585e-18
 22170.0000 1.25393e-17
 22180.0000 5.59932e-18
 22190.0000 2.17135e-18
 22200.0000 9.24270e-18
 22210.0000 1.23885e-17
 22220.0000 1.03724e-17
 22230.0000 8.57651e-18
 22240.0000 5.24824e-18
 22250.0000 1.01855e-17
 22260.0000 8.10439e-18
 22270.0000 1.08450e-17
 22280.0000 5.35523e-18
 22290.0000 5.71500e-18
 22300.0000 1.10198e-17
 22310.0000 4.15227e-18
 22320.0000 9.46291e-18
 22330.0000 6.89600e-18
 22340.0000 9.11997e-18
 22350.0000 9.97621e-18
 22360.0000 1.05438e-17
 22370.0000 6.71742e-18
 22380.0000 7.79886e-18
 22390.0000 4.18925e-18
 22400.0000 7.10171e-18
 22410.0000 7.75442e-18
 22420.0000 9.03730e-18
 22430.0000 1.01712e-17
 22440.0000 6.54548e-18
 22450.0000 4.51929e-18
 22460.0000 7.37501e-18
 22470.0000 1.12861e-17
 22480.0000 4.75844e-18
 22490.0000 1.29625e-17
 22500.0000 1.03902e-17
 22510.0000 1.19117e-17
 22520.0000 5.39885e-18
 22530.0000 3.33668e-18
 22540.0000 1.25621e-17
 22550.0000 8.03793e-18
 22560.0000 9.09062e-18
 22570.0000 1.45900e-17
 22580.0000 1.03517e-17
 22590.0000 3.27339e-18
 22600.0000 6.82175e-18
 22610.0000 3.92154e-18
 22620.0000 5.68001e-18
 22630.0000 3.83399e-19
 22640.0000 5.72753e-18
 22650.0000 -8.84612e-19
 22660.0000 9.20994e-18
 22670.0000 1.32068e-17
 22680.0000 1.04685e-17
 22690.0000 7.76055e-18
 22700.0000 7.72082e-18
 22710.0000 4.52979e-18
 22720.0000 3.18800e-17
 22730.0000 1.70913e-17
 22740.0000 2.13819e-18
 22750.0000 3.81382e-18
 22760.0000 1.56235e-18
 22770.0000 1.14615e-17
 22780.0000 1.37838e-18
 22790.0000 1.05405e-17
 22800.0000 6.05428e-18
 22810.0000 1.34936e-17
 22820.0000 3.46353e-18
 22830.0000 7.48495e-18
 22840.0000 4.82034e-18
 22850.0000 7.61355e-18
 22860.0000 9.57612e-18
 22870.0000 7.52945e-18
 22880.0000 2.09794e-18
 22890.0000 6.65054e-19
 22900.0000 8.97259e-18
 22910.0000 3.45025e-18
 22920.0000 8.28037e-18
 22930.0000 9.53827e-18
 22940.0000 2.17942e-17
 22950.0000 8.82938e-18
 22960.0000 5.30182e-18
 22970.0000 1.10765e-17
 22980.0000 1.32630e-18
 22990.0000 1.23482e-17
 23000.0000 1.94054e-17
 23010.0000 1.30635e-17
 23020.0000 2.03439e-18
 23030.0000 1.56633e-17
 23040.0000 7.27592e-18
 23050.0000 1.72979e-17
 23060.0000 7.57694e-18
 23070.0000 4.75368e-18
 23080.0000 1.00254e-17
 23090.0000 1.66650e-17
 23100.0000 6.49671e-18
 23110.0000 9.95919e-18
 23120.0000 9.80900e-18
 23130.0000 7.33659e-18
 23140.0000 1.79755e-17
 23150.0000 8.49968e-18
 23160.0000 1.83137e-17
 23170.0000 9.93159e-18
 23180.0000 1.07169e-17
 23190.0000 1.30176e-17
 23200.0000 1.21777e-17
 23210.0000 1.06466e-17
 23220.0000 5.09707e-18
 23230.0000 5.88161e-18
 23240.0000 6.66541e-18
 23250.0000 7.57940e-18
 23260.0000 1.94846e-17
 23270.0000 1.01281e-17
 23280.0000 7.89087e-18
 23290.0000 1.20322e-17
 23300.0000 9.12965e-18
 23310.0000 4.98268e-18
 23320.0000 1.88905e-17
 23330.0000 4.42303e-18
 23340.0000 9.30574e-18
 23350.0000 1.70808e-17
 23360.0000 1.02967e-17
 23370.0000 2.76018e-18
 23380.0000 2.80181e-18
 23390.0000 3.37807e-18
 23400.0000 1.08785e-17
 23410.0000 7.19525e-18
 23420.0000 7.92371e-18
 23430.0000 1.43748e-17
 23440.0000 5.24141e-18
 23450.0000 1.05920e-17
 23460.0000 1.41260e-18
 23470.0000 1.09713e-17
 23480.0000 2.36279e-17
 23490.0000 2.80274e-17
 23500.0000 1.69654e-17
 23510.0000 4.55660e-18
 23520.0000 4.17798e-18
 23530.0000 1.26684e-17
 23540.0000 1.87857e-17
 23550.0000 1.81266e-17
 23560.0000 9.99202e-18
 23570.0000 1.10382e-17
 23580.0000 1.90480e-17
 23590.0000 1.52624e-17
 23600.0000 9.27495e-18
 23610.0000 1.62961e-17
 23620.0000 8.82629e-18
 23630.0000 1.95474e-17
 23640.0000 1.30129e-17
 23650.0000 6.56345e-18
 23660.0000 6.79894e-18
 23670.0000 1.40460e-17
 23680.0000 8.80894e-18
 23690.0000 2.47750e-17
 23700.0000 1.64099e-17
 23710.0000 1.60583e-18
 23720.0000 1.46310e-17
 23730.0000 5.85405e-18
 23740.0000 7.01953e-18
 23750.0000 7.61706e-18
 23760.0000 7.22244e-18
 23770.0000 4.94755e-18
 23780.0000 2.15327e-17
 23790.0000 1.36283e-17
 23800.0000 8.86948e-18
 23810.0000 1.51773e-17
 23820.0000 2.71740e-17
 23830.0000 2.74198e-17
 23840.0000 8.48790e-18
 23850.0000 1.07995e-17
 23860.0000 1.69246e-17
 23870.0000 1.76655e-17
 23880.0000 5.29900e-18
 23890.0000 2.26092e-17
 23900.0000 2.60759e-17
 23910.0000 7.90596e-18
 23920.0000 1.03476e-17
 23930.0000 1.43880e-17
 23940.0000 8.81580e-18
 23950.0000 7.40976e-18
 23960.0000 2.00709e-17
 23970.0000 1.71515e-17
 23980.0000 2.16772e-17
 23990.0000 8.51900e-18
 24000.0000 9.16771e-18
 24010.0000 1.47648e-17
 24020.0000 8.77264e-18
 24030.0000 2.61146e-17
 24040.0000 3.66509e-17
 24050.0000 1.40106e-17
 24060.0000 2.18396e-17
 24070.0000 1.32623e-17
 24080.0000 2.50390e-17
 24090.0000 2.40081e-17
 24100.0000 1.67902e-17
 24110.0000 3.49450e-17
 24120.0000 9.11152e-18
 24130.0000 1.99649e-17
 24140.0000 1.07930e-17
 24150.0000 4.87453e-17
 24160.0000 2.81270e-17
 24170.0000 1.58181e-17
 24180.0000 3.23401e-17
 24190.0000 3.00140e-17
 24200.0000 5.94272e-18
 24210.0000 1.53434e-17
 24220.0000 1.78964e-17
 24230.0000 2.49914e-17
 24240.0000 1.83530e-17
 24250.0000 1.77387e-17
 24260.0000 3.06335e-17
 24270.0000 7.83496e-18
 24280.0000 1.65988e-17
 24290.0000 7.74200e-18
 24300.0000 7.58151e-18
 24310.0000 2.96759e-17
 24320.0000 3.51555e-18
 24330.0000 1.30011e-17
 24340.0000 1.51802e-17
 24350.0000 1.47721e-16
 24360.0000 2.06230e-17
 24370.0000 1.43302e-17
 24380.0000 4.51466e-18
 24390.0000 1.94333e-17
 24400.0000 7.77475e-18
 24410.0000 1.23181e-17
 24420.0000 1.12896e-17
 24430.0000 9.61562e-18
 24440.0000 1.72120e-17
 24450.0000 4.12770e-17
 24460.0000 2.28476e-17
 24470.0000 4.56227e-17
 24480.0000 1.04814e-17
 24490.0000 2.68670e-17
 24500.0000 2.17672e-17
 24510.0000 2.99654e-17
 24520.0000 1.76095e-17
 24530.0000 3.93402e-17
 24540.0000 4.59032e-17
 24550.0000 2.89849e-17
 24560.0000 2.36939e-17
 24570.0000 1.07990e-17
 24580.0000 1.36245e-17
 24590.0000 1.67038e-17
 24600.0000 1.02009e-17
 24610.0000 2.20340e-17
 24620.0000 2.72517e-17
 24630.0000 1.63170e-17
 24640.0000 1.33085e-17
 24650.0000 2.05333e-17
 24660.0000 1.34088e-17
 24670.0000 2.05738e-17
 24680.0000 1.15691e-17
 24690.0000 8.81181e-18
 24700.0000 1.65923e-17
 24710.0000 1.61881e-17
 24720.0000 3.24166e-17
 24730.0000 3.21072e-18
 24740.0000 7.98249e-18
 24750.0000 2.26569e-17
 24760.0000 1.94220e-17
 24770.0000 1.74629e-17
 24780.0000 8.65681e-18
 24790.0000 1.37072e-17
 24800.0000 2.00112e-17
