5997.08300781001  2.112914E-17
6001.2922730421  1.926919E-17
6005.50153827419  1.904643E-17
6009.71080350628  2.135768E-17
6013.92006873837  2.104466E-17
6018.12933397046  1.846715E-17
6022.33859920255  2.006474E-17
6026.54786443464  2.505882E-17
6030.75712966673  1.836514E-17
6034.96639489882  1.889379E-17
6039.17566013091  1.642359E-17
6043.384925363  1.574128E-17
6047.59419059509  1.967607E-17
6051.80345582718  1.858613E-17
6056.01272105927  2.007261E-17
6060.22198629136  1.619467E-17
6064.43125152344  2.101313E-17
6068.64051675554  1.871235E-17
6072.84978198763  1.566826E-17
6077.05904721972  1.985297E-17
6081.2683124518  1.920284E-17
6085.47757768389  1.826776E-17
6089.68684291599  2.054578E-17
6093.89610814808  1.929763E-17
6098.10537338017  1.735835E-17
6102.31463861225  1.875839E-17
6106.52390384435  1.694749E-17
6110.73316907644  1.919994E-17
6114.94243430853  1.829623E-17
6119.15169954062  1.968917E-17
6123.36096477271  2.035433E-17
6127.5702300048  2.132277E-17
6131.77949523689  2.054329E-17
6135.98876046898  1.828997E-17
6140.19802570107  2.068308E-17
6144.40729093316  1.835996E-17
6148.61655616525  2.222113E-17
6152.82582139734  1.913845E-17
6157.03508662943  1.949490E-17
6161.24435186152  2.527788E-17
6165.45361709361  1.672605E-17
6169.6628823257  2.126590E-17
6173.87214755779  1.976381E-17
6178.08141278988  1.712566E-17
6182.29067802197  1.860681E-17
6186.49994325406  1.784974E-17
6190.70920848615  1.578395E-17
6194.91847371824  2.127250E-17
6199.12773895033  1.832550E-17
6203.33700418242  1.401105E-17
6207.54626941451  2.021124E-17
6211.7555346466  1.612378E-17
6215.96479987869  2.103698E-17
6220.17406511078  1.661151E-17
6224.38333034287  1.707080E-17
6228.59259557496  1.846071E-17
6232.80186080705  2.123109E-17
6237.01112603914  1.876429E-17
6241.22039127123  2.175762E-17
6245.42965650332  1.960853E-17
6249.63892173541  1.860572E-17
6253.8481869675  1.945592E-17
6258.05745219959  1.573942E-17
6262.26671743168  1.620868E-17
6266.47598266377  1.883724E-17
6270.68524789586  1.759303E-17
6274.89451312795  1.880928E-17
6279.10377836004  1.534676E-17
6283.31304359213  1.823706E-17
6287.52230882422  1.725510E-17
6291.73157405631  2.575796E-17
6295.9408392884  1.892931E-17
6300.15010452049  2.235386E-17
6304.35936975258  1.633450E-17
6308.56863498467  1.509541E-17
6312.77790021676  2.089406E-17
6316.98716544885  1.800812E-17
6321.19643068094  2.051488E-17
6325.40569591303  1.971511E-17
6329.61496114512  1.759659E-17
6333.82422637721  1.960157E-17
6338.0334916093  1.821159E-17
6342.24275684139  2.022624E-17
6346.45202207348  1.985660E-17
6350.66128730557  1.795738E-17
6354.87055253766  2.004291E-17
6359.07981776975  2.353407E-17
6363.28908300184  1.917146E-17
6367.49834823393  1.802052E-17
6371.70761346602  1.826148E-17
6375.91687869811  1.730213E-17
6380.1261439302  2.036031E-17
6384.33540916229  2.027700E-17
6388.54467439438  1.892391E-17
6392.75393962647  2.142904E-17
6396.96320485856  1.920131E-17
6401.17247009065  1.662894E-17
6405.38173532274  2.004079E-17
6409.59100055483  1.885115E-17
6413.80026578692  1.660062E-17
6418.00953101901  1.373613E-17
6422.2187962511  1.527849E-17
6426.42806148319  2.088542E-17
6430.63732671528  2.077523E-17
6434.84659194737  1.683065E-17
6439.05585717946  2.136896E-17
6443.26512241155  2.395136E-17
6447.47438764364  1.716205E-17
6451.68365287573  1.809714E-17
6455.89291810782  1.696428E-17
6460.10218333991  1.784426E-17
6464.311448572  2.090850E-17
6468.52071380409  2.125773E-17
6472.72997903618  1.581479E-17
6476.93924426827  1.639135E-17
6481.14850950036  1.764923E-17
6485.35777473245  1.945923E-17
6489.56703996454  1.957068E-17
6493.77630519663  1.535940E-17
6497.98557042872  1.511914E-17
6502.19483566081  2.184376E-17
6506.4041008929  1.895766E-17
6510.61336612499  1.794980E-17
6514.82263135708  1.946894E-17
6519.03189658917  1.749301E-17
6523.24116182126  1.960850E-17
6527.45042705335  1.971861E-17
6531.65969228544  1.896415E-17
6535.86895751752  1.892543E-17
6540.07822274962  1.638917E-17
6544.28748798171  1.676930E-17
6548.4967532138  1.811090E-17
6552.70601844589  1.975902E-17
6556.91528367798  1.552631E-17
6561.12454891007  1.849397E-17
6565.33381414216  2.016172E-17
6569.54307937425  1.793081E-17
6573.75234460634  1.972197E-17
6577.96160983843  1.921325E-17
6582.17087507052  1.781506E-17
6586.38014030261  1.791017E-17
6590.5894055347  1.945808E-17
6594.79867076679  1.544613E-17
6599.00793599888  1.668142E-17
6603.21720123097  1.627725E-17
6607.42646646306  1.794123E-17
6611.63573169515  1.616407E-17
6615.84499692724  1.723749E-17
6620.05426215933  1.670910E-17
6624.26352739142  2.307502E-17
6628.47279262351  2.117998E-17
6632.6820578556  1.587517E-17
6636.89132308769  2.208395E-17
6641.10058831978  2.047382E-17
6645.30985355187  1.701656E-17
6649.51911878396  1.975933E-17
6653.72838401605  2.211267E-17
6657.93764924814  1.698383E-17
6662.14691448023  1.728115E-17
6666.35617971232  1.731510E-17
6670.56544494441  1.808227E-17
6674.7747101765  1.828409E-17
6678.98397540859  2.016610E-17
6683.19324064068  1.801906E-17
6687.40250587277  1.804126E-17
6691.61177110486  1.503605E-17
6695.82103633695  1.737390E-17
6700.03030156904  1.952906E-17
6704.23956680113  1.572385E-17
6708.44883203322  1.494140E-17
6712.65809726531  1.823804E-17
6716.8673624974  1.552875E-17
6721.07662772949  1.427545E-17
6725.28589296158  1.776904E-17
6729.49515819367  1.634850E-17
6733.70442342576  1.637296E-17
6737.91368865785  1.672713E-17
6742.12295388994  1.923319E-17
6746.33221912203  1.784975E-17
6750.54148435412  1.443185E-17
6754.75074958621  1.727476E-17
6758.9600148183  1.868155E-17
6763.16928005039  1.769434E-17
6767.37854528248  1.697298E-17
6771.58781051457  1.616435E-17
6775.79707574666  1.630298E-17
6780.00634097875  1.796093E-17
6784.21560621084  2.063257E-17
6788.42487144293  1.864477E-17
6792.63413667502  1.863375E-17
6796.84340190711  1.522988E-17
6801.0526671392  1.616490E-17
6805.26193237129  1.716785E-17
6809.47119760338  1.645762E-17
6813.68046283547  1.558690E-17
6817.88972806756  2.008923E-17
6822.09899329965  1.708669E-17
6826.30825853174  1.986455E-17
6830.51752376383  2.004956E-17
6834.72678899592  1.361818E-17
6838.93605422801  1.778618E-17
6843.1453194601  1.906872E-17
6847.35458469219  1.824332E-17
6851.56384992428  1.804097E-17
6855.77311515637  2.108176E-17
6859.98238038846  1.470759E-17
6864.19164562055  1.832472E-17
6868.40091085264  1.612833E-17
6872.61017608473  1.521107E-17
6876.81944131682  1.654559E-17
6881.02870654891  1.371994E-17
6885.237971781  1.609619E-17
6889.44723701309  1.603816E-17
6893.65650224518  1.283205E-17
6897.86576747727  1.076734E-17
6902.07503270936  1.112295E-17
6906.28429794145  1.381658E-17
6910.49356317354  1.544725E-17
6914.70282840563  1.244755E-17
6918.91209363772  1.769648E-17
6923.12135886981  2.122640E-17
6927.3306241019  2.367092E-17
6931.53988933399  2.626292E-17
6935.74915456608  2.203248E-17
6939.95841979817  2.476616E-17
6944.16768503026  2.706699E-17
6948.37695026235  2.540857E-17
6952.58621549444  2.963529E-17
6956.79548072653  2.783333E-17
6961.00474595862  2.464754E-17
6965.21401119071  2.835896E-17
6969.4232764228  2.262315E-17
6973.63254165489  1.570894E-17
6977.84180688698  2.146641E-17
6982.05107211907  2.201355E-17
6986.26033735116  2.317470E-17
6990.46960258325  2.244329E-17
6994.67886781534  1.927021E-17
6998.88813304743  2.314320E-17
7003.09739827952  1.838216E-17
7007.30666351161  2.251417E-17
7011.5159287437  2.138282E-17
7015.72519397579  1.760723E-17
7019.93445920788  1.903764E-17
7024.14372443997  1.910949E-17
7028.35298967206  2.133678E-17
7032.56225490415  2.082594E-17
7036.77152013624  1.832147E-17
7040.98078536833  1.852995E-17
7045.19005060042  2.219343E-17
7049.39931583251  1.914492E-17
7053.6085810646  2.025709E-17
7057.81784629669  1.606135E-17
7062.02711152878  1.482212E-17
7066.23637676087  1.344825E-17
7070.44564199296  1.426844E-17
7074.65490722505  1.700504E-17
7078.86417245714  1.751074E-17
7083.07343768923  1.422468E-17
7087.28270292132  1.479203E-17
7091.49196815341  1.647996E-17
7095.7012333855  1.754931E-17
7099.91049861759  1.606018E-17
7104.11976384968  1.546552E-17
7108.32902908177  1.472986E-17
7112.53829431386  1.693740E-17
7116.74755954595  1.662922E-17
7120.95682477804  1.494972E-17
7125.16609001013  1.664313E-17
7129.37535524222  1.690365E-17
7133.58462047431  1.564588E-17
7137.7938857064  1.636183E-17
7142.00315093849  1.506849E-17
7146.21241617058  1.644798E-17
7150.42168140267  1.483148E-17
7154.63094663476  1.380652E-17
7158.84021186685  1.806114E-17
7163.04947709894  1.632633E-17
7167.25874233103  1.526057E-17
7171.46800756312  1.781342E-17
7175.67727279521  1.613946E-17
7179.8865380273  1.683267E-17
7184.09580325939  1.937775E-17
7188.30506849148  1.486784E-17
7192.51433372357  1.733157E-17
7196.72359895566  1.654056E-17
7200.93286418775  1.626614E-17
7205.14212941984  1.551012E-17
7209.35139465193  1.478955E-17
7213.56065988402  1.775498E-17
7217.76992511611  1.732926E-17
7221.9791903482  1.687136E-17
7226.18845558029  1.953405E-17
7230.39772081238  1.693699E-17
7234.60698604447  2.104935E-17
7238.81625127656  1.620716E-17
7243.02551650865  1.638611E-17
7247.23478174074  1.653224E-17
7251.44404697283  2.068960E-17
7255.65331220492  1.626506E-17
7259.86257743701  1.485850E-17
7264.0718426691  1.609132E-17
7268.28110790119  1.807736E-17
7272.49037313328  1.743341E-17
7276.69963836537  2.007471E-17
7280.90890359746  1.953424E-17
7285.11816882955  1.845220E-17
7289.32743406164  1.496176E-17
7293.53669929373  1.572038E-17
7297.74596452582  1.672476E-17
7301.95522975791  1.967844E-17
7306.16449499  1.690755E-17
7310.37376022209  1.549619E-17
7314.58302545418  1.803526E-17
7318.79229068627  1.816569E-17
7323.00155591836  1.227528E-17
7327.21082115045  1.480975E-17
7331.42008638254  1.664002E-17
7335.62935161463  1.841216E-17
7339.83861684672  1.962527E-17
7344.04788207881  1.813251E-17
7348.2571473109  1.774585E-17
7352.46641254299  1.826391E-17
7356.67567777508  1.510802E-17
7360.88494300717  1.967664E-17
7365.09420823926  1.649781E-17
7369.30347347135  1.613802E-17
7373.51273870344  1.395081E-17
7377.72200393553  1.328806E-17
7381.93126916762  1.819747E-17
7386.14053439971  1.465744E-17
7390.3497996318  1.603702E-17
7394.55906486389  1.443282E-17
7398.76833009598  1.123848E-17
7402.97759532807  2.083539E-17
7407.18686056016  1.506834E-17
7411.39612579225  1.308318E-17
7415.60539102434  1.710011E-17
7419.81465625643  1.709940E-17
7424.02392148852  1.382869E-17
7428.23318672061  1.703306E-17
7432.4424519527  1.611924E-17
7436.65171718479  1.749607E-17
7440.86098241688  1.481396E-17
7445.07024764897  1.422519E-17
7449.27951288106  1.519394E-17
7453.48877811315  1.755715E-17
7457.69804334524  1.119247E-17
7461.90730857733  1.362405E-17
7466.11657380942  1.691052E-17
7470.32583904151  1.376794E-17
7474.5351042736  1.537301E-17
7478.74436950569  1.428592E-17
7482.95363473778  1.699267E-17
7487.16289996987  1.788950E-17
7491.37216520196  1.131313E-17
7495.58143043405  1.407772E-17
7499.79069566614  1.268599E-17
7503.99996089823  1.029048E-17
7508.20922613032  1.392218E-17
7512.41849136241  1.207639E-17
7516.6277565945  1.347733E-17
7520.83702182659  1.713198E-17
7525.04628705868  1.474640E-17
7529.25555229077  1.182468E-17
7533.46481752286  1.335663E-17
7537.67408275495  1.294083E-17
7541.88334798704  1.176713E-17
7546.09261321913  1.365749E-17
7550.30187845122  1.391841E-17
7554.51114368331  1.585860E-17
7558.7204089154  1.945962E-17
7562.92967414749  1.468797E-17
7567.13893937958  1.561543E-17
7571.34820461167  1.526266E-17
7575.55746984376  1.264030E-17
7579.76673507585  1.359217E-17
7583.97600030794  1.632502E-17
7588.18526554003  1.601442E-17
7592.39453077212  1.619432E-17
7596.60379600421  1.718250E-17
7600.8130612363  1.464038E-17
7605.02232646839  2.789041E-18
7609.23159170048  9.172499E-18
7613.44085693257  1.505785E-17
7617.65012216466  2.110115E-17
7621.85938739675  2.722261E-17
7626.06865262884  9.876332E-18
7630.27791786093  1.314363E-17
7634.48718309302  1.516570E-17
7638.69644832511  1.385283E-17
7642.9057135572  1.065436E-17
7647.11497878929  1.354583E-17
7651.32424402138  1.336677E-17
7655.53350925347  1.814446E-17
7659.74277448556  1.660064E-17
7663.95203971765  1.584313E-17
7668.16130494974  2.124162E-17
7672.37057018183  1.186988E-17
7676.57983541392  1.520342E-17
7680.78910064601  1.632102E-17
7684.9983658781  1.346989E-17
7689.20763111019  1.296548E-17
7693.41689634228  1.916534E-17
7697.62616157437  1.521856E-17
7701.83542680646  1.338519E-17
7706.04469203855  1.262727E-17
7710.25395727064  1.380459E-17
7714.46322250273  1.639989E-17
7718.67248773482  1.446552E-17
7722.88175296691  1.121458E-17
7727.091018199  1.173171E-17
7731.30028343109  1.302491E-17
7735.50954866318  1.610799E-17
7739.71881389527  1.252163E-17
7743.92807912736  1.600351E-17
7748.13734435945  1.629039E-17
7752.34660959154  1.422707E-17
7756.55587482363  1.791271E-17
7760.76514005572  1.506641E-17
7764.97440528781  1.289695E-17
7769.1836705199  1.305348E-17
7773.39293575199  1.441400E-17
7777.60220098408  1.932007E-17
7781.81146621617  1.769394E-17
7786.02073144826  1.937659E-17
7790.22999668035  2.276520E-17
7794.43926191244  2.058100E-17
7798.64852714453  1.826108E-17
7802.85779237662  1.452656E-17
7807.06705760871  1.370019E-17
7811.2763228408  1.710125E-17
7815.48558807289  1.889042E-17
7819.69485330498  1.522120E-17
7823.90411853707  1.156795E-17
7828.11338376916  1.461068E-17
7832.32264900125  1.204982E-17
7836.53191423334  1.220521E-17
7840.74117946543  1.219020E-17
7844.95044469752  2.225646E-17
7849.15970992961  1.695228E-17
7853.3689751617  1.737290E-17
7857.57824039379  1.220798E-17
7861.78750562588  1.429171E-17
7865.99677085797  1.382260E-17
7870.20603609006  1.117116E-17
7874.41530132215  1.456568E-17
7878.62456655424  1.266626E-17
7882.83383178633  1.353297E-17
7887.04309701842  1.711353E-17
7891.25236225051  1.599962E-17
7895.4616274826  1.404106E-17
7899.67089271469  1.608049E-17
7903.88015794678  1.503285E-17
7908.08942317887  1.842205E-17
7912.29868841096  1.602834E-17
7916.50795364305  1.532296E-17
7920.71721887514  1.286145E-17
7924.92648410723  1.553786E-17
7929.13574933932  1.773741E-17
7933.34501457141  1.446577E-17
7937.5542798035  1.277137E-17
7941.76354503559  1.555474E-17
7945.97281026768  1.775607E-17
7950.18207549977  1.303632E-17
7954.39134073186  1.305660E-17
7958.60060596395  1.169481E-17
7962.80987119604  1.404557E-17
7967.01913642813  1.340544E-17
7971.22840166022  1.394427E-17
7975.43766689231  1.478350E-17
7979.6469321244  1.157828E-17
7983.85619735649  9.843402E-18
7988.06546258858  1.372065E-17
7992.27472782067  1.541941E-17
7996.48399305276  1.261707E-17
8000.69325828485  1.334455E-17
8004.90252351694  1.423695E-17
8009.11178874903  1.136384E-17
8013.32105398112  1.045045E-17
8017.53031921321  1.513911E-17
8021.7395844453  1.346682E-17
8025.94884967739  1.626939E-17
8030.15811490948  1.888279E-17
8034.36738014157  1.111171E-17
8038.57664537366  1.209669E-17
8042.78591060575  1.539856E-17
8046.99517583784  1.651006E-17
8051.20444106993  1.352042E-17
8055.41370630202  1.243417E-17
8059.62297153411  1.626948E-17
8063.8322367662  1.518469E-17
8068.04150199829  1.269098E-17
8072.25076723038  1.176048E-17
8076.46003246247  1.448116E-17
8080.66929769456  1.263942E-17
8084.87856292665  1.224971E-17
8089.08782815874  1.513523E-17
8093.29709339083  1.236502E-17
8097.50635862292  1.024621E-17
8101.71562385501  1.417740E-17
8105.9248890871  1.475951E-17
8110.13415431919  1.344016E-17
8114.34341955128  1.710600E-17
8118.55268478337  1.212384E-17
8122.76195001546  1.573959E-17
8126.97121524755  1.660748E-17
8131.18048047964  7.780266E-18
8135.38974571173  1.405146E-17
8139.59901094382  1.101201E-17
8143.80827617591  1.368145E-17
8148.017541408  1.384091E-17
8152.22680664009  1.365412E-17
8156.43607187218  1.235035E-17
8160.64533710427  1.086902E-17
8164.85460233636  1.896513E-17
8169.06386756845  1.850296E-17
8173.27313280054  1.638118E-17
8177.48239803263  1.349699E-17
8181.69166326472  1.249716E-17
8185.90092849681  1.531386E-17
8190.1101937289  1.357182E-17
8194.31945896099  9.598303E-18
8198.52872419308  1.061059E-17
8202.73798942517  1.115419E-17
8206.94725465726  1.213808E-17
8211.15651988935  1.196117E-17
8215.36578512144  1.124617E-17
8219.57505035353  1.319721E-17
8223.78431558562  1.256242E-17
8227.99358081771  1.227194E-17
8232.2028460498  1.201313E-17
8236.41211128189  1.432200E-17
8240.62137651398  1.244853E-17
8244.83064174607  1.468708E-17
8249.03990697816  1.561388E-17
8253.24917221025  1.335846E-17
8257.45843744234  1.433967E-17
8261.66770267443  1.233648E-17
8265.87696790652  1.207183E-17
8270.08623313861  1.375206E-17
8274.2954983707  1.226949E-17
8278.50476360279  1.068609E-17
8282.71402883488  1.322442E-17
8286.92329406697  1.270014E-17
8291.13255929906  1.138322E-17
8295.34182453115  1.327759E-17
8299.55108976324  1.683342E-17
8303.76035499533  1.916822E-17
8307.96962022742  1.442744E-17
8312.17888545951  1.060388E-17
8316.3881506916  1.165728E-17
8320.59741592369  1.423780E-17
8324.80668115578  1.225505E-17
8329.01594638787  1.744007E-17
8333.22521161996  1.000631E-17
8337.43447685205  1.161631E-17
8341.64374208414  1.863756E-17
8345.85300731623  1.785481E-17
8350.06227254832  1.736299E-17
8354.27153778041  1.377420E-17
8358.4808030125  6.260605E-18
8362.69006824459  1.309499E-17
8366.89933347668  1.224825E-17
8371.10859870877  1.249352E-17
8375.31786394086  9.896481E-18
8379.52712917295  1.358366E-17
8383.73639440504  1.267042E-17
8387.94565963713  9.386095E-18
8392.15492486922  1.434730E-17
8396.36419010131  1.479631E-17
8400.5734553334  1.818311E-17
8404.78272056549  7.412273E-18
8408.99198579758  1.222606E-17
8413.20125102967  1.434038E-17
8417.41051626176  1.514629E-17
8421.61978149385  1.138681E-17
8425.82904672594  1.158663E-17
8430.03831195803  1.354741E-17
8434.24757719012  1.064911E-17
8438.45684242221  8.658726E-18
8442.6661076543  1.015315E-17
8446.87537288639  1.222005E-17
8451.08463811848  1.821726E-17
8455.29390335057  1.098982E-17
8459.50316858266  1.071829E-17
8463.71243381475  1.104128E-17
8467.92169904684  1.261653E-17
8472.13096427893  1.919849E-17
8476.34022951102  1.325441E-17
8480.54949474311  8.767556E-18
8484.7587599752  1.396321E-17
8488.96802520729  1.625253E-17
8493.17729043938  1.003305E-17
8497.38655567147  1.003824E-17
8501.59582090356  1.494020E-17
8505.80508613565  1.520873E-17
8510.01435136774  1.637384E-17
8514.22361659983  1.130307E-17
8518.43288183192  1.083555E-17
8522.64214706401  1.238630E-17
8526.8514122961  1.343955E-17
8531.06067752819  1.135642E-17
8535.26994276028  9.886741E-18
8539.47920799237  1.177798E-17
8543.68847322446  1.239475E-17
8547.89773845655  1.273530E-17
8552.10700368864  1.448640E-17
8556.31626892073  1.264323E-17
8560.52553415282  1.405802E-17
8564.73479938491  1.183786E-17
8568.944064617  1.111164E-17
8573.15332984909  1.230438E-17
8577.36259508118  1.133544E-17
8581.57186031327  1.294581E-17
8585.78112554536  1.235539E-17
8589.99039077745  1.218706E-17
8594.19965600954  1.224070E-17
8598.40892124163  1.492086E-17
8602.61818647372  1.357087E-17
8606.82745170581  1.609566E-17
8611.0367169379  1.606875E-17
8615.24598216999  1.260621E-17
8619.45524740208  1.270669E-17
8623.66451263417  1.023650E-17
8627.87377786626  1.208850E-17
8632.08304309835  1.087796E-17
8636.29230833044  1.297141E-17
8640.50157356253  1.612982E-17
8644.71083879462  1.006908E-17
8648.92010402671  8.305129E-18
8653.1293692588  8.303000E-18
8657.33863449089  8.236270E-18
8661.54789972298  1.278134E-17
8665.75716495507  1.019967E-17
8669.96643018716  1.100216E-17
8674.17569541925  1.397025E-17
8678.38496065134  1.315618E-17
8682.59422588343  1.215135E-17
8686.80349111552  8.355800E-18
8691.01275634761  1.380769E-17
8695.2220215797  1.300845E-17
8699.43128681179  6.804432E-18
8703.64055204388  1.265265E-17
8707.84981727597  1.139282E-17
8712.05908250806  7.038528E-18
8716.26834774015  9.184602E-18
8720.47761297224  8.660062E-18
8724.68687820433  1.260630E-17
8728.89614343642  1.299689E-17
8733.10540866851  1.423615E-17
8737.3146739006  1.355395E-17
8741.52393913269  1.351637E-17
8745.73320436478  1.789162E-17
8749.94246959687  1.028989E-17
8754.15173482896  1.083493E-17
8758.36100006105  1.392910E-17
8762.57026529314  1.529314E-17
8766.77953052523  9.888153E-18
8770.98879575732  9.732170E-18
8775.19806098941  1.566708E-17
8779.4073262215  9.635846E-18
8783.61659145359  8.325389E-18
8787.82585668568  1.310438E-17
8792.03512191777  8.536851E-18
8796.24438714986  1.155266E-17
8800.45365238195  1.538620E-17
8804.66291761404  1.099171E-17
8808.87218284613  1.340039E-17
8813.08144807822  1.524535E-17
8817.29071331031  1.029165E-17
8821.4999785424  9.919470E-18
8825.70924377449  7.373707E-18
8829.91850900658  3.935432E-18
8834.12777423867  3.408471E-18
8838.33703947076  4.808223E-18
8842.54630470285  7.310768E-18
8846.75556993494  1.686540E-17
8850.96483516703  5.789165E-18
8855.17410039912  1.708074E-17
8859.38336563121  1.391521E-17
8863.5926308633  1.502900E-17
8867.80189609539  1.131243E-17
8872.01116132748  3.260499E-19
8876.22042655957  1.841329E-17
8880.42969179166  1.942855E-17
8884.63895702375  7.647328E-18
8888.84822225584  1.363515E-17
8893.05748748793  7.553177E-18
8897.26675272002  3.321471E-18
8901.47601795211  1.104161E-17
8905.6852831842  1.198407E-17
8909.89454841629  1.270953E-17
8914.10381364838  1.054477E-17
8918.31307888047  5.932540E-19
8922.52234411256  3.484981E-18
8926.73160934465  3.495215E-18
8930.94087457674  1.092956E-17
8935.15013980883  1.100637E-17
8939.35940504092  1.043442E-17
8943.56867027301  1.489028E-17
8947.7779355051  6.068321E-18
8951.98720073719  4.150806E-18
8956.19646596928  1.459618E-17
8960.40573120137  2.329137E-17
8964.61499643346  2.234192E-17
8968.82426166555  1.348281E-17
8973.03352689764  1.016356E-17
8977.24279212973  1.367720E-17
8981.45205736182  1.420663E-17
8985.66132259391  2.305248E-18
8989.870587826  1.283609E-17
8994.07985305809  1.256133E-17
8998.28911829018  8.783833E-18
9002.49838352227  6.357042E-18
9006.70764875436  1.013358E-17
9010.91691398645  1.531042E-17
9015.12617921854  1.471527E-17
9019.33544445063  1.271459E-17
9023.54470968272  1.981270E-17
9027.75397491481  4.358642E-18
9031.9632401469  1.741353E-17
9036.17250537899  1.168997E-17
9040.38177061108  9.920500E-18
9044.59103584317  1.134044E-17
9048.80030107526  6.241873E-18
9053.00956630735  9.941048E-18
9057.21883153944  1.847319E-17
9061.42809677153  1.934658E-17
9065.63736200362  2.085210E-17
9069.84662723571  1.288907E-17
9074.0558924678  1.210920E-17
9078.26515769989  2.157888E-17
9082.47442293198  1.983823E-17
9086.68368816407  1.575766E-17
9090.89295339616  1.463728E-17
9095.10221862825  1.275663E-17
9099.31148386034  1.480795E-17
9103.52074909243  1.050424E-17
9107.73001432452  1.045095E-17
9111.93927955661  1.264713E-17
9116.1485447887  8.180421E-18
9120.35781002079  1.229637E-17
9124.56707525288  1.132742E-17
9128.77634048497  8.622072E-18
9132.98560571706  2.761369E-18
9137.19487094915  6.372711E-18
9141.40413618124  1.581072E-17
9145.61340141333  9.516119E-18
9149.82266664542  9.978497E-18
9154.03193187751  1.084759E-17
9158.2411971096  4.550852E-18
9162.45046234169  4.164462E-18
9166.65972757378  8.826665E-18
9170.86899280587  1.073990E-17
9175.07825803796  1.384100E-17
9179.28752327005  1.219330E-17
9183.49678850214  1.461457E-17
9187.70605373423  1.686799E-17
9191.91531896632  1.580785E-17
9196.12458419841  1.754135E-17
9200.3338494305  1.405314E-17
9204.54311466259  1.171501E-17
9208.75237989468  1.143648E-17
9212.96164512677  7.260395E-18
9217.17091035886  8.294588E-18
9221.38017559095  9.257044E-18
9225.58944082304  9.300284E-18
9229.79870605513  1.504188E-17
9234.00797128722  9.507257E-18
9238.21723651931  1.406610E-17
9242.4265017514  1.582457E-17
9246.63576698349  1.333521E-17
9250.84503221558  1.548857E-17
9255.05429744767  1.340030E-17
9259.26356267976  1.673584E-17
9263.47282791185  1.283099E-17
9267.68209314394  1.383924E-17
9271.89135837603  1.351146E-17
9276.10062360812  9.855268E-18
9280.30988884021  1.999289E-17
9284.5191540723  1.207982E-17
9288.72841930439  2.116935E-17
9292.93768453648  2.159144E-17
9297.14694976857  2.013399E-17
9301.35621500066  1.029628E-17
9305.56548023275  1.648433E-17
9309.77474546484  1.935291E-17
9313.98401069693  -8.551796E-19
9318.19327592902  -3.209249E-18
9322.40254116111  1.984915E-17
9326.6118063932  1.831558E-17
9330.82107162529  2.266957E-17
9335.03033685738  1.887506E-17
9339.23960208947  1.995642E-17
9343.44886732156  1.647268E-17
9347.65813255365  4.949593E-19
9351.86739778574  5.141258E-18
9356.07666301783  9.920866E-19
9360.28592824992  8.535882E-18
9364.49519348201  1.794664E-17
9368.7044587141  3.272521E-17
9372.91372394619  5.748782E-17
9377.12298917828  1.528499E-17
9381.33225441037  -1.809842E-18
9385.54151964246  1.204424E-17
9389.75078487455  1.518060E-17
9393.96005010664  8.263107E-18
9398.16931533873  1.542482E-17
9402.37858057082  1.472713E-17
9406.58784580291  2.078881E-17
9410.797111035  6.656305E-18
9415.00637626709  1.434318E-17
9419.21564149918  2.367301E-17
9423.42490673127  4.561063E-19
9427.63417196336  4.337632E-19
9431.84343719545  -1.379258E-18
9436.05270242754  2.031990E-17
9440.26196765963  2.157497E-17
9444.47123289172  2.593533E-18
9448.68049812381  2.852553E-18
9452.8897633559  1.865852E-17
9457.09902858799  2.019981E-17
9461.30829382008  1.130877E-17
9465.51755905217  1.544441E-17
9469.72682428426  1.889823E-17
9473.93608951635  1.210417E-17
9478.14535474844  1.628831E-17
9482.35461998053  1.803959E-17
9486.56388521262  2.521816E-17
9490.77315044471  1.643824E-17
9494.9824156768  8.615063E-18
9499.19168090889  1.664041E-17
9503.40094614098  2.338084E-18
9507.61021137307  8.241647E-18
9511.81947660516  1.736049E-17
9516.02874183725  6.523551E-18
9520.23800706934  2.105179E-17
9524.44727230143  8.597011E-18
9528.65653753352  1.887240E-17
9532.86580276561  1.939359E-17
9537.0750679977  1.725809E-17
9541.28433322979  2.189147E-17
9545.49359846188  1.356207E-17
9549.70286369397  -1.802242E-19
9553.91212892606  1.348223E-17
9558.12139415815  2.507813E-18
9562.33065939024  6.167811E-18
9566.53992462233  2.593248E-17
9570.74918985442  4.909800E-18
9574.95845508651  6.383120E-18
9579.1677203186  2.065687E-17
9583.37698555069  1.699527E-17
9587.58625078278  1.390531E-17
9591.79551601487  7.755157E-18
9596.00478124696  7.012056E-18
9600.21404647905  1.591311E-17
9604.42331171114  9.989878E-18
9608.63257694323  -1.055075E-18
9612.84184217532  7.061497E-18
9617.05110740741  1.144643E-17
9621.2603726395  8.733179E-18
9625.46963787159  3.203596E-18
9629.67890310368  1.383087E-17
9633.88816833577  1.648159E-17
9638.09743356786  1.861828E-17
9642.30669879995  4.820291E-18
9646.51596403204  2.008246E-17
9650.72522926413  2.920355E-17
9654.93449449622  8.167149E-18
9659.14375972831  -9.436188E-18
9663.3530249604  9.924166E-18
9667.56229019249  2.476232E-18
9671.77155542458  -3.134602E-18
9675.98082065667  1.028382E-17
9680.19008588876  -9.082233E-19
9684.39935112085  2.546110E-17
9688.60861635294  7.775182E-18
9692.81788158503  2.065633E-17
9697.02714681712  1.718794E-17
9701.23641204921  6.811068E-18
9705.4456772813  6.219623E-18
9709.65494251339  8.908411E-18
9713.86420774548  1.355916E-17
9718.07347297757  4.162413E-19
9722.28273820966  1.709721E-18
9726.49200344175  1.775315E-17
9730.70126867384  1.572104E-17
9734.91053390593  2.846388E-18
9739.11979913802  1.752139E-17
9743.32906437011  7.758281E-18
9747.5383296022  -1.045649E-17
9751.74759483429  1.934072E-17
9755.95686006638  1.219017E-17
9760.16612529847  1.015509E-17
9764.37539053056  1.497616E-17
9768.58465576265  1.588304E-17
9772.79392099474  -5.322588E-18
9777.00318622683  5.609053E-18
9781.21245145892  3.683707E-18
9785.42171669101  1.673832E-17
9789.6309819231  3.814939E-17
9793.84024715519  2.540932E-17
9798.04951238728  6.991694E-18
9802.25877761937  6.086969E-18
9806.46804285146  -2.169110E-18
9810.67730808355  7.373022E-19
9814.88657331564  1.631738E-17
9819.09583854773  1.079540E-17
9823.30510377982  1.624367E-17
9827.51436901191  1.249972E-17
9831.723634244  3.128885E-17
9835.93289947609  1.870475E-17
9840.14216470818  1.578618E-17
9844.35142994027  1.210460E-17
9848.56069517236  -4.150526E-18
9852.76996040445  1.754262E-17
9856.97922563654  9.104855E-18
9861.18849086863  2.284074E-18
9865.39775610072  1.816883E-17
9869.60702133281  1.607725E-17
9873.8162865649  -1.249445E-17
9878.02555179699  -1.489265E-17
9882.23481702908  7.890305E-18
9886.44408226117  1.790408E-17
9890.65334749326  9.681421E-18
9894.86261272535  2.474981E-17
9899.07187795744  1.349375E-17
9903.28114318953  5.123139E-18
9907.49040842162  1.131669E-17
9911.69967365371  3.875761E-17
9915.9089388858  2.385868E-17
9920.11820411789  -4.369199E-18
9924.32746934998  1.225835E-17
9928.53673458207  7.426112E-18
9932.74599981416  -1.321438E-17
9936.95526504625  6.954851E-18
9941.16453027834  7.133792E-19
9945.37379551043  -2.436567E-17
9949.58306074252  -1.866065E-18
9953.79232597461  3.329043E-17
9958.0015912067  2.567392E-17
9962.21085643879  2.387173E-17
9966.42012167088  6.513271E-18
9970.62938690297  5.134268E-18
9974.83865213506  2.962330E-17
9979.04791736715  1.299849E-18
9983.25718259924  3.799353E-18
9987.46644783133  2.743402E-17
9991.67571306342  2.720905E-17
