3347.65917969  4.996260E-17
3351.73874616873  3.023944E-17
3355.81831264746  6.665815E-17
3359.89787912619  2.662673E-17
3363.97744560492  9.201482E-18
3368.05701208365  -5.132759E-18
3372.13657856238  2.227847E-17
3376.21614504111  4.880058E-17
3380.29571151984  3.104468E-17
3384.37527799857  -3.696778E-18
3388.4548444773  1.824866E-18
3392.53441095603  4.488871E-18
3396.61397743476  -9.532966E-19
3400.69354391349  4.370562E-17
3404.77311039222  3.437382E-17
3408.85267687095  3.917658E-17
3412.93224334968  3.056683E-17
3417.01180982841  1.254019E-17
3421.09137630714  8.738303E-18
3425.17094278587  -1.607562E-17
3429.2505092646  5.141610E-17
3433.33007574333  -9.293866E-18
3437.40964222206  5.004730E-17
3441.48920870079  3.143442E-17
3445.56877517952  2.033987E-17
3449.64834165825  1.979808E-17
3453.72790813698  2.214173E-17
3457.80747461571  2.413030E-17
3461.88704109444  4.069036E-17
3465.96660757317  2.685049E-17
3470.0461740519  2.069482E-17
3474.12574053063  1.621454E-17
3478.20530700936  1.394735E-17
3482.28487348809  1.459064E-17
3486.36443996682  -8.052506E-19
3490.44400644555  7.094789E-18
3494.52357292428  3.425310E-17
3498.60313940301  1.659093E-17
3502.68270588174  3.313542E-17
3506.76227236047  8.258886E-18
3510.8418388392  2.211397E-17
3514.92140531793  4.245477E-18
3519.00097179666  2.687314E-17
3523.08053827539  4.361792E-17
3527.16010475412  1.959968E-17
3531.23967123285  -9.128690E-18
3535.31923771158  2.266088E-17
3539.39880419031  -1.415230E-18
3543.47837066904  -1.642258E-18
3547.55793714777  4.171646E-19
3551.6375036265  2.696145E-17
3555.71707010523  3.473257E-17
3559.79663658396  3.459850E-17
3563.87620306269  4.638095E-17
3567.95576954142  8.220355E-18
3572.03533602015  5.661438E-17
3576.11490249888  7.177677E-18
3580.19446897761  4.219412E-17
3584.27403545634  2.120226E-17
3588.35360193507  1.170775E-17
3592.4331684138  1.054449E-17
3596.51273489253  2.052107E-17
3600.59230137126  2.639757E-17
3604.67186784999  2.040054E-17
3608.75143432872  1.385698E-17
3612.83100080745  2.419958E-17
3616.91056728618  4.563709E-18
3620.99013376491  2.985632E-20
3625.06970024364  1.250788E-17
3629.14926672237  9.434326E-18
3633.2288332011  1.011281E-17
3637.30839967983  4.426661E-17
3641.38796615856  2.070619E-17
3645.46753263729  3.345065E-17
3649.54709911602  1.369911E-17
3653.62666559475  1.198021E-17
3657.70623207348  5.612119E-18
3661.78579855221  1.692357E-17
3665.86536503094  3.049983E-17
3669.94493150967  1.052885E-17
3674.0244979884  3.831458E-17
3678.10406446713  3.947886E-18
3682.18363094586  2.231467E-17
3686.26319742459  2.833670E-17
3690.34276390332  1.862140E-17
3694.42233038205  7.806765E-18
3698.50189686078  1.327522E-17
3702.58146333951  3.261586E-17
3706.66102981824  1.876009E-17
3710.74059629697  2.734529E-17
3714.8201627757  3.057402E-17
3718.89972925443  1.191323E-17
3722.97929573316  4.049248E-17
3727.05886221189  4.497362E-17
3731.13842869062  1.767517E-17
3735.21799516935  1.515902E-17
3739.29756164808  3.365693E-17
3743.37712812681  4.096071E-17
3747.45669460554  3.110727E-17
3751.53626108427  1.752896E-17
3755.615827563  3.006403E-17
3759.69539404173  1.438472E-17
3763.77496052046  2.647960E-19
3767.85452699919  1.121255E-17
3771.93409347792  4.471034E-17
3776.01365995665  4.942748E-17
3780.09322643538  -3.255540E-18
3784.17279291411  9.425173E-18
3788.25235939284  1.746256E-17
3792.33192587157  1.792554E-17
3796.4114923503  2.420571E-17
3800.49105882903  3.560666E-17
3804.57062530776  2.923006E-17
3808.65019178649  1.390145E-17
3812.72975826522  1.728729E-17
3816.80932474395  1.396348E-17
3820.88889122268  2.611462E-17
3824.96845770141  1.908725E-17
3829.04802418014  1.093265E-17
3833.12759065887  3.252820E-17
3837.2071571376  8.002491E-18
3841.28672361633  9.120489E-18
3845.36629009506  2.550012E-17
3849.44585657379  8.798655E-18
3853.52542305252  2.099821E-17
3857.60498953125  1.193850E-17
3861.68455600998  1.822865E-17
3865.76412248871  2.499536E-17
3869.84368896744  1.690904E-17
3873.92325544617  1.609994E-17
3878.0028219249  2.979338E-17
3882.08238840363  2.318361E-17
3886.16195488236  2.411843E-17
3890.24152136109  2.383349E-17
3894.32108783982  2.367235E-17
3898.40065431855  3.000394E-17
3902.48022079728  2.431985E-17
3906.55978727601  1.977509E-17
3910.63935375474  1.386389E-17
3914.71892023347  1.967241E-17
3918.7984867122  2.841148E-17
3922.87805319093  2.578056E-17
3926.95761966966  1.094675E-17
3931.03718614839  2.254394E-17
3935.11675262712  2.023624E-17
3939.19631910585  2.322988E-17
3943.27588558458  2.149570E-17
3947.35545206331  1.738741E-17
3951.43501854204  1.973510E-17
3955.51458502077  2.963325E-17
3959.5941514995  2.421821E-17
3963.67371797823  1.373177E-17
3967.75328445696  1.845532E-17
3971.83285093569  2.020794E-17
3975.91241741442  2.091521E-17
3979.99198389315  1.248540E-17
3984.07155037188  3.275367E-17
3988.15111685061  2.204940E-17
3992.23068332934  2.274825E-17
3996.31024980807  2.188740E-17
4000.3898162868  3.705301E-17
4004.46938276553  3.300278E-17
4008.54894924426  -4.755727E-18
4012.62851572299  -7.324636E-19
4016.70808220172  3.048332E-17
4020.78764868045  2.546509E-17
4024.86721515918  1.461149E-17
4028.94678163791  2.971038E-17
4033.02634811664  1.210389E-17
4037.10591459537  2.775238E-17
4041.1854810741  1.699736E-17
4045.26504755283  3.786020E-17
4049.34461403156  2.042455E-17
4053.42418051029  3.763667E-17
4057.50374698902  3.604779E-17
4061.58331346775  2.462100E-17
4065.66287994648  1.290020E-17
4069.74244642521  1.189795E-17
4073.82201290394  4.408799E-17
4077.90157938267  3.109241E-17
4081.9811458614  2.154311E-17
4086.06071234013  2.896224E-17
4090.14027881886  2.248717E-17
4094.21984529759  2.787622E-17
4098.29941177632  3.891437E-17
4102.37897825505  3.159826E-17
4106.45854473378  2.423692E-17
4110.53811121251  3.287236E-17
4114.61767769124  2.299546E-17
4118.69724416997  3.125521E-17
4122.7768106487  2.589230E-17
4126.85637712743  3.873661E-17
4130.93594360616  2.452420E-17
4135.01551008489  2.647830E-17
4139.09507656362  1.932523E-17
4143.17464304235  3.578030E-17
4147.25420952108  3.714922E-17
4151.33377599981  2.770004E-17
4155.41334247854  3.750390E-17
4159.49290895727  1.053989E-17
4163.572475436  3.160996E-17
4167.65204191473  3.555944E-17
4171.73160839346  3.567231E-17
4175.81117487219  2.371725E-17
4179.89074135092  1.577220E-17
4183.97030782965  1.884377E-17
4188.04987430838  2.551076E-17
4192.12944078711  3.114688E-17
4196.20900726584  2.853212E-17
4200.28857374457  2.383539E-17
4204.3681402233  2.130981E-17
4208.44770670203  1.219795E-17
4212.52727318076  3.565074E-17
4216.60683965949  3.216036E-17
4220.68640613822  3.093332E-17
4224.76597261695  4.738005E-17
4228.84553909568  1.941785E-17
4232.92510557441  2.283438E-17
4237.00467205314  1.956119E-17
4241.08423853187  1.873053E-17
4245.1638050106  2.384530E-17
4249.24337148933  2.159626E-17
4253.32293796806  2.308461E-17
4257.40250444679  2.926493E-17
4261.48207092552  2.939750E-17
4265.56163740425  1.846035E-17
4269.64120388298  1.965310E-17
4273.72077036171  1.582369E-17
4277.80033684044  1.881331E-17
4281.87990331917  2.463202E-17
4285.9594697979  1.986855E-17
4290.03903627663  3.173019E-17
4294.11860275536  3.539509E-17
4298.19816923409  4.235620E-17
4302.27773571282  3.039694E-17
4306.35730219155  3.613765E-17
4310.43686867028  1.646501E-17
4314.51643514901  2.418064E-17
4318.59600162774  2.513297E-17
4322.67556810647  2.134590E-17
4326.7551345852  1.013057E-17
4330.83470106393  1.331171E-17
4334.91426754266  2.804120E-17
4338.99383402139  2.332077E-17
4343.07340050012  1.990182E-17
4347.15296697885  2.664251E-17
4351.23253345758  2.068492E-17
4355.31209993631  3.802801E-17
4359.39166641504  4.008340E-17
4363.47123289377  2.644605E-17
4367.5507993725  1.127746E-17
4371.63036585123  3.016016E-17
4375.70993232996  2.913287E-17
4379.78949880869  1.734479E-17
4383.86906528742  2.799486E-17
4387.94863176616  2.955694E-17
4392.02819824488  3.356142E-17
4396.10776472361  2.518982E-17
4400.18733120234  3.220461E-17
4404.26689768107  1.716420E-17
4408.3464641598  2.395523E-17
4412.42603063853  3.100648E-17
4416.50559711726  3.220752E-17
4420.58516359599  2.457993E-17
4424.66473007472  2.533374E-17
4428.74429655345  2.552011E-17
4432.82386303218  2.346539E-17
4436.90342951091  2.865594E-17
4440.98299598964  2.363061E-17
4445.06256246837  3.559149E-17
4449.1421289471  2.381168E-17
4453.22169542583  2.208985E-17
4457.30126190456  1.519391E-17
4461.38082838329  3.891695E-17
4465.46039486202  2.742252E-17
4469.53996134076  1.993356E-17
4473.61952781948  1.857478E-17
4477.69909429821  1.913743E-17
4481.77866077694  2.224931E-17
4485.85822725567  1.693913E-17
4489.9377937344  1.465348E-17
4494.01736021313  3.361155E-17
4498.09692669186  2.462326E-17
4502.17649317059  2.843749E-17
4506.25605964932  2.139635E-17
4510.33562612806  1.942277E-17
4514.41519260678  2.710610E-17
4518.49475908551  2.497220E-17
4522.57432556424  2.721829E-17
4526.65389204297  2.291952E-17
4530.7334585217  2.223800E-17
4534.81302500043  2.305275E-17
4538.89259147916  3.076896E-17
4542.97215795789  1.673835E-17
4547.05172443662  1.995739E-17
4551.13129091535  2.984067E-17
4555.21085739408  2.787013E-17
4559.29042387281  3.123970E-17
4563.36999035154  1.178695E-17
4567.44955683027  1.848975E-17
4571.529123309  3.380739E-17
4575.60868978773  1.747896E-17
4579.68825626646  3.158717E-17
4583.76782274519  5.964116E-17
4587.84738922392  3.010187E-17
4591.92695570266  2.151737E-17
4596.00652218138  9.300186E-18
4600.08608866011  2.675949E-17
4604.16565513884  2.544901E-17
4608.24522161757  2.318384E-17
4612.3247880963  2.644922E-17
4616.40435457503  2.962180E-17
4620.48392105377  3.310242E-17
4624.56348753249  2.558917E-17
4628.64305401122  2.754142E-17
4632.72262048995  3.026864E-17
4636.80218696868  2.249706E-17
4640.88175344742  1.429223E-17
4644.96131992614  1.983666E-17
4649.04088640487  3.200953E-17
4653.1204528836  2.164675E-17
4657.20001936233  3.023134E-17
4661.27958584107  9.958164E-18
4665.35915231979  2.528235E-17
4669.43871879853  1.378033E-17
4673.51828527725  1.675703E-17
4677.59785175598  2.300029E-17
4681.67741823472  2.638534E-17
4685.75698471344  2.528221E-17
4689.83655119217  1.798072E-17
4693.9161176709  1.603752E-17
4697.99568414963  1.303302E-17
4702.07525062836  2.187496E-18
4706.15481710709  2.400996E-17
4710.23438358582  1.290499E-17
4714.31395006455  1.019409E-17
4718.39351654329  2.607159E-17
4722.47308302201  2.249652E-17
4726.55264950074  1.443398E-17
4730.63221597947  2.484201E-17
4734.7117824582  2.141240E-17
4738.79134893694  2.522454E-17
4742.87091541566  1.946317E-17
4746.95048189439  1.958299E-17
4751.03004837312  1.618691E-17
4755.10961485185  2.768865E-17
4759.18918133059  1.092958E-17
4763.26874780931  1.041896E-17
4767.34831428804  2.178541E-17
4771.42788076677  1.358869E-17
4775.5074472455  2.381518E-17
4779.58701372423  2.430978E-17
4783.66658020297  1.158637E-17
4787.74614668169  2.238390E-17
4791.82571316042  1.964742E-17
4795.90527963915  1.086027E-17
4799.98484611788  2.791971E-17
4804.06441259661  2.588964E-17
4808.14397907534  2.106128E-17
4812.22354555407  2.080103E-17
4816.3031120328  2.451387E-17
4820.38267851153  2.596720E-17
4824.46224499027  2.629195E-17
4828.54181146899  2.463819E-17
4832.62137794772  1.978153E-17
4836.70094442646  1.626842E-17
4840.78051090518  1.777128E-17
4844.86007738392  2.344660E-17
4848.93964386264  2.307961E-17
4853.01921034137  1.845286E-17
4857.0987768201  1.420706E-17
4861.17834329883  1.522589E-17
4865.25790977756  2.958421E-17
4869.33747625629  1.678419E-17
4873.41704273502  1.657670E-17
4877.49660921376  1.929260E-17
4881.57617569249  2.424828E-17
4885.65574217122  8.754249E-18
4889.73530864994  1.231298E-17
4893.81487512867  3.100555E-17
4897.8944416074  1.951351E-17
4901.97400808613  2.130397E-17
4906.05357456486  2.310007E-17
4910.13314104359  2.111690E-17
4914.21270752232  1.184908E-17
4918.29227400105  2.550125E-17
4922.37184047979  3.136976E-17
4926.45140695852  3.045076E-17
4930.53097343724  2.551209E-17
4934.61053991597  2.017001E-17
4938.6901063947  1.816080E-17
4942.76967287343  2.110318E-17
4946.84923935217  3.532321E-17
4950.9288058309  1.326334E-17
4955.00837230962  2.291895E-17
4959.08793878835  9.735825E-18
4963.16750526708  2.415399E-17
4967.24707174582  1.743274E-17
4971.32663822455  2.854763E-17
4975.40620470327  2.453020E-17
4979.48577118201  3.300728E-17
4983.56533766074  1.585100E-17
4987.64490413946  1.440158E-17
4991.7244706182  2.037115E-17
4995.80403709692  1.999821E-17
4999.88360357566  1.441801E-17
5003.96317005439  1.258589E-17
5008.04273653312  2.025103E-17
5012.12230301185  1.468312E-17
5016.20186949057  1.587099E-17
5020.28143596931  2.110474E-17
5024.36100244803  1.993550E-17
5028.44056892677  1.109758E-17
5032.5201354055  7.249574E-18
5036.59970188422  1.386368E-17
5040.67926836296  2.041858E-17
5044.75883484169  1.659297E-17
5048.83840132042  1.950097E-17
5052.91796779915  1.974863E-17
5056.99753427787  1.790607E-17
5061.0771007566  2.033662E-17
5065.15666723533  2.018121E-17
5069.23623371407  2.487520E-17
5073.3158001928  2.256641E-17
5077.39536667152  9.846847E-18
5081.47493315026  1.325584E-17
5085.55449962899  1.918002E-17
5089.63406610772  1.889991E-17
5093.71363258645  1.409109E-17
5097.79319906518  1.166959E-17
5101.87276554391  4.710708E-18
5105.95233202263  9.920420E-18
5110.03189850136  2.072540E-17
5114.1114649801  1.792071E-17
5118.19103145883  2.274066E-17
5122.27059793756  2.124307E-17
5126.35016441628  1.374029E-17
5130.42973089502  1.759997E-17
5134.50929737375  2.221044E-17
5138.58886385247  1.548154E-17
5142.66843033121  1.342114E-17
5146.74799680994  8.781932E-18
5150.82756328867  1.057203E-17
5154.9071297674  1.935653E-17
5158.98669624612  2.031079E-17
5163.06626272486  1.620964E-17
5167.14582920358  2.255820E-17
5171.22539568232  1.879575E-17
5175.30496216105  1.700296E-17
5179.38452863978  1.968406E-17
5183.4640951185  2.076618E-17
5187.54366159724  2.676454E-17
5191.62322807597  1.670869E-17
5195.7027945547  1.730479E-17
5199.78236103343  1.932663E-17
5203.86192751216  1.134006E-17
5207.94149399089  2.199414E-17
5212.02106046962  1.252908E-17
5216.10062694835  2.720611E-17
5220.18019342707  2.259304E-17
5224.2597599058  1.044245E-17
5228.33932638454  1.470748E-17
5232.41889286326  1.700595E-17
5236.498459342  1.699541E-17
5240.57802582073  8.392838E-18
5244.65759229946  6.831041E-18
5248.73715877819  1.480022E-17
5252.81672525692  2.330881E-17
5256.89629173565  2.529929E-17
5260.97585821438  2.992216E-17
5265.05542469311  1.447364E-17
5269.13499117183  2.356838E-17
5273.21455765057  3.383792E-17
5277.2941241293  1.035197E-17
5281.37369060803  3.486334E-18
5285.45325708676  1.070611E-17
5289.53282356549  2.353951E-17
5293.61239004422  2.290305E-17
5297.69195652295  1.947323E-17
5301.77152300168  1.604381E-17
5305.85108948041  1.533621E-17
5309.93065595914  2.005337E-17
5314.01022243787  1.416115E-17
5318.0897889166  1.890270E-17
5322.16935539532  1.246407E-17
5326.24892187406  1.998277E-17
5330.32848835279  1.655377E-17
5334.40805483152  1.054331E-17
5338.48762131025  2.298617E-17
5342.56718778897  1.895998E-17
5346.64675426771  1.657351E-17
5350.72632074644  7.160410E-18
5354.80588722517  1.505318E-17
5358.8854537039  1.466845E-17
5362.96502018263  1.347260E-17
5367.04458666136  2.239980E-17
5371.12415314008  1.386449E-17
5375.20371961881  1.376796E-17
5379.28328609755  2.104647E-17
5383.36285257628  1.723858E-17
5387.44241905501  1.171489E-17
5391.52198553374  1.646177E-17
5395.60155201247  1.529357E-17
5399.6811184912  1.609005E-17
5403.76068496993  1.587784E-17
5407.84025144866  1.202737E-17
5411.91981792739  1.842354E-17
5415.99938440612  1.306892E-17
5420.07895088485  1.057166E-17
5424.15851736358  1.049495E-17
5428.2380838423  2.586333E-17
5432.31765032104  2.407689E-17
5436.39721679977  1.119323E-17
5440.47678327849  1.942116E-17
5444.55634975723  1.723947E-17
5448.63591623596  1.421624E-17
5452.71548271469  2.121643E-17
5456.79504919342  1.491549E-17
5460.87461567215  1.373266E-17
5464.95418215087  1.137109E-17
5469.03374862961  1.412746E-17
5473.11331510834  1.430869E-17
5477.19288158707  4.987299E-18
5481.2724480658  1.288507E-17
5485.35201454453  2.593641E-17
5489.43158102326  1.356628E-17
5493.51114750199  1.577565E-17
5497.59071398072  2.096596E-17
5501.67028045945  2.519655E-17
5505.74984693818  1.366231E-17
5509.82941341691  1.148488E-17
5513.90897989564  5.415758E-18
5517.98854637437  7.236124E-18
5522.0681128531  2.852840E-17
5526.14767933183  9.287777E-18
5530.22724581056  2.269932E-17
5534.30681228929  1.580445E-17
5538.38637876802  2.196198E-17
5542.46594524675  1.407702E-17
5546.54551172547  8.809355E-18
5550.6250782042  1.426424E-17
5554.70464468294  1.048986E-17
5558.78421116167  1.369458E-17
5562.8637776404  2.324021E-17
5566.94334411912  2.461581E-17
5571.02291059786  2.093506E-17
5575.10247707659  1.158915E-17
5579.18204355532  1.000668E-17
5583.26161003405  2.457533E-17
5587.34117651278  2.241166E-17
5591.42074299151  2.312963E-17
5595.50030947024  1.240355E-17
5599.57987594897  1.999359E-17
5603.6594424277  1.320466E-17
5607.73900890643  1.817049E-17
5611.81857538516  1.984689E-18
5615.89814186389  1.426106E-17
5619.97770834262  1.942545E-17
5624.05727482135  1.648121E-17
5628.13684130008  1.589193E-17
5632.21640777881  1.929329E-17
5636.29597425753  1.989816E-17
5640.37554073627  1.906221E-17
5644.455107215  1.239923E-17
5648.53467369373  1.326300E-17
5652.61424017246  1.819128E-17
5656.69380665119  1.262046E-17
5660.77337312992  1.397447E-17
5664.85293960865  2.179689E-17
5668.93250608738  1.600084E-17
5673.01207256611  1.249365E-17
5677.09163904484  1.586666E-17
5681.17120552357  1.525907E-17
5685.2507720023  8.811958E-19
5689.33033848103  2.233964E-17
5693.40990495976  1.439260E-17
5697.48947143849  1.265443E-17
5701.56903791722  1.049746E-17
5705.64860439595  1.720168E-17
5709.72817087468  1.634003E-17
5713.80773735341  1.794101E-17
5717.88730383214  1.825978E-17
5721.96687031087  1.217025E-17
5726.0464367896  7.484751E-19
5730.12600326833  1.106545E-17
5734.20556974706  1.988337E-17
5738.28513622579  1.107104E-17
5742.36470270452  1.873752E-17
5746.44426918325  1.528774E-17
5750.52383566198  1.529310E-17
5754.6034021407  1.633653E-17
5758.68296861944  1.365561E-17
5762.76253509817  1.034924E-17
5766.8421015769  1.555198E-17
5770.92166805563  1.556431E-17
5775.00123453436  1.230628E-17
5779.08080101309  6.269616E-18
5783.16036749182  4.388062E-18
5787.23993397055  1.354445E-17
5791.31950044927  8.536872E-18
5795.39906692801  1.070390E-17
5799.47863340674  1.972400E-17
5803.55819988547  9.817104E-18
5807.6377663642  1.420944E-17
5811.71733284293  2.044954E-17
5815.79689932166  8.806494E-18
5819.87646580039  1.679548E-17
5823.95603227912  1.570524E-17
5828.03559875785  1.416494E-17
5832.11516523658  7.890246E-18
5836.19473171531  1.556444E-17
5840.27429819404  1.595159E-17
5844.35386467277  1.211677E-17
5848.4334311515  1.321114E-17
5852.51299763023  1.673059E-17
5856.59256410896  1.929680E-17
5860.67213058769  1.256629E-17
5864.75169706642  1.203225E-17
5868.83126354515  1.363393E-17
5872.91083002388  1.315151E-17
5876.99039650261  2.076600E-17
5881.06996298134  1.161884E-17
5885.14952946007  -1.620475E-18
5889.2290959388  1.283839E-17
5893.30866241753  1.883858E-17
5897.38822889626  2.742891E-18
5901.46779537499  8.940508E-18
5905.54736185372  1.859825E-17
5909.62692833245  1.448390E-17
5913.70649481118  1.917747E-17
5917.78606128991  1.232782E-17
5921.86562776864  1.667223E-17
5925.94519424737  1.654986E-17
5930.0247607261  1.321369E-17
5934.10432720483  2.132383E-17
5938.18389368356  1.265051E-17
5942.26346016229  2.762504E-18
5946.34302664102  1.073939E-17
5950.42259311975  1.328545E-17
5954.50215959848  2.038253E-17
5958.58172607721  2.455378E-17
5962.66129255594  1.509040E-17
5966.74085903467  1.499762E-17
5970.8204255134  1.204333E-17
5974.89999199213  1.209219E-17
5978.97955847086  2.057072E-17
5983.05912494959  2.098042E-17
5987.13869142832  1.451041E-17
5991.21825790705  6.282570E-18
5995.29782438578  7.605385E-18
5999.37739086451  1.123626E-17
6003.45695734324  1.492190E-17
6007.53652382197  1.168850E-17
6011.6160903007  5.185448E-18
6015.69565677943  1.753163E-17
6019.77522325816  -3.038912E-18
6023.85478973689  4.885010E-18
6027.93435621562  1.554299E-17
6032.01392269435  1.431766E-17
6036.09348917308  2.381230E-17
6040.17305565181  1.120515E-17
6044.25262213054  2.187685E-17
6048.33218860927  5.200054E-18
6052.411755088  8.796842E-18
6056.49132156673  1.331590E-17
6060.57088804546  1.165390E-17
6064.65045452419  1.565188E-17
6068.73002100292  5.298669E-18
6072.80958748165  7.468802E-18
6076.88915396038  1.169527E-17
6080.96872043911  4.240756E-18
6085.04828691784  8.423404E-18
6089.12785339657  8.747617E-18
6093.2074198753  1.432174E-17
6097.28698635403  9.948388E-18
6101.36655283276  1.838853E-17
6105.44611931149  1.376392E-17
6109.52568579022  1.971852E-17
6113.60525226895  2.699766E-17
6117.68481874768  2.285602E-17
6121.76438522641  1.882643E-17
6125.84395170514  2.096927E-17
6129.92351818387  1.537479E-17
6134.0030846626  1.183333E-17
6138.08265114133  1.199971E-17
6142.16221762006  1.488442E-17
6146.24178409879  1.364305E-17
6150.32135057752  1.444942E-17
6154.40091705625  1.544080E-17
6158.48048353498  1.563941E-17
6162.56005001371  1.171385E-17
6166.63961649244  1.358760E-17
6170.71918297117  1.293071E-17
6174.7987494499  7.933859E-18
6178.87831592863  1.068474E-17
6182.95788240736  2.288358E-17
6187.03744888609  1.931968E-17
6191.11701536482  2.682838E-18
6195.19658184355  1.411093E-17
6199.27614832228  2.611813E-17
6203.35571480101  1.672820E-17
6207.43528127974  -1.006756E-17
6211.51484775847  4.117944E-19
6215.5944142372  1.502139E-17
6219.67398071593  1.724334E-17
6223.75354719466  1.732590E-17
6227.83311367339  2.280828E-17
6231.91268015212  1.535122E-17
6235.99224663085  7.088215E-18
6240.07181310958  1.334862E-17
6244.15137958831  1.426803E-17
6248.23094606704  7.930913E-18
6252.31051254577  1.399385E-17
6256.3900790245  1.121515E-17
6260.46964550323  4.808442E-18
6264.54921198196  1.469377E-17
6268.62877846069  1.147634E-17
6272.70834493942  1.193287E-17
6276.78791141815  9.384153E-18
6280.86747789688  1.023778E-17
6284.94704437561  9.217303E-18
6289.02661085434  4.320923E-19
6293.10617733307  8.116687E-18
6297.1857438118  1.313354E-17
6301.26531029053  8.178745E-18
6305.34487676926  9.431732E-18
6309.42444324799  1.329333E-17
6313.50400972672  1.414345E-17
6317.58357620545  6.971206E-18
6321.66314268418  1.647510E-17
6325.74270916291  6.203723E-18
6329.82227564164  1.063725E-17
6333.90184212037  1.511922E-17
6337.9814085991  1.321756E-17
6342.06097507783  1.680156E-17
6346.14054155656  1.683758E-17
6350.22010803529  1.263552E-17
6354.29967451402  1.406667E-17
6358.37924099275  9.928173E-18
6362.45880747148  1.397939E-17
6366.53837395021  2.540710E-17
6370.61794042894  5.498318E-18
6374.69750690767  4.133668E-18
6378.7770733864  3.044499E-18
6382.85663986513  4.388960E-18
6386.93620634386  3.973839E-18
6391.01577282259  1.062323E-17
6395.09533930132  -3.644766E-19
6399.17490578005  8.122115E-18
6403.25447225878  1.695971E-17
6407.33403873751  9.192104E-18
6411.41360521624  3.517063E-18
6415.49317169497  6.425215E-18
6419.5727381737  1.201870E-17
6423.65230465243  1.609316E-17
6427.73187113116  1.770877E-17
6431.81143760989  8.392746E-18
6435.89100408862  2.514572E-18
6439.97057056735  1.373399E-17
6444.05013704608  1.603579E-17
6448.12970352481  8.725877E-18
6452.20927000354  7.400501E-18
6456.28883648227  9.103576E-18
6460.368402961  1.059901E-17
6464.44796943973  1.001205E-17
6468.52753591846  2.902344E-19
6472.60710239719  -7.199077E-18
6476.68666887592  4.858835E-18
6480.76623535465  1.554069E-17
6484.84580183338  1.086226E-17
6488.92536831211  1.291998E-18
6493.00493479084  7.041035E-18
6497.08450126957  1.528609E-17
6501.1640677483  2.529660E-18
6505.24363422703  7.236351E-18
6509.32320070576  1.048954E-17
6513.40276718449  1.812410E-17
6517.48233366322  1.395271E-17
6521.56190014195  6.159639E-18
6525.64146662068  1.396126E-17
6529.72103309941  1.093933E-17
6533.80059957814  2.918891E-18
6537.88016605687  3.014109E-18
6541.9597325356  3.453585E-18
6546.03929901433  1.145091E-17
6550.11886549306  9.000959E-18
6554.19843197179  1.375514E-17
6558.27799845052  5.622333E-18
6562.35756492925  -5.140119E-19
6566.43713140798  4.540248E-18
6570.51669788671  8.473512E-18
6574.59626436544  1.578123E-17
6578.67583084417  1.133685E-17
6582.7553973229  8.185372E-18
6586.83496380163  1.773489E-17
6590.91453028036  1.427574E-17
6594.99409675909  4.476512E-18
6599.07366323782  -2.417029E-18
6603.15322971655  -1.132384E-18
6607.23279619528  1.054647E-17
6611.31236267401  1.759796E-17
6615.39192915274  1.267653E-17
6619.47149563147  3.343917E-18
6623.5510621102  5.352237E-18
6627.63062858893  8.963160E-18
6631.71019506766  1.283481E-17
6635.78976154639  1.161729E-17
6639.86932802512  4.558113E-18
6643.94889450385  1.729528E-17
6648.02846098258  1.166732E-17
6652.10802746131  1.709808E-17
6656.18759394004  1.437133E-17
6660.26716041877  1.278249E-17
6664.3467268975  9.740217E-18
6668.42629337623  1.444376E-17
6672.50585985496  1.039999E-17
6676.58542633369  1.330805E-17
6680.66499281242  1.107934E-17
6684.74455929115  6.348194E-18
6688.82412576988  1.023192E-17
6692.90369224861  8.318317E-18
6696.98325872734  9.944594E-18
6701.06282520607  1.476418E-17
6705.1423916848  6.934677E-18
6709.22195816353  1.409153E-17
6713.30152464226  8.095353E-18
6717.38109112099  2.101950E-18
6721.46065759972  9.182569E-18
6725.54022407845  1.571034E-17
6729.61979055718  1.063361E-17
6733.69935703591  1.515866E-18
6737.77892351464  9.159598E-18
6741.85848999337  1.145507E-17
6745.9380564721  6.870182E-18
6750.01762295083  1.279957E-17
6754.09718942956  1.921402E-18
6758.17675590829  -2.984375E-18
6762.25632238702  1.654189E-17
6766.33588886575  2.782475E-19
6770.41545534448  7.900538E-18
6774.49502182321  1.442445E-17
6778.57458830194  1.305960E-17
6782.65415478067  9.354267E-18
6786.7337212594  1.122945E-17
6790.81328773813  8.287583E-18
6794.89285421686  1.040578E-18
6798.97242069559  7.442275E-18
6803.05198717432  2.731521E-18
6807.13155365305  6.219463E-18
6811.21112013178  -5.951746E-18
6815.29068661051  5.107506E-19
6819.37025308924  -8.224117E-19
6823.44981956797  3.660598E-18
6827.5293860467  1.117671E-17
6831.60895252543  9.226337E-18
6835.68851900416  1.248267E-17
6839.76808548289  1.237662E-17
6843.84765196162  1.787641E-18
6847.92721844035  1.537817E-17
6852.00678491908  1.765348E-17
6856.08635139781  1.118787E-17
6860.16591787654  1.091483E-17
6864.24548435527  7.939207E-18
6868.325050834  1.209300E-17
6872.40461731273  1.557201E-17
6876.48418379146  9.627458E-18
6880.56375027019  7.090976E-18
6884.64331674892  4.125118E-18
6888.72288322765  9.829456E-18
6892.80244970638  1.905734E-17
6896.88201618511  1.487781E-17
6900.96158266384  3.775669E-18
6905.04114914257  8.323671E-18
6909.1207156213  1.027509E-17
6913.20028210003  1.179361E-17
6917.27984857876  9.911863E-18
6921.35941505749  4.245045E-18
6925.43898153622  7.694819E-18
6929.51854801495  1.378440E-18
6933.59811449368  4.699587E-18
6937.67768097241  9.428933E-18
6941.75724745114  1.521361E-17
6945.83681392987  1.498729E-17
6949.9163804086  8.855332E-18
6953.99594688733  5.580462E-18
6958.07551336606  3.334661E-18
6962.15507984479  9.823585E-18
6966.23464632352  1.524923E-17
6970.31421280225  1.833677E-17
6974.39377928098  2.682318E-17
6978.47334575971  6.052121E-18
6982.55291223844  1.417348E-17
6986.63247871717  1.884236E-17
6990.7120451959  2.843854E-17
6994.79161167463  1.544101E-17
6998.87117815336  4.112661E-18
7002.95074463209  1.370918E-17
7007.03031111082  9.068082E-18
7011.10987758955  8.196459E-18
7015.18944406828  1.426860E-17
7019.26901054701  4.742072E-18
7023.34857702574  6.472620E-18
7027.42814350447  1.372301E-17
7031.5077099832  8.802716E-18
7035.58727646193  5.877836E-18
7039.66684294066  2.180279E-18
7043.74640941939  -1.999473E-18
7047.82597589812  3.940732E-18
7051.90554237685  1.228044E-17
7055.98510885558  7.740041E-18
7060.06467533431  1.535746E-17
7064.14424181304  1.965809E-17
7068.22380829177  5.790594E-18
7072.3033747705  5.742776E-18
7076.38294124923  1.221141E-17
7080.46250772796  2.409870E-18
7084.54207420669  1.314734E-17
7088.62164068542  7.198742E-18
7092.70120716415  3.664389E-18
7096.78077364288  1.154150E-17
7100.86034012161  1.392280E-17
7104.93990660034  5.958847E-18
7109.01947307907  5.305778E-18
7113.0990395578  1.038441E-17
7117.17860603653  1.167313E-17
7121.25817251526  7.845726E-18
7125.33773899399  1.389025E-17
7129.41730547272  6.512579E-18
7133.49687195145  8.275204E-18
7137.57643843018  1.349779E-17
7141.65600490891  1.005404E-17
7145.73557138764  1.064942E-17
7149.81513786637  7.251499E-18
7153.8947043451  -1.431841E-18
7157.97427082383  -2.831713E-19
7162.05383730256  6.215347E-18
7166.13340378129  9.393667E-18
7170.21297026002  1.605132E-17
7174.29253673875  4.901152E-18
7178.37210321748  1.462095E-17
7182.45166969621  1.936841E-17
7186.53123617494  2.147046E-17
7190.61080265367  9.588839E-18
7194.6903691324  1.912574E-18
7198.76993561113  7.923837E-18
7202.84950208986  1.165977E-17
7206.92906856859  4.724568E-18
7211.00863504732  7.598470E-18
7215.08820152605  1.145153E-17
7219.16776800478  1.035329E-18
7223.24733448351  -3.380452E-18
7227.32690096224  1.376724E-17
7231.40646744097  1.154468E-17
7235.4860339197  7.445905E-18
7239.56560039843  -2.701790E-18
7243.64516687716  1.442574E-18
7247.72473335589  -2.455770E-18
7251.80429983462  1.148746E-17
7255.88386631335  1.242505E-17
7259.96343279208  3.005659E-18
7264.04299927081  1.225021E-17
7268.12256574954  2.251551E-17
7272.20213222827  1.135347E-17
7276.281698707  3.869341E-18
7280.36126518573  7.411705E-18
7284.44083166446  -5.921600E-18
7288.52039814319  1.372803E-17
7292.59996462192  -2.438606E-19
7296.67953110065  -6.777497E-18
7300.75909757938  7.619788E-18
7304.83866405811  3.413017E-18
7308.91823053684  3.755120E-18
7312.99779701557  9.351108E-18
7317.0773634943  6.601077E-18
7321.15692997303  1.317624E-17
7325.23649645176  1.963056E-17
7329.31606293049  1.282306E-17
7333.39562940922  1.063598E-17
7337.47519588795  8.460398E-18
7341.55476236668  5.594682E-18
7345.63432884541  6.608934E-18
7349.71389532414  1.797280E-17
7353.79346180287  -4.874766E-18
7357.8730282816  3.462366E-18
7361.95259476033  1.138742E-17
7366.03216123906  7.459242E-18
7370.11172771779  1.605437E-17
7374.19129419652  2.247466E-18
7378.27086067525  -1.277784E-18
7382.35042715398  1.040550E-17
7386.42999363271  6.353209E-18
7390.50956011144  8.021520E-18
7394.58912659017  9.045748E-19
7398.6686930689  6.375009E-18
7402.74825954763  1.261305E-17
7406.82782602636  9.828361E-18
7410.90739250509  5.258567E-18
7414.98695898382  -1.098648E-18
7419.06652546255  3.858009E-18
7423.14609194128  1.369351E-17
7427.22565842001  5.830507E-18
7431.30522489874  6.202086E-18
7435.38479137747  1.929819E-17
7439.4643578562  1.206235E-17
7443.54392433493  2.646210E-18
7447.62349081366  3.597958E-18
7451.70305729239  2.978900E-18
7455.78262377112  9.650249E-18
7459.86219024985  2.460508E-17
7463.94175672858  0.
7468.02132320731  0.
