 3625.06590 2.57746e-15
 3627.17960 -2.16786e-16
 3629.27316 -1.57995e-15
 3631.38686 9.69373e-16
 3633.50055 1.17789e-15
 3635.60418 9.12049e-16
 3637.70781 -2.94764e-17
 3639.81144 -3.92759e-16
 3641.92513 1.06034e-15
 3644.03882 8.95214e-16
 3646.13239 1.16078e-15
 3648.24608 4.40365e-16
 3650.35978 6.12846e-16
 3652.46340 1.10853e-15
 3654.56703 1.55528e-15
 3656.68073 7.52564e-16
 3658.78436 -7.55098e-16
 3660.89805 -4.02943e-16
 3662.99161 -3.27939e-16
 3665.10531 8.67460e-16
 3667.21900 9.60646e-16
 3669.32263 -2.75276e-16
 3671.42626 -2.46994e-16
 3673.53995 1.13874e-15
 3675.64358 1.03407e-15
 3677.75728 -2.91394e-16
 3679.86091 1.82584e-15
 3681.96454 5.64648e-16
 3684.07823 9.17390e-16
 3686.18186 7.33476e-16
 3688.28549 -3.02642e-16
 3690.39918 -1.39695e-16
 3692.50281 6.25398e-16
 3694.60644 7.41188e-16
 3696.72013 8.97092e-16
 3698.82376 7.07777e-16
 3700.93746 5.32763e-16
 3703.04109 1.16751e-16
 3705.14471 6.74659e-16
 3707.25841 4.81934e-16
 3709.37210 9.54540e-16
 3711.46567 2.09324e-16
 3713.57936 3.81296e-16
 3715.68299 3.98662e-16
 3717.79668 8.99531e-16
 3719.90031 2.37077e-17
 3722.00394 8.47594e-16
 3724.11763 6.90254e-16
 3726.23133 8.80455e-16
 3728.32489 8.39464e-16
 3730.43859 5.53641e-16
 3732.55228 4.37833e-16
 3734.65591 1.73898e-16
 3736.75954 6.25903e-16
 3738.86317 2.30321e-16
 3740.97686 -9.87287e-18
 3743.09056 2.32764e-16
 3745.18412 5.26790e-16
 3747.29781 3.57099e-16
 3749.41151 3.36779e-16
 3751.51514 4.05099e-16
 3753.61877 -3.94779e-17
 3755.73246 3.08566e-16
 3757.83609 1.45793e-16
 3759.93972 2.51527e-16
 3762.05341 4.93778e-17
 3764.15704 -2.54556e-16
 3766.27073 2.63098e-16
 3768.36430 3.85639e-16
 3770.47799 5.16145e-16
 3772.59169 6.99711e-17
 3774.69532 3.14464e-16
 3776.79894 5.13688e-16
 3778.91264 3.51129e-16
 3781.01627 3.51348e-16
 3783.12996 3.24224e-16
 3785.23359 1.09863e-16
 3787.33722 3.29672e-16
 3789.45091 2.01780e-16
 3791.55454 2.57028e-16
 3793.65817 5.36145e-16
 3795.77186 3.75077e-16
 3797.87549 1.34075e-16
 3799.98919 1.97686e-16
 3802.09282 1.52220e-16
 3804.19645 2.02132e-16
 3806.31014 4.32332e-16
 3808.42383 5.58054e-16
 3810.51740 2.36374e-16
 3812.63109 1.70728e-16
 3814.73472 7.75112e-16
 3816.84841 2.27090e-16
 3818.95204 3.52524e-16
 3821.05567 3.36437e-16
 3823.16937 2.10612e-16
 3825.27300 2.89505e-16
 3827.37662 2.47684e-16
 3829.49032 2.17864e-16
 3831.60401 1.28699e-16
 3833.69758 4.46048e-16
 3835.81127 2.08622e-16
 3837.92496 3.91548e-16
 3840.02859 4.50101e-16
 3842.13222 2.89438e-16
 3844.23585 5.03950e-16
 3846.34955 2.70232e-16
 3848.46324 1.21085e-16
 3850.55680 2.35893e-16
 3852.67050 2.42737e-16
 3854.78419 3.08019e-16
 3856.88782 5.25231e-16
 3858.99145 6.80170e-16
 3861.10514 3.46968e-16
 3863.20877 5.05241e-16
 3865.32247 5.98023e-16
 3867.41603 5.58570e-16
 3869.52972 4.48296e-16
 3871.64342 6.53389e-16
 3873.74705 7.18759e-16
 3875.85068 6.55802e-16
 3877.96437 6.23364e-16
 3880.06800 2.89242e-16
 3882.17163 7.81574e-16
 3884.28532 7.94070e-16
 3886.38895 6.39305e-16
 3888.50264 4.84510e-16
 3890.60627 6.18670e-16
 3892.70990 7.19108e-16
 3894.82360 8.32632e-16
 3896.92723 8.27181e-16
 3899.03085 8.91034e-16
 3901.14455 7.22649e-16
 3903.24818 8.70753e-16
 3905.36187 9.03743e-16
 3907.46550 7.97734e-16
 3909.56913 9.31977e-16
 3911.68282 8.67295e-16
 3913.79652 1.05352e-15
 3915.89008 8.85401e-16
 3918.00378 8.23431e-16
 3920.10740 8.64933e-16
 3922.22110 1.06846e-15
 3924.32473 9.65429e-16
 3926.42836 9.21281e-16
 3928.54205 9.56613e-16
 3930.65574 9.84244e-16
 3932.74931 9.99341e-16
 3934.86300 9.33149e-16
 3936.97670 9.15167e-16
 3939.08032 9.79895e-16
 3941.18395 1.15303e-15
 3943.28758 9.75037e-16
 3945.40128 1.09370e-15
 3947.51497 1.18842e-15
 3949.60853 1.06806e-15
 3951.72223 9.48288e-16
 3953.83592 1.06539e-15
 3955.92949 1.04002e-15
 3958.04318 1.10858e-15
 3960.15687 1.10814e-15
 3962.26050 1.04485e-15
 3964.36413 9.93112e-16
 3966.46776 1.13438e-15
 3968.58146 1.10463e-15
 3970.69515 1.06614e-15
 3972.78871 1.18169e-15
 3974.90241 1.21499e-15
 3977.01610 1.17749e-15
 3979.11973 1.30064e-15
 3981.22336 1.21810e-15
 3983.33705 1.25888e-15
 3985.44068 1.28564e-15
 3987.55438 1.40027e-15
 3989.65801 1.45564e-15
 3991.76163 1.23805e-15
 3993.87533 1.23671e-15
 3995.97896 1.28379e-15
 3998.08259 1.20467e-15
 4000.19628 1.35114e-15
 4002.29991 1.30448e-15
 4004.41360 1.36707e-15
 4006.51723 1.38992e-15
 4008.62086 1.34905e-15
 4010.73455 1.22220e-15
 4012.84825 1.34198e-15
 4014.94181 1.43954e-15
 4017.05551 1.34740e-15
 4019.15914 1.34035e-15
 4021.26276 1.30373e-15
 4023.37646 1.36911e-15
 4025.48009 1.33364e-15
 4027.59378 1.36960e-15
 4029.69741 1.34144e-15
 4031.80104 1.32755e-15
 4033.91473 1.36963e-15
 4036.02843 1.24850e-15
 4038.12199 1.34077e-15
 4040.23569 1.34083e-15
 4042.34938 1.27984e-15
 4044.45301 1.10283e-15
 4046.55664 1.28191e-15
 4048.66027 1.29623e-15
 4050.77396 1.27109e-15
 4052.88765 1.35226e-15
 4054.98122 1.25438e-15
 4057.09491 1.34444e-15
 4059.20861 1.29918e-15
 4061.31223 1.14705e-15
 4063.41586 1.23415e-15
 4065.52956 1.10456e-15
 4067.63319 1.07315e-15
 4069.74688 1.08306e-15
 4071.84044 1.23358e-15
 4073.95414 1.13533e-15
 4076.06783 1.05521e-15
 4078.16140 1.17638e-15
 4080.27509 1.06199e-15
 4082.38878 1.06922e-15
 4084.49241 1.09323e-15
 4086.59604 1.12344e-15
 4088.70974 1.10294e-15
 4090.81337 1.03976e-15
 4092.92706 1.18377e-15
 4095.02062 1.03557e-15
 4097.13432 1.10518e-15
 4099.24801 1.03690e-15
 4101.35164 1.04269e-15
 4103.45527 1.06320e-15
 4105.56896 1.08357e-15
 4107.67259 1.04681e-15
 4109.78629 1.06962e-15
 4111.88992 9.61208e-16
 4113.99354 1.02208e-15
 4116.10724 1.04116e-15
 4118.21087 9.79870e-16
 4120.31450 9.84201e-16
 4122.42819 1.01821e-15
 4124.53182 1.10235e-15
 4126.64551 1.03321e-15
 4128.74914 1.00704e-15
 4130.85277 9.91091e-16
 4132.96646 9.53097e-16
 4135.08016 1.02603e-15
 4137.17372 1.01102e-15
 4139.28742 1.01222e-15
 4141.40111 9.80230e-16
 4143.50474 8.67345e-16
 4145.60837 8.68472e-16
 4147.71200 8.70428e-16
 4149.82569 1.03876e-15
 4151.92932 9.51665e-16
 4154.03295 9.23432e-16
 4156.14664 9.17106e-16
 4158.26034 1.00466e-15
 4160.35390 1.04952e-15
 4162.46760 9.93387e-16
 4164.58129 9.40767e-16
 4166.68492 8.88331e-16
 4168.78855 9.11091e-16
 4170.90224 9.38353e-16
 4173.00587 9.52451e-16
 4175.11956 9.60997e-16
 4177.21313 9.98354e-16
 4179.32682 9.71957e-16
 4181.44052 9.43563e-16
 4183.54415 9.42306e-16
 4185.64777 1.01815e-15
 4187.76147 9.84858e-16
 4189.86510 8.97178e-16
 4191.97879 8.93960e-16
 4194.08242 8.33412e-16
 4196.18605 8.90860e-16
 4198.29974 9.38697e-16
 4200.40337 8.60473e-16
 4202.50700 9.17002e-16
 4204.62069 8.96333e-16
 4206.72432 9.61126e-16
 4208.83802 9.02011e-16
 4210.94165 8.69864e-16
 4213.04528 9.51344e-16
 4215.15897 8.51385e-16
 4217.26260 8.24024e-16
 4219.36623 8.61228e-16
 4221.47992 9.10812e-16
 4223.58355 8.63563e-16
 4225.68718 8.60539e-16
 4227.80087 8.92264e-16
 4229.90450 8.27427e-16
 4232.01820 1.02276e-15
 4234.12183 9.31395e-16
 4236.22545 8.71498e-16
 4238.33915 9.27534e-16
 4240.45284 9.43213e-16
 4242.54641 9.46612e-16
 4244.66010 9.59480e-16
 4246.76373 9.64798e-16
 4248.87742 9.99153e-16
 4250.98105 1.00053e-15
 4253.08468 8.87107e-16
 4255.19838 8.71953e-16
 4257.31207 9.58540e-16
 4259.40563 9.06959e-16
 4261.51933 8.95714e-16
 4263.63302 8.38775e-16
 4265.73665 8.94024e-16
 4267.84028 9.32686e-16
 4269.95397 8.92778e-16
 4272.05760 8.92487e-16
 4274.17130 9.36461e-16
 4276.26486 8.99104e-16
 4278.37855 8.06852e-16
 4280.49225 8.74368e-16
 4282.58581 9.12628e-16
 4284.69951 8.93176e-16
 4286.81320 8.96813e-16
 4288.91683 9.37954e-16
 4291.02046 9.22369e-16
 4293.13415 8.24634e-16
 4295.23778 8.29352e-16
 4297.35147 8.70736e-16
 4299.44504 8.87060e-16
 4301.55873 8.39163e-16
 4303.67243 8.77963e-16
 4305.77606 8.29636e-16
 4307.87968 8.61405e-16
 4309.99338 8.74224e-16
 4312.09701 9.15639e-16
 4314.21070 8.40844e-16
 4316.31433 8.28319e-16
 4318.41796 8.65244e-16
 4320.53165 8.72792e-16
 4322.63528 8.45065e-16
 4324.73891 8.30900e-16
 4326.85261 8.14385e-16
 4328.95623 8.27808e-16
 4331.06993 8.15191e-16
 4333.17356 7.81177e-16
 4335.27719 7.65452e-16
 4337.39088 7.80378e-16
 4339.50457 7.91900e-16
 4341.59814 7.85566e-16
 4343.71183 8.62088e-16
 4345.82553 8.41647e-16
 4347.91909 7.94492e-16
 4350.03278 7.56037e-16
 4352.13641 7.56119e-16
 4354.25011 8.08344e-16
 4356.35374 7.79796e-16
 4358.45736 8.16662e-16
 4360.57106 7.88948e-16
 4362.68475 7.28269e-16
 4364.77832 7.92796e-16
 4366.89201 8.30481e-16
 4369.00570 7.69570e-16
 4371.10933 8.55944e-16
 4373.21296 8.67317e-16
 4375.31659 8.45918e-16
 4377.43029 8.59093e-16
 4379.54398 8.24164e-16
 4381.63754 8.23322e-16
 4383.75124 8.73907e-16
 4385.86493 8.03095e-16
 4387.96856 7.58240e-16
 4390.07219 7.70401e-16
 4392.18588 7.78606e-16
 4394.28951 7.89120e-16
 4396.40321 8.14238e-16
 4398.49677 7.88148e-16
 4400.61046 8.53973e-16
 4402.72416 7.97598e-16
 4404.82779 7.93817e-16
 4406.93142 7.51798e-16
 4409.04511 7.81214e-16
 4411.14874 7.70162e-16
 4413.26243 7.82532e-16
 4415.36606 7.87687e-16
 4417.46969 7.55777e-16
 4419.58338 7.18143e-16
 4421.68701 7.77479e-16
 4423.79064 7.65734e-16
 4425.90434 7.34084e-16
 4428.00797 7.47008e-16
 4430.11159 7.53573e-16
 4432.22529 7.64873e-16
 4434.32892 7.84746e-16
 4436.44261 7.58555e-16
 4438.54624 7.24632e-16
 4440.64987 7.66120e-16
 4442.76356 7.41261e-16
 4444.87726 7.50795e-16
 4446.97082 8.08090e-16
 4449.08452 7.19776e-16
 4451.18814 7.17683e-16
 4453.30184 7.24403e-16
 4455.40547 7.40200e-16
 4457.50910 7.27276e-16
 4459.62279 7.09634e-16
 4461.73648 7.48541e-16
 4463.83005 7.25356e-16
 4465.94374 7.51894e-16
 4468.05744 8.17075e-16
 4470.16107 7.83189e-16
 4472.26469 8.04061e-16
 4474.36832 7.95927e-16
 4476.48202 7.69576e-16
 4478.59571 8.09236e-16
 4480.68927 8.21760e-16
 4482.80297 8.61844e-16
 4484.91666 8.62224e-16
 4487.01023 9.23515e-16
 4489.12392 9.13735e-16
 4491.23761 9.30744e-16
 4493.34124 8.86566e-16
 4495.44487 9.23383e-16
 4497.55857 9.34038e-16
 4499.66220 9.45765e-16
 4501.77589 9.47481e-16
 4503.86945 9.76049e-16
 4505.98315 9.80299e-16
 4508.09684 9.71468e-16
 4510.20047 9.99607e-16
 4512.30410 9.72696e-16
 4514.41779 1.03147e-15
 4516.52142 1.00064e-15
 4518.63512 1.05336e-15
 4520.73875 1.08897e-15
 4522.84237 1.10214e-15
 4524.95607 1.10298e-15
 4527.05970 1.05179e-15
 4529.16333 1.11837e-15
 4531.27702 1.13333e-15
 4533.38065 1.06915e-15
 4535.49434 1.11762e-15
 4537.59797 1.17300e-15
 4539.70160 1.17725e-15
 4541.81530 1.19266e-15
 4543.92899 1.18139e-15
 4546.02255 1.16656e-15
 4548.13625 1.17904e-15
 4550.24994 1.18917e-15
 4552.34350 1.19417e-15
 4554.45720 1.24010e-15
 4556.56083 1.21429e-15
 4558.67452 1.24830e-15
 4560.77815 1.27377e-15
 4562.88178 1.23742e-15
 4564.99547 1.24648e-15
 4567.10917 1.25773e-15
 4569.20273 1.33995e-15
 4571.31643 1.35707e-15
 4573.43012 1.31783e-15
 4575.53375 1.26334e-15
 4577.63738 1.35094e-15
 4579.74101 1.34285e-15
 4581.85470 1.34860e-15
 4583.96839 1.38980e-15
 4586.06196 1.31592e-15
 4588.17565 1.28611e-15
 4590.28935 1.33143e-15
 4592.39298 1.32919e-15
 4594.49660 1.37758e-15
 4596.61030 1.37171e-15
 4598.71393 1.39554e-15
 4600.82762 1.40122e-15
 4602.92119 1.40820e-15
 4605.03488 1.41429e-15
 4607.14857 1.38390e-15
 4609.24214 1.38136e-15
 4611.35583 1.38944e-15
 4613.46953 1.43510e-15
 4615.57315 1.40966e-15
 4617.67678 1.43867e-15
 4619.79048 1.41716e-15
 4621.89411 1.38531e-15
 4624.00780 1.42306e-15
 4626.10136 1.47938e-15
 4628.21506 1.45757e-15
 4630.32875 1.37537e-15
 4632.43238 1.37337e-15
 4634.53601 1.39062e-15
 4636.64970 1.43759e-15
 4638.75333 1.43127e-15
 4640.86703 1.43675e-15
 4642.97066 1.41545e-15
 4645.07428 1.37295e-15
 4647.18798 1.36665e-15
 4649.30167 1.40729e-15
 4651.39524 1.42390e-15
 4653.50893 1.38531e-15
 4655.61256 1.37675e-15
 4657.72625 1.40072e-15
 4659.82988 1.39049e-15
 4661.93351 1.36042e-15
 4664.04721 1.33905e-15
 4666.16090 1.31488e-15
 4668.25446 1.33369e-15
 4670.36816 1.32076e-15
 4672.48185 1.34341e-15
 4674.57542 1.33600e-15
 4676.68911 1.32594e-15
 4678.79274 1.35530e-15
 4680.90643 1.33033e-15
 4683.01006 1.36806e-15
 4685.11369 1.32173e-15
 4687.22738 1.32123e-15
 4689.34108 1.31546e-15
 4691.43464 1.30560e-15
 4693.54834 1.29008e-15
 4695.66203 1.28396e-15
 4697.76566 1.30467e-15
 4699.86929 1.32035e-15
 4701.98298 1.31920e-15
 4704.08661 1.26143e-15
 4706.20030 1.25995e-15
 4708.29387 1.29255e-15
 4710.40756 1.24259e-15
 4712.52126 1.23398e-15
 4714.62489 1.21906e-15
 4716.72851 1.20061e-15
 4718.84221 1.23040e-15
 4720.94584 1.17848e-15
 4723.05953 1.16588e-15
 4725.16316 1.22378e-15
 4727.26679 1.21567e-15
 4729.38048 1.15339e-15
 4731.48411 1.15463e-15
 4733.58774 1.14913e-15
 4735.70144 1.18639e-15
 4737.80506 1.10506e-15
 4739.90869 1.10948e-15
 4742.02239 1.05529e-15
 4744.12602 1.12290e-15
 4746.23971 1.09020e-15
 4748.34334 1.10536e-15
 4750.44697 1.11619e-15
 4752.56066 1.06042e-15
 4754.66429 1.06453e-15
 4756.76792 1.06197e-15
 4758.88161 1.00678e-15
 4760.98524 1.00991e-15
 4763.09894 1.04249e-15
 4765.20257 1.03635e-15
 4767.30619 1.00516e-15
 4769.41989 9.97736e-16
 4771.53358 1.00070e-15
 4773.62715 9.86160e-16
 4775.74084 9.55184e-16
 4777.85453 9.64531e-16
 4779.95816 9.72213e-16
 4782.06179 9.49026e-16
 4784.16542 9.76213e-16
 4786.27912 9.41147e-16
 4788.39281 9.21110e-16
 4790.48637 9.08432e-16
 4792.60007 9.03546e-16
 4794.71376 8.89673e-16
 4796.81739 8.55537e-16
 4798.92102 8.35646e-16
 4801.03471 8.49880e-16
 4803.13834 8.11280e-16
 4805.25204 8.25585e-16
 4807.34560 8.30235e-16
 4809.45929 8.04410e-16
 4811.57299 7.78337e-16
 4813.66655 7.87476e-16
 4815.78025 7.60626e-16
 4817.89394 7.83556e-16
 4819.99757 7.86535e-16
 4822.10120 7.61618e-16
 4824.21489 7.56483e-16
 4826.31852 7.36516e-16
 4828.43222 7.73723e-16
 4830.53584 7.76776e-16
 4832.63947 7.55929e-16
 4834.75317 7.74584e-16
 4836.85680 7.27176e-16
 4838.96042 7.41595e-16
 4841.07412 7.82694e-16
 4843.17775 7.68348e-16
 4845.29144 7.50559e-16
 4847.39507 7.45001e-16
 4849.49870 7.62449e-16
 4851.61239 7.60140e-16
 4853.72609 7.55585e-16
 4855.81965 7.51718e-16
 4857.93335 7.52425e-16
 4860.03697 7.40100e-16
 4862.15067 7.53758e-16
 4864.25430 7.37733e-16
 4866.35793 7.63140e-16
 4868.47162 7.77305e-16
 4870.58531 7.61244e-16
 4872.67888 7.82144e-16
 4874.79257 7.72272e-16
 4876.90627 7.13285e-16
 4878.99983 7.91838e-16
 4881.11352 7.62689e-16
 4883.21715 7.67139e-16
 4885.33085 7.68408e-16
 4887.43448 7.91565e-16
 4889.53811 7.32405e-16
 4891.65180 7.43745e-16
 4893.76549 7.71107e-16
 4895.85906 8.16900e-16
 4897.97275 8.04986e-16
 4900.08645 7.64406e-16
 4902.19007 7.95717e-16
 4904.29370 7.79417e-16
 4906.39733 7.40607e-16
 4908.51103 7.48521e-16
 4910.62472 7.51614e-16
 4912.71828 7.62847e-16
 4914.83198 7.57347e-16
 4916.94567 7.69633e-16
 4919.04930 7.68195e-16
 4921.15293 7.87974e-16
 4923.26662 8.16454e-16
 4925.37025 8.46749e-16
 4927.48395 8.82460e-16
 4929.58758 8.87829e-16
 4931.69120 8.94046e-16
 4933.80490 8.89104e-16
 4935.90853 9.18793e-16
 4938.01216 9.39884e-16
 4940.12585 9.54617e-16
 4942.22948 9.65452e-16
 4944.33311 1.02704e-15
 4946.44680 1.06863e-15
 4948.55043 1.05604e-15
 4950.66413 1.04291e-15
 4952.76775 1.06884e-15
 4954.87138 1.09093e-15
 4956.98508 1.09521e-15
 4959.08871 1.09529e-15
 4961.19234 1.10744e-15
 4963.30603 1.12889e-15
 4965.40966 1.12364e-15
 4967.52335 1.11140e-15
 4969.62698 1.11175e-15
 4971.73061 1.11563e-15
 4973.84430 1.11274e-15
 4975.95800 1.12483e-15
 4978.05156 1.16784e-15
 4980.16526 1.15022e-15
 4982.27895 1.17907e-15
 4984.38258 1.19469e-15
 4986.48621 1.15080e-15
 4988.58984 1.18250e-15
 4990.70353 1.14772e-15
 4992.81722 1.17391e-15
 4994.91079 1.17866e-15
 4997.02448 1.14650e-15
 4999.13818 1.18735e-15
 5001.23174 1.16206e-15
 5003.34543 1.15792e-15
 5005.45913 1.16785e-15
 5007.56276 1.11240e-15
 5009.66639 1.13572e-15
 5011.77002 1.11075e-15
 5013.88371 1.10282e-15
 5015.99740 1.06739e-15
 5018.09097 1.06827e-15
 5020.20466 1.03186e-15
 5022.31836 1.00005e-15
 5024.42198 9.98872e-16
 5026.52561 9.38230e-16
 5028.63931 9.05459e-16
 5030.74294 8.89869e-16
 5032.85663 8.81491e-16
 5034.95019 8.70539e-16
 5037.06389 8.73321e-16
 5039.17758 8.42288e-16
 5041.28121 8.23509e-16
 5043.38484 8.41776e-16
 5045.49853 8.14067e-16
 5047.60216 8.06236e-16
 5049.71586 8.21004e-16
 5051.81949 8.14271e-16
 5053.92311 7.96043e-16
 5056.03681 8.03948e-16
 5058.15050 8.04949e-16
 5060.24407 7.77886e-16
 5062.35776 8.04725e-16
 5064.46139 8.11580e-16
 5066.56502 8.14995e-16
 5068.67871 8.13696e-16
 5070.78234 8.08038e-16
 5072.89604 7.86431e-16
 5074.99966 7.82758e-16
 5077.10329 8.03917e-16
 5079.21699 8.19283e-16
 5081.33068 8.42366e-16
 5083.42425 8.48461e-16
 5085.53794 8.69802e-16
 5087.64157 8.83577e-16
 5089.75526 8.65463e-16
 5091.85889 8.80349e-16
 5093.96252 8.65329e-16
 5096.07621 8.76733e-16
 5098.18991 8.79701e-16
 5100.28347 8.70622e-16
 5102.39717 8.87608e-16
 5104.51086 8.74837e-16
 5106.61449 8.95680e-16
 5108.71812 9.04158e-16
 5110.82175 9.40079e-16
 5112.93544 9.30531e-16
 5115.04914 9.36974e-16
 5117.14270 9.46496e-16
 5119.25639 9.59604e-16
 5121.37009 9.49486e-16
 5123.47372 9.60470e-16
 5125.57734 9.42658e-16
 5127.69104 9.45852e-16
 5129.79467 9.34809e-16
 5131.89830 9.61358e-16
 5134.01199 9.55144e-16
 5136.11562 9.76670e-16
 5138.22931 9.96855e-16
 5140.32288 9.78482e-16
 5142.43657 9.74418e-16
 5144.55027 9.89296e-16
 5146.65389 9.70397e-16
 5148.75752 9.55293e-16
 5150.87122 9.80232e-16
 5152.97485 9.86588e-16
 5155.08854 9.94673e-16
 5157.19217 9.84569e-16
 5159.29580 9.65528e-16
 5161.40949 9.70138e-16
 5163.51312 9.60468e-16
 5165.61675 9.86399e-16
 5167.73044 9.78851e-16
 5169.83407 9.92405e-16
 5171.94777 9.91910e-16
 5174.05140 9.72292e-16
 5176.15503 9.60825e-16
 5178.26872 9.71537e-16
 5180.38241 9.45229e-16
 5182.47598 9.58872e-16
 5184.58967 9.81464e-16
 5186.69330 1.00306e-15
 5188.80699 9.85719e-16
 5190.91062 9.90894e-16
 5193.01425 9.47781e-16
 5195.12795 9.74716e-16
 5197.23157 1.00116e-15
 5199.33520 9.88335e-16
 5201.44890 9.97525e-16
 5203.56259 9.41286e-16
 5205.65616 1.00514e-15
 5207.76985 9.82209e-16
 5209.87348 1.00529e-15
 5211.98717 1.01870e-15
 5214.09080 9.85647e-16
 5216.19443 1.01896e-15
 5218.30812 1.01457e-15
 5220.42182 9.92764e-16
 5222.51538 1.01352e-15
 5224.62908 9.91884e-16
 5226.74277 1.03498e-15
 5228.84640 1.00918e-15
 5230.95003 1.02928e-15
 5233.06372 1.10002e-15
 5235.16735 1.07997e-15
 5237.28105 1.06449e-15
 5239.37461 1.05277e-15
 5241.48830 1.06597e-15
 5243.60200 1.09932e-15
 5245.70563 1.14216e-15
 5247.80926 1.10031e-15
 5249.92295 1.12141e-15
 5252.02658 1.14581e-15
 5254.14027 1.13959e-15
 5256.24390 1.12950e-15
 5258.34753 1.13034e-15
 5260.46122 1.14423e-15
 5262.56485 1.16973e-15
 5264.66848 1.16175e-15
 5266.78218 1.12901e-15
 5268.88580 1.19178e-15
 5270.98943 1.16748e-15
 5273.10313 1.16203e-15
 5275.20676 1.18390e-15
 5277.32045 1.19471e-15
 5279.42408 1.20411e-15
 5281.52771 1.19426e-15
 5283.64140 1.20290e-15
 5285.75510 1.24030e-15
 5287.84866 1.22089e-15
 5289.96235 1.23095e-15
 5292.06598 1.22221e-15
 5294.17968 1.23371e-15
 5296.28331 1.26244e-15
 5298.38694 1.25885e-15
 5300.50063 1.24539e-15
 5302.61432 1.27735e-15
 5304.70789 1.25810e-15
 5306.82158 1.25472e-15
 5308.93528 1.27403e-15
 5311.03890 1.25357e-15
 5313.14253 1.24682e-15
 5315.24616 1.24394e-15
 5317.35986 1.28738e-15
 5319.47355 1.28345e-15
 5321.56711 1.26061e-15
 5323.68081 1.27141e-15
 5325.79450 1.27044e-15
 5327.89813 1.26468e-15
 5330.00176 1.30322e-15
 5332.11545 1.33356e-15
 5334.21908 1.32603e-15
 5336.32271 1.28813e-15
 5338.42634 1.32330e-15
 5340.54003 1.38005e-15
 5342.65373 1.33874e-15
 5344.74729 1.32524e-15
 5346.86099 1.35099e-15
 5348.97468 1.31884e-15
 5351.07831 1.34823e-15
 5353.18194 1.33738e-15
 5355.29563 1.33192e-15
 5357.39926 1.30399e-15
 5359.51296 1.37050e-15
 5361.61658 1.34377e-15
 5363.72021 1.33308e-15
 5365.83391 1.30583e-15
 5367.93754 1.33480e-15
 5370.04117 1.30324e-15
 5372.15486 1.32040e-15
 5374.25849 1.28097e-15
 5376.37218 1.28407e-15
 5378.47581 1.29170e-15
 5380.57944 1.30342e-15
 5382.69313 1.27380e-15
 5384.80683 1.26069e-15
 5386.90039 1.23783e-15
 5389.01409 1.29253e-15
 5391.11771 1.24386e-15
 5393.23141 1.23414e-15
 5395.33504 1.25681e-15
 5397.43867 1.26440e-15
 5399.55236 1.19688e-15
 5401.65599 1.24175e-15
 5403.75962 1.25492e-15
 5405.87331 1.26104e-15
 5407.98701 1.21562e-15
 5410.08057 1.21997e-15
 5412.19426 1.19407e-15
 5414.30796 1.23612e-15
 5416.41159 1.25502e-15
 5418.51522 1.22366e-15
 5420.61885 1.25490e-15
 5422.73254 1.28234e-15
 5424.84623 1.26465e-15
 5426.93980 1.26467e-15
 5429.05349 1.25485e-15
 5431.16719 1.25730e-15
 5433.27081 1.27307e-15
 5435.37444 1.27580e-15
 5437.48814 1.29343e-15
 5439.59177 1.29211e-15
 5441.70546 1.29412e-15
 5443.79902 1.29670e-15
 5445.91272 1.33715e-15
 5448.02641 1.29727e-15
 5450.13004 1.34474e-15
 5452.23367 1.32639e-15
 5454.34736 1.34838e-15
 5456.45099 1.35153e-15
 5458.56469 1.39977e-15
 5460.66832 1.37274e-15
 5462.77194 1.39383e-15
 5464.88564 1.35360e-15
 5466.98927 1.43194e-15
 5469.09290 1.40037e-15
 5471.20659 1.40415e-15
 5473.31022 1.39473e-15
 5475.41385 1.42132e-15
 5477.52754 1.41705e-15
 5479.63117 1.39307e-15
 5481.74487 1.38307e-15
 5483.84849 1.37568e-15
 5485.95212 1.39260e-15
 5488.06582 1.38724e-15
 5490.16945 1.40474e-15
 5492.27308 1.39394e-15
 5494.38677 1.34876e-15
 5496.49040 1.35839e-15
 5498.60409 1.38691e-15
 5500.70772 1.36163e-15
 5502.81135 1.36485e-15
 5504.92504 1.36358e-15
 5507.03874 1.35057e-15
 5509.13230 1.36916e-15
 5511.24600 1.37588e-15
 5513.35969 1.35698e-15
 5515.46332 1.35684e-15
 5517.56695 1.35024e-15
 5519.67058 1.31988e-15
 5521.78427 1.32038e-15
 5523.89797 1.32055e-15
 5525.99153 1.32928e-15
 5528.10522 1.32012e-15
 5530.21892 1.29144e-15
 5532.32255 1.28382e-15
 5534.42617 1.30119e-15
 5536.53987 1.31593e-15
 5538.64350 1.30859e-15
 5540.74713 1.28916e-15
 5542.85076 1.29300e-15
 5544.96445 1.27432e-15
 5547.07814 1.27640e-15
 5549.17171 1.26901e-15
 5551.28540 1.24291e-15
 5553.39910 1.26894e-15
 5555.50272 1.28130e-15
 5557.60635 1.25734e-15
 5559.72005 1.24900e-15
 5561.82368 1.26854e-15
 5563.93737 1.24595e-15
 5566.04100 1.22182e-15
 5568.14463 1.23673e-15
 5570.25832 1.26935e-15
 5572.36195 1.27142e-15
 5574.46558 1.23505e-15
 5576.57927 1.23327e-15
 5578.68290 1.24137e-15
 5580.79660 1.22635e-15
 5582.90023 1.23335e-15
 5585.00386 1.24344e-15
 5587.11755 1.24363e-15
 5589.23124 1.23039e-15
 5591.32481 1.22912e-15
 5593.43850 1.24591e-15
 5595.54213 1.21915e-15
 5597.65582 1.23636e-15
 5599.75945 1.24099e-15
 5601.86308 1.24048e-15
 5603.97678 1.21677e-15
 5606.08040 1.23054e-15
 5608.18403 1.21837e-15
 5610.29773 1.21933e-15
 5612.41142 1.20660e-15
 5614.50499 1.20143e-15
 5616.61868 1.17957e-15
 5618.72231 1.20105e-15
 5620.83600 1.19138e-15
 5622.93963 1.17265e-15
 5625.04326 1.15099e-15
 5627.15695 1.15489e-15
 5629.27065 1.15257e-15
 5631.36421 1.14848e-15
 5633.47791 1.08645e-15
 5635.59160 1.11792e-15
 5637.69523 1.08218e-15
 5639.79886 1.08644e-15
 5641.90249 1.10600e-15
 5644.01618 1.05574e-15
 5646.12988 1.02494e-15
 5648.22344 1.02901e-15
 5650.33713 9.96517e-16
 5652.45083 1.00890e-15
 5654.55446 9.97192e-16
 5656.65809 9.48384e-16
 5658.77178 9.83700e-16
 5660.87541 9.20172e-16
 5662.98910 9.22285e-16
 5665.09273 8.75150e-16
 5667.19636 8.83060e-16
 5669.31005 8.33160e-16
 5671.40362 8.28567e-16
 5673.51731 7.98630e-16
 5675.63101 7.78551e-16
 5677.73463 7.76430e-16
 5679.83826 7.41061e-16
 5681.95196 7.25171e-16
 5684.05559 6.86780e-16
 5686.16928 6.81573e-16
 5688.27291 6.98396e-16
 5690.37654 6.82318e-16
 5692.49023 6.37029e-16
 5694.60393 6.25578e-16
 5696.69749 6.15403e-16
 5698.81118 5.94294e-16
 5700.91481 5.86298e-16
 5703.02851 5.75019e-16
 5705.13214 5.79227e-16
 5707.23577 5.77474e-16
 5709.34946 5.68103e-16
 5711.46315 5.58067e-16
 5713.55672 5.53519e-16
 5715.67041 5.77417e-16
 5717.78411 5.82439e-16
 5719.88773 5.75698e-16
 5721.99136 5.87423e-16
 5724.09499 6.05156e-16
 5726.20869 6.17310e-16
 5728.31232 6.31110e-16
 5730.41594 6.44320e-16
 5732.52964 6.55854e-16
 5734.64333 6.69909e-16
 5736.73690 6.74532e-16
 5738.85059 6.83644e-16
 5740.96428 6.93313e-16
 5743.06791 7.03020e-16
 5745.17154 7.18084e-16
 5747.27517 7.22090e-16
 5749.38886 7.48559e-16
 5751.50256 7.62273e-16
 5753.59612 7.73810e-16
 5755.70982 8.04615e-16
 5757.82351 8.22377e-16
 5759.92714 8.29585e-16
 5762.03077 8.39713e-16
 5764.14446 8.54134e-16
 5766.24809 8.74226e-16
 5768.36179 8.88502e-16
 5770.45535 8.93856e-16
 5772.56904 9.08357e-16
 5774.68274 9.24577e-16
 5776.78637 9.37353e-16
 5778.89000 9.59408e-16
 5781.00369 9.62552e-16
 5783.10732 9.87261e-16
 5785.22101 9.93594e-16
 5787.32464 1.03048e-15
 5789.42827 1.00425e-15
 5791.54196 1.05674e-15
 5793.64559 1.04680e-15
 5795.74922 1.05089e-15
 5797.86292 1.06361e-15
 5799.96655 1.08335e-15
 5802.07017 1.10521e-15
 5804.18387 1.13174e-15
 5806.28750 1.11582e-15
 5808.40119 1.13462e-15
 5810.50482 1.13804e-15
 5812.60845 1.14139e-15
 5814.72214 1.12702e-15
 5816.83584 1.15429e-15
 5818.92940 1.15910e-15
 5821.04309 1.19086e-15
 5823.14672 1.20595e-15
 5825.26042 1.20910e-15
 5827.36405 1.19017e-15
 5829.46768 1.24148e-15
 5831.58137 1.24676e-15
 5833.69506 1.25243e-15
 5835.78863 1.25575e-15
 5837.90232 1.25389e-15
 5840.01602 1.28229e-15
 5842.11964 1.30005e-15
 5844.22327 1.31223e-15
 5846.33697 1.31560e-15
 5848.44060 1.29597e-15
 5850.55429 1.28215e-15
 5852.64785 1.29676e-15
 5854.76155 1.29808e-15
 5856.87524 1.29661e-15
 5858.96881 1.32229e-15
 5861.08250 1.32538e-15
 5863.19619 1.33798e-15
 5865.29982 1.33186e-15
 5867.40345 1.32068e-15
 5869.51715 1.32402e-15
 5871.62078 1.33440e-15
 5873.73447 1.33946e-15
 5875.82803 1.32667e-15
 5877.94173 1.31682e-15
 5880.05542 1.29757e-15
 5882.15905 1.29581e-15
 5884.26268 1.29718e-15
 5886.37637 1.29942e-15
 5888.48000 1.27678e-15
 5890.59370 1.27109e-15
 5892.69732 1.30122e-15
 5894.80095 1.29021e-15
 5896.91465 1.28048e-15
 5899.01828 1.28706e-15
 5901.12191 1.31411e-15
 5903.23560 1.31575e-15
 5905.33923 1.28564e-15
 5907.45292 1.30698e-15
 5909.55655 1.31805e-15
 5911.66018 1.31335e-15
 5913.77387 1.32214e-15
 5915.88757 1.31721e-15
 5917.98113 1.29402e-15
 5920.09483 1.28104e-15
 5922.19846 1.27584e-15
 5924.31215 1.27075e-15
 5926.41578 1.25727e-15
 5928.51941 1.21643e-15
 5930.63310 1.19349e-15
 5932.73673 1.20299e-15
 5934.84036 1.22037e-15
 5936.95405 1.24483e-15
 5939.06775 1.25418e-15
 5941.16131 1.25827e-15
 5943.27501 1.25881e-15
 5945.38870 1.25270e-15
 5947.49233 1.25032e-15
 5949.59596 1.26755e-15
 5951.69959 1.26673e-15
 5953.81328 1.24837e-15
 5955.92697 1.25148e-15
 5958.02054 1.24752e-15
 5960.13423 1.24656e-15
 5962.24793 1.25870e-15
 5964.35155 1.26962e-15
 5966.45518 1.25775e-15
 5968.56888 1.23600e-15
 5970.67251 1.23014e-15
 5972.78620 1.22736e-15
 5974.87976 1.23721e-15
 5976.99346 1.21818e-15
 5979.10715 1.22181e-15
 5981.21078 1.22280e-15
 5983.31441 1.21063e-15
 5985.42810 1.21023e-15
 5987.53173 1.20216e-15
 5989.63536 1.19616e-15
 5991.74906 1.17996e-15
 5993.85269 1.17522e-15
 5995.96638 1.17480e-15
 5998.07001 1.18409e-15
 6000.17364 1.16278e-15
 6002.28733 1.14110e-15
 6004.39096 1.15058e-15
 6006.49459 1.13458e-15
 6008.60828 1.14863e-15
 6010.71191 1.10696e-15
 6012.82561 1.16649e-15
 6014.92924 1.14228e-15
 6017.03286 1.09545e-15
 6019.14656 1.11756e-15
 6021.26025 1.09048e-15
 6023.35382 1.08285e-15
 6025.46751 1.09041e-15
 6027.57114 1.08677e-15
 6029.68483 1.06398e-15
 6031.78846 1.05695e-15
 6033.89209 1.05779e-15
 6036.00578 1.05654e-15
 6038.11948 1.01463e-15
 6040.21304 1.06611e-15
 6042.32674 1.07449e-15
 6044.44043 1.07144e-15
 6046.54406 1.06939e-15
 6048.64769 1.07984e-15
 6050.75132 1.07660e-15
 6052.86501 1.07201e-15
 6054.96864 1.07264e-15
 6057.07227 1.07699e-15
 6059.18596 1.09403e-15
 6061.29966 1.10094e-15
 6063.39322 1.09668e-15
 6065.50692 1.10921e-15
 6067.62061 1.10387e-15
 6069.72424 1.08850e-15
 6071.82787 1.08987e-15
 6073.94156 1.08749e-15
 6076.04519 1.10220e-15
 6078.15888 1.10482e-15
 6080.25245 1.08141e-15
 6082.36614 1.08008e-15
 6084.47984 1.10161e-15
 6086.58347 1.10245e-15
 6088.68709 1.08507e-15
 6090.80079 1.08145e-15
 6092.90442 1.08556e-15
 6095.01811 1.05956e-15
 6097.12174 1.04164e-15
 6099.22537 1.05107e-15
 6101.33906 1.02012e-15
 6103.44269 1.02008e-15
 6105.54632 1.03879e-15
 6107.66001 1.03628e-15
 6109.76364 1.02566e-15
 6111.87734 9.93102e-16
 6113.98097 1.01419e-15
 6116.08460 1.01609e-15
 6118.19829 9.92197e-16
 6120.30192 1.01348e-15
 6122.40555 9.97138e-16
 6124.51924 1.02106e-15
 6126.63294 1.01641e-15
 6128.72650 1.02716e-15
 6130.84019 1.00237e-15
 6132.94382 9.91844e-16
 6135.05752 1.02638e-15
 6137.16115 1.02192e-15
 6139.26477 9.96829e-16
 6141.37847 1.02276e-15
 6143.49216 1.03823e-15
 6145.58573 1.04617e-15
 6147.69942 1.04492e-15
 6149.81311 1.04519e-15
 6151.91674 1.05118e-15
 6154.02037 1.05822e-15
 6156.12400 1.06529e-15
 6158.23770 1.07752e-15
 6160.35139 1.07932e-15
 6162.44495 1.07788e-15
 6164.55865 1.09684e-15
 6166.67234 1.10829e-15
 6168.77597 1.10195e-15
 6170.87960 1.09066e-15
 6172.99329 1.08812e-15
 6175.09692 1.10629e-15
 6177.21062 1.10433e-15
 6179.30418 1.09169e-15
 6181.41787 1.08770e-15
 6183.53157 1.09502e-15
 6185.62513 1.08808e-15
 6187.73883 1.09580e-15
 6189.85252 1.09028e-15
 6191.95615 1.09382e-15
 6194.05978 1.09052e-15
 6196.17347 1.06306e-15
 6198.27710 1.04652e-15
 6200.39079 1.02811e-15
 6202.48436 1.02599e-15
 6204.59805 1.02739e-15
 6206.71175 1.01867e-15
 6208.81538 1.01232e-15
 6210.91900 1.00448e-15
 6213.03270 9.52503e-16
 6215.13633 9.60783e-16
 6217.25002 9.66848e-16
 6219.35365 9.32702e-16
 6221.45728 9.31764e-16
 6223.57097 9.14789e-16
 6225.68467 9.11618e-16
 6227.77823 8.99568e-16
 6229.89193 8.86632e-16
 6231.99555 8.94238e-16
 6234.10925 8.94624e-16
 6236.21288 8.93086e-16
 6238.31651 8.89937e-16
 6240.43020 8.68725e-16
 6242.54389 8.56253e-16
 6244.63746 8.55991e-16
 6246.75115 8.50816e-16
 6248.86485 8.44175e-16
 6250.95841 8.42448e-16
 6253.07210 8.44019e-16
 6255.17573 8.38238e-16
 6257.28943 8.34645e-16
 6259.39306 8.40491e-16
 6261.49668 8.52152e-16
 6263.61038 8.56912e-16
 6265.72407 8.34929e-16
 6267.81764 8.23582e-16
 6269.93133 8.38331e-16
 6272.04502 8.24111e-16
 6274.14865 7.89832e-16
 6276.25228 8.14896e-16
 6278.36598 8.04475e-16
 6280.46961 8.13486e-16
 6282.58330 8.12053e-16
 6284.67686 7.86496e-16
 6286.79056 8.02744e-16
 6288.90425 8.28552e-16
 6291.00788 8.22613e-16
 6293.11151 8.28366e-16
 6295.22520 8.30145e-16
 6297.32883 8.12501e-16
 6299.44253 8.11645e-16
 6301.54616 7.95001e-16
 6303.64978 8.47132e-16
 6305.76348 8.26134e-16
 6307.86711 8.24131e-16
 6309.97074 8.08131e-16
 6312.08443 8.21097e-16
 6314.18806 8.38959e-16
 6316.30175 8.41991e-16
 6318.40538 8.32586e-16
 6320.50901 8.17542e-16
 6322.62270 8.06934e-16
 6324.72633 7.93017e-16
 6326.82996 8.01221e-16
 6328.94366 8.03477e-16
 6331.04729 8.18125e-16
 6333.15091 8.27263e-16
 6335.26461 8.51515e-16
 6337.36824 8.78398e-16
 6339.48193 8.72156e-16
 6341.58556 8.68752e-16
 6343.68919 8.74353e-16
 6345.80288 8.88077e-16
 6347.91658 8.91532e-16
 6350.01014 8.72579e-16
 6352.12384 8.82244e-16
 6354.22746 8.93504e-16
 6356.34116 8.81384e-16
 6358.44479 9.01038e-16
 6360.54842 9.27336e-16
 6362.66211 9.15781e-16
 6364.77580 9.26383e-16
 6366.86937 9.29022e-16
 6368.98306 9.16706e-16
 6371.09676 9.43698e-16
 6373.20039 9.57540e-16
 6375.30401 9.26469e-16
 6377.41771 9.42072e-16
 6379.52134 9.32756e-16
 6381.63503 9.47089e-16
 6383.72859 9.21472e-16
 6385.84229 9.49429e-16
 6387.95598 9.17260e-16
 6390.04955 9.36426e-16
 6392.16324 9.39294e-16
 6394.27693 9.56021e-16
 6396.38056 9.46351e-16
 6398.48419 9.61170e-16
 6400.59789 9.50351e-16
 6402.70152 9.38901e-16
 6404.81521 9.56222e-16
 6406.90877 9.39779e-16
 6409.02247 9.22283e-16
 6411.13616 9.36294e-16
 6413.23979 9.60110e-16
 6415.34342 9.62863e-16
 6417.45711 9.70770e-16
 6419.56074 9.62939e-16
 6421.67444 9.59164e-16
 6423.77807 9.65869e-16
 6425.88169 9.70140e-16
 6427.99539 9.72363e-16
 6430.10908 9.57707e-16
 6432.20265 9.45067e-16
 6434.31634 9.51249e-16
 6436.41997 9.50677e-16
 6438.53366 9.48789e-16
 6440.63729 9.49280e-16
 6442.74092 9.33414e-16
 6444.85462 9.38737e-16
 6446.96831 9.42616e-16
 6449.06187 9.29277e-16
 6451.17557 9.00436e-16
 6453.28926 9.09187e-16
 6455.38282 8.98971e-16
 6457.49652 8.90579e-16
 6459.60015 8.70047e-16
 6461.71384 8.65980e-16
 6463.81747 8.66006e-16
 6465.92110 8.34573e-16
 6468.03479 8.08983e-16
 6470.14849 8.26115e-16
 6472.24205 8.09725e-16
 6474.35575 7.97090e-16
 6476.46944 7.76994e-16
 6478.57307 7.96414e-16
 6480.67670 7.92827e-16
 6482.78033 7.66897e-16
 6484.89402 7.60354e-16
 6487.00771 7.68641e-16
 6489.10128 7.54572e-16
 6491.21497 7.68960e-16
 6493.32867 7.46668e-16
 6495.43230 7.43329e-16
 6497.53592 7.32394e-16
 6499.64962 7.36703e-16
 6501.75325 7.40424e-16
 6503.86694 7.39929e-16
 6505.97057 7.29728e-16
 6508.07420 7.38735e-16
 6510.18789 7.45317e-16
 6512.29152 7.47399e-16
 6514.39515 7.60249e-16
 6516.50885 7.64813e-16
 6518.61247 7.49188e-16
 6520.71610 7.40307e-16
 6522.82980 7.59642e-16
 6524.93343 7.67056e-16
 6527.04712 7.64269e-16
 6529.15075 7.63225e-16
 6531.25438 7.67852e-16
 6533.36807 7.78016e-16
 6535.47170 7.98836e-16
 6537.57533 8.02527e-16
 6539.68902 8.28141e-16
 6541.79265 8.37217e-16
 6543.90635 8.28666e-16
 6546.00998 8.25158e-16
 6548.11360 8.49549e-16
 6550.22730 8.37710e-16
 6552.34099 8.47125e-16
 6554.43456 8.64183e-16
 6556.54825 8.59921e-16
 6558.66194 9.04278e-16
 6560.76557 8.76218e-16
 6562.86920 8.85873e-16
 6564.97283 9.07946e-16
 6567.08653 9.20277e-16
 6569.20022 9.13620e-16
 6571.29378 9.16065e-16
 6573.40748 9.29517e-16
 6575.52117 9.42912e-16
 6577.62480 9.50486e-16
 6579.72843 9.53068e-16
 6581.84212 9.74718e-16
 6583.94575 9.68586e-16
 6586.05945 9.74700e-16
 6588.15301 1.00515e-15
 6590.26670 1.00994e-15
 6592.38040 1.00176e-15
 6594.47396 1.00931e-15
 6596.58766 1.02694e-15
 6598.70135 1.03544e-15
 6600.80498 1.07758e-15
 6602.90861 1.12987e-15
 6605.02230 1.14451e-15
 6607.12593 1.17390e-15
 6609.23962 1.18132e-15
 6611.33319 1.17228e-15
 6613.44688 1.16256e-15
 6615.56058 1.15766e-15
 6617.66421 1.12550e-15
 6619.76783 1.08456e-15
 6621.88153 1.09079e-15
 6623.98516 1.08998e-15
 6626.09885 1.10186e-15
 6628.20248 1.14648e-15
 6630.30611 1.12911e-15
 6632.41980 1.12897e-15
 6634.52343 1.15203e-15
 6636.62706 1.14978e-15
 6638.74076 1.11841e-15
 6640.84438 1.11851e-15
 6642.95808 1.11592e-15
 6645.06171 1.11053e-15
 6647.16534 1.09558e-15
 6649.27903 1.09674e-15
 6651.39272 1.08963e-15
 6653.48629 1.10574e-15
 6655.59998 1.08630e-15
 6657.71368 1.08919e-15
 6659.80724 1.11079e-15
 6661.92093 1.08874e-15
 6664.02456 1.08994e-15
 6666.13826 1.08738e-15
 6668.24189 1.08219e-15
 6670.34551 1.10018e-15
 6672.45921 1.09519e-15
 6674.57290 1.07561e-15
 6676.66647 1.07465e-15
 6678.78016 1.06964e-15
 6680.89385 1.07482e-15
 6682.99748 1.07701e-15
 6685.10111 1.07415e-15
 6687.20474 1.06450e-15
 6689.31844 1.05708e-15
 6691.43213 1.06256e-15
 6693.52569 1.04809e-15
 6695.63939 1.03614e-15
 6697.75308 1.05854e-15
 6699.85671 1.07285e-15
 6701.96034 1.08025e-15
 6704.07403 1.06723e-15
 6706.17766 1.06557e-15
 6708.29136 1.06589e-15
 6710.39499 1.03518e-15
 6712.49861 1.02923e-15
 6714.61231 1.02776e-15
 6716.71594 1.04966e-15
 6718.81957 1.01594e-15
 6720.93326 1.05901e-15
 6723.03689 1.05835e-15
 6725.14052 1.05434e-15
 6727.25421 1.06803e-15
 6729.35784 1.03982e-15
 6731.47154 1.05487e-15
 6733.57516 1.05343e-15
 6735.67879 1.04457e-15
 6737.79249 1.04195e-15
 6739.89612 1.02154e-15
 6741.99974 1.03089e-15
 6744.11344 1.02566e-15
 6746.21707 1.02180e-15
 6748.33076 1.02804e-15
 6750.43439 1.03212e-15
 6752.53802 1.03187e-15
 6754.65171 1.03399e-15
 6756.76541 1.02854e-15
 6758.85897 1.03624e-15
 6760.97267 1.03726e-15
 6763.07629 1.02617e-15
 6765.18999 1.01641e-15
 6767.29362 1.01620e-15
 6769.39725 1.02151e-15
 6771.51094 1.01954e-15
 6773.62463 1.01374e-15
 6775.71820 1.00708e-15
 6777.83189 1.00947e-15
 6779.94559 9.96505e-16
 6782.04922 9.96185e-16
 6784.15284 9.98463e-16
 6786.25647 9.96516e-16
 6788.37017 9.57894e-16
 6790.47380 9.74263e-16
 6792.57742 9.70090e-16
 6794.69112 9.54604e-16
 6796.80481 9.65192e-16
 6798.89838 9.24342e-16
 6801.01207 9.39330e-16
 6803.12577 9.45593e-16
 6805.22939 9.29776e-16
 6807.33302 9.22950e-16
 6809.44672 9.55334e-16
 6811.55035 9.36808e-16
 6813.66404 9.26257e-16
 6815.75760 9.15836e-16
 6817.87130 9.04886e-16
 6819.98499 9.08873e-16
 6822.08862 8.78918e-16
 6824.19225 8.64712e-16
 6826.30594 8.64462e-16
 6828.40957 8.49511e-16
 6830.52327 8.50456e-16
 6832.62690 8.39087e-16
 6834.73052 8.24977e-16
 6836.84422 8.19095e-16
 6838.95791 8.03140e-16
 6841.05148 8.05063e-16
 6843.16517 8.13044e-16
 6845.26880 8.13126e-16
 6847.37243 8.00373e-16
 6849.48612 7.77733e-16
 6851.58975 7.53748e-16
 6853.70345 7.40741e-16
 6855.80707 7.31400e-16
 6857.91070 7.02048e-16
 6860.02440 6.85105e-16
 6862.13809 6.62678e-16
 6864.23165 6.17827e-16
 6866.34535 5.77041e-16
 6868.44898 5.64939e-16
 6870.56267 5.55349e-16
 6872.66630 5.60567e-16
 6874.76993 5.66685e-16
 6876.88362 5.79146e-16
 6878.99732 5.94124e-16
 6881.09088 6.04254e-16
 6883.20458 6.16560e-16
 6885.31827 6.23987e-16
 6887.42190 6.21642e-16
 6889.52553 5.96774e-16
 6891.62916 6.34997e-16
 6893.74285 6.45708e-16
 6895.85654 6.54601e-16
 6897.95011 6.54991e-16
 6900.06380 6.64770e-16
 6902.17750 6.46904e-16
 6904.28113 6.67034e-16
 6906.38475 6.90106e-16
 6908.49845 7.03966e-16
 6910.60208 6.98817e-16
 6912.70571 6.94686e-16
 6914.80934 7.23826e-16
 6916.92303 7.36776e-16
 6919.03672 7.54720e-16
 6921.13029 7.77765e-16
 6923.24398 7.86219e-16
 6925.35768 7.84326e-16
 6927.46130 8.02016e-16
 6929.56493 7.96465e-16
 6931.67863 7.87453e-16
 6933.78226 8.07644e-16
 6935.89595 8.11883e-16
 6937.99958 8.14186e-16
 6940.10321 8.25071e-16
 6942.21690 8.30556e-16
 6944.32053 8.58351e-16
 6946.42416 8.62812e-16
 6948.53785 8.57398e-16
 6950.64148 8.59293e-16
 6952.75518 8.55332e-16
 6954.85881 8.56784e-16
 6956.96243 8.49053e-16
 6959.07613 8.85457e-16
 6961.18982 8.61749e-16
 6963.28339 8.76457e-16
 6965.39708 8.70873e-16
 6967.50071 8.80094e-16
 6969.61440 9.00961e-16
 6971.71803 9.38690e-16
 6973.82166 9.29656e-16
 6975.93536 9.07597e-16
 6978.04905 9.43159e-16
 6980.14261 8.95664e-16
 6982.25631 9.29134e-16
 6984.37000 9.11825e-16
 6986.46357 8.95787e-16
 6988.57726 8.97563e-16
 6990.69095 9.19072e-16
 6992.79458 9.19586e-16
 6994.89821 9.17464e-16
 6997.00184 9.39548e-16
 6999.11553 9.56372e-16
 7001.22923 9.58693e-16
 7003.32279 9.51544e-16
 7005.43649 9.71548e-16
 7007.55018 9.74585e-16
 7009.65381 9.45246e-16
 7011.75744 9.28489e-16
 7013.87113 9.48716e-16
 7015.97476 9.40535e-16
 7018.08846 9.44053e-16
 7020.18202 9.54666e-16
 7022.29571 9.71995e-16
 7024.40941 9.78542e-16
 7026.51304 1.00536e-15
 7028.61666 1.00865e-15
 7030.73036 1.01240e-15
 7032.83399 1.01188e-15
 7034.94768 1.00435e-15
 7037.05131 1.00245e-15
 7039.15494 9.82193e-16
 7041.26863 9.50482e-16
 7043.37226 9.48686e-16
 7045.47589 9.24297e-16
 7047.58959 9.35525e-16
 7049.69321 9.25794e-16
 7051.79684 9.32823e-16
 7053.91054 9.27180e-16
 7056.01417 9.61381e-16
 7058.12786 9.35225e-16
 7060.23149 9.59122e-16
 7062.33512 9.43074e-16
 7064.44881 9.10568e-16
 7066.55244 9.21601e-16
 7068.65607 9.13687e-16
 7070.76976 9.03516e-16
 7072.87339 8.99674e-16
 7074.98709 8.82168e-16
 7077.09072 8.75583e-16
 7079.19434 8.82081e-16
 7081.30804 8.77578e-16
 7083.42173 8.90546e-16
 7085.51530 8.92519e-16
 7087.62899 9.06715e-16
 7089.74269 9.13248e-16
 7091.84631 9.24202e-16
 7093.94994 9.07448e-16
 7096.05357 8.78260e-16
 7098.16727 8.68892e-16
 7100.27089 8.67269e-16
 7102.37452 8.69242e-16
 7104.48822 8.74060e-16
 7106.60191 8.80331e-16
 7108.69548 8.99964e-16
 7110.80917 9.10690e-16
 7112.92286 8.94875e-16
 7115.02649 8.94872e-16
 7117.13012 8.94091e-16
 7119.23375 9.11567e-16
 7121.34744 9.21546e-16
 7123.46114 9.10832e-16
 7125.55470 9.03105e-16
 7127.66840 8.92023e-16
 7129.78209 8.87282e-16
 7131.88572 8.65655e-16
 7133.98935 8.55179e-16
 7136.10304 8.74149e-16
 7138.20667 8.64524e-16
 7140.32037 8.58471e-16
 7142.42399 8.55984e-16
 7144.52762 8.58429e-16
 7146.64132 8.77414e-16
 7148.74495 8.67742e-16
 7150.84857 8.75134e-16
 7152.96227 8.38241e-16
 7155.06590 8.73946e-16
 7157.17959 8.54223e-16
 7159.28322 8.48380e-16
 7161.38685 8.36756e-16
 7163.50054 8.06819e-16
 7165.61424 8.04722e-16
 7167.70780 8.01859e-16
 7169.82150 8.05154e-16
 7171.92512 8.12500e-16
 7174.02875 8.24104e-16
 7176.14245 8.19103e-16
 7178.24608 8.20006e-16
 7180.35977 8.10338e-16
 7182.46340 7.87957e-16
 7184.56703 7.82603e-16
 7186.68072 7.82653e-16
 7188.79442 7.83921e-16
 7190.88798 7.72039e-16
 7193.00167 7.66427e-16
 7195.10530 7.75867e-16
 7197.21900 7.95090e-16
 7199.32263 8.01729e-16
 7201.42626 8.07247e-16
 7203.53995 8.22363e-16
 7205.65364 8.49105e-16
 7207.74721 8.33082e-16
 7209.86090 8.12402e-16
 7211.97460 8.03161e-16
 7214.07822 8.04199e-16
 7216.18185 8.03371e-16
 7218.29555 8.53897e-16
 7220.39918 8.76407e-16
 7222.51287 8.72640e-16
 7224.60643 8.69293e-16
 7226.72013 8.67360e-16
 7228.83382 8.62569e-16
 7230.93745 8.29835e-16
 7233.04108 8.09111e-16
 7235.15477 7.79847e-16
 7237.25840 7.92228e-16
 7239.36203 7.96046e-16
 7241.47573 8.02740e-16
 7243.57935 8.37351e-16
 7245.69305 8.56323e-16
 7247.78661 8.53825e-16
 7249.90031 8.93280e-16
 7252.01400 9.04521e-16
 7254.11763 8.79966e-16
 7256.22126 8.59270e-16
 7258.33495 8.50042e-16
 7260.43858 8.52059e-16
 7262.55228 8.44517e-16
 7264.65590 8.26513e-16
 7266.75953 8.15515e-16
 7268.87323 8.14037e-16
 7270.98692 8.21176e-16
 7273.08049 8.27765e-16
 7275.19418 8.39957e-16
 7277.29781 8.25038e-16
 7279.41150 8.19411e-16
 7281.51513 8.56857e-16
 7283.61876 8.45142e-16
 7285.73245 8.27335e-16
 7287.84615 8.38468e-16
 7289.93971 8.34070e-16
 7292.05341 7.95910e-16
 7294.15703 7.90218e-16
 7296.27073 7.56421e-16
 7298.37436 7.97350e-16
 7300.47799 7.69296e-16
 7302.59168 7.66536e-16
 7304.69531 7.82446e-16
 7306.79894 7.62915e-16
 7308.91263 7.85685e-16
 7311.02633 7.97275e-16
 7313.11989 8.10269e-16
 7315.23358 7.85481e-16
 7317.34728 8.03241e-16
 7319.45091 7.93311e-16
 7321.55454 7.89542e-16
 7323.65817 8.04483e-16
 7325.77186 8.07960e-16
 7327.88555 8.17841e-16
 7329.97912 8.13798e-16
 7332.09281 8.09490e-16
 7334.20651 8.07563e-16
 7336.31013 7.85656e-16
 7338.41376 7.67757e-16
 7340.52746 7.74382e-16
 7342.63109 7.88285e-16
 7344.74478 7.94724e-16
 7346.83834 7.86672e-16
 7348.95204 7.82229e-16
 7351.06573 7.94928e-16
 7353.16936 8.00615e-16
 7355.27299 7.91378e-16
 7357.38668 7.86342e-16
 7359.49031 7.71431e-16
 7361.60401 7.79745e-16
 7363.70764 8.09551e-16
 7365.81126 7.98736e-16
 7367.92496 7.87403e-16
 7370.03865 7.86565e-16
 7372.13222 7.74158e-16
 7374.24591 7.80386e-16
 7376.34954 8.23270e-16
 7378.45317 7.88024e-16
 7380.56686 7.54171e-16
 7382.67049 7.65950e-16
 7384.78419 7.65853e-16
 7386.88781 7.53306e-16
 7388.99144 7.36481e-16
 7391.10514 7.15781e-16
 7393.21883 7.03347e-16
 7395.31240 7.21838e-16
 7397.42609 7.28516e-16
 7399.52972 7.26332e-16
 7401.64341 7.36092e-16
 7403.74704 7.32100e-16
 7405.85067 7.25086e-16
 7407.96436 7.42515e-16
 7410.07806 7.47616e-16
 7412.17162 7.49005e-16
 7414.28532 7.52095e-16
 7416.39901 7.43090e-16
 7418.50264 7.28429e-16
 7420.60627 7.19055e-16
 7422.70990 7.15056e-16
 7424.82359 6.84216e-16
 7426.93729 6.88149e-16
 7429.03085 7.02889e-16
 7431.14454 7.11147e-16
 7433.25824 7.01681e-16
 7435.36187 7.18571e-16
 7437.46549 7.22963e-16
 7439.57919 6.87059e-16
 7441.68282 7.28212e-16
 7443.78645 7.62847e-16
 7445.90014 7.46002e-16
 7448.00377 7.50006e-16
 7450.11746 7.46243e-16
 7452.21103 7.35636e-16
 7454.32472 7.32015e-16
 7456.43842 7.04824e-16
 7458.54204 7.18205e-16
 7460.64567 7.02260e-16
 7462.75937 7.01643e-16
 7464.86300 6.84720e-16
 7466.97669 6.61995e-16
 7469.08032 6.72842e-16
 7471.18395 6.83934e-16
 7473.29764 6.68220e-16
 7475.40127 6.79850e-16
 7477.50490 6.86826e-16
 7479.61859 6.96692e-16
 7481.72222 6.96659e-16
 7483.83592 6.96142e-16
 7485.93955 7.17056e-16
 7488.04318 7.36015e-16
 7490.15687 7.30368e-16
 7492.27056 7.10047e-16
 7494.36413 7.14020e-16
 7496.47782 7.07816e-16
 7498.58145 6.80230e-16
 7500.69514 6.84595e-16
 7502.79877 6.81943e-16
 7504.90240 6.73720e-16
 7507.01610 6.48422e-16
 7509.11972 6.49758e-16
 7511.22335 6.66528e-16
 7513.33705 6.38272e-16
 7515.45074 6.39450e-16
 7517.54431 6.16889e-16
 7519.65800 6.15431e-16
 7521.77169 6.33097e-16
 7523.87532 6.47525e-16
 7525.97895 6.48982e-16
 7528.08258 6.27654e-16
 7530.19627 6.28450e-16
 7532.30997 6.58677e-16
 7534.40353 6.48816e-16
 7536.51723 6.32487e-16
 7538.63092 6.33468e-16
 7540.73455 6.32388e-16
 7542.83818 6.35716e-16
 7544.95187 6.20823e-16
 7547.05550 6.19687e-16
 7549.16920 6.14060e-16
 7551.26276 6.02399e-16
 7553.37645 5.91255e-16
 7555.49015 5.68562e-16
 7557.59378 5.72225e-16
 7559.69741 5.84343e-16
 7561.81110 5.73612e-16
 7563.91473 5.87983e-16
 7566.02842 5.91374e-16
 7568.13205 5.93032e-16
 7570.23568 5.95284e-16
 7572.34937 5.91181e-16
 7574.45300 5.98651e-16
 7576.55663 5.71585e-16
 7578.67033 5.68255e-16
 7580.77395 5.53191e-16
 7582.87758 5.41815e-16
