3600.00000000001  4.251201E-17
3603.70036101342  6.084039E-18
3607.40072202684  1.608879E-18
3611.10108304025  2.058568E-17
3614.80144405366  6.562004E-18
3618.50180506707  1.616248E-18
3622.20216608049  1.226804E-17
3625.9025270939  2.014783E-17
3629.60288810731  1.722077E-17
3633.30324912072  5.959313E-18
3637.00361013414  8.952899E-18
3640.70397114755  1.487737E-17
3644.40433216096  3.154403E-18
3648.10469317437  1.319125E-17
3651.80505418779  3.029357E-17
3655.5054152012  7.484409E-18
3659.20577621461  8.563548E-18
3662.90613722802  4.167610E-17
3666.60649824144  4.786488E-17
3670.30685925485  1.369009E-17
3674.00722026826  1.364785E-17
3677.70758128167  1.065992E-17
3681.40794229509  -3.519096E-18
3685.1083033085  -2.403857E-17
3688.80866432191  9.856567E-18
3692.50902533532  1.847280E-17
3696.20938634874  2.501885E-17
3699.90974736215  1.350326E-17
3703.61010837556  2.329379E-17
3707.31046938897  4.213872E-17
3711.01083040239  1.984025E-17
3714.7111914158  2.389318E-17
3718.41155242921  1.630335E-17
3722.11191344262  -6.075599E-19
3725.81227445604  5.015450E-17
3729.51263546945  6.504285E-17
3733.21299648286  5.116911E-17
3736.91335749627  1.271884E-17
3740.61371850969  -3.883497E-17
3744.3140795231  -6.303646E-17
3748.01444053651  -6.994381E-17
3751.71480154992  -6.551803E-17
3755.41516256334  -4.536425E-17
3759.11552357675  -9.688887E-18
3762.81588459016  1.243572E-17
3766.51624560357  1.902866E-17
3770.21660661698  3.702693E-17
3773.9169676304  2.399043E-17
3777.61732864381  -2.491875E-19
3781.31768965722  7.936749E-18
3785.01805067064  2.356844E-17
3788.71841168405  2.992564E-17
3792.41877269746  3.019967E-17
3796.11913371087  2.460277E-17
3799.81949472428  4.925072E-17
3803.5198557377  2.088574E-17
3807.22021675111  2.101271E-17
3810.92057776452  2.077685E-17
3814.62093877794  1.983945E-17
3818.32129979135  2.718274E-17
3822.02166080476  2.095351E-17
3825.72202181817  3.459541E-17
3829.42238283159  7.691011E-17
3833.122743845  1.194610E-16
3836.82310485841  8.810311E-17
3840.52346587182  4.114775E-17
3844.22382688523  2.111986E-17
3847.92418789865  2.695448E-17
3851.62454891206  2.721146E-17
3855.32490992547  1.140715E-18
3859.02527093888  -5.408629E-18
3862.7256319523  2.131679E-17
3866.42599296571  2.595222E-17
3870.12635397912  1.441277E-17
3873.82671499254  9.515362E-18
3877.52707600595  2.691266E-17
3881.22743701936  4.722082E-17
3884.92779803277  4.637827E-17
3888.62815904618  3.812219E-17
3892.3285200596  2.571697E-17
3896.02888107301  2.401516E-17
3899.72924208642  2.116462E-17
3903.42960309983  2.721562E-17
3907.12996411325  4.686155E-17
3910.83032512666  2.635723E-17
3914.53068614007  4.437813E-18
3918.23104715348  2.420473E-17
3921.9314081669  2.335730E-17
3925.63176918031  4.549902E-17
3929.33213019372  7.908324E-17
3933.03249120713  6.701249E-17
3936.73285222055  4.575512E-17
3940.43321323396  4.748936E-17
3944.13357424737  6.096074E-17
3947.83393526078  5.890325E-17
3951.5342962742  6.393441E-17
3955.23465728761  4.022832E-17
3958.93501830102  3.182302E-17
3962.63537931443  2.833119E-17
3966.33574032785  3.690510E-17
3970.03610134126  6.713903E-17
3973.73646235467  5.712484E-17
3977.43682336808  3.987818E-17
3981.1371843815  5.449060E-17
3984.83754539491  5.270183E-17
3988.53790640832  5.050142E-17
3992.23826742173  6.238763E-17
3995.93862843515  7.181333E-17
3999.63898944856  4.414272E-17
4003.33935046197  3.690331E-17
4007.03971147538  4.260217E-17
4010.7400724888  6.258883E-17
4014.44043350221  6.032639E-17
4018.14079451562  2.532388E-17
4021.84115552903  7.342206E-18
4025.54151654245  2.990685E-17
4029.24187755586  6.058007E-17
4032.94223856927  6.542991E-17
4036.64259958268  5.276836E-17
4040.3429605961  5.112748E-17
4044.04332160951  5.947776E-17
4047.74368262292  4.623300E-17
4051.44404363633  3.272515E-17
4055.14440464975  3.733082E-17
4058.84476566316  3.293881E-17
4062.54512667657  3.994686E-17
4066.24548768998  5.810037E-17
4069.9458487034  5.868556E-17
4073.64620971681  5.181291E-17
4077.34657073022  4.261358E-17
4081.04693174363  3.277623E-17
4084.74729275705  4.460711E-17
4088.44765377046  4.048382E-17
4092.14801478387  3.290690E-17
4095.84837579728  3.007094E-17
4099.5487368107  3.106644E-17
4103.24909782411  4.886266E-17
4106.94945883752  3.714308E-17
4110.64981985093  4.084331E-17
4114.35018086435  3.699782E-17
4118.05054187776  2.666118E-17
4121.75090289117  3.349627E-17
4125.45126390458  2.922409E-17
4129.151624918  3.133567E-17
4132.85198593141  5.258583E-17
4136.55234694482  3.353571E-17
4140.25270795823  3.393486E-17
4143.95306897165  4.814343E-17
4147.65342998506  2.427567E-17
4151.35379099847  1.409609E-17
4155.05415201188  3.761853E-17
4158.7545130253  4.991250E-17
4162.45487403871  3.368074E-17
4166.15523505212  3.277720E-17
4169.85559606553  4.739457E-17
4173.55595707895  3.229831E-17
4177.25631809236  1.561986E-17
4180.95667910577  2.913781E-17
4184.65704011918  3.656187E-17
4188.3574011326  3.476327E-17
4192.05776214601  3.905446E-17
4195.75812315942  4.545582E-17
4199.45848417283  4.878370E-17
4203.15884518625  6.210813E-17
4206.85920619966  5.881404E-17
4210.55956721307  4.273483E-17
4214.25992822648  3.637323E-17
4217.9602892399  4.238444E-17
4221.66065025331  4.259921E-17
4225.36101126672  3.332127E-17
4229.06137228013  2.474051E-17
4232.76173329355  2.963552E-17
4236.46209430696  3.459730E-17
4240.16245532037  2.300004E-17
4243.86281633378  2.821928E-17
4247.5631773472  3.921699E-17
4251.26353836061  4.933098E-17
4254.96389937402  4.234255E-17
4258.66426038743  4.047900E-17
4262.36462140085  5.364789E-17
4266.06498241426  5.034884E-17
4269.76534342767  4.255086E-17
4273.46570444108  3.711419E-17
4277.1660654545  3.254241E-17
4280.86642646791  2.399513E-17
4284.56678748132  2.903598E-17
4288.26714849473  4.531592E-17
4291.96750950815  4.510093E-17
4295.66787052156  4.191682E-17
4299.36823153497  4.150068E-17
4303.06859254838  5.004652E-17
4306.7689535618  4.813431E-17
4310.46931457521  4.165467E-17
4314.16967558862  4.570962E-17
4317.87003660203  5.149334E-17
4321.57039761545  4.199849E-17
4325.27075862886  2.755181E-17
4328.97111964227  2.885818E-17
4332.67148065568  3.770503E-17
4336.3718416691  2.902600E-17
4340.07220268251  3.273064E-17
4343.77256369592  4.858720E-17
4347.47292470933  4.493049E-17
4351.17328572275  3.871815E-17
4354.87364673616  4.226661E-17
4358.57400774957  3.820498E-17
4362.27436876298  5.289279E-17
4365.97472977639  5.859463E-17
4369.67509078981  3.262371E-17
4373.37545180322  3.896470E-17
4377.07581281663  4.326662E-17
4380.77617383004  4.258453E-17
4384.47653484346  4.632271E-17
4388.17689585687  4.023787E-17
4391.87725687028  4.484566E-17
4395.5776178837  3.128242E-17
4399.27797889711  3.877844E-17
4402.97833991052  4.017089E-17
4406.67870092393  3.520203E-17
4410.37906193735  4.284960E-17
4414.07942295076  3.651949E-17
4417.77978396417  4.226219E-17
4421.48014497758  4.373864E-17
4425.18050599099  3.564603E-17
4428.88086700441  3.091280E-17
4432.58122801782  2.626821E-17
4436.28158903123  3.128518E-17
4439.98195004465  4.471618E-17
4443.68231105806  4.800585E-17
4447.38267207147  4.766732E-17
4451.08303308488  5.613778E-17
4454.78339409829  3.992535E-17
4458.48375511171  3.413873E-17
4462.18411612512  4.019155E-17
4465.88447713853  6.266406E-17
4469.58483815194  5.112733E-17
4473.28519916536  5.391152E-17
4476.98556017877  7.396063E-17
4480.68592119218  5.099671E-17
4484.3862822056  3.588413E-17
4488.08664321901  4.848704E-17
4491.78700423242  4.790698E-17
4495.48736524583  3.740171E-17
4499.18772625925  4.127421E-17
4502.88808727266  4.568679E-17
4506.58844828607  3.554593E-17
4510.28880929948  5.716551E-17
4513.9891703129  5.361320E-17
4517.68953132631  3.887245E-17
4521.38989233972  2.968728E-17
4525.09025335313  4.117910E-17
4528.79061436655  4.653573E-17
4532.49097537996  4.249942E-17
4536.19133639337  3.808127E-17
4539.89169740678  4.159391E-17
4543.59205842019  3.279143E-17
4547.29241943361  4.337371E-17
4550.99278044702  3.980530E-17
4554.69314146043  3.669567E-17
4558.39350247384  4.882812E-17
4562.09386348726  4.736556E-17
4565.79422450067  3.308446E-17
4569.49458551408  2.901609E-17
4573.1949465275  4.483972E-17
4576.89530754091  3.416877E-17
4580.59566855432  3.557754E-17
4584.29602956773  5.853680E-17
4587.99639058115  5.742738E-17
4591.69675159456  4.155546E-17
4595.39711260797  4.806177E-17
4599.09747362138  4.961873E-17
4602.79783463479  4.732000E-17
4606.49819564821  4.524085E-17
4610.19855666162  4.391090E-17
4613.89891767503  4.402573E-17
4617.59927868844  5.091167E-17
4621.29963970186  4.315742E-17
4625.00000071527  3.577288E-17
4628.70036172868  3.523249E-17
4632.40072274209  3.144546E-17
4636.10108375551  3.195403E-17
4639.80144476892  3.139184E-17
4643.50180578233  3.060978E-17
4647.20216679574  2.274708E-17
4650.90252780916  2.894855E-17
4654.60288882257  3.281795E-17
4658.30324983598  3.775735E-17
4662.00361084939  3.382764E-17
4665.70397186281  2.774696E-17
4669.40433287622  2.067347E-17
4673.10469388963  2.760382E-17
4676.80505490304  3.455211E-17
4680.50541591646  3.201437E-17
4684.20577692987  2.890927E-17
4687.90613794328  3.159657E-17
4691.60649895669  4.139428E-17
4695.30685997011  4.558865E-17
4699.00722098352  4.502179E-17
4702.70758199693  4.209079E-17
4706.40794301034  3.722062E-17
4710.10830402376  2.169501E-17
4713.80866503717  3.150278E-17
4717.50902605058  6.109458E-17
4721.20938706399  5.606679E-17
4724.90974807741  4.870779E-17
4728.61010909082  3.706214E-17
4732.31047010423  2.419906E-17
4736.01083111764  1.164885E-17
4739.71119213106  1.555796E-17
4743.41155314447  2.876815E-17
4747.11191415788  3.641541E-17
4750.81227517129  3.575804E-17
4754.51263618471  3.023912E-17
4758.21299719812  3.505518E-17
4761.91335821153  3.457014E-17
4765.61371922494  2.586326E-17
4769.31408023836  3.351161E-17
4773.01444125177  3.707807E-17
4776.71480226518  3.225521E-17
4780.41516327859  2.643435E-17
4784.11552429201  3.456135E-17
4787.81588530542  3.455489E-17
4791.51624631883  2.818162E-17
4795.21660733224  2.275369E-17
4798.91696834566  2.721910E-17
4802.61732935907  2.553160E-17
4806.31769037248  2.806082E-17
4810.01805138589  3.586490E-17
4813.71841239931  3.316110E-17
4817.41877341272  2.456699E-17
4821.11913442613  2.836909E-17
4824.81949543954  2.971273E-17
4828.51985645296  3.071356E-17
4832.22021746637  3.017893E-17
4835.92057847978  3.176926E-17
4839.62093949319  3.490753E-17
4843.32130050661  3.940215E-17
4847.02166152002  3.858272E-17
4850.72202253343  4.269807E-17
4854.42238354684  3.821261E-17
4858.12274456026  3.551499E-17
4861.82310557367  4.163722E-17
4865.52346658708  5.939250E-17
4869.22382760049  7.302384E-17
4872.92418861391  8.495331E-17
4876.62454962732  9.064352E-17
4880.32491064073  8.974478E-17
4884.02527165414  9.100911E-17
4887.72563266756  8.152026E-17
4891.42599368097  5.702420E-17
4895.12635469438  4.940405E-17
4898.82671570779  5.750179E-17
4902.52707672121  7.001400E-17
4906.22743773462  7.203256E-17
4909.92779874803  6.493432E-17
4913.62815976144  5.678583E-17
4917.32852077486  4.609123E-17
4921.02888178827  3.839341E-17
4924.72924280168  3.260316E-17
4928.42960381509  3.727302E-17
4932.12996482851  3.424887E-17
4935.83032584192  4.387693E-17
4939.53068685533  5.288629E-17
4943.23104786874  3.754959E-17
4946.93140888216  3.805751E-17
4950.63176989557  3.980757E-17
4954.33213090898  4.531885E-17
4958.03249192239  4.910763E-17
4961.73285293581  3.725465E-17
4965.43321394922  2.980773E-17
4969.13357496263  2.942007E-17
4972.83393597604  4.129241E-17
4976.53429698946  3.236619E-17
4980.23465800287  2.277627E-17
4983.93501901628  1.481914E-17
4987.63538002969  1.832602E-17
4991.33574104311  2.174396E-17
4995.03610205652  1.903875E-17
4998.73646306993  2.554010E-17
5002.43682408334  2.235306E-17
5006.13718509676  2.699184E-17
5009.83754611017  2.401158E-17
5013.53790712358  2.539064E-17
5017.23826813699  2.179377E-17
5020.93862915041  2.789772E-17
5024.63899016382  3.546794E-17
5028.33935117723  3.524743E-17
5032.03971219064  1.614593E-17
5035.74007320406  1.381837E-17
5039.44043421747  1.566978E-17
5043.14079523088  1.507176E-17
5046.84115624429  3.320940E-17
5050.54151725771  2.899124E-17
5054.24187827112  3.189495E-17
5057.94223928453  4.530835E-17
5061.64260029794  3.861159E-17
5065.34296131135  3.067165E-17
5069.04332232477  3.828321E-17
5072.74368333818  3.562408E-17
5076.44404435159  3.190099E-17
5080.14440536501  2.888815E-17
5083.84476637842  2.333215E-17
5087.54512739183  3.330003E-17
5091.24548840524  2.554637E-17
5094.94584941866  1.506305E-17
5098.64621043207  1.924537E-17
5102.34657144548  3.203606E-17
5106.04693245889  3.017953E-17
5109.74729347231  2.771874E-17
5113.44765448572  3.331658E-17
5117.14801549913  3.905771E-17
5120.84837651254  2.898419E-17
5124.54873752595  3.477060E-17
5128.24909853937  3.524527E-17
5131.94945955278  2.195645E-17
5135.64982056619  2.875537E-17
5139.35018157961  3.055489E-17
5143.05054259302  3.211510E-17
5146.75090360643  3.398689E-17
5150.45126461984  3.106246E-17
5154.15162563325  3.509010E-17
5157.85198664667  4.079716E-17
5161.55234766008  2.855526E-17
5165.25270867349  3.148808E-17
5168.95306968691  3.797941E-17
5172.65343070032  2.481852E-17
5176.35379171373  3.042927E-17
5180.05415272714  3.662638E-17
5183.75451374056  4.761166E-17
5187.45487475397  4.613651E-17
5191.15523576738  4.031113E-17
5194.85559678079  4.015964E-17
5198.5559577942  4.843655E-17
5202.25631880762  4.200022E-17
5205.95667982103  3.883972E-17
5209.65704083444  3.410030E-17
5213.35740184785  4.323793E-17
5217.05776286127  4.199259E-17
5220.75812387468  4.035626E-17
5224.45848488809  3.605060E-17
5228.15884590151  3.730884E-17
5231.85920691492  3.373009E-17
5235.55956792833  4.228452E-17
5239.25992894174  4.730968E-17
5242.96028995516  4.511165E-17
5246.66065096857  3.841751E-17
5250.36101198198  3.484362E-17
5254.06137299539  4.338905E-17
5257.7617340088  3.862950E-17
5261.46209502222  3.832483E-17
5265.16245603563  3.736055E-17
5268.86281704904  2.489010E-17
5272.56317806245  2.894780E-17
5276.26353907587  3.188079E-17
5279.96390008928  3.572816E-17
5283.66426110269  3.392908E-17
5287.3646221161  3.699225E-17
5291.06498312952  4.788622E-17
5294.76534414293  4.958779E-17
5298.46570515634  3.868179E-17
5302.16606616976  4.137542E-17
5305.86642718317  4.383153E-17
5309.56678819658  4.272150E-17
5313.26714920999  4.827516E-17
5316.96751022341  3.953554E-17
5320.66787123682  2.624405E-17
5324.36823225023  2.665718E-17
5328.06859326364  3.043764E-17
5331.76895427705  3.175465E-17
5335.46931529047  2.998152E-17
5339.16967630388  3.168524E-17
5342.87003731729  3.193704E-17
5346.5703983307  2.838506E-17
5350.27075934412  3.085114E-17
5353.97112035753  3.644078E-17
5357.67148137094  3.372512E-17
5361.37184238435  3.248409E-17
5365.07220339777  2.834727E-17
5368.77256441118  3.034308E-17
5372.47292542459  3.148769E-17
5376.173286438  3.127415E-17
5379.87364745142  2.821971E-17
5383.57400846483  3.118157E-17
5387.27436947824  3.697434E-17
5390.97473049165  3.656191E-17
5394.67509150507  3.316736E-17
5398.37545251848  3.646024E-17
5402.07581353189  3.677627E-17
5405.7761745453  3.947942E-17
5409.47653555872  4.012511E-17
5413.17689657213  3.714920E-17
5416.87725758554  3.718277E-17
5420.57761859895  3.835323E-17
5424.27797961237  3.847771E-17
5427.97834062578  3.491767E-17
5431.67870163919  2.403416E-17
5435.3790626526  2.076325E-17
5439.07942366602  3.183561E-17
5442.77978467943  3.671032E-17
5446.48014569284  2.951667E-17
5450.18050670625  2.817122E-17
5453.88086771967  2.904256E-17
5457.58122873308  2.911671E-17
5461.28158974649  2.860015E-17
5464.9819507599  3.120955E-17
5468.68231177332  3.308667E-17
5472.38267278673  3.156325E-17
5476.08303380014  2.995498E-17
5479.78339481355  2.710672E-17
5483.48375582697  2.770167E-17
5487.18411684038  2.615699E-17
5490.88447785379  2.157076E-17
5494.5848388672  2.603999E-17
5498.28519988062  2.613841E-17
5501.98556089403  2.198261E-17
5505.68592190744  2.150290E-17
5509.38628292085  2.019739E-17
5513.08664393427  2.060019E-17
5516.78700494768  2.172124E-17
5520.48736596109  2.236886E-17
5524.1877269745  1.474545E-17
5527.88808798792  1.090640E-17
5531.58844900133  2.267902E-17
5535.28881001474  2.799200E-17
5538.98917102816  2.867061E-17
5542.68953204157  3.542487E-17
5546.38989305498  3.089182E-17
5550.09025406839  2.876711E-17
5553.7906150818  2.951785E-17
5557.49097609522  2.832909E-17
5561.19133710863  2.436330E-17
5564.89169812204  3.016119E-17
5568.59205913545  2.835481E-17
5572.29242014887  1.873816E-17
5575.99278116228  1.147895E-17
5579.69314217569  1.327810E-17
5583.3935031891  2.147924E-18
5587.09386420252  1.612508E-17
5590.79422521593  3.000798E-17
5594.49458622934  2.703876E-17
5598.19494724275  2.784942E-17
5601.89530825617  2.579168E-17
5605.59566926958  1.811225E-17
5609.29603028299  2.124310E-17
5612.9963912964  2.369801E-17
5616.69675230982  2.472319E-17
5620.39711332323  3.009429E-17
5624.09747433664  2.472287E-17
5627.79783535005  2.045506E-17
5631.49819636347  2.431047E-17
5635.19855737688  2.116784E-17
5638.89891839029  1.981501E-17
5642.5992794037  2.757322E-17
5646.29964041712  3.480994E-17
5650.00000143053  1.600613E-17
5653.70036244394  1.749228E-17
5657.40072345735  2.739610E-17
5661.10108447077  2.666113E-17
5664.80144548418  2.535119E-17
5668.50180649759  2.520744E-17
5672.202167511  2.389338E-17
5675.90252852442  2.737520E-17
5679.60288953783  2.337848E-17
5683.30325055124  2.051786E-17
5687.00361156465  2.606027E-17
5690.70397257807  2.510140E-17
5694.40433359148  1.894545E-17
5698.10469460489  2.015427E-17
5701.8050556183  1.957096E-17
5705.50541663172  1.821054E-17
5709.20577764513  1.070232E-17
5712.90613865854  2.191045E-17
5716.60649967195  3.159364E-17
5720.30686068536  2.752188E-17
5724.00722169878  1.479106E-17
5727.70758271219  2.318400E-17
5731.4079437256  2.918333E-17
5735.10830473902  2.337934E-17
5738.80866575243  1.491896E-17
5742.50902676584  1.859237E-17
5746.20938777925  2.513267E-17
5749.90974879267  2.463320E-17
5753.61010980608  2.577774E-17
5757.31047081949  2.445856E-17
5761.0108318329  2.001366E-17
5764.71119284632  1.539600E-17
5768.41155385973  2.615873E-17
5772.11191487314  3.136603E-17
5775.81227588655  2.908683E-17
5779.51263689996  2.656162E-17
5783.21299791338  2.592226E-17
5786.91335892679  2.461936E-17
5790.6137199402  2.049805E-17
5794.31408095361  2.008581E-17
5798.01444196703  2.096613E-17
5801.71480298044  1.754280E-17
5805.41516399385  1.815854E-17
5809.11552500726  1.846477E-17
5812.81588602068  1.779654E-17
5816.51624703409  1.844539E-17
5820.2166080475  2.038884E-17
5823.91696906091  1.617729E-17
5827.61733007433  2.987070E-17
5831.31769108774  3.108213E-17
5835.01805210115  2.667788E-17
5838.71841311457  2.651346E-17
5842.41877412798  2.665078E-17
5846.11913514139  2.076613E-17
5849.8194961548  1.851521E-17
5853.51985716822  1.478770E-17
5857.22021818163  1.603337E-17
5860.92057919504  1.714593E-17
5864.62094020845  1.567562E-17
5868.32130122186  2.376616E-17
5872.02166223528  2.700281E-17
5875.72202324869  2.537058E-17
5879.4223842621  3.198627E-17
5883.12274527551  2.843902E-17
5886.82310628893  2.230773E-17
5890.52346730234  1.971482E-17
5894.22382831575  3.743585E-18
5897.92418932916  7.271177E-18
5901.62455034258  2.311003E-17
5905.32491135599  2.512994E-17
5909.0252723694  2.481128E-17
5912.72563338281  2.544053E-17
5916.42599439623  2.463222E-17
5920.12635540964  2.409926E-17
5923.82671642305  2.410319E-17
5927.52707743646  3.035110E-17
5931.22743844988  4.120915E-17
5934.92779946329  5.227429E-17
5938.6281604767  5.181458E-17
5942.32852149012  4.779920E-17
5946.02888250353  3.594821E-17
5949.72924351694  2.985692E-17
5953.42960453035  3.912504E-17
5957.12996554376  3.609871E-17
5960.83032655718  2.793671E-17
5964.53068757059  3.312688E-17
5968.231048584  3.086433E-17
5971.93140959741  2.196996E-17
5975.63177061083  2.310442E-17
5979.33213162424  3.314220E-17
5983.03249263765  3.978743E-17
5986.73285365106  2.991229E-17
5990.43321466448  2.121854E-17
5994.13357567789  1.864802E-17
5997.8339366913  1.957245E-17
6001.53429770471  2.229681E-17
6005.23465871813  1.577865E-17
6008.93501973154  1.827582E-17
6012.63538074495  2.508188E-17
6016.33574175837  2.368598E-17
6020.03610277178  2.139160E-17
6023.73646378519  2.657577E-17
6027.4368247986  2.741959E-17
6031.13718581202  2.407812E-17
6034.83754682543  2.049041E-17
6038.53790783884  2.074807E-17
6042.23826885225  2.008003E-17
6045.93862986566  1.689084E-17
6049.63899087908  2.296536E-17
6053.33935189249  2.495689E-17
6057.0397129059  2.043193E-17
6060.74007391931  2.094756E-17
6064.44043493273  2.066529E-17
6068.14079594614  1.886294E-17
6071.84115695955  2.089448E-17
6075.54151797296  1.806357E-17
6079.24187898638  1.674439E-17
6082.94223999979  1.988090E-17
6086.6426010132  2.226589E-17
6090.34296202661  1.590954E-17
6094.04332304003  1.745820E-17
6097.74368405344  1.512147E-17
6101.44404506685  1.823263E-17
6105.14440608027  1.855014E-17
6108.84476709368  3.257312E-17
6112.54512810709  2.778339E-17
6116.2454891205  1.509387E-17
6119.94585013392  1.404471E-17
6123.64621114733  2.183475E-17
6127.34657216074  2.830970E-17
6131.04693317415  2.677695E-17
6134.74729418756  1.821680E-17
6138.44765520098  1.296527E-17
6142.14801621439  1.180273E-17
6145.8483772278  1.755302E-17
6149.54873824121  2.355729E-17
6153.24909925463  2.740194E-17
6156.94946026804  3.037735E-17
6160.64982128145  2.633157E-17
6164.35018229486  2.324454E-17
6168.05054330828  2.378484E-17
6171.75090432169  2.266580E-17
6175.4512653351  1.872475E-17
6179.15162634852  2.378122E-17
6182.85198736193  2.812299E-17
6186.55234837534  1.559814E-17
6190.25270938875  2.351872E-17
6193.95307040216  1.695870E-17
6197.65343141558  3.271035E-17
6201.35379242899  3.039273E-17
6205.0541534424  2.181793E-17
6208.75451445582  2.390043E-17
6212.45487546923  2.873851E-17
6216.15523648264  2.122995E-17
6219.85559749605  1.705762E-17
6223.55595850946  1.222022E-17
6227.25631952288  2.221609E-17
6230.95668053629  2.438490E-17
6234.6570415497  3.047510E-17
6238.35740256311  2.453460E-17
6242.05776357653  1.802544E-17
6245.75812458994  2.130351E-17
6249.45848560335  2.791157E-17
6253.15884661676  1.945319E-17
6256.85920763018  1.622216E-17
6260.55956864359  1.658506E-17
6264.259929657  9.588857E-18
6267.96029067041  1.385374E-17
6271.66065168383  2.051073E-17
6275.36101269724  2.146231E-17
6279.06137371065  2.405270E-17
6282.76173472406  1.977821E-17
6286.46209573748  2.060534E-17
6290.16245675089  1.711405E-17
6293.8628177643  9.460973E-18
6297.56317877771  8.697432E-18
6301.26353979113  1.797148E-17
6304.96390080454  1.827686E-17
6308.66426181795  2.380905E-17
6312.36462283136  2.112594E-17
6316.06498384478  1.853841E-17
6319.76534485819  1.892573E-17
6323.4657058716  2.244307E-17
6327.16606688501  1.849335E-17
6330.86642789843  -2.465239E-18
6334.56678891184  -8.474221E-18
6338.26714992525  -2.523716E-18
6341.96751093866  1.620741E-18
6345.66787195208  -5.929774E-18
6349.36823296549  -7.381096E-18
6353.0685939789  1.272074E-17
6356.76895499231  1.707933E-17
6360.46931600573  1.128427E-17
6364.16967701914  2.278358E-17
6367.87003803255  2.851955E-17
6371.57039904596  2.571873E-17
6375.27076005938  1.949902E-17
6378.97112107279  1.964620E-17
6382.6714820862  1.955620E-17
6386.37184309961  2.185642E-17
6390.07220411302  1.786249E-17
6393.77256512644  1.372414E-17
6397.47292613985  1.802968E-17
6401.17328715326  2.075090E-17
6404.87364816667  1.981871E-17
6408.57400918009  2.131904E-17
6412.2743701935  2.363823E-17
6415.97473120691  2.185434E-17
6419.67509222033  2.387256E-17
6423.37545323374  2.501709E-17
6427.07581424715  1.956731E-17
6430.77617526056  1.850882E-17
6434.47653627397  2.152837E-17
6438.17689728739  2.304111E-17
6441.8772583008  2.063171E-17
6445.57761931421  1.576540E-17
6449.27798032763  1.656005E-17
6452.97834134104  2.209599E-17
6456.67870235445  1.841960E-17
6460.37906336786  1.611932E-17
6464.07942438127  1.872310E-17
6467.77978539469  1.768798E-17
6471.4801464081  1.601524E-17
6475.18050742151  2.347739E-17
6478.88086843492  2.959960E-17
6482.58122944834  2.804078E-17
6486.28159046175  2.943600E-17
6489.98195147516  2.953925E-17
6493.68231248858  2.435070E-17
6497.38267350199  2.062738E-17
6501.0830345154  1.944176E-17
6504.78339552881  1.619735E-17
6508.48375654223  1.937671E-17
6512.18411755564  2.167632E-17
6515.88447856905  2.053557E-17
6519.58483958246  2.059436E-17
6523.28520059587  2.788063E-17
6526.98556160929  3.056659E-17
6530.6859226227  2.014801E-17
6534.38628363611  2.071592E-17
6538.08664464952  2.726089E-17
6541.78700566294  3.421240E-17
6545.48736667635  3.777253E-17
6549.18772768976  3.395821E-17
6552.88808870317  4.271373E-17
6556.58844971659  4.445224E-17
6560.28881073  5.211985E-17
6563.98917174341  7.630714E-17
6567.68953275683  1.055553E-16
6571.38989377024  1.659756E-16
6575.09025478365  2.450933E-16
6578.79061579706  3.284738E-16
6582.49097681047  3.822688E-16
6586.19133782389  3.936192E-16
6589.8916988373  3.718268E-16
6593.59205985071  3.217751E-16
6597.29242086412  2.692369E-16
6600.99278187754  2.607048E-16
6604.69314289095  3.034283E-16
6608.39350390436  3.712138E-16
6612.09386491777  4.127254E-16
6615.79422593119  3.857785E-16
6619.4945869446  3.360338E-16
6623.19494795801  2.876812E-16
6626.89530897142  2.610952E-16
6630.59566998484  2.642899E-16
6634.29603099825  2.664854E-16
6637.99639201166  2.644918E-16
6641.69675302507  2.322742E-16
6645.39711403849  1.771706E-16
6649.0974750519  1.217600E-16
6652.79783606531  8.283685E-17
6656.49819707872  6.464864E-17
6660.19855809214  4.984750E-17
6663.89891910555  4.054207E-17
6667.59928011896  3.868390E-17
6671.29964113238  3.706245E-17
6675.00000214579  3.147107E-17
6678.7003631592  3.682499E-17
6682.40072417261  3.702973E-17
6686.10108518603  3.123016E-17
6689.80144619944  1.884563E-17
6693.50180721285  1.763221E-17
6697.20216822626  1.848453E-17
6700.90252923967  2.572922E-17
6704.60289025309  2.799468E-17
6708.3032512665  2.183523E-17
6712.00361227991  2.964519E-17
6715.70397329332  3.141653E-17
6719.40433430674  3.178382E-17
6723.10469532015  3.676732E-17
6726.80505633356  3.373896E-17
6730.50541734697  3.242194E-17
6734.20577836039  3.457533E-17
6737.9061393738  3.112458E-17
6741.60650038721  3.254819E-17
6745.30686140062  2.742853E-17
6749.00722241404  1.859055E-17
6752.70758342745  1.033114E-17
6756.40794444086  1.217238E-17
6760.10830545427  8.990705E-18
6763.80866646769  1.024350E-17
6767.5090274811  1.609842E-17
6771.20938849451  1.175887E-17
6774.90974950792  7.902594E-18
6778.61011052134  1.432849E-17
6782.31047153475  1.988459E-17
6786.01083254816  1.764500E-17
6789.71119356157  1.517753E-17
6793.41155457499  8.440805E-18
6797.1119155884  1.949182E-17
6800.81227660181  1.786497E-17
6804.51263761522  2.357825E-17
6808.21299862864  2.013660E-17
6811.91335964205  6.909850E-18
6815.61372065546  1.194455E-17
6819.31408166887  7.596099E-18
6823.01444268229  1.560481E-17
6826.7148036957  7.267924E-18
6830.41516470911  6.153043E-20
6834.11552572252  9.432997E-18
6837.81588673594  2.383220E-17
6841.51624774935  1.765356E-17
6845.21660876276  1.054917E-17
6848.91696977618  1.197069E-17
6852.61733078959  2.334806E-17
6856.317691803  1.785020E-17
6860.01805281641  1.019037E-17
6863.71841382983  1.216912E-17
6867.41877484324  2.018654E-17
6871.11913585665  2.802448E-17
6874.81949687006  2.745311E-17
6878.51985788347  2.896157E-17
6882.22021889689  1.633852E-17
6885.9205799103  1.552097E-17
6889.62094092371  1.581820E-17
6893.32130193712  1.272176E-17
6897.02166295054  1.159082E-17
6900.72202396395  1.322626E-17
6904.42238497736  1.759747E-17
6908.12274599077  1.439433E-17
6911.82310700419  1.189605E-17
6915.5234680176  7.955372E-18
6919.22382903101  2.283902E-17
6922.92419004442  1.328016E-17
6926.62455105784  7.603198E-18
6930.32491207125  1.291947E-17
6934.02527308466  1.795404E-17
6937.72563409807  2.034864E-17
6941.42599511149  2.812448E-17
6945.1263561249  3.124939E-17
6948.82671713831  2.048804E-17
6952.52707815172  1.185581E-17
6956.22743916514  1.480643E-17
6959.92780017855  1.373856E-17
6963.62816119196  1.558218E-17
6967.32852220537  2.641970E-17
6971.02888321878  1.531613E-17
6974.7292442322  2.038510E-17
6978.42960524561  1.251967E-17
6982.12996625902  7.392200E-18
6985.83032727244  1.362362E-17
6989.53068828585  2.176527E-17
6993.23104929926  1.575213E-17
6996.93141031267  1.652659E-17
7000.63177132609  1.735821E-17
7004.3321323395  1.467813E-17
7008.03249335291  1.813086E-17
7011.73285436632  1.764904E-17
7015.43321537974  1.675853E-17
7019.13357639315  1.224345E-17
7022.83393740656  2.170686E-17
7026.53429841997  1.535443E-17
7030.23465943338  1.085441E-17
7033.9350204468  1.792447E-17
7037.63538146021  2.373405E-17
7041.33574247362  2.300696E-17
7045.03610348703  1.676939E-17
7048.73646450045  1.773978E-17
7052.43682551386  2.331284E-17
7056.13718652727  2.359906E-17
7059.83754754069  1.612745E-17
7063.5379085541  1.172814E-17
7067.23826956751  1.468302E-17
7070.93863058092  2.244076E-17
7074.63899159434  1.600037E-17
7078.33935260775  2.137349E-17
7082.03971362116  1.686235E-17
7085.74007463457  1.405757E-17
7089.44043564799  2.528209E-17
7093.1407966614  2.085191E-17
7096.84115767481  2.604799E-17
7100.54151868822  3.973430E-17
7104.24187970163  5.004267E-17
7107.94224071505  5.477714E-17
7111.64260172846  4.523672E-17
7115.34296274187  4.060825E-17
7119.04332375528  3.240435E-17
7122.7436847687  2.993139E-17
7126.44404578211  3.621719E-17
7130.14440679552  2.797253E-17
7133.84476780894  2.052766E-17
7137.54512882235  2.570432E-17
7141.24548983576  1.708837E-17
7144.94585084917  1.753348E-17
7148.64621186258  1.442513E-17
7152.346572876  8.551350E-18
7156.04693388941  1.870687E-17
7159.74729490282  1.830396E-17
7163.44765591624  2.124151E-17
7167.14801692965  1.794816E-17
7170.84837794306  1.613248E-17
7174.54873895647  1.277466E-17
7178.24909996989  1.971916E-17
7181.9494609833  1.753199E-17
7185.64982199671  2.325747E-17
7189.35018301012  1.527951E-17
7193.05054402353  1.585187E-17
7196.75090503695  2.041046E-17
7200.45126605036  2.168904E-17
7204.15162706377  1.993252E-17
7207.85198807718  2.689972E-17
7211.5523490906  1.912688E-17
7215.25271010401  1.679420E-17
7218.95307111742  1.722304E-17
7222.65343213083  1.367850E-17
7226.35379314425  1.184140E-17
7230.05415415766  2.279310E-17
7233.75451517107  1.412113E-17
7237.45487618448  1.248035E-17
7241.1552371979  1.768918E-17
7244.85559821131  5.362505E-18
7248.55595922472  5.110512E-18
7252.25632023813  1.800713E-17
7255.95668125155  2.384131E-17
7259.65704226496  1.747906E-17
7263.35740327837  1.209320E-17
7267.05776429178  8.922422E-18
7270.7581253052  -1.063341E-17
7274.45848631861  -2.135675E-18
7278.15884733202  2.608268E-17
7281.85920834543  1.695406E-17
7285.55956935885  4.638082E-18
7289.25993037226  1.836042E-17
7292.96029138567  1.301525E-17
7296.66065239908  9.930698E-18
7300.3610134125  1.272637E-17
7304.06137442591  2.216570E-17
7307.76173543932  2.627679E-17
7311.46209645273  1.351109E-17
7315.16245746615  2.233099E-17
7318.86281847956  2.371744E-17
7322.56317949297  2.001035E-17
7326.26354050638  2.780626E-17
7329.9639015198  3.291697E-17
7333.66426253321  4.004730E-17
7337.36462354662  2.862835E-17
7341.06498456003  2.722635E-17
7344.76534557345  2.611982E-17
7348.46570658686  3.939717E-17
7352.16606760027  4.263867E-17
7355.86642861368  3.776665E-17
7359.5667896271  2.544576E-17
7363.26715064051  1.807535E-17
7366.96751165392  2.461722E-17
7370.66787266734  3.367223E-17
7374.36823368075  3.139121E-17
7378.06859469416  1.918571E-17
7381.76895570757  1.918045E-17
7385.46931672098  2.435576E-17
7389.1696777344  2.348642E-17
7392.87003874781  2.295211E-17
7396.57039976122  1.791340E-17
7400.27076077463  1.526957E-17
7403.97112178805  1.924817E-17
7407.67148280146  1.967332E-17
7411.37184381487  1.445419E-17
7415.07220482828  2.227871E-17
7418.7725658417  2.308215E-17
7422.47292685511  1.778759E-17
7426.17328786852  2.945632E-17
7429.87364888193  2.255860E-17
7433.57400989535  2.241379E-17
7437.27437090876  2.369990E-17
7440.97473192217  2.773828E-17
7444.67509293558  1.735405E-17
7448.375453949  1.534243E-17
7452.07581496241  1.671886E-17
7455.77617597582  2.157738E-17
7459.47653698923  2.011254E-17
7463.17689800265  1.598293E-17
7466.87725901606  1.605490E-17
7470.57762002947  1.952420E-17
7474.27798104288  4.147048E-18
7477.9783420563  1.844954E-17
7481.67870306971  1.604582E-17
7485.37906408312  7.014850E-18
7489.07942509653  1.349908E-17
7492.77978610995  1.908227E-17
7496.48014712336  1.475477E-17
7500.18050813677  2.000298E-17
7503.88086915018  1.368575E-17
7507.5812301636  1.448074E-17
7511.28159117701  2.767752E-17
7514.98195219042  1.816356E-17
7518.68231320383  8.151095E-18
7522.38267421725  6.276100E-18
7526.08303523066  6.309724E-18
7529.78339624407  1.140277E-17
7533.48375725748  1.385219E-17
7537.1841182709  1.488204E-17
7540.88447928431  2.304468E-17
7544.58484029772  2.069785E-17
7548.28520131113  1.635245E-17
7551.98556232455  2.114977E-17
7555.68592333796  1.781599E-17
7559.38628435137  1.257356E-17
7563.08664536478  1.652304E-17
7566.7870063782  1.692964E-17
7570.48736739161  9.352497E-18
7574.18772840502  1.484001E-17
7577.88808941843  2.335986E-17
7581.58845043185  2.181155E-17
7585.28881144526  1.776944E-17
7588.98917245867  1.705281E-17
7592.68953347208  2.085005E-17
7596.3898944855  2.125728E-17
7600.09025549891  1.163695E-17
7603.79061651232  6.727552E-19
7607.49097752573  8.948998E-18
7611.19133853915  1.757301E-17
7614.89169955256  1.894432E-17
7618.59206056597  2.002002E-17
7622.29242157938  1.876446E-17
7625.9927825928  1.249779E-17
7629.69314360621  1.458151E-17
7633.39350461962  1.738976E-17
7637.09386563303  2.015381E-17
7640.79422664645  2.080685E-17
7644.49458765986  1.157813E-17
7648.19494867327  1.029588E-17
7651.89530968668  2.371775E-17
7655.5956707001  3.002956E-17
7659.29603171351  2.402547E-17
7662.99639272692  1.474679E-17
7666.69675374033  1.874439E-17
7670.39711475374  1.564350E-17
7674.09747576716  1.173242E-17
7677.79783678057  1.994159E-17
7681.49819779398  1.824640E-17
7685.1985588074  1.472406E-17
7688.89891982081  1.704222E-17
7692.59928083422  2.552369E-17
7696.29964184763  2.700167E-17
7700.00000286105  2.066811E-17
7703.70036387446  1.268240E-17
7707.40072488787  1.827715E-17
7711.10108590128  1.642477E-17
7714.80144691469  1.163369E-17
7718.50180792811  1.680461E-17
7722.20216894152  2.214726E-17
7725.90252995493  2.215779E-17
7729.60289096834  2.240313E-17
7733.30325198176  1.952030E-17
7737.00361299517  1.629253E-17
7740.70397400858  2.165423E-17
7744.404335022  2.898724E-17
7748.10469603541  2.937223E-17
7751.80505704882  2.409278E-17
7755.50541806223  2.259875E-17
7759.20577907564  2.313043E-17
7762.90614008906  1.433153E-17
7766.60650110247  1.265362E-17
7770.30686211588  1.632890E-17
7774.00722312929  1.279196E-17
7777.70758414271  1.707449E-17
7781.40794515612  2.184607E-17
7785.10830616953  2.092220E-17
7788.80866718294  2.194116E-17
7792.50902819636  1.248727E-17
7796.20938920977  7.254397E-18
7799.90975022318  2.162361E-17
7803.61011123659  2.243734E-17
7807.31047225001  1.370544E-17
7811.01083326342  2.114864E-17
7814.71119427683  1.973847E-17
7818.41155529025  1.168558E-17
7822.11191630366  1.907149E-17
7825.81227731707  2.051311E-17
7829.51263833048  1.670002E-17
7833.2129993439  2.176500E-17
7836.91336035731  1.842046E-17
7840.61372137072  1.287402E-17
7844.31408238413  1.521026E-17
7848.01444339754  1.387740E-17
7851.71480441096  1.376446E-17
7855.41516542437  7.482316E-18
7859.11552643778  1.090078E-17
7862.81588745119  1.372600E-17
7866.51624846461  1.128653E-17
7870.21660947802  1.333690E-17
7873.91697049143  2.660076E-17
7877.61733150484  2.056603E-17
7881.31769251826  1.147519E-17
7885.01805353167  5.673234E-18
7888.71841454508  1.355868E-17
7892.41877555849  2.032761E-17
7896.11913657191  1.598703E-17
7899.81949758532  1.756577E-17
7903.51985859873  2.695345E-17
7907.22021961214  2.248277E-17
7910.92058062556  1.372363E-17
7914.62094163897  7.045525E-18
7918.32130265238  -1.897274E-18
7922.02166366579  1.914188E-18
7925.72202467921  1.668610E-17
7929.42238569262  1.982625E-17
7933.12274670603  1.803346E-17
7936.82310771945  2.166490E-17
7940.52346873286  1.375965E-17
7944.22382974627  1.253839E-17
7947.92419075968  2.441484E-17
7951.62455177309  2.824176E-17
7955.32491278651  1.021947E-17
7959.02527379992  6.306820E-18
7962.72563481333  5.380316E-18
7966.42599582674  -1.934723E-18
7970.12635684016  2.606741E-18
7973.82671785357  1.168655E-17
7977.52707886698  5.857342E-18
7981.22743988039  1.215321E-17
7984.92780089381  2.411813E-17
7988.62816190722  1.150556E-17
7992.32852292063  4.687031E-18
7996.02888393404  2.400653E-17
7999.72924494746  2.461708E-17
8003.42960596087  2.036834E-17
8007.12996697428  1.772663E-17
8010.83032798769  1.350616E-17
8014.53068900111  6.609816E-18
8018.23105001452  2.236299E-17
8021.93141102793  1.588918E-17
8025.63177204134  9.325252E-18
8029.33213305476  -6.798262E-18
8033.03249406817  -1.006086E-17
8036.73285508158  6.524758E-18
8040.43321609499  1.456171E-17
8044.13357710841  2.026253E-17
8047.83393812182  2.745428E-17
8051.53429913523  3.728074E-18
8055.23466014864  -1.197248E-18
8058.93502116206  1.382022E-17
8062.63538217547  2.368275E-17
8066.33574318888  1.567244E-17
8070.03610420229  2.281589E-17
8073.73646521571  1.754094E-17
8077.43682622912  1.952492E-17
8081.13718724253  2.545350E-17
8084.83754825594  2.223217E-17
8088.53790926936  1.105273E-17
8092.23827028277  7.984305E-18
8095.93863129618  1.085831E-17
8099.63899230959  1.553540E-17
8103.33935332301  2.502392E-17
8107.03971433642  2.043749E-17
8110.74007534983  1.687250E-17
8114.44043636324  1.442708E-17
8118.14079737666  1.574606E-17
8121.84115839007  1.620557E-17
8125.54151940348  2.017543E-17
8129.24188041689  1.821133E-17
8132.94224143031  1.781115E-17
8136.64260244372  1.704548E-17
8140.34296345713  1.340104E-17
8144.04332447054  1.523592E-17
8147.74368548396  1.692813E-17
8151.44404649737  1.676132E-17
8155.14440751078  8.366979E-18
8158.84476852419  1.183402E-17
8162.54512953761  1.917392E-17
8166.24549055102  2.360119E-17
8169.94585156443  2.348924E-17
8173.64621257784  1.737492E-17
8177.34657359125  1.298702E-17
8181.04693460467  9.086669E-18
8184.74729561808  1.046535E-17
8188.44765663149  1.822922E-17
8192.1480176449  2.697511E-17
8195.84837865832  2.595176E-17
8199.54873967173  1.561370E-17
8203.24910068514  1.291567E-17
8206.94946169855  1.653972E-17
8210.64982271197  2.151742E-17
8214.35018372538  2.536622E-17
8218.05054473879  1.839191E-17
8221.7509057522  9.188570E-18
8225.45126676562  1.481027E-17
8229.15162777903  2.236355E-17
8232.85198879244  1.983084E-17
8236.55234980585  7.466868E-18
8240.25271081927  7.826871E-18
8243.95307183268  9.720430E-18
8247.65343284609  -7.559499E-18
8251.3537938595  -1.870200E-17
8255.05415487292  -1.789394E-17
8258.75451588633  6.647204E-19
8262.45487689974  9.417980E-18
8266.15523791316  1.273191E-17
8269.85559892657  2.360189E-17
8273.55595993998  1.592560E-17
8277.25632095339  2.727923E-17
8280.9566819668  5.058147E-17
8284.65704298022  5.310206E-17
8288.35740399363  8.186372E-17
8292.05776500704  4.955288E-17
8295.75812602046  4.350993E-17
8299.45848703387  1.827847E-17
8303.15884804728  3.074014E-17
8306.85920906069  8.316088E-18
8310.55957007411  1.043907E-17
8314.25993108752  9.508957E-18
8317.96029210093  1.065355E-17
8321.66065311434  2.594573E-17
8325.36101412775  1.548392E-17
8329.06137514117  1.168118E-18
8332.76173615458  9.115971E-18
8336.46209716799  3.062788E-17
8340.16245818141  2.883588E-17
8343.86281919482  6.189233E-18
8347.56318020823  1.970723E-17
8351.26354122164  6.087685E-18
8354.96390223505  -5.345333E-18
8358.66426324847  1.237649E-17
8362.36462426188  2.103606E-17
8366.06498527529  1.775110E-17
8369.76534628871  1.962458E-17
8373.46570730212  4.139999E-17
8377.16606831553  1.927484E-17
8380.86642932894  4.645102E-18
8384.56679034235  -7.704851E-18
8388.26715135577  1.030754E-18
8391.96751236918  -6.575207E-18
8395.66787338259  -1.160965E-17
8399.368234396  -1.797977E-17
8403.06859540942  -7.191081E-18
8406.76895642283  1.197416E-17
8410.46931743624  2.111978E-17
8414.16967844966  1.629383E-17
8417.87003946307  1.936355E-17
8421.57040047648  4.036597E-17
8425.27076148989  3.957462E-17
8428.9711225033  2.087059E-17
8432.67148351672  6.564674E-18
8436.37184453013  1.320033E-17
8440.07220554354  2.062840E-17
8443.77256655696  1.313018E-17
8447.47292757037  1.365006E-17
8451.17328858378  1.213244E-17
8454.87364959719  3.052138E-19
8458.5740106106  -3.197000E-17
8462.27437162402  -5.347646E-17
8465.97473263743  -2.145882E-17
8469.67509365084  5.600461E-18
8473.37545466425  1.647498E-17
8477.07581567767  3.336213E-17
8480.77617669108  3.624373E-17
8484.47653770449  4.430104E-17
8488.17689871791  4.723595E-17
8491.87725973132  4.438684E-17
8495.57762074473  4.104832E-17
8499.27798175814  4.317699E-17
8502.97834277155  4.317378E-17
8506.67870378497  3.623483E-17
8510.37906479838  2.721365E-17
8514.07942581179  2.917246E-17
8517.77978682521  3.130407E-17
8521.48014783862  4.126730E-17
8525.18050885203  4.044074E-17
8528.88086986544  6.074522E-17
8532.58123087885  9.786666E-17
8536.28159189227  7.870839E-17
8539.98195290568  5.857917E-17
8543.68231391909  4.948154E-17
8547.3826749325  3.484216E-17
8551.08303594592  3.585872E-17
8554.78339695933  3.365210E-17
8558.48375797274  3.578988E-17
8562.18411898615  4.680777E-17
8565.88447999956  3.301222E-17
8569.58484101298  1.711147E-17
8573.28520202639  3.372399E-17
8576.9855630398  3.587458E-17
8580.68592405322  2.683544E-17
8584.38628506663  1.793857E-17
8588.08664608004  4.266717E-17
8591.78700709346  3.578599E-17
8595.48736810687  4.282618E-17
8599.18772912028  3.977022E-17
8602.88809013369  3.314669E-17
8606.58845114711  2.813700E-17
8610.28881216052  3.694115E-17
8613.98917317393  5.051239E-17
8617.68953418734  4.532176E-17
8621.38989520076  3.533906E-17
8625.09025621417  3.127991E-17
8628.79061722758  3.207236E-17
8632.49097824099  2.035717E-17
8636.1913392544  2.235553E-17
8639.89170026782  3.140622E-17
8643.59206128123  2.510202E-17
8647.29242229464  2.855976E-17
8650.99278330805  1.724025E-17
8654.69314432147  2.014709E-18
8658.39350533488  3.585757E-18
8662.09386634829  2.466492E-17
8665.7942273617  3.036078E-17
8669.49458837512  2.919685E-17
8673.19494938853  2.291566E-17
8676.89531040194  2.463869E-17
8680.59567141536  3.605723E-17
8684.29603242877  2.719353E-17
8687.99639344218  1.983376E-17
8691.69675445559  2.431916E-17
8695.397115469  2.740452E-17
8699.09747648242  2.160449E-17
8702.79783749583  1.931910E-17
8706.49819850924  1.501092E-17
8710.19855952265  1.860310E-17
8713.89892053607  1.807747E-17
8717.59928154948  1.387822E-17
8721.29964256289  2.762812E-17
8725.0000035763  2.346928E-17
8728.70036458972  1.408499E-17
8732.40072560313  2.047397E-17
8736.10108661654  2.660366E-17
8739.80144762995  2.708310E-17
8743.50180864337  2.846286E-17
8747.20216965678  3.257135E-17
8750.90253067019  1.777086E-17
8754.6028916836  1.520509E-17
8758.30325269702  4.392152E-17
8762.00361371043  3.188742E-17
8765.70397472384  -1.499003E-17
8769.40433573725  1.606488E-18
8773.10469675067  -2.341335E-18
8776.80505776408  1.153443E-17
8780.50541877749  1.088005E-17
8784.2057797909  2.847180E-18
8787.90614080432  -1.354126E-17
8791.60650181773  -1.113007E-17
8795.30686283114  2.876933E-17
8799.00722384455  1.638167E-17
8802.70758485797  1.257537E-17
8806.40794587138  8.942086E-18
8810.10830688479  1.746902E-17
8813.8086678982  9.856851E-18
8817.50902891162  1.627615E-17
8821.20938992503  3.258007E-17
8824.90975093844  1.168013E-17
8828.61011195185  1.954670E-17
8832.31047296527  1.646004E-17
8836.01083397868  3.243918E-18
8839.71119499209  -1.218051E-20
8843.4115560055  1.156952E-18
8847.11191701892  6.746125E-18
8850.81227803233  -1.381251E-18
8854.51263904574  3.622702E-18
8858.21300005915  9.704377E-18
8861.91336107257  3.342301E-18
8865.61372208598  6.556288E-18
8869.31408309939  5.221947E-18
8873.0144441128  -3.353570E-18
8876.71480512622  1.426204E-17
8880.41516613963  4.026395E-17
8884.11552715304  3.709085E-17
8887.81588816645  5.098925E-17
8891.51624917987  5.363505E-17
8895.21661019328  2.844390E-17
8898.91697120669  2.062438E-17
8902.6173322201  1.633311E-17
8906.31769323351  1.154483E-17
8910.01805424693  1.587628E-17
8913.71841526034  3.153256E-17
8917.41877627375  1.487965E-17
8921.11913728717  7.059582E-18
8924.81949830058  -3.350210E-17
8928.51985931399  2.159840E-17
8932.2202203274  2.489718E-17
8935.92058134082  1.307198E-17
8939.62094235423  1.057612E-17
8943.32130336764  9.946060E-18
8947.02166438105  1.001515E-17
8950.72202539447  4.407096E-17
8954.42238640788  8.069513E-19
8958.12274742129  1.302753E-17
8961.8231084347  1.575148E-19
8965.52346944812  -1.429537E-18
8969.22383046153  1.152435E-17
8972.92419147494  1.115089E-17
8976.62455248835  3.088843E-17
8980.32491350176  2.622779E-17
8984.02527451518  2.767417E-17
8987.72563552859  3.031599E-17
8991.425996542  1.172262E-17
8995.12635755542  1.827094E-17
8998.82671856883  1.686063E-17
9002.52707958224  7.651851E-18
9006.22744059565  7.988018E-18
9009.92780160907  3.068383E-18
9013.62816262248  -5.511892E-19
9017.32852363589  4.186378E-18
9021.0288846493  1.242213E-18
9024.72924566272  4.308631E-19
9028.42960667613  8.180213E-18
9032.12996768954  7.857631E-18
9035.83032870295  1.999042E-17
9039.53068971636  3.651549E-17
9043.23105072978  2.120590E-17
9046.93141174319  1.561294E-17
9050.6317727566  3.001013E-17
9054.33213377001  2.643545E-17
9058.03249478343  1.422593E-17
9061.73285579684  9.339274E-18
9065.43321681025  -1.908800E-18
9069.13357782367  9.504577E-18
9072.83393883708  1.388563E-17
9076.53429985049  2.724595E-18
9080.2346608639  8.135731E-18
9083.93502187731  8.984823E-18
9087.63538289073  1.639461E-17
9091.33574390414  1.621852E-17
9095.03610491755  2.537540E-17
9098.73646593096  1.228266E-17
9102.43682694438  -1.268171E-17
9106.13718795779  -4.128012E-18
9109.8375489712  1.953274E-17
9113.53790998461  2.123309E-17
9117.23827099803  2.282698E-17
9120.93863201144  2.207077E-17
9124.63899302485  1.582085E-17
9128.33935403826  1.576767E-17
9132.03971505168  -9.156697E-18
9135.74007606509  2.578984E-18
9139.4404370785  7.176296E-18
9143.14079809192  7.801499E-18
9146.84115910533  1.738983E-17
9150.54152011874  1.901127E-17
9154.24188113215  3.647136E-18
9157.94224214556  -7.655507E-18
9161.64260315898  -1.678606E-17
9165.34296417239  -3.289369E-17
9169.0433251858  -2.613593E-17
9172.74368619921  -6.791250E-18
9176.44404721263  -3.685897E-18
9180.14440822604  -7.635254E-18
9183.84476923945  -6.902812E-18
9187.54513025286  1.961056E-18
9191.24549126628  6.486175E-18
9194.94585227969  9.414946E-18
9198.6462132931  1.653886E-17
9202.34657430651  6.693781E-20
9206.04693531993  7.160854E-18
9209.74729633334  1.314874E-17
9213.44765734675  9.167041E-18
9217.14801836016  -3.069409E-19
9220.84837937358  1.205078E-17
9224.54874038699  1.867784E-17
9228.2491014004  3.205816E-18
9231.94946241381  1.188378E-17
9235.64982342723  1.812796E-17
9239.35018444064  2.542756E-17
9243.05054545405  9.102366E-18
9246.75090646746  1.617378E-17
9250.45126748088  9.622690E-18
9254.15162849429  1.669808E-17
9257.8519895077  2.626645E-17
9261.55235052111  1.427798E-17
9265.25271153453  2.183507E-17
9268.95307254794  1.726451E-17
9272.65343356135  1.761937E-17
9276.35379457476  1.576380E-17
9280.05415558818  -7.754547E-20
9283.75451660159  1.326948E-17
9287.454877615  2.043412E-17
9291.15523862841  2.263593E-17
9294.85559964183  2.104325E-17
9298.55596065524  1.792526E-17
9302.25632166865  3.984851E-17
9305.95668268206  4.021162E-17
9309.65704369548  5.093401E-18
9313.35740470889  -5.656177E-18
9317.0577657223  1.534974E-17
9320.75812673571  2.417041E-17
9324.45848774912  2.265638E-18
9328.15884876254  -7.440502E-18
9331.85920977595  3.320574E-17
9335.55957078936  4.598107E-17
9339.25993180278  -3.523161E-17
9342.96029281619  -7.586723E-17
9346.6606538296  -2.042573E-17
9350.36101484301  2.679844E-17
9354.06137585643  2.739621E-17
9357.76173686984  4.986476E-18
9361.46209788325  4.767642E-18
9365.16245889666  -2.311605E-17
9368.86281991007  2.091484E-17
9372.56318092349  3.324318E-17
9376.2635419369  7.514857E-17
9379.96390295031  1.598978E-17
9383.66426396373  2.311456E-17
9387.36462497714  1.601121E-17
9391.06498599055  1.545327E-17
9394.76534700396  2.633768E-17
9398.46570801737  2.422411E-17
9402.16606903079  -1.432716E-17
9405.8664300442  -2.267329E-17
9409.56679105761  -1.610352E-18
9413.26715207103  3.821741E-19
9416.96751308444  -1.682989E-17
9420.66787409785  -1.640974E-17
9424.36823511126  -9.599962E-20
9428.06859612467  -5.113793E-18
9431.76895713809  -2.862651E-17
9435.4693181515  -2.212123E-17
9439.16967916491  7.660921E-18
9442.87004017832  1.842427E-17
9446.57040119174  2.206207E-17
9450.27076220515  3.240859E-17
9453.97112321856  2.204176E-17
9457.67148423198  -6.717200E-18
9461.37184524539  8.537685E-18
9465.0722062588  3.208191E-17
9468.77256727221  1.701214E-17
9472.47292828562  -4.051141E-17
9476.17328929904  -4.374786E-17
9479.87365031245  6.471005E-18
9483.57401132586  6.435459E-18
9487.27437233928  -5.859896E-18
9490.97473335269  2.058959E-17
9494.6750943661  2.647023E-17
9498.37545537951  2.717975E-17
9502.07581639292  3.429621E-17
9505.77617740634  1.675868E-17
9509.47653841975  1.751079E-17
9513.17689943316  1.849446E-17
9516.87726044657  -9.228794E-18
9520.57762145999  -2.981748E-17
9524.2779824734  2.950170E-17
9527.97834348681  1.281980E-17
9531.67870450023  -1.525750E-17
9535.37906551364  1.827132E-17
9539.07942652705  2.545575E-17
9542.77978754046  1.422238E-17
9546.48014855387  1.882965E-17
9550.18050956729  2.917003E-17
9553.8808705807  4.349876E-17
9557.58123159411  5.367613E-17
9561.28159260752  3.142154E-17
9564.98195362094  1.369767E-18
9568.68231463435  1.556450E-17
9572.38267564776  -1.283667E-17
9576.08303666117  -1.083529E-17
9579.78339767459  2.431344E-17
9583.483758688  1.551854E-17
9587.18411970141  1.680668E-18
9590.88448071482  -1.263309E-18
9594.58484172824  1.336141E-17
9598.28520274165  2.955015E-17
9601.98556375506  3.812465E-17
9605.68592476847  3.549034E-18
9609.38628578189  3.844030E-17
9613.0866467953  -1.000012E-18
9616.78700780871  -2.842009E-17
9620.48736882212  -1.538830E-17
9624.18772983554  1.637619E-17
9627.88809084895  2.735149E-17
9631.58845186236  6.543963E-18
9635.28881287578  9.205868E-18
9638.98917388919  1.125289E-17
9642.6895349026  1.943789E-17
9646.38989591601  5.597186E-18
9650.09025692943  2.003419E-18
9653.79061794284  2.610723E-17
9657.49097895625  3.271506E-17
9661.19133996966  2.164968E-17
9664.89170098307  1.155223E-17
9668.59206199649  -1.269626E-17
9672.2924230099  -3.840202E-17
9675.99278402331  -2.068340E-17
9679.69314503672  1.437102E-17
9683.39350605014  1.137826E-17
9687.09386706355  2.799237E-18
9690.79422807696  2.367793E-17
9694.49458909038  4.847458E-18
9698.19495010379  2.226914E-17
9701.8953111172  -3.808981E-18
9705.59567213061  3.344753E-17
9709.29603314402  5.563290E-18
9712.99639415744  -9.519148E-18
9716.69675517085  5.258369E-18
9720.39711618426  8.744805E-18
9724.09747719767  -1.875067E-17
9727.79783821109  5.195035E-18
9731.4981992245  3.130976E-17
9735.19856023791  -3.022033E-18
9738.89892125132  6.926743E-18
9742.59928226474  1.824652E-17
9746.29964327815  1.747156E-17
9750.00000429156  1.747156E-17
