3485.37999129  2.315686E-16
3487.43999123278  2.315686E-16
3489.49999117556  2.280192E-16
3491.55999111834  2.239571E-16
3493.61999106112  2.198950E-16
3495.6799910039  2.116876E-16
3497.73999094668  2.009543E-16
3499.79999088946  1.902210E-16
3501.85999083224  1.640827E-16
3503.91999077502  1.115939E-16
3505.9799907178  5.910511E-17
3508.03999066058  1.059979E-17
3510.09999060336  -7.697347E-18
3512.15999054614  -2.599449E-17
3514.21999048892  -4.429163E-17
3516.2799904317  -1.070708E-17
3518.33999037448  3.103863E-17
3520.39999031726  7.278434E-17
3522.45999026004  7.858626E-17
3524.51999020282  6.156675E-17
3526.5799901456  4.454724E-17
3528.63999008838  6.442990E-17
3530.69999003116  1.501380E-16
3532.75998997394  2.358462E-16
3534.81998991672  3.117067E-16
3536.8799898595  3.052053E-16
3538.93998980228  2.987038E-16
3540.99998974506  2.922023E-16
3543.05998968784  2.511039E-16
3545.11998963062  2.041084E-16
3547.1799895734  1.571128E-16
3549.23998951618  1.307530E-16
3551.29998945896  1.180393E-16
3553.35998940174  1.053256E-16
3555.41998934452  1.040119E-16
3557.4799892873  1.239148E-16
3559.53998923008  1.438177E-16
3561.59998917286  1.570876E-16
3563.65998911564  1.086700E-16
3565.71998905842  6.025245E-17
3567.7799890012  1.183488E-17
3569.83998894398  2.799634E-17
3571.89998888676  5.603441E-17
3573.95998882954  8.407248E-17
3576.01998877232  1.006975E-16
3578.0799887151  1.094643E-16
3580.13998865788  1.182311E-16
3582.19998860066  1.170600E-16
3584.25998854344  9.658091E-17
3586.31998848622  7.610185E-17
3588.379988429  5.896104E-17
3590.43998837178  7.668648E-17
3592.49998831456  9.441192E-17
3594.55998825734  1.121374E-16
3596.61998820012  1.208126E-16
3598.6799881429  1.276989E-16
3600.73998808568  1.345852E-16
3602.79998802846  1.308471E-16
3604.85998797124  1.194951E-16
3606.91998791402  1.081430E-16
3608.9799878568  1.027953E-16
3611.03998779958  1.096332E-16
3613.09998774236  1.164711E-16
3615.15998768514  1.219488E-16
3617.21998762792  1.112730E-16
3619.2799875707  1.005972E-16
3621.33998751348  8.992148E-17
3623.39998745626  6.554718E-17
3625.45998739904  3.827202E-17
3627.51998734182  1.099684E-17
3629.5799872846  2.138650E-17
3631.63998722738  5.986519E-17
3633.69998717016  9.834387E-17
3635.75998711294  1.180775E-16
3637.81998705572  9.804892E-17
3639.8799869985  7.802032E-17
3641.93998694128  6.219187E-17
3643.99998688406  1.039651E-16
3646.05998682684  1.457384E-16
3648.11998676962  1.875117E-16
3650.1799867124  1.754121E-16
3652.23998665518  1.511270E-16
3654.29998659796  1.268418E-16
3656.35998654074  1.222739E-16
3658.41998648352  1.330036E-16
3660.4799864263  1.437334E-16
3662.53998636908  1.547152E-16
3664.59998631186  1.662562E-16
3666.65998625464  1.777972E-16
3668.71998619742  1.871076E-16
3670.7799861402  1.603563E-16
3672.83998608298  1.336050E-16
3674.89998602576  1.068536E-16
3676.95998596854  1.067497E-16
3679.01998591132  1.130669E-16
3681.0799858541  1.193840E-16
3683.13998579688  1.114093E-16
3685.19998573966  9.190080E-17
3687.25998568244  7.239229E-17
3689.31998562522  6.010705E-17
3691.379985568  6.459842E-17
3693.43998551078  6.908980E-17
3695.49998545356  7.440287E-17
3697.55998539634  9.582105E-17
3699.61998533912  1.172392E-16
3701.6799852819  1.386574E-16
3703.73998522468  1.607654E-16
3705.79998516746  1.830500E-16
3707.85998511024  2.053347E-16
3709.91998505302  1.920278E-16
3711.9799849958  1.488495E-16
3714.03998493858  1.056712E-16
3716.09998488136  8.324193E-17
3718.15998482414  1.113018E-16
3720.21998476692  1.393617E-16
3722.2799847097  1.661707E-16
3724.33998465248  1.620215E-16
3726.39998459526  1.578724E-16
3728.45998453804  1.537232E-16
3730.51998448082  1.572610E-16
3732.5799844236  1.628866E-16
3734.63998436638  1.685122E-16
3736.69998430916  1.584035E-16
3738.75998425194  1.345630E-16
3740.81998419472  1.107225E-16
3742.8799841375  9.636556E-17
3744.93998408028  1.062081E-16
3746.99998402306  1.160505E-16
3749.05998396584  1.256583E-16
3751.11998390862  1.274411E-16
3753.1799838514  1.292239E-16
3755.23998379418  1.310067E-16
3757.29998373696  1.511627E-16
3759.35998367974  1.766011E-16
3761.41998362252  2.020395E-16
3763.4799835653  2.091410E-16
3765.53998350808  1.996033E-16
3767.59998345086  1.900657E-16
3769.65998339364  1.774779E-16
3771.71998333642  1.567201E-16
3773.7799832792  1.359622E-16
3775.83998322198  1.156056E-16
3777.89998316476  1.155081E-16
3779.95998310754  1.154106E-16
3782.01998305032  1.153131E-16
3784.0799829931  1.345586E-16
3786.13998293588  1.596806E-16
3788.19998287866  1.848026E-16
3790.25998282144  1.974039E-16
3792.31998276422  1.981934E-16
3794.379982707  1.989829E-16
3796.43998264978  1.987725E-16
3798.49998259256  1.957477E-16
3800.55998253534  1.927229E-16
3802.61998247812  1.896528E-16
3804.6799824209  1.819654E-16
3806.73998236368  1.742781E-16
3808.79998230646  1.665908E-16
3810.85998224924  1.645959E-16
3812.91998219202  1.644255E-16
3814.9799821348  1.642550E-16
3817.03998207758  1.616506E-16
3819.09998202036  1.566590E-16
3821.15998196314  1.516673E-16
3823.21998190592  1.525103E-16
3825.2799818487  1.706324E-16
3827.33998179148  1.887546E-16
3829.39998173426  2.068767E-16
3831.45998167704  1.849571E-16
3833.51998161982  1.630375E-16
3835.5799815626  1.411179E-16
3837.63998150538  1.300166E-16
3839.69998144816  1.225682E-16
3841.75998139094  1.151199E-16
3843.81998133372  1.116260E-16
3845.8799812765  1.121641E-16
3847.93998121928  1.127023E-16
3849.99998116206  1.167314E-16
3852.05998110484  1.316523E-16
3854.11998104762  1.465731E-16
3856.1799809904  1.614939E-16
3858.23998093318  1.647844E-16
3860.29998087596  1.679609E-16
3862.35998081874  1.711374E-16
3864.41998076152  1.752731E-16
3866.4799807043  1.797496E-16
3868.53998064708  1.842261E-16
3870.59998058986  1.890859E-16
3872.65998053264  1.943521E-16
3874.71998047542  1.996184E-16
3876.7799804182  2.078582E-16
3878.83998036098  2.258860E-16
3880.89998030376  2.439138E-16
3882.95998024654  2.619416E-16
3885.01998018932  2.420812E-16
3887.0799801321  2.214706E-16
3889.13998007488  2.008600E-16
3891.19998001766  1.992978E-16
3893.25997996044  2.048469E-16
3895.31997990322  2.103960E-16
3897.379979846  2.078446E-16
3899.43997978878  1.963662E-16
3901.49997973156  1.848877E-16
3903.55997967434  1.815494E-16
3905.61997961712  2.065250E-16
3907.6799795599  2.315006E-16
3909.73997950268  2.564761E-16
3911.79997944546  2.399281E-16
3913.85997938824  2.221345E-16
3915.91997933102  2.043408E-16
3917.9799792738  2.065393E-16
3920.03997921658  2.165725E-16
3922.09997915936  2.266058E-16
3924.15997910214  2.237692E-16
3926.21997904492  2.061859E-16
3928.2799789877  1.886026E-16
3930.33997893048  1.780389E-16
3932.39997887326  1.933205E-16
3934.45997881604  2.086020E-16
3936.51997875882  2.238836E-16
3938.5799787016  2.270447E-16
3940.63997864438  2.297162E-16
3942.69997858716  2.323876E-16
3944.75997852994  2.276996E-16
3946.81997847272  2.199872E-16
3948.8799784155  2.122747E-16
3950.93997835828  2.114834E-16
3952.99997830106  2.189383E-16
3955.05997824384  2.263932E-16
3957.11997818662  2.332111E-16
3959.1799781294  2.375411E-16
3961.23997807218  2.418711E-16
3963.29997801496  2.462011E-16
3965.35997795774  2.346462E-16
3967.41997790052  2.222807E-16
3969.4799778433  2.099153E-16
3971.53997778608  1.986321E-16
3973.59997772886  1.878149E-16
3975.65997767164  1.769976E-16
3977.71997761442  1.760263E-16
3979.7799775572  1.872551E-16
3981.83997749998  1.984840E-16
3983.89997744276  2.092855E-16
3985.95997738554  2.183136E-16
3988.01997732832  2.273418E-16
3990.0799772711  2.363699E-16
3992.13997721388  2.417169E-16
3994.19997715666  2.468363E-16
3996.25997709944  2.519556E-16
3998.31997704222  2.498598E-16
4000.379976985  2.445119E-16
4002.43997692778  2.391641E-16
4004.49997687056  2.340756E-16
4006.55997681334  2.293213E-16
4008.61997675612  2.245670E-16
4010.6799766989  2.207774E-16
4012.73997664169  2.212526E-16
4014.79997658446  2.217278E-16
4016.85997652724  2.222031E-16
4018.91997647002  2.187157E-16
4020.9799764128  2.149394E-16
4023.03997635558  2.111632E-16
4025.09997629836  2.090290E-16
4027.15997624114  2.076691E-16
4029.21997618392  2.063091E-16
4031.2799761267  2.037719E-16
4033.33997606948  1.996562E-16
4035.39997601226  1.955404E-16
4037.45997595504  1.926208E-16
4039.51997589782  1.953494E-16
4041.5799758406  1.980780E-16
4043.63997578338  2.008066E-16
4045.69997572616  2.081611E-16
4047.75997566894  2.159051E-16
4049.81997561172  2.236491E-16
4051.8799755545  2.344203E-16
4053.93997549728  2.466832E-16
4055.99997544006  2.589461E-16
4058.05997538284  2.561650E-16
4060.11997532562  2.323924E-16
4062.1799752684  2.086199E-16
4064.23997521118  1.912320E-16
4066.29997515396  2.061433E-16
4068.35997509674  2.210546E-16
4070.41997503952  2.359658E-16
4072.4799749823  2.335861E-16
4074.53997492508  2.295509E-16
4076.59997486786  2.255156E-16
4078.65997481064  2.124421E-16
4080.71997475342  1.947167E-16
4082.7799746962  1.769912E-16
4084.83997463898  1.740496E-16
4086.89997458176  1.925800E-16
4088.95997452454  2.111103E-16
4091.01997446732  2.245920E-16
4093.0799744101  2.106215E-16
4095.13997435288  1.966510E-16
4097.19997429566  1.826805E-16
4099.25997423844  1.843414E-16
4101.31997418122  1.876830E-16
4103.379974124  1.910246E-16
4105.43997406678  1.990014E-16
4107.49997400956  2.094686E-16
4109.55997395234  2.199358E-16
4111.61997389512  2.242727E-16
4113.6799738379  2.193393E-16
4115.73997378068  2.144059E-16
4117.79997372346  2.099256E-16
4119.85997366624  2.081033E-16
4121.91997360902  2.062809E-16
4123.9799735518  2.044586E-16
4126.03997349458  2.058898E-16
4128.09997343736  2.077100E-16
4130.15997338014  2.095302E-16
4132.21997332292  2.092659E-16
4134.2799732657  2.078330E-16
4136.33997320848  2.064001E-16
4138.39997315126  2.066113E-16
4140.45997309404  2.094120E-16
4142.51997303682  2.122128E-16
4144.5799729796  2.142507E-16
4146.63997292238  2.114389E-16
4148.69997286516  2.086270E-16
4150.75997280794  2.058152E-16
4152.81997275072  2.153378E-16
4154.8799726935  2.264869E-16
4156.93997263628  2.376360E-16
4158.99997257906  2.349189E-16
4161.05997252184  2.240956E-16
4163.11997246462  2.132722E-16
4165.1799724074  2.074369E-16
4167.23997235018  2.097874E-16
4169.29997229296  2.121378E-16
4171.35997223574  2.151797E-16
4173.41997217852  2.230086E-16
4175.4799721213  2.308374E-16
4177.53997206408  2.386663E-16
4179.59997200686  2.491172E-16
4181.65997194964  2.599469E-16
4183.71997189242  2.707766E-16
4185.7799718352  2.627232E-16
4187.83997177798  2.431629E-16
4189.89997172077  2.236026E-16
4191.95997166354  2.081465E-16
4194.01997160632  1.997106E-16
4196.0799715491  1.912748E-16
4198.13997149188  1.859439E-16
4200.19997143466  2.041586E-16
4202.25997137744  2.223733E-16
4204.31997132022  2.405880E-16
4206.379971263  2.398801E-16
4208.43997120578  2.361957E-16
4210.49997114856  2.325113E-16
4212.55997109134  2.265537E-16
4214.61997103412  2.191529E-16
4216.6799709769  2.117522E-16
4218.73997091968  2.085933E-16
4220.79997086246  2.130013E-16
4222.85997080524  2.174092E-16
4224.91997074802  2.220002E-16
4226.9799706908  2.281223E-16
4229.03997063358  2.342444E-16
4231.09997057636  2.403665E-16
4233.15997051914  2.423536E-16
4235.21997046193  2.436359E-16
4237.2799704047  2.449182E-16
4239.33997034748  2.460107E-16
4241.39997029026  2.469778E-16
4243.45997023304  2.479449E-16
4245.51997017582  2.483219E-16
4247.5799701186  2.476007E-16
4249.63997006138  2.468796E-16
4251.69997000416  2.449101E-16
4253.75996994694  2.313317E-16
4255.81996988972  2.177532E-16
4257.8799698325  2.041747E-16
4259.93996977528  1.979730E-16
4261.99996971806  1.931278E-16
4264.05996966084  1.882827E-16
4266.11996960362  1.851526E-16
4268.1799695464  1.832032E-16
4270.23996948918  1.812539E-16
4272.29996943196  1.858039E-16
4274.35996937474  2.029808E-16
4276.41996931752  2.201579E-16
4278.4799692603  2.350943E-16
4280.53996920308  2.266293E-16
4282.59996914586  2.181644E-16
4284.65996908864  2.096994E-16
4286.71996903142  2.115742E-16
4288.7799689742  2.154929E-16
4290.83996891698  2.194116E-16
4292.89996885976  2.236060E-16
4294.95996880254  2.279981E-16
4297.01996874532  2.323902E-16
4299.0799686881  2.344102E-16
4301.13996863088  2.316161E-16
4303.19996857366  2.288221E-16
4305.25996851644  2.257559E-16
4307.31996845922  2.194591E-16
4309.379968402  2.131622E-16
4311.43996834478  2.068654E-16
4313.49996828756  2.034511E-16
4315.55996823034  2.006473E-16
4317.61996817312  1.978434E-16
4319.6799681159  2.086499E-16
4321.73996805868  2.296063E-16
4323.79996800146  2.505627E-16
4325.85996794424  2.643176E-16
4327.91996788702  2.627965E-16
4329.9799678298  2.612753E-16
4332.03996777258  2.597957E-16
4334.09996771536  2.588860E-16
4336.15996765814  2.579763E-16
4338.21996760092  2.570666E-16
4340.2799675437  2.661878E-16
4342.33996748648  2.775778E-16
4344.39996742926  2.889679E-16
4346.45996737204  2.871181E-16
4348.51996731482  2.749960E-16
4350.5799672576  2.628739E-16
4352.63996720038  2.564282E-16
4354.69996714316  2.625768E-16
4356.75996708594  2.687254E-16
4358.81996702872  2.745365E-16
4360.8799669715  2.748903E-16
4362.93996691428  2.752442E-16
4364.99996685707  2.755981E-16
4367.05996679985  2.780763E-16
4369.11996674263  2.810665E-16
4371.1799666854  2.840567E-16
4373.23996662818  2.817133E-16
4375.29996657096  2.750657E-16
4377.35996651374  2.684180E-16
4379.41996645652  2.610342E-16
4381.4799663993  2.519404E-16
4383.53996634208  2.428466E-16
4385.59996628486  2.336201E-16
4387.65996622764  2.217905E-16
4389.71996617043  2.099610E-16
4391.7799661132  1.981315E-16
4393.83996605598  1.995924E-16
4395.89996599876  2.044569E-16
4397.95996594154  2.093214E-16
4400.01996588432  2.095207E-16
4402.0799658271  2.058045E-16
4404.13996576988  2.020884E-16
4406.19996571266  2.016100E-16
4408.25996565544  2.090101E-16
4410.31996559823  2.164101E-16
4412.379965541  2.237137E-16
4414.43996548378  2.286285E-16
4416.49996542656  2.335433E-16
4418.55996536934  2.384582E-16
4420.61996531212  2.494922E-16
4422.6799652549  2.621883E-16
4424.73996519768  2.748843E-16
4426.79996514046  2.711518E-16
4428.85996508324  2.530815E-16
4430.91996502602  2.350112E-16
4432.9799649688  2.230707E-16
4435.03996491158  2.267713E-16
4437.09996485436  2.304719E-16
4439.15996479714  2.343572E-16
4441.21996473992  2.443977E-16
4443.2799646827  2.544382E-16
4445.33996462548  2.644787E-16
4447.39996456826  2.705981E-16
4449.45996451104  2.755902E-16
4451.51996445382  2.805823E-16
4453.5799643966  2.822838E-16
4455.63996433939  2.809995E-16
4457.69996428217  2.797152E-16
4459.75996422494  2.789315E-16
4461.81996416772  2.794891E-16
4463.87996411051  2.800467E-16
4465.93996405329  2.805140E-16
4467.99996399606  2.764223E-16
4470.05996393884  2.723307E-16
4472.11996388162  2.682390E-16
4474.1799638244  2.640409E-16
4476.23996376718  2.598104E-16
4478.29996370996  2.555799E-16
4480.35996365274  2.560136E-16
4482.41996359552  2.608473E-16
4484.4799635383  2.656811E-16
4486.53996348109  2.691961E-16
4488.59996342386  2.689992E-16
4490.65996336664  2.688022E-16
4492.71996330942  2.684820E-16
4494.7799632522  2.555969E-16
4496.83996319499  2.427117E-16
4498.89996313776  2.298266E-16
4500.95996308054  2.444072E-16
4503.01996302332  2.677909E-16
4505.0799629661  2.911746E-16
4507.13996290888  2.983118E-16
4509.19996285166  2.895149E-16
4511.25996279445  2.807180E-16
4513.31996273722  2.757854E-16
4515.37996268  2.822973E-16
4517.43996262278  2.888093E-16
4519.49996256557  2.953213E-16
4521.55996250834  2.859251E-16
4523.61996245112  2.765289E-16
4525.6799623939  2.671327E-16
4527.73996233668  2.669753E-16
4529.79996227946  2.699373E-16
4531.85996222224  2.728994E-16
4533.91996216502  2.677889E-16
4535.9799621078  2.544475E-16
4538.03996205058  2.411062E-16
4540.09996199336  2.350432E-16
4542.15996193614  2.516887E-16
4544.21996187892  2.683342E-16
4546.2799618217  2.849797E-16
4548.33996176449  2.856689E-16
4550.39996170726  2.862017E-16
4552.45996165005  2.867345E-16
4554.51996159282  2.797109E-16
4556.57996153561  2.700026E-16
4558.63996147838  2.602944E-16
4560.69996142116  2.544182E-16
4562.75996136394  2.526040E-16
4564.81996130672  2.507898E-16
4566.8799612495  2.495143E-16
4568.93996119228  2.500122E-16
4570.99996113506  2.505101E-16
4573.05996107784  2.510080E-16
4575.11996102062  2.581088E-16
4577.1799609634  2.653403E-16
4579.23996090619  2.725719E-16
4581.29996084896  2.779624E-16
4583.35996079174  2.826656E-16
4585.41996073453  2.873687E-16
4587.47996067731  2.899315E-16
4589.53996062008  2.901354E-16
4591.59996056286  2.903394E-16
4593.65996050564  2.897443E-16
4595.71996044842  2.863698E-16
4597.77996039121  2.829953E-16
4599.83996033398  2.796208E-16
4601.89996027676  2.865708E-16
4603.95996021954  2.938305E-16
4606.01996016232  3.010901E-16
4608.0799601051  3.023076E-16
4610.13996004788  3.011572E-16
4612.19995999066  3.000068E-16
4614.25995993344  3.032895E-16
4616.31995987622  3.116518E-16
4618.379959819  3.200140E-16
4620.43995976179  3.267975E-16
4622.49995970456  3.277680E-16
4624.55995964734  3.287385E-16
4626.61995959012  3.297090E-16
4628.67995953291  3.232956E-16
4630.73995947569  3.165840E-16
4632.79995941846  3.098722E-16
4634.85995936124  3.049793E-16
4636.91995930403  3.008337E-16
4638.9799592468  2.966882E-16
4641.03995918958  2.922737E-16
4643.09995913236  2.875388E-16
4645.15995907515  2.828039E-16
4647.21995901792  2.782951E-16
4649.2799589607  2.746694E-16
4651.33995890349  2.710436E-16
4653.39995884627  2.674178E-16
4655.45995878904  2.605583E-16
4657.51995873182  2.535338E-16
4659.5799586746  2.465093E-16
4661.63995861738  2.445802E-16
4663.69995856016  2.448449E-16
4665.75995850294  2.451096E-16
4667.81995844572  2.423888E-16
4669.8799583885  2.359687E-16
4671.93995833128  2.295485E-16
4673.99995827407  2.264097E-16
4676.05995821684  2.368887E-16
4678.11995815963  2.473678E-16
4680.1799581024  2.578468E-16
4682.23995804519  2.447557E-16
4684.29995798796  2.302067E-16
4686.35995793074  2.156577E-16
4688.41995787352  2.238376E-16
4690.4799578163  2.422616E-16
4692.53995775908  2.606855E-16
4694.59995770186  2.695243E-16
4696.65995764464  2.660090E-16
4698.71995758742  2.624936E-16
4700.7799575302  2.602473E-16
4702.83995747298  2.636113E-16
4704.89995741576  2.669754E-16
4706.95995735854  2.703395E-16
4709.01995730132  2.665527E-16
4711.0799572441  2.622445E-16
4713.13995718688  2.579363E-16
4715.19995712966  2.622874E-16
4717.25995707245  2.707207E-16
4719.31995701523  2.791540E-16
4721.37995695801  2.839480E-16
4723.43995690079  2.838620E-16
4725.49995684356  2.837760E-16
4727.55995678634  2.810322E-16
4729.61995672912  2.657377E-16
4731.6799566719  2.504432E-16
4733.73995661469  2.351487E-16
4735.79995655746  2.383792E-16
4737.85995650024  2.431697E-16
4739.91995644303  2.479602E-16
4741.97995638581  2.475171E-16
4744.03995632859  2.444952E-16
4746.09995627136  2.414732E-16
4748.15995621414  2.361934E-16
4750.21995615693  2.277632E-16
4752.2799560997  2.193329E-16
4754.33995604248  2.140831E-16
4756.39995598526  2.249221E-16
4758.45995592804  2.357611E-16
4760.51995587082  2.466001E-16
4762.57995581361  2.413221E-16
4764.63995575639  2.345010E-16
4766.69995569917  2.276798E-16
4768.75995564194  2.215832E-16
4770.81995558472  2.158593E-16
4772.87995552751  2.101355E-16
4774.93995547028  2.096607E-16
4776.99995541306  2.168093E-16
4779.05995535584  2.239579E-16
4781.11995529862  2.299869E-16
4783.1799552414  2.299282E-16
4785.23995518419  2.298694E-16
4787.29995512697  2.298106E-16
4789.35995506974  2.278217E-16
4791.41995501252  2.256253E-16
4793.4799549553  2.234288E-16
4795.53995489809  2.261595E-16
4797.59995484086  2.315377E-16
4799.65995478364  2.369158E-16
4801.71995472642  2.361184E-16
4803.7799546692  2.259822E-16
4805.83995461198  2.158461E-16
4807.89995455477  2.075296E-16
4809.95995449755  2.098883E-16
4812.01995444033  2.122471E-16
4814.0799543831  2.146059E-16
4816.13995432589  2.204492E-16
4818.19995426867  2.267091E-16
4820.25995421144  2.329691E-16
4822.31995415422  2.298675E-16
4824.379954097  2.215178E-16
4826.43995403978  2.131681E-16
4828.49995398256  2.138017E-16
4830.55995392534  2.285841E-16
4832.61995386813  2.433664E-16
4834.6799538109  2.575880E-16
4836.73995375368  2.682447E-16
4838.79995369646  2.789015E-16
4840.85995363925  2.895582E-16
4842.91995358202  2.887955E-16
4844.9799535248  2.865270E-16
4847.03995346758  2.842584E-16
4849.09995341037  2.840756E-16
4851.15995335314  2.851121E-16
4853.21995329593  2.861486E-16
4855.27995323871  2.935885E-16
4857.33995318148  3.115366E-16
4859.39995312426  3.294847E-16
4861.45995306705  3.460875E-16
4863.51995300983  3.533770E-16
4865.5799529526  3.606664E-16
4867.63995289538  3.679558E-16
4869.69995283817  3.723695E-16
4871.75995278095  3.763678E-16
4873.81995272372  3.803662E-16
4875.8799526665  3.706205E-16
4877.93995260928  3.524997E-16
4879.99995255206  3.343788E-16
4882.05995249485  3.266875E-16
4884.11995243762  3.368361E-16
4886.1799523804  3.469847E-16
4888.23995232318  3.561018E-16
4890.29995226596  3.573969E-16
4892.35995220874  3.586921E-16
4894.41995215153  3.599872E-16
4896.4799520943  3.564481E-16
4898.53995203709  3.521487E-16
4900.59995197986  3.478492E-16
4902.65995192265  3.412431E-16
4904.71995186543  3.331727E-16
4906.77995180821  3.251022E-16
4908.83995175098  3.219731E-16
4910.89995169376  3.276586E-16
4912.95995163654  3.333441E-16
4915.01995157933  3.384562E-16
4917.0799515221  3.387722E-16
4919.13995146488  3.390882E-16
4921.19995140767  3.394043E-16
4923.25995135044  3.300293E-16
4925.31995129323  3.190025E-16
4927.379951236  3.079757E-16
4929.43995117879  3.031046E-16
4931.49995112156  3.023041E-16
4933.55995106434  3.015037E-16
4935.61995100712  3.033152E-16
4937.67995094991  3.099881E-16
4939.73995089269  3.166609E-16
4941.79995083546  3.220525E-16
4943.85995077825  3.155285E-16
4945.91995072103  3.090045E-16
4947.9799506638  3.024805E-16
4950.03995060659  2.909343E-16
4952.09995054937  2.784643E-16
4954.15995049215  2.659944E-16
4956.21995043492  2.629951E-16
4958.2799503777  2.665165E-16
4960.33995032048  2.700379E-16
4962.39995026327  2.724686E-16
4964.45995020604  2.727800E-16
4966.51995014883  2.730913E-16
4968.5799500916  2.737851E-16
4970.63995003438  2.784725E-16
4972.69994997717  2.831600E-16
4974.75994991995  2.878474E-16
4976.81994986272  2.788600E-16
4978.8799498055  2.671695E-16
4980.93994974829  2.554790E-16
4982.99994969107  2.514130E-16
4985.05994963385  2.528112E-16
4987.11994957662  2.542094E-16
4989.1799495194  2.542315E-16
4991.23994946219  2.514611E-16
4993.29994940496  2.486907E-16
4995.35994934775  2.461049E-16
4997.41994929052  2.457115E-16
4999.47994923331  2.453181E-16
5001.53994917609  2.449246E-16
5003.59994911887  2.471525E-16
5005.65994906165  2.499357E-16
5007.71994900443  2.527187E-16
5009.77994894721  2.570776E-16
5011.83994888998  2.626117E-16
5013.89994883277  2.681457E-16
5015.95994877555  2.720969E-16
5018.01994871833  2.726904E-16
5020.07994866111  2.732840E-16
5022.13994860388  2.735673E-16
5024.19994854666  2.695977E-16
5026.25994848945  2.656280E-16
5028.31994843223  2.616583E-16
5030.37994837501  2.636378E-16
5032.43994831779  2.669629E-16
5034.49994826057  2.702880E-16
5036.55994820335  2.760637E-16
5038.61994814613  2.837406E-16
5040.67994808891  2.914175E-16
5042.73994803169  2.985690E-16
5044.79994797446  3.045549E-16
5046.85994791725  3.105409E-16
5048.91994786003  3.156204E-16
5050.97994780281  3.060474E-16
5053.03994774559  2.964743E-16
5055.09994768836  2.869013E-16
5057.15994763114  2.786546E-16
5059.21994757393  2.707275E-16
5061.27994751671  2.628003E-16
5063.33994745948  2.627237E-16
5065.39994740227  2.689825E-16
5067.45994734504  2.752412E-16
5069.51994728783  2.806676E-16
5071.57994723061  2.841608E-16
5073.63994717339  2.876539E-16
5075.69994711617  2.905895E-16
5077.75994705895  2.825965E-16
5079.81994700173  2.746035E-16
5081.87994694451  2.666105E-16
5083.93994688729  2.664820E-16
5085.99994683006  2.683677E-16
5088.05994677285  2.702534E-16
5090.11994671562  2.651387E-16
5092.17994665841  2.541488E-16
5094.23994660119  2.431589E-16
5096.29994654397  2.357389E-16
5098.35994648675  2.370058E-16
5100.41994642953  2.382727E-16
5102.47994637231  2.396840E-16
5104.53994631509  2.446700E-16
5106.59994625786  2.496560E-16
5108.65994620064  2.546420E-16
5110.71994614343  2.530186E-16
5112.77994608621  2.496001E-16
5114.83994602899  2.461815E-16
5116.89994597177  2.453873E-16
5118.95994591455  2.468833E-16
5121.01994585733  2.483793E-16
5123.0799458001  2.483654E-16
5125.13994574289  2.444987E-16
5127.19994568567  2.406320E-16
5129.25994562845  2.368046E-16
5131.31994557122  2.342851E-16
5133.37994551401  2.317656E-16
5135.43994545679  2.292462E-16
5137.49994539957  2.318923E-16
5139.55994534235  2.360235E-16
5141.61994528513  2.401547E-16
5143.67994522791  2.480701E-16
5145.73994517068  2.594193E-16
5147.79994511347  2.707685E-16
5149.85994505625  2.786256E-16
5151.91994499902  2.771291E-16
5153.9799449418  2.756325E-16
5156.03994488459  2.741200E-16
5158.09994482737  2.718005E-16
5160.15994477015  2.694809E-16
5162.21994471293  2.671614E-16
5164.27994465571  2.604381E-16
5166.33994459849  2.523769E-16
5168.39994454127  2.443157E-16
5170.45994448405  2.451688E-16
5172.51994442683  2.544314E-16
5174.5799443696  2.636941E-16
5176.63994431239  2.700714E-16
5178.69994425517  2.683271E-16
5180.75994419795  2.665827E-16
5182.81994414073  2.648219E-16
5184.87994408351  2.613853E-16
5186.93994402629  2.579487E-16
5188.99994396907  2.545121E-16
5191.05994391185  2.536779E-16
5193.11994385462  2.577369E-16
5195.1799437974  2.481922E-16
5197.23994374018  2.485364E-16
5199.29994368297  2.340619E-16
5201.35994362575  2.437118E-16
5203.41994356853  2.335909E-16
5205.47994351131  2.456088E-16
5207.53994345409  2.649351E-16
5209.59994339687  2.978928E-16
5211.65994333965  3.226153E-16
5213.71994328243  2.896141E-16
5215.77994322521  2.940198E-16
5217.83994316799  2.697408E-16
5219.89994311077  2.467219E-16
5221.95994305355  2.565654E-16
5224.01994299633  2.562924E-16
5226.07994293911  2.642372E-16
5228.13994288189  2.472915E-16
5230.19994282467  2.072549E-16
5232.25994276744  2.435690E-16
5234.31994271023  2.607688E-16
5236.37994265301  2.997788E-16
5238.43994259579  2.568073E-16
5240.49994253857  2.510507E-16
5242.55994248135  2.558865E-16
5244.61994242412  2.702339E-16
5246.67994236691  2.439991E-16
5248.73994230969  2.403682E-16
5250.79994225247  2.802618E-16
5252.85994219525  2.712485E-16
5254.91994213803  2.678207E-16
5256.97994208081  2.549531E-16
5259.03994202359  2.552998E-16
5261.09994196637  2.778886E-16
5263.15994190915  2.869644E-16
5265.21994185193  2.519410E-16
5267.27994179471  2.525163E-16
5269.33994173749  2.295883E-16
5271.39994168027  2.384526E-16
5273.45994162304  2.574754E-16
5275.51994156583  2.501013E-16
5277.57994150861  2.467462E-16
5279.63994145139  2.562044E-16
5281.69994139417  2.468178E-16
5283.75994133695  2.500233E-16
5285.81994127973  2.598695E-16
5287.87994122251  2.627910E-16
5289.93994116529  2.729996E-16
5291.99994110807  2.610394E-16
5294.05994105085  2.870720E-16
5296.11994099363  2.444660E-16
5298.17994093641  2.775946E-16
5300.23994087919  2.711407E-16
5302.29994082197  2.838921E-16
5304.35994076475  2.751549E-16
5306.41994070753  2.638477E-16
5308.47994065031  2.691663E-16
5310.53994059309  2.693212E-16
5312.59994053587  2.741879E-16
5314.65994047865  2.571981E-16
5316.71994042143  2.494763E-16
5318.77994036421  2.521742E-16
5320.83994030699  2.505650E-16
5322.89994024977  2.507712E-16
5324.95994019255  2.460250E-16
5327.01994013533  2.580022E-16
5329.07994007811  2.636551E-16
5331.13994002088  2.438432E-16
5333.19993996367  2.551886E-16
5335.25993990645  2.625430E-16
5337.31993984923  2.525623E-16
5339.379939792  2.401262E-16
5341.43993973479  2.521746E-16
5343.49993967757  2.335598E-16
5345.55993962035  2.511810E-16
5347.61993956313  2.545128E-16
5349.67993950591  2.424987E-16
5351.73993944869  2.401417E-16
5353.79993939147  2.569691E-16
5355.85993933425  2.651386E-16
5357.91993927703  2.600616E-16
5359.97993921981  2.345760E-16
5362.03993916258  2.651376E-16
5364.09993910537  2.790073E-16
5366.15993904815  2.836748E-16
5368.21993899093  2.569308E-16
5370.27993893371  2.528497E-16
5372.33993887649  2.520339E-16
5374.39993881926  2.355675E-16
5376.45993876205  2.427331E-16
5378.51993870483  2.496625E-16
5380.57993864761  2.342364E-16
5382.63993859039  2.565542E-16
5384.69993853317  2.605740E-16
5386.75993847595  2.375156E-16
5388.81993841873  2.333677E-16
5390.87993836151  2.416243E-16
5392.93993830429  2.436539E-16
5394.99993824707  2.465752E-16
5397.05993818985  2.417811E-16
5399.11993813263  2.491238E-16
5401.17993807541  2.456562E-16
5403.23993801818  2.350882E-16
5405.29993796097  2.245407E-16
5407.35993790375  2.116542E-16
5409.41993784653  2.225949E-16
5411.47993778931  2.406302E-16
5413.53993773209  2.265108E-16
5415.59993767487  2.251651E-16
5417.65993761765  2.043707E-16
5419.71993756042  2.198032E-16
5421.77993750321  2.144573E-16
5423.83993744599  2.216451E-16
5425.89993738877  2.139252E-16
5427.95993733155  2.294350E-16
5430.01993727433  2.322332E-16
5432.07993721711  2.449048E-16
5434.13993715989  2.377318E-16
5436.19993710267  2.313987E-16
5438.25993704545  2.146402E-16
5440.31993698823  2.198369E-16
5442.37993693101  2.316984E-16
5444.43993687379  2.320852E-16
5446.49993681657  2.170031E-16
5448.55993675935  2.280064E-16
5450.61993670213  2.395335E-16
5452.67993664491  2.237723E-16
5454.73993658769  2.308328E-16
5456.79993653047  2.275326E-16
5458.85993647325  2.215663E-16
5460.91993641602  2.214713E-16
5462.97993635881  2.006277E-16
5465.03993630159  2.293846E-16
5467.09993624437  2.165086E-16
5469.15993618715  2.038729E-16
5471.21993612993  2.134602E-16
5473.27993607271  2.142019E-16
5475.33993601549  2.116991E-16
5477.39993595827  2.273150E-16
5479.45993590105  2.229479E-16
5481.51993584383  2.079600E-16
5483.57993578661  1.962139E-16
5485.63993572939  1.964059E-16
5487.69993567217  2.169613E-16
5489.75993561495  2.301870E-16
5491.81993555773  2.174494E-16
5493.87993550051  1.986785E-16
5495.93993544329  1.995994E-16
5497.99993538607  1.952184E-16
5500.05993532885  2.034758E-16
5502.11993527163  1.960383E-16
5504.17993521441  1.797064E-16
5506.23993515719  1.966536E-16
5508.29993509997  1.977315E-16
5510.35993504275  1.948020E-16
5512.41993498553  1.930121E-16
5514.47993492831  1.986797E-16
5516.53993487109  1.958986E-16
5518.59993481387  1.989782E-16
5520.65993475665  2.093245E-16
5522.71993469943  1.924508E-16
5524.77993464221  1.862695E-16
5526.83993458499  1.789828E-16
5528.89993452776  1.873848E-16
5530.95993447055  2.014803E-16
5533.01993441333  1.780536E-16
5535.07993435611  1.891518E-16
5537.13993429889  1.880743E-16
5539.19993424167  1.960035E-16
5541.25993418445  2.020672E-16
5543.31993412723  1.903702E-16
5545.37993407001  2.030252E-16
5547.43993401279  1.852506E-16
5549.49993395556  1.828956E-16
5551.55993389834  1.951485E-16
5553.61993384113  1.933097E-16
5555.67993378391  2.054839E-16
5557.73993372669  2.127966E-16
5559.79993366947  2.334884E-16
5561.85993361225  2.307260E-16
5563.91993355503  1.994905E-16
5565.97993349781  2.167763E-16
5568.03993344059  2.129374E-16
5570.09993338337  2.123180E-16
5572.15993332615  1.951721E-16
5574.21993326893  1.930762E-16
5576.27993321171  2.063321E-16
5578.33993315449  2.367162E-16
5580.39993309727  2.391531E-16
5582.45993304005  2.339009E-16
5584.51993298283  2.113289E-16
5586.57993292561  1.923712E-16
5588.63993286839  1.819133E-16
5590.69993281116  1.877423E-16
5592.75993275395  1.728587E-16
5594.81993269673  1.774467E-16
5596.87993263951  1.650806E-16
5598.93993258229  1.760541E-16
5600.99993252507  1.614299E-16
5603.05993246785  1.703374E-16
5605.11993241063  1.709924E-16
5607.17993235341  1.687050E-16
5609.23993229619  1.703308E-16
5611.29993223897  1.602225E-16
5613.35993218175  1.720718E-16
5615.41993212453  1.613017E-16
5617.47993206731  1.607949E-16
5619.53993201009  1.544650E-16
5621.59993195287  1.548347E-16
5623.65993189565  1.561893E-16
5625.71993183843  1.642007E-16
5627.77993178121  1.466439E-16
5629.83993172399  1.492639E-16
5631.89993166676  1.541354E-16
5633.95993160955  1.548090E-16
5636.01993155233  1.537006E-16
5638.07993149511  1.593511E-16
5640.13993143788  1.434071E-16
5642.19993138067  1.468644E-16
5644.25993132345  1.485776E-16
5646.31993126623  1.577651E-16
5648.37993120901  1.538986E-16
5650.43993115179  1.387786E-16
5652.49993109457  1.537179E-16
5654.55993103735  1.447509E-16
5656.61993098013  1.370146E-16
5658.67993092291  1.507189E-16
5660.73993086569  1.562915E-16
5662.79993080847  1.432089E-16
5664.85993075125  1.417008E-16
5666.91993069403  1.537444E-16
5668.97993063681  1.504044E-16
5671.03993057959  1.550148E-16
5673.09993052237  1.575187E-16
5675.15993046515  1.505521E-16
5677.21993040793  1.665636E-16
5679.27993035071  1.512857E-16
5681.33993029349  1.621416E-16
5683.39993023627  1.620007E-16
5685.45993017905  1.566305E-16
5687.51993012183  1.581038E-16
5689.57993006461  1.744882E-16
5691.63993000739  1.594994E-16
5693.69992995017  1.643566E-16
5695.75992989295  1.468519E-16
5697.81992983573  1.459540E-16
5699.87992977851  1.598485E-16
5701.93992972129  1.659957E-16
5703.99992966407  1.549254E-16
5706.05992960685  1.589136E-16
5708.11992954963  1.704940E-16
5710.17992949241  1.631909E-16
5712.23992943519  1.875120E-16
5714.29992937797  1.647735E-16
5716.35992932075  1.742502E-16
5718.41992926353  1.745987E-16
5720.47992920631  1.816450E-16
5722.53992914909  1.684794E-16
5724.59992909187  1.698367E-16
5726.65992903465  1.799382E-16
5728.71992897742  1.712410E-16
5730.77992892021  1.740102E-16
5732.83992886299  1.632651E-16
5734.89992880577  1.732222E-16
5736.95992874855  1.585701E-16
5739.01992869133  1.679905E-16
5741.07992863411  1.537598E-16
5743.13992857689  1.608465E-16
5745.19992851967  1.628578E-16
5747.25992846245  1.691494E-16
5749.31992840523  1.544036E-16
5751.37992834801  1.607706E-16
5753.43992829079  1.692422E-16
5755.49992823357  1.562254E-16
5757.55992817635  1.540849E-16
5759.61992811913  1.494183E-16
5761.67992806191  1.513090E-16
5763.73992800469  1.604899E-16
5765.79992794747  1.688500E-16
5767.85992789025  1.610097E-16
5769.91992783303  1.495574E-16
5771.97992777581  1.391423E-16
5774.03992771859  1.464442E-16
5776.09992766137  1.515821E-16
5778.15992760415  1.614873E-16
5780.21992754693  1.426820E-16
5782.27992748971  1.487599E-16
5784.33992743249  1.642901E-16
5786.39992737527  1.668879E-16
5788.45992731805  1.692172E-16
5790.51992726083  1.528948E-16
5792.57992720361  1.457586E-16
5794.63992714638  1.445567E-16
5796.69992708917  1.571712E-16
5798.75992703195  1.700034E-16
5800.81992697473  1.582781E-16
5802.87992691751  1.710686E-16
5804.93992686029  1.579052E-16
5806.99992680307  1.689141E-16
5809.05992674585  1.621632E-16
5811.11992668863  1.612722E-16
5813.17992663141  1.394877E-16
5815.23992657419  1.460519E-16
5817.29992651697  1.469447E-16
5819.35992645975  1.422274E-16
5821.41992640253  1.475107E-16
5823.47992634531  1.474732E-16
5825.53992628809  1.443974E-16
5827.59992623087  1.528875E-16
5829.65992617365  1.635943E-16
5831.71992611643  1.448434E-16
5833.77992605921  1.544301E-16
5835.83992600199  1.630937E-16
5837.89992594477  1.665577E-16
5839.95992588755  1.649823E-16
5842.01992583033  1.636712E-16
5844.07992577311  1.548781E-16
5846.13992571589  1.678610E-16
5848.19992565867  1.548149E-16
5850.25992560145  1.503599E-16
5852.31992554423  1.455850E-16
5854.37992548701  1.513375E-16
5856.43992542979  1.477799E-16
5858.49992537257  1.540356E-16
5860.55992531535  1.600471E-16
5862.61992525813  1.575888E-16
5864.67992520091  1.556026E-16
5866.73992514369  1.545823E-16
5868.79992508647  1.521078E-16
5870.85992502925  1.557799E-16
5872.91992497203  1.541453E-16
5874.97992491481  1.653253E-16
5877.03992485759  1.681862E-16
5879.09992480037  1.654854E-16
5881.15992474315  1.684477E-16
5883.21992468593  1.769504E-16
5885.27992462871  1.692584E-16
5887.33992457149  1.859227E-16
5889.39992451427  1.821882E-16
5891.45992445705  1.756850E-16
5893.51992439983  1.822630E-16
5895.57992434261  1.782505E-16
5897.63992428539  1.951201E-16
5899.69992422817  2.112506E-16
5901.75992417095  2.052744E-16
5903.81992411373  2.026088E-16
5905.87992405651  2.000224E-16
5907.93992399929  2.173530E-16
5909.99992394207  2.349883E-16
5912.05992388485  2.283499E-16
5914.11992382763  2.334502E-16
5916.17992377041  2.446650E-16
5918.23992371319  2.469603E-16
5920.29992365597  2.608908E-16
5922.35992359875  2.773707E-16
5924.41992354153  2.631757E-16
5926.47992348431  2.614368E-16
5928.53992342709  2.697760E-16
5930.59992336987  2.762126E-16
5932.65992331265  2.842959E-16
5934.71992325543  2.909865E-16
5936.77992319821  2.943107E-16
5938.83992314099  2.946958E-16
5940.89992308377  2.922047E-16
5942.95992302655  2.973002E-16
5945.01992296933  3.028081E-16
5947.07992291211  2.887964E-16
5949.13992285489  2.869779E-16
5951.19992279767  2.881243E-16
5953.25992274045  2.661577E-16
5955.31992268323  2.466744E-16
5957.37992262601  2.514149E-16
5959.43992256879  2.435195E-16
5961.49992251157  2.485004E-16
5963.55992245435  2.366811E-16
5965.61992239713  2.259383E-16
5967.67992233991  2.332872E-16
5969.73992228269  2.172927E-16
5971.79992222547  2.016627E-16
5973.85992216825  2.051014E-16
5975.91992211103  2.063917E-16
5977.97992205381  1.942406E-16
5980.03992199659  1.848987E-16
5982.09992193937  1.915258E-16
5984.15992188215  1.855958E-16
5986.21992182493  1.840212E-16
5988.27992176771  1.856756E-16
5990.33992171049  1.675774E-16
5992.39992165327  1.764954E-16
5994.45992159605  1.726869E-16
5996.51992153883  1.768641E-16
5998.57992148161  1.564685E-16
6000.63992142439  1.729521E-16
6002.69992136717  1.722405E-16
6004.75992130995  1.748532E-16
6006.81992125273  1.703537E-16
6008.87992119551  1.718881E-16
6010.93992113829  1.702703E-16
6012.99992108107  1.754497E-16
6015.05992102385  1.745212E-16
6017.11992096663  1.703395E-16
6019.17992090941  1.715543E-16
6021.23992085219  1.698831E-16
6023.29992079497  1.780370E-16
6025.35992073775  1.773500E-16
6027.41992068053  1.858978E-16
6029.47992062331  1.944103E-16
6031.53992056609  1.914932E-16
6033.59992050887  2.010119E-16
6035.65992045165  1.845633E-16
6037.71992039443  1.913269E-16
6039.77992033721  1.803010E-16
6041.83992027999  1.787407E-16
6043.89992022277  1.746028E-16
6045.95992016555  1.721970E-16
6048.01992010833  1.805906E-16
6050.07992005111  1.759411E-16
6052.13991999389  1.626513E-16
6054.19991993667  1.661004E-16
6056.25991987945  1.684381E-16
6058.31991982223  1.727337E-16
6060.37991976501  1.768994E-16
6062.43991970779  1.680720E-16
6064.49991965057  1.686605E-16
6066.55991959335  1.745186E-16
6068.61991953613  1.689355E-16
6070.67991947891  1.745522E-16
6072.73991942169  1.636543E-16
6074.79991936447  1.521077E-16
6076.85991930725  1.635761E-16
6078.91991925003  1.596602E-16
6080.97991919281  1.509861E-16
6083.03991913559  1.576107E-16
6085.09991907837  1.536310E-16
6087.15991902115  1.637212E-16
6089.21991896393  1.692758E-16
6091.27991890671  1.530801E-16
6093.33991884949  1.417134E-16
6095.39991879227  1.387549E-16
6097.45991873505  1.460437E-16
6099.51991867783  1.486346E-16
6101.57991862061  1.484926E-16
6103.63991856339  1.348644E-16
6105.69991850617  1.399859E-16
6107.75991844895  1.472806E-16
6109.81991839173  1.511026E-16
6111.87991833451  1.465095E-16
6113.93991827729  1.379834E-16
6115.99991822007  1.424520E-16
6118.05991816285  1.327043E-16
6120.11991810563  1.415110E-16
6122.17991804841  1.356368E-16
6124.23991799119  1.419834E-16
6126.29991793397  1.605666E-16
6128.35991787675  1.488336E-16
6130.41991781953  1.494715E-16
6132.47991776231  1.508582E-16
6134.53991770509  1.537248E-16
6136.59991764787  1.443430E-16
6138.65991759065  1.513618E-16
6140.71991753343  1.519902E-16
6142.77991747621  1.526573E-16
6144.83991741899  1.460663E-16
6146.89991736177  1.530003E-16
6148.95991730455  1.551725E-16
6151.01991724733  1.457237E-16
6153.07991719011  1.531914E-16
6155.13991713289  1.564735E-16
6157.19991707567  1.505285E-16
6159.25991701845  1.552480E-16
6161.31991696123  1.627379E-16
6163.37991690401  1.619963E-16
6165.43991684679  1.598355E-16
6167.49991678957  1.609835E-16
6169.55991673235  1.751035E-16
6171.61991667513  1.733671E-16
6173.67991661791  1.794785E-16
6175.73991656069  1.729139E-16
6177.79991650347  1.782176E-16
6179.85991644625  1.744252E-16
6181.91991638903  1.949902E-16
6183.97991633181  1.801768E-16
6186.03991627459  1.814778E-16
6188.09991621737  1.732509E-16
6190.15991616015  1.746434E-16
6192.21991610293  1.773759E-16
6194.27991604571  1.732133E-16
6196.33991598849  1.862446E-16
6198.39991593127  1.984161E-16
6200.45991587405  1.821075E-16
6202.51991581683  1.747560E-16
6204.57991575961  1.662193E-16
6206.63991570239  1.617375E-16
6208.69991564517  1.778709E-16
6210.75991558795  1.760057E-16
6212.81991553073  1.639329E-16
6214.87991547351  1.591742E-16
6216.93991541629  1.761966E-16
6218.99991535907  1.660242E-16
6221.05991530185  1.610085E-16
6223.11991524463  1.612993E-16
6225.17991518741  1.634661E-16
6227.23991513019  1.459587E-16
6229.29991507297  1.571689E-16
6231.35991501575  1.587369E-16
6233.41991495853  1.590574E-16
6235.47991490131  1.429042E-16
6237.53991484409  1.379244E-16
6239.59991478687  1.208023E-16
6241.65991472965  8.849037E-17
6243.71991467243  1.137846E-16
6245.77991461521  1.406952E-16
6247.83991455799  1.495229E-16
6249.89991450077  1.571516E-16
6251.95991444355  1.591373E-16
6254.01991438633  1.716057E-16
6256.07991432911  1.973624E-16
6258.13991427189  1.883137E-16
6260.19991421467  1.757220E-16
6262.25991415745  1.656572E-16
6264.31991410023  1.684092E-16
6266.37991404301  1.838354E-16
6268.43991398579  1.798260E-16
6270.49991392857  1.724050E-16
6272.55991387135  1.761680E-16
6274.61991381413  1.702202E-16
6276.67991375691  1.664894E-16
6278.73991369969  1.687430E-16
6280.79991364247  1.840756E-16
6282.85991358525  1.790451E-16
6284.91991352803  1.914543E-16
6286.97991347081  1.924882E-16
6289.03991341359  1.838899E-16
6291.09991335637  1.733658E-16
6293.15991329915  1.836002E-16
6295.21991324193  1.969871E-16
6297.27991318471  1.793706E-16
6299.33991312749  1.798409E-16
6301.39991307027  1.767179E-16
6303.45991301305  1.778542E-16
6305.51991295583  1.733599E-16
6307.57991289861  1.675406E-16
6309.63991284139  1.811025E-16
6311.69991278417  1.791751E-16
6313.75991272695  1.749141E-16
6315.81991266973  1.775915E-16
6317.87991261251  1.726708E-16
6319.93991255529  1.648329E-16
6321.99991249807  1.672500E-16
6324.05991244085  1.725903E-16
6326.11991238363  1.586295E-16
6328.17991232641  1.597993E-16
6330.23991226919  1.626667E-16
6332.29991221197  1.572336E-16
6334.35991215475  1.627245E-16
6336.41991209753  1.531134E-16
6338.47991204031  1.536916E-16
6340.53991198309  1.618723E-16
6342.59991192587  1.681177E-16
6344.65991186865  1.734603E-16
6346.71991181143  1.608603E-16
6348.77991175421  1.596519E-16
6350.83991169699  1.647520E-16
6352.89991163977  1.750270E-16
6354.95991158255  1.723370E-16
6357.01991152533  1.724393E-16
6359.07991146811  1.799004E-16
6361.13991141089  1.691328E-16
6363.19991135367  1.486139E-16
6365.25991129645  1.554432E-16
6367.31991123923  1.629868E-16
6369.37991118201  1.607697E-16
6371.43991112479  1.655677E-16
6373.49991106757  1.676600E-16
6375.55991101035  1.710019E-16
6377.61991095313  1.589938E-16
6379.67991089591  1.533269E-16
6381.73991083869  1.575549E-16
6383.79991078147  1.598758E-16
6385.85991072425  1.628566E-16
6387.91991066703  1.656699E-16
6389.97991060981  1.600031E-16
6392.03991055259  1.684165E-16
6394.09991049537  1.610926E-16
6396.15991043815  1.611516E-16
6398.21991038093  1.508848E-16
6400.27991032371  1.618168E-16
6402.33991026649  1.619254E-16
6404.39991020927  1.671022E-16
6406.45991015205  1.798044E-16
6408.51991009483  1.696789E-16
6410.57991003761  1.628026E-16
6412.63990998039  1.711888E-16
6414.69990992317  1.749285E-16
6416.75990986595  1.756759E-16
6418.81990980873  1.718418E-16
6420.87990975151  1.827084E-16
6422.93990969429  1.755268E-16
6424.99990963707  1.621035E-16
6427.05990957985  1.555208E-16
6429.11990952263  1.617254E-16
6431.17990946541  1.613540E-16
6433.23990940819  1.637831E-16
6435.29990935097  1.690349E-16
6437.35990929375  1.684998E-16
6439.41990923653  1.730765E-16
6441.47990917931  1.648394E-16
6443.53990912209  1.822280E-16
6445.59990906487  1.831009E-16
6447.65990900765  1.824622E-16
6449.71990895043  1.759413E-16
6451.77990889321  1.863787E-16
6453.83990883599  1.800302E-16
6455.89990877877  1.783475E-16
6457.95990872155  1.736119E-16
6460.01990866433  1.844572E-16
6462.07990860711  1.928336E-16
6464.13990854989  1.938958E-16
6466.19990849267  1.856032E-16
6468.25990843545  1.657199E-16
6470.31990837823  1.891380E-16
6472.37990832101  1.718949E-16
6474.43990826379  1.968234E-16
6476.49990820657  1.896387E-16
6478.55990814935  1.886589E-16
6480.61990809213  1.911924E-16
6482.67990803491  1.963291E-16
6484.73990797769  2.017376E-16
6486.79990792047  1.965882E-16
6488.85990786325  2.024009E-16
6490.91990780603  1.996210E-16
6492.97990774881  1.945522E-16
6495.03990769159  1.896426E-16
6497.09990763437  1.989068E-16
6499.15990757715  2.016911E-16
6501.21990751993  1.929434E-16
6503.27990746271  1.957115E-16
6505.33990740549  1.968314E-16
6507.39990734827  1.951180E-16
6509.45990729105  1.978772E-16
6511.51990723383  2.003206E-16
6513.57990717661  1.944404E-16
6515.63990711939  1.876751E-16
6517.69990706217  1.969015E-16
6519.75990700495  2.062453E-16
6521.81990694773  2.091332E-16
6523.87990689051  2.094209E-16
6525.93990683329  2.252403E-16
6527.99990677607  2.428371E-16
6530.05990671885  2.469110E-16
6532.11990666163  2.363290E-16
6534.17990660441  2.570343E-16
6536.23990654719  2.624288E-16
6538.29990648997  2.906831E-16
6540.35990643275  2.890655E-16
6542.41990637553  2.974005E-16
6544.47990631831  3.297726E-16
6546.53990626109  3.290482E-16
6548.59990620387  3.510340E-16
6550.65990614665  3.779572E-16
6552.71990608943  3.999484E-16
6554.77990603221  4.181131E-16
6556.83990597499  4.432409E-16
6558.89990591777  4.789271E-16
6560.95990586055  5.044224E-16
6563.01990580333  5.500331E-16
6565.07990574611  5.997412E-16
6567.13990568889  6.540083E-16
6569.19990563167  7.059364E-16
6571.25990557445  7.902677E-16
6573.31990551723  8.594207E-16
6575.37990546001  9.279703E-16
6577.43990540279  9.859386E-16
6579.49990534557  1.041094E-15
6581.55990528835  1.074865E-15
6583.61990523113  1.098490E-15
6585.67990517391  1.107267E-15
6587.73990511669  1.098752E-15
6589.79990505947  1.071183E-15
6591.85990500225  1.001651E-15
6593.91990494503  9.213520E-16
6595.97990488781  8.399149E-16
6598.03990483059  7.809224E-16
6600.09990477337  7.864348E-16
6602.15990471615  8.898636E-16
6604.21990465893  1.041696E-15
6606.27990460171  1.184570E-15
6608.33990454449  1.303665E-15
6610.39990448727  1.388407E-15
6612.45990443005  1.410969E-15
6614.51990437283  1.317587E-15
6616.57990431561  1.251111E-15
6618.63990425839  1.210076E-15
6620.69990420117  1.123388E-15
6622.75990414395  1.072124E-15
6624.81990408673  1.031758E-15
6626.87990402951  9.764873E-16
6628.93990397229  9.400314E-16
6630.99990391507  9.029297E-16
6633.05990385785  8.658922E-16
6635.11990380063  8.349594E-16
6637.17990374341  8.150624E-16
6639.23990368619  7.804994E-16
6641.29990362897  7.682068E-16
6643.35990357175  7.388528E-16
6645.41990351453  7.185816E-16
6647.47990345731  6.910011E-16
6649.53990340009  6.599575E-16
6651.59990334287  6.357707E-16
6653.65990328565  5.956609E-16
6655.71990322843  5.454131E-16
6657.77990317121  5.152604E-16
6659.83990311399  4.862517E-16
6661.89990305677  4.458972E-16
6663.95990299955  4.357017E-16
6666.01990294233  4.066718E-16
6668.07990288511  3.821685E-16
6670.13990282789  3.718860E-16
6672.19990277067  3.502706E-16
6674.25990271345  3.376828E-16
6676.31990265623  3.254298E-16
6678.37990259901  3.094716E-16
6680.43990254179  2.903269E-16
6682.49990248457  2.795897E-16
6684.55990242735  2.794354E-16
6686.61990237013  2.768894E-16
6688.67990231291  2.679670E-16
6690.73990225569  2.693405E-16
6692.79990219847  2.534813E-16
6694.85990214125  2.539501E-16
6696.91990208403  2.506700E-16
6698.97990202681  2.433655E-16
6701.03990196959  2.443484E-16
6703.09990191237  2.438827E-16
6705.15990185515  2.325946E-16
6707.21990179793  2.444790E-16
6709.27990174071  2.330804E-16
6711.33990168349  2.400656E-16
6713.39990162627  2.478712E-16
6715.45990156905  2.369828E-16
6717.51990151183  2.517654E-16
6719.57990145461  2.334826E-16
6721.63990139739  2.233876E-16
6723.69990134017  2.334579E-16
6725.75990128295  2.493708E-16
6727.81990122573  2.367358E-16
6729.87990116851  2.307014E-16
6731.93990111129  2.285378E-16
6733.99990105407  2.297110E-16
6736.05990099685  2.215700E-16
6738.11990093963  2.080144E-16
6740.17990088241  2.138071E-16
6742.23990082519  2.084966E-16
6744.29990076797  2.094184E-16
6746.35990071075  1.987495E-16
6748.41990065353  1.923440E-16
6750.47990059631  1.949389E-16
6752.53990053909  1.963019E-16
6754.59990048187  1.888942E-16
6756.65990042465  1.977002E-16
6758.71990036743  1.824183E-16
6760.77990031021  1.752365E-16
6762.83990025299  1.721532E-16
6764.89990019577  1.612906E-16
6766.95990013855  1.625801E-16
6769.01990008133  1.750189E-16
6771.07990002411  1.670765E-16
6773.13989996689  1.582708E-16
6775.19989990967  1.606287E-16
6777.25989985245  1.634726E-16
6779.31989979523  1.587839E-16
6781.37989973801  1.651338E-16
6783.43989968079  1.663737E-16
6785.49989962357  1.502712E-16
6787.55989956635  1.437692E-16
6789.61989950913  1.390635E-16
6791.67989945191  1.486016E-16
6793.73989939469  1.490211E-16
6795.79989933747  1.421589E-16
6797.85989928025  1.376973E-16
6799.91989922303  1.402066E-16
6801.97989916581  1.346763E-16
6804.03989910859  1.350931E-16
6806.09989905137  1.323959E-16
6808.15989899415  1.332578E-16
6810.21989893693  1.319158E-16
6812.27989887971  1.371836E-16
6814.33989882249  1.398056E-16
6816.39989876527  1.293225E-16
6818.45989870805  1.343912E-16
6820.51989865083  1.335630E-16
6822.57989859361  1.306974E-16
6824.63989853639  1.345836E-16
6826.69989847917  1.402496E-16
6828.75989842195  1.265706E-16
6830.81989836473  1.298299E-16
6832.87989830751  1.331027E-16
6834.93989825029  1.346029E-16
6836.99989819307  1.332273E-16
6839.05989813585  1.288751E-16
6841.11989807863  1.152621E-16
6843.17989802141  1.385918E-16
6845.23989796419  1.195321E-16
6847.29989790697  1.327932E-16
6849.35989784975  1.333538E-16
6851.41989779253  1.312883E-16
6853.47989773531  1.385210E-16
6855.53989767809  1.264985E-16
6857.59989762087  1.266994E-16
6859.65989756365  1.340451E-16
6861.71989750643  1.381681E-16
6863.77989744921  1.462779E-16
6865.83989739199  1.299687E-16
6867.89989733477  1.396264E-16
6869.95989727755  1.335722E-16
6872.01989722033  1.100217E-16
6874.07989716311  1.226029E-16
6876.13989710589  1.242426E-16
6878.19989704867  1.256120E-16
6880.25989699145  1.245899E-16
6882.31989693423  1.333152E-16
6884.37989687701  1.384581E-16
6886.43989681979  1.303270E-16
6888.49989676257  1.358502E-16
6890.55989670535  1.358411E-16
6892.61989664813  1.307801E-16
6894.67989659091  1.266258E-16
6896.73989653369  1.199350E-16
6898.79989647647  1.294904E-16
6900.85989641925  1.379840E-16
6902.91989636203  1.339217E-16
6904.97989630481  1.303971E-16
6907.03989624759  1.239539E-16
6909.09989619037  1.291540E-16
6911.15989613315  1.339649E-16
6913.21989607593  1.284030E-16
6915.27989601871  1.297039E-16
6917.33989596149  1.319455E-16
6919.39989590427  1.250217E-16
6921.45989584705  1.203365E-16
6923.51989578983  1.231006E-16
6925.57989573261  1.233844E-16
6927.63989567539  1.308133E-16
6929.69989561817  1.318147E-16
6931.75989556095  1.308458E-16
6933.81989550373  1.254724E-16
6935.87989544651  1.215427E-16
6937.93989538929  1.258532E-16
6939.99989533207  1.197295E-16
6942.05989527485  1.189073E-16
6944.11989521763  1.356679E-16
6946.17989516041  1.303857E-16
6948.23989510319  1.177882E-16
6950.29989504597  1.267124E-16
6952.35989498875  1.320255E-16
6954.41989493153  1.204361E-16
6956.47989487431  1.175888E-16
6958.53989481709  1.160222E-16
6960.59989475987  1.259814E-16
6962.65989470265  1.191576E-16
6964.71989464543  1.300394E-16
6966.77989458821  1.213722E-16
6968.83989453099  1.292677E-16
6970.89989447377  1.389204E-16
6972.95989441655  1.327226E-16
6975.01989435933  1.220745E-16
6977.07989430211  1.342271E-16
6979.13989424489  1.300128E-16
6981.19989418767  1.189450E-16
6983.25989413045  1.265580E-16
6985.31989407323  1.371137E-16
6987.37989401601  1.233183E-16
6989.43989395879  1.268270E-16
6991.49989390157  1.250179E-16
6993.55989384435  1.281398E-16
6995.61989378713  1.309205E-16
6997.67989372991  1.194902E-16
6999.73989367269  1.271997E-16
7001.79989361547  1.185552E-16
7003.85989355825  1.303101E-16
7005.91989350103  1.365636E-16
7007.97989344381  1.388762E-16
7010.03989338659  1.324289E-16
7012.09989332937  1.376728E-16
7014.15989327215  1.395393E-16
7016.21989321493  1.366436E-16
7018.27989315771  1.333920E-16
7020.33989310049  1.331739E-16
7022.39989304327  1.309162E-16
7024.45989298605  1.326242E-16
7026.51989292883  1.237412E-16
7028.57989287161  1.316734E-16
7030.63989281439  1.304236E-16
7032.69989275717  1.341124E-16
7034.75989269995  1.418864E-16
7036.81989264273  1.374877E-16
7038.87989258551  1.473204E-16
7040.93989252829  1.483845E-16
7042.99989247107  1.432994E-16
7045.05989241385  1.422444E-16
7047.11989235663  1.352650E-16
7049.17989229941  1.484350E-16
7051.23989224219  1.520207E-16
7053.29989218497  1.464631E-16
7055.35989212775  1.485187E-16
7057.41989207053  1.504110E-16
7059.47989201331  1.540830E-16
7061.53989195609  1.544155E-16
7063.59989189887  1.559206E-16
7065.65989184165  1.451143E-16
7067.71989178443  1.482488E-16
7069.77989172721  1.510292E-16
7071.83989166999  1.479338E-16
7073.89989161277  1.487708E-16
7075.95989155555  1.512974E-16
7078.01989149833  1.464974E-16
7080.07989144111  1.468463E-16
7082.13989138389  1.557789E-16
7084.19989132667  1.678029E-16
7086.25989126945  1.708816E-16
7088.31989121223  1.692321E-16
7090.37989115501  1.809483E-16
7092.43989109779  1.815114E-16
7094.49989104057  1.694798E-16
7096.55989098335  1.722856E-16
7098.61989092613  1.795870E-16
7100.67989086891  1.863269E-16
7102.73989081169  1.851302E-16
7104.79989075447  1.843142E-16
7106.85989069725  1.796215E-16
7108.91989064003  1.772225E-16
7110.97989058281  1.795168E-16
7113.03989052559  1.814528E-16
7115.09989046837  1.815503E-16
7117.15989041115  1.841273E-16
7119.21989035393  1.948946E-16
7121.27989029671  1.952232E-16
7123.33989023949  1.878132E-16
7125.39989018227  1.811025E-16
7127.45989012505  1.814274E-16
7129.51989006783  1.872904E-16
7131.57989001061  1.686474E-16
7133.63988995339  1.598364E-16
7135.69988989617  1.589026E-16
7137.75988983895  1.524778E-16
7139.81988978173  1.526464E-16
7141.87988972451  1.474655E-16
7143.93988966729  1.502457E-16
7145.99988961007  1.452994E-16
7148.05988955285  1.541542E-16
7150.11988949563  1.582645E-16
7152.17988943841  1.514671E-16
7154.23988938119  1.505393E-16
7156.29988932397  1.446925E-16
7158.35988926675  1.399147E-16
7160.41988920953  1.370214E-16
7162.47988915231  1.317873E-16
7164.53988909509  1.314203E-16
7166.59988903787  1.379786E-16
7168.65988898065  1.402742E-16
7170.71988892343  1.311095E-16
7172.77988886621  1.385008E-16
7174.83988880899  1.447150E-16
7176.89988875177  1.367269E-16
7178.95988869455  1.389495E-16
7181.01988863733  1.476267E-16
7183.07988858011  1.352746E-16
7185.13988852289  1.370929E-16
7187.19988846567  1.305766E-16
7189.25988840845  1.293792E-16
7191.31988835123  1.125055E-16
7193.37988829401  1.231534E-16
7195.43988823679  1.318543E-16
7197.49988817957  1.099546E-16
7199.55988812235  1.271569E-16
7201.61988806513  1.265400E-16
7203.67988800791  1.158124E-16
7205.73988795069  1.186725E-16
7207.79988789347  1.216102E-16
7209.85988783625  1.409708E-16
7211.91988777903  1.280651E-16
7213.97988772181  1.325687E-16
7216.03988766459  1.356347E-16
7218.09988760737  1.362410E-16
7220.15988755015  1.453910E-16
7222.21988749293  1.391149E-16
7224.27988743571  1.476290E-16
7226.33988737849  1.394427E-16
7228.39988732127  1.309770E-16
7230.45988726405  1.369821E-16
7232.51988720683  1.183733E-16
7234.57988714961  1.269756E-16
7236.63988709239  1.248777E-16
7238.69988703517  1.292661E-16
7240.75988697795  1.365389E-16
7242.81988692073  1.318293E-16
7244.87988686351  1.411075E-16
7246.93988680629  1.527788E-16
7248.99988674907  1.453083E-16
7251.05988669185  1.518108E-16
7253.11988663463  1.519107E-16
7255.17988657741  1.552986E-16
7257.23988652019  1.633507E-16
7259.29988646297  1.621875E-16
7261.35988640575  1.649788E-16
7263.41988634853  1.653727E-16
7265.47988629131  1.568032E-16
7267.53988623409  1.583303E-16
7269.59988617687  1.557613E-16
7271.65988611965  1.482382E-16
7273.71988606243  1.633254E-16
7275.77988600521  1.516479E-16
7277.83988594799  1.518474E-16
7279.89988589077  1.600739E-16
7281.95988583355  1.747719E-16
7284.01988577633  1.634404E-16
7286.07988571911  1.623660E-16
7288.13988566189  1.688040E-16
7290.19988560467  1.585761E-16
7292.25988554745  1.600370E-16
7294.31988549023  1.646486E-16
7296.37988543301  1.624928E-16
7298.43988537579  1.587449E-16
7300.49988531857  1.579086E-16
7302.55988526135  1.512299E-16
7304.61988520413  1.566917E-16
7306.67988514691  1.597079E-16
7308.73988508969  1.592017E-16
7310.79988503247  1.647632E-16
7312.85988497525  1.709007E-16
7314.91988491803  1.749605E-16
7316.97988486081  1.703818E-16
7319.03988480359  1.789891E-16
7321.09988474637  1.856079E-16
7323.15988468915  1.922995E-16
7325.21988463193  1.957649E-16
7327.27988457471  1.919929E-16
7329.33988451749  1.925930E-16
7331.39988446027  1.893865E-16
7333.45988440305  1.827367E-16
7335.51988434583  1.841322E-16
7337.57988428861  1.907333E-16
7339.63988423139  1.882844E-16
7341.69988417417  2.045378E-16
7343.75988411695  2.013535E-16
7345.81988405973  2.018271E-16
7347.87988400251  2.009050E-16
7349.93988394529  2.010777E-16
7351.99988388807  1.963464E-16
7354.05988383085  1.984493E-16
7356.11988377363  1.992763E-16
7358.17988371641  2.032360E-16
7360.23988365919  2.036187E-16
7362.29988360197  2.067005E-16
7364.35988354475  2.047590E-16
7366.41988348753  1.917653E-16
7368.47988343031  1.897313E-16
7370.53988337309  1.875329E-16
7372.59988331587  1.813757E-16
7374.65988325865  1.745691E-16
7376.71988320143  1.721821E-16
7378.77988314421  1.740919E-16
7380.83988308699  1.798619E-16
7382.89988302977  1.693377E-16
7384.95988297255  1.713047E-16
7387.01988291533  1.735610E-16
7389.07988285811  1.732575E-16
7391.13988280089  1.636156E-16
7393.19988274367  1.673889E-16
7395.25988268645  1.674189E-16
7397.31988262923  1.650358E-16
7399.37988257201  1.683270E-16
7401.43988251479  1.635048E-16
7403.49988245757  1.626334E-16
7405.55988240035  1.626964E-16
7407.61988234313  1.451382E-16
7409.67988228591  1.436096E-16
7411.73988222869  1.447536E-16
7413.79988217147  1.550632E-16
7415.85988211425  1.491066E-16
7417.91988205703  1.441376E-16
7419.97988199981  1.436308E-16
7422.03988194259  1.489361E-16
7424.09988188537  1.517406E-16
7426.15988182815  1.457340E-16
7428.21988177093  1.444387E-16
7430.27988171371  1.391953E-16
7432.33988165649  1.406985E-16
7434.39988159927  1.394708E-16
7436.45988154205  1.322956E-16
7438.51988148483  1.321992E-16
7440.57988142761  1.407005E-16
7442.63988137039  1.405419E-16
7444.69988131317  1.414288E-16
7446.75988125595  1.381499E-16
7448.81988119873  1.391203E-16
7450.87988114151  1.400638E-16
7452.93988108429  1.372623E-16
7454.99988102707  1.373389E-16
7457.05988096985  1.378786E-16
7459.11988091263  1.410392E-16
7461.17988085541  1.459813E-16
7463.23988079819  1.377295E-16
7465.29988074097  1.405532E-16
7467.35988068375  1.384113E-16
7469.41988062653  1.362206E-16
7471.47988056931  1.274918E-16
7473.53988051209  1.236690E-16
7475.59988045487  1.251078E-16
7477.65988039765  1.329810E-16
7479.71988034043  1.361030E-16
7481.77988028321  1.399373E-16
7483.83988022599  1.388365E-16
7485.89988016877  1.417258E-16
7487.95988011155  1.440627E-16
7490.01988005433  1.496516E-16
7492.07987999711  1.314915E-16
7494.13987993989  1.169965E-16
7496.19987988267  1.227613E-16
7498.25987982545  1.333390E-16
7500.31987976823  1.342412E-16
7502.37987971101  1.387374E-16
7504.43987965379  1.342231E-16
7506.49987959657  1.299713E-16
7508.55987953935  1.373297E-16
7510.61987948213  1.371537E-16
7512.67987942491  1.406410E-16
7514.73987936769  1.429993E-16
7516.79987931047  1.543720E-16
7518.85987925325  1.532832E-16
7520.91987919603  1.567600E-16
7522.97987913881  1.547032E-16
7525.03987908159  1.566907E-16
7527.09987902437  1.475632E-16
7529.15987896715  1.390832E-16
7531.21987890993  1.314919E-16
7533.27987885271  1.196962E-16
7535.33987879549  1.160332E-16
7537.39987873827  1.168608E-16
7539.45987868105  1.190417E-16
7541.51987862383  1.189987E-16
7543.57987856661  1.293464E-16
7545.63987850939  1.327864E-16
7547.69987845217  1.230096E-16
7549.75987839495  1.228233E-16
7551.81987833773  1.295172E-16
7553.87987828051  1.408394E-16
7555.93987822329  1.355968E-16
7557.99987816607  1.326817E-16
7560.05987810885  1.361217E-16
7562.11987805163  1.370539E-16
7564.17987799441  1.298448E-16
7566.23987793719  1.283888E-16
7568.29987787997  1.257610E-16
7570.35987782275  1.266288E-16
7572.41987776553  1.258733E-16
7574.47987770831  1.254472E-16
7576.53987765109  1.308610E-16
7578.59987759387  1.383360E-16
7580.65987753665  1.370097E-16
7582.71987747943  1.431232E-16
7584.77987742221  1.481059E-16
7586.83987736499  1.371124E-16
7588.89987730777  1.354152E-16
7590.95987725055  1.392255E-16
7593.01987719333  1.474681E-16
7595.07987713611  1.459697E-16
7597.13987707889  1.476233E-16
7599.19987702167  1.371972E-16
7601.25987696445  1.108634E-16
7603.31987690723  9.184722E-17
7605.37987685001  9.291636E-17
7607.43987679279  8.769341E-17
7609.49987673557  7.992691E-17
7611.55987667835  9.482396E-17
7613.61987662113  1.036179E-16
7615.67987656391  1.030630E-16
7617.73987650669  1.089604E-16
7619.79987644947  1.197050E-16
7621.85987639225  1.180962E-16
7623.91987633503  1.208034E-16
7625.97987627781  1.296299E-16
7628.03987622059  1.131189E-16
7630.09987616337  1.057178E-16
7632.15987610615  1.093984E-16
7634.21987604893  1.197743E-16
7636.27987599171  1.007713E-16
7638.33987593449  1.101303E-16
7640.39987587727  9.194286E-17
7642.45987582005  1.024559E-16
7644.51987576283  8.943290E-17
7646.57987570561  7.737332E-17
7648.63987564839  8.169259E-17
7650.69987559117  8.316702E-17
7652.75987553395  8.045563E-17
7654.81987547673  7.774424E-17
7656.87987541951  7.503286E-17
7658.93987536229  7.232147E-17
7660.99987530507  8.438500E-17
7663.05987524785  9.628480E-17
7665.11987519063  1.087752E-16
7667.17987513341  1.049788E-16
7669.23987507619  1.114160E-16
7671.29987501897  1.076005E-16
7673.35987496175  9.917468E-17
7675.41987490453  1.177765E-16
7677.47987484731  1.081368E-16
7679.53987479009  1.075716E-16
7681.59987473287  9.529543E-17
7683.65987467565  9.837191E-17
7685.71987461843  1.052532E-16
7687.77987456121  1.041301E-16
7689.83987450399  9.357101E-17
7691.89987444677  9.942122E-17
7693.95987438955  9.786684E-17
7696.01987433233  1.136550E-16
7698.07987427511  1.200227E-16
7700.13987421789  1.170129E-16
7702.19987416067  1.282426E-16
7704.25987410345  1.347247E-16
7706.31987404623  1.355123E-16
7708.37987398901  1.251624E-16
7710.43987393179  1.342587E-16
7712.49987387457  1.384866E-16
7714.55987381735  1.238474E-16
7716.61987376013  1.282762E-16
7718.67987370291  1.178828E-16
7720.73987364569  1.035515E-16
7722.79987358847  1.007836E-16
7724.85987353125  1.081385E-16
7726.91987347403  1.279725E-16
7728.97987341681  1.397103E-16
7731.03987335959  1.304338E-16
7733.09987330237  1.362387E-16
7735.15987324515  1.474390E-16
7737.21987318793  1.488254E-16
7739.27987313071  1.444203E-16
7741.33987307349  1.442516E-16
7743.39987301627  1.442287E-16
7745.45987295905  1.381902E-16
7747.51987290183  1.387405E-16
7749.57987284461  1.329816E-16
7751.63987278739  1.419385E-16
7753.69987273017  1.262746E-16
7755.75987267295  1.450419E-16
7757.81987261573  1.554146E-16
7759.87987255851  1.386222E-16
7761.93987250129  1.542135E-16
7763.99987244407  1.549141E-16
7766.05987238685  1.537047E-16
7768.11987232963  1.470272E-16
7770.17987227241  1.590366E-16
7772.23987221519  1.468211E-16
7774.29987215797  1.407790E-16
7776.35987210075  1.492548E-16
7778.41987204353  1.407647E-16
7780.47987198631  1.272274E-16
7782.53987192909  1.229802E-16
7784.59987187187  1.251639E-16
7786.65987181465  1.238560E-16
7788.71987175743  1.140617E-16
7790.77987170021  1.164041E-16
7792.83987164299  1.263728E-16
7794.89987158577  1.372329E-16
7796.95987152855  1.307413E-16
7799.01987147133  1.383911E-16
7801.07987141411  1.186264E-16
7803.13987135689  1.353908E-16
7805.19987129967  1.395598E-16
7807.25987124245  1.180931E-16
7809.31987118523  1.143935E-16
7811.37987112801  1.181946E-16
7813.43987107079  1.032624E-16
7815.49987101357  1.008906E-16
7817.55987095635  1.071664E-16
7819.61987089913  1.075440E-16
7821.67987084191  1.053328E-16
7823.73987078469  1.066102E-16
7825.79987072747  1.175030E-16
7827.85987067025  1.142808E-16
7829.91987061303  1.132952E-16
7831.97987055581  1.156190E-16
7834.03987049859  1.145865E-16
7836.09987044137  1.241281E-16
7838.15987038415  1.154224E-16
7840.21987032693  1.137780E-16
7842.27987026971  1.176672E-16
7844.33987021249  1.199797E-16
7846.39987015527  1.222866E-16
7848.45987009805  1.085163E-16
7850.51987004083  1.061950E-16
7852.57986998361  1.028264E-16
7854.63986992639  1.041042E-16
7856.69986986917  1.092636E-16
7858.75986981195  1.214120E-16
7860.81986975473  1.157073E-16
7862.87986969751  1.186267E-16
7864.93986964029  1.217398E-16
7866.99986958307  1.313158E-16
7869.05986952585  1.247836E-16
7871.11986946863  1.202979E-16
7873.17986941141  1.110242E-16
7875.23986935419  1.095788E-16
7877.29986929697  1.062980E-16
7879.35986923975  1.040771E-16
7881.41986918253  1.072468E-16
7883.47986912531  1.011792E-16
7885.53986906809  9.928072E-17
7887.59986901087  1.046266E-16
7889.65986895365  1.087683E-16
7891.71986889643  1.123897E-16
7893.77986883921  1.134888E-16
7895.83986878199  9.797377E-17
7897.89986872477  9.671477E-17
7899.95986866755  1.095379E-16
7902.01986861033  1.114715E-16
7904.07986855311  1.145255E-16
7906.13986849589  1.099609E-16
7908.19986843867  1.052159E-16
7910.25986838145  1.063666E-16
7912.31986832423  1.059464E-16
7914.37986826701  1.025678E-16
7916.43986820979  9.515041E-17
7918.49986815257  8.934713E-17
7920.55986809535  8.646223E-17
7922.61986803813  9.856532E-17
7924.67986798091  1.068902E-16
7926.73986792369  1.019062E-16
7928.79986786647  9.767728E-17
7930.85986780925  1.032689E-16
7932.91986775203  1.053037E-16
7934.97986769481  1.046759E-16
7937.03986763759  1.027207E-16
7939.09986758037  9.595715E-17
7941.15986752315  1.041359E-16
7943.21986746593  1.159304E-16
7945.27986740871  1.128816E-16
7947.33986735149  1.120354E-16
7949.39986729427  1.069712E-16
7951.45986723705  1.021614E-16
7953.51986717983  1.043571E-16
7955.57986712261  9.893725E-17
7957.63986706539  1.019828E-16
7959.69986700817  9.573613E-17
7961.75986695095  1.067852E-16
7963.81986689373  1.170066E-16
7965.87986683651  1.139526E-16
7967.93986677929  1.007555E-16
7969.99986672207  1.068954E-16
7972.05986666485  1.101661E-16
7974.11986660763  1.079250E-16
7976.17986655041  1.037398E-16
7978.23986649319  1.068615E-16
7980.29986643597  1.068125E-16
7982.35986637875  9.128274E-17
7984.41986632153  1.010945E-16
7986.47986626431  1.052590E-16
7988.53986620709  1.068741E-16
7990.59986614987  1.084499E-16
7992.65986609265  1.129500E-16
7994.71986603543  1.189397E-16
7996.77986597821  1.079801E-16
7998.83986592099  1.014757E-16
8000.89986586377  1.058026E-16
8002.95986580655  1.105196E-16
8005.01986574933  1.108530E-16
8007.07986569211  1.081671E-16
8009.13986563489  1.043646E-16
8011.19986557767  1.118344E-16
8013.25986552045  1.043252E-16
8015.31986546323  1.010023E-16
8017.37986540601  1.039784E-16
8019.43986534879  1.088361E-16
8021.49986529157  9.804453E-17
8023.55986523435  1.020395E-16
8025.61986517713  1.137029E-16
8027.67986511991  9.824451E-17
8029.73986506269  1.014076E-16
8031.79986500547  1.067623E-16
8033.85986494825  1.105424E-16
8035.91986489103  9.429015E-17
8037.97986483381  1.068860E-16
8040.03986477659  1.083000E-16
8042.09986471937  1.095775E-16
8044.15986466215  8.962710E-17
8046.21986460493  9.177797E-17
8048.27986454771  1.035431E-16
8050.33986449049  8.470720E-17
8052.39986443327  9.629914E-17
8054.45986437605  8.745339E-17
8056.51986431883  9.719168E-17
8058.57986426161  9.975679E-17
8060.63986420439  1.006285E-16
8062.69986414717  1.039350E-16
8064.75986408995  1.122123E-16
8066.81986403273  1.081950E-16
8068.87986397551  1.045500E-16
8070.93986391829  1.078318E-16
8072.99986386107  1.023704E-16
8075.05986380385  9.681501E-17
8077.11986374663  1.028100E-16
8079.17986368941  1.047012E-16
8081.23986363219  1.020486E-16
8083.29986357497  9.177777E-17
8085.35986351775  9.140314E-17
8087.41986346053  9.896164E-17
8089.47986340331  9.960810E-17
8091.53986334609  9.044515E-17
8093.59986328887  9.942059E-17
8095.65986323165  1.016331E-16
8097.71986317443  1.023990E-16
8099.77986311721  1.059870E-16
8101.83986305999  1.128280E-16
8103.89986300277  1.120192E-16
8105.95986294555  1.093117E-16
8108.01986288833  1.079566E-16
8110.07986283111  1.132634E-16
8112.13986277389  1.089590E-16
8114.19986271667  1.028082E-16
8116.25986265945  9.689282E-17
8118.31986260223  8.749741E-17
8120.37986254501  9.498584E-17
8122.43986248779  9.441199E-17
8124.49986243057  8.428124E-17
8126.55986237335  8.788009E-17
8128.61986231613  9.404385E-17
8130.67986225891  9.959576E-17
8132.73986220169  1.037344E-16
8134.79986214447  1.013457E-16
8136.85986208725  1.012031E-16
8138.91986203003  1.030881E-16
8140.97986197281  9.643283E-17
8143.03986191559  1.087546E-16
8145.09986185837  1.068224E-16
8147.15986180115  9.847698E-17
8149.21986174393  1.062334E-16
8151.27986168671  1.037922E-16
8153.33986162949  9.636322E-17
8155.39986157227  1.009772E-16
8157.45986151505  9.649645E-17
8159.51986145783  8.780261E-17
8161.57986140061  8.254735E-17
8163.63986134339  8.092819E-17
8165.69986128617  8.729863E-17
8167.75986122895  8.897974E-17
8169.81986117173  8.854523E-17
8171.87986111451  9.079752E-17
8173.93986105729  7.850053E-17
8175.99986100007  9.646760E-17
8178.05986094285  9.686978E-17
8180.11986088563  8.559835E-17
8182.17986082841  9.214290E-17
8184.23986077119  9.761528E-17
8186.29986071397  1.103568E-16
8188.35986065675  1.030505E-16
8190.41986059953  1.038581E-16
8192.47986054231  9.636722E-17
8194.53986048509  8.685227E-17
8196.59986042787  9.177450E-17
8198.65986037065  7.124050E-17
8200.71986031343  8.109212E-17
8202.77986025621  8.863433E-17
8204.83986019899  8.333026E-17
8206.89986014177  7.954927E-17
8208.95986008455  8.580920E-17
8211.01986002733  8.009528E-17
8213.07985997011  8.435135E-17
8215.13985991289  8.264960E-17
8217.19985985567  9.231758E-17
8219.25985979845  1.010720E-16
8221.31985974123  8.166238E-17
8223.37985968401  9.702100E-17
8225.43985962679  8.620648E-17
8227.49985956957  1.075655E-16
8229.55985951235  9.539470E-17
8231.61985945513  9.690545E-17
8233.67985939791  9.796207E-17
8235.73985934069  8.993930E-17
8237.79985928347  9.710619E-17
8239.85985922625  1.023458E-16
8241.91985916903  8.572938E-17
8243.97985911181  8.540404E-17
8246.03985905459  8.963209E-17
8248.09985899737  9.864186E-17
8250.15985894015  1.014194E-16
8252.21985888293  1.066354E-16
8254.27985882571  9.771593E-17
8256.33985876849  1.009846E-16
8258.39985871127  1.065706E-16
8260.45985865405  1.081237E-16
8262.51985859683  1.193901E-16
8264.57985853961  1.355022E-16
8266.63985848239  1.227987E-16
8268.69985842517  1.193040E-16
8270.75985836795  1.090653E-16
8272.81985831073  1.037197E-16
8274.87985825351  1.171546E-16
8276.93985819629  1.146994E-16
8278.99985813907  9.917232E-17
8281.05985808185  9.104988E-17
8283.11985802463  8.444398E-17
8285.17985796741  8.673821E-17
8287.23985791019  9.084810E-17
8289.29985785297  9.617251E-17
8291.35985779575  1.019154E-16
8293.41985773853  9.963975E-17
8295.47985768131  1.071142E-16
8297.53985762409  1.157285E-16
8299.59985756687  1.197763E-16
8301.65985750965  1.099350E-16
8303.71985745243  1.258726E-16
8305.77985739521  1.329125E-16
8307.83985733799  1.137422E-16
8309.89985728077  1.069126E-16
8311.95985722355  1.024759E-16
8314.01985716633  9.852070E-17
8316.07985710911  8.105954E-17
8318.13985705189  8.060366E-17
8320.19985699467  8.166179E-17
8322.25985693745  8.661598E-17
8324.31985688023  8.380641E-17
8326.37985682301  8.578917E-17
8328.43985676579  8.798798E-17
8330.49985670857  9.514050E-17
8332.55985665135  9.615700E-17
8334.61985659413  1.055994E-16
8336.67985653691  9.893187E-17
8338.73985647969  1.315499E-16
8340.79985642247  1.224577E-16
8342.85985636525  1.134666E-16
8344.91985630803  1.186520E-16
8346.97985625081  1.184902E-16
8349.03985619359  1.285847E-16
8351.09985613637  1.157653E-16
8353.15985607915  9.987436E-17
8355.21985602193  1.063881E-16
8357.27985596471  1.019694E-16
8359.33985590749  7.893775E-17
8361.39985585027  8.852136E-17
8363.45985579305  9.125025E-17
8365.51985573583  9.473353E-17
8367.57985567861  9.527885E-17
8369.63985562139  9.548467E-17
8371.69985556417  1.031066E-16
8373.75985550695  1.060041E-16
8375.81985544973  1.104956E-16
8377.87985539251  1.233983E-16
8379.93985533529  1.396590E-16
8381.99985527807  1.339773E-16
8384.05985522085  1.388859E-16
8386.11985516363  1.417216E-16
8388.17985510641  1.243585E-16
8390.23985504919  1.048923E-16
8392.29985499197  1.044648E-16
8394.35985493475  1.058205E-16
8396.41985487753  9.355266E-17
8398.47985482031  8.901325E-17
8400.53985476309  1.013751E-16
8402.59985470587  1.098123E-16
8404.65985464865  1.033496E-16
8406.71985459143  1.129354E-16
8408.77985453421  1.202101E-16
8410.83985447699  1.265050E-16
8412.89985441977  1.208830E-16
8414.95985436255  1.300096E-16
8417.01985430533  1.298829E-16
8419.07985424811  1.285345E-16
8421.13985419089  1.259562E-16
8423.19985413367  1.192312E-16
8425.25985407645  1.187493E-16
8427.31985401923  1.160735E-16
8429.37985396201  1.007938E-16
8431.43985390479  9.456016E-17
8433.49985384757  1.102207E-16
8435.55985379035  1.017785E-16
8437.61985373313  9.986452E-17
8439.67985367591  1.104385E-16
8441.73985361869  1.110121E-16
8443.79985356147  1.172734E-16
8445.85985350425  1.148176E-16
8447.91985344703  1.183107E-16
8449.97985338981  1.274718E-16
8452.03985333259  1.309451E-16
8454.09985327537  1.421411E-16
8456.15985321815  1.249448E-16
8458.21985316093  1.198548E-16
8460.27985310371  1.372532E-16
8462.33985304649  1.437938E-16
8464.39985298927  1.495159E-16
8466.45985293205  1.390927E-16
8468.51985287483  1.166465E-16
8470.57985281761  1.327492E-16
8472.63985276039  1.287310E-16
8474.69985270317  1.074305E-16
8476.75985264595  1.313210E-16
8478.81985258873  1.275466E-16
8480.87985253151  1.258253E-16
8482.93985247429  1.358326E-16
8484.99985241707  1.290649E-16
8487.05985235985  1.274172E-16
8489.11985230263  1.522872E-16
8491.17985224541  1.520654E-16
8493.23985218819  1.450600E-16
8495.29985213097  1.455576E-16
8497.35985207375  1.629750E-16
8499.41985201653  1.510926E-16
8501.47985195931  1.467678E-16
8503.53985190209  1.791173E-16
8505.59985184487  1.879251E-16
8507.65985178765  1.716115E-16
8509.71985173043  1.872250E-16
8511.77985167321  1.993937E-16
8513.83985161599  2.020398E-16
8515.89985155877  2.195066E-16
8517.95985150155  2.108275E-16
8520.01985144433  2.133700E-16
8522.07985138711  2.222161E-16
8524.13985132989  2.324792E-16
8526.19985127267  2.373202E-16
8528.25985121545  2.507645E-16
8530.31985115823  2.639514E-16
8532.37985110101  2.770098E-16
8534.43985104379  2.800515E-16
8536.49985098657  2.672971E-16
8538.55985092935  2.755014E-16
8540.61985087213  2.898921E-16
8542.67985081491  2.889602E-16
8544.73985075769  2.689767E-16
8546.79985070047  2.523778E-16
8548.85985064325  2.512646E-16
8550.91985058603  2.394775E-16
8552.97985052881  2.403619E-16
8555.03985047159  2.473893E-16
8557.09985041437  2.434527E-16
8559.15985035715  2.579784E-16
8561.21985029993  2.788079E-16
8563.27985024271  3.023460E-16
8565.33985018549  3.061889E-16
8567.39985012827  3.106282E-16
8569.45985007105  3.451434E-16
8571.51985001383  3.671416E-16
8573.57984995661  3.608771E-16
8575.63984989939  3.651478E-16
8577.69984984217  3.697822E-16
8579.75984978495  3.731873E-16
8581.81984972773  3.535578E-16
8583.87984967051  3.265247E-16
8585.93984961329  3.350861E-16
8587.99984955607  3.030709E-16
8590.05984949885  2.911000E-16
8592.11984944163  2.858509E-16
8594.17984938441  2.673059E-16
8596.23984932719  2.535028E-16
8598.29984926997  2.665857E-16
8600.35984921275  2.644738E-16
8602.41984915553  2.800933E-16
8604.47984909831  2.942371E-16
8606.53984904109  2.862090E-16
8608.59984898387  3.021674E-16
8610.65984892665  3.118139E-16
8612.71984886943  3.073037E-16
8614.77984881221  2.869293E-16
8616.83984875499  2.767102E-16
8618.89984869777  2.738949E-16
8620.95984864055  2.670559E-16
8623.01984858333  2.618865E-16
8625.07984852611  2.461674E-16
8627.13984846889  2.390195E-16
8629.19984841167  2.403970E-16
8631.25984835445  2.348598E-16
8633.31984829723  2.360298E-16
8635.37984824001  2.109693E-16
8637.43984818279  2.018581E-16
8639.49984812557  1.961416E-16
8641.55984806835  2.080399E-16
8643.61984801113  2.101065E-16
8645.67984795391  1.874450E-16
8647.73984789669  1.894494E-16
8649.79984783947  1.765664E-16
8651.85984778225  1.584850E-16
8653.91984772503  1.614665E-16
8655.97984766781  1.537497E-16
8658.03984761059  1.373402E-16
8660.09984755337  1.368597E-16
8662.15984749615  1.420541E-16
8664.21984743893  1.532898E-16
8666.27984738171  1.646260E-16
8668.33984732449  1.641253E-16
8670.39984726727  1.656512E-16
8672.45984721005  1.648006E-16
8674.51984715283  1.715032E-16
8676.57984709561  1.989575E-16
8678.63984703839  2.076524E-16
8680.69984698117  2.106234E-16
8682.75984692395  2.196369E-16
8684.81984686673  2.394738E-16
8686.87984680951  2.525626E-16
8688.93984675229  2.488752E-16
8690.99984669507  2.451692E-16
8693.05984663785  2.563155E-16
8695.11984658063  2.556358E-16
8697.17984652341  2.466086E-16
8699.23984646619  2.631378E-16
8701.29984640897  2.698574E-16
8703.35984635175  2.526393E-16
8705.41984629453  2.524420E-16
8707.47984623731  2.547507E-16
8709.53984618009  2.339709E-16
8711.59984612287  2.455353E-16
8713.65984606565  2.158571E-16
8715.71984600843  2.199818E-16
8717.77984595121  2.252469E-16
8719.83984589399  2.136697E-16
8721.89984583677  2.142463E-16
8723.95984577955  2.331769E-16
8726.01984572233  2.323449E-16
8728.07984566511  2.085731E-16
8730.13984560789  2.124950E-16
8732.19984555067  2.129076E-16
8734.25984549345  2.257277E-16
8736.31984543623  2.217759E-16
8738.37984537901  2.425217E-16
8740.43984532179  2.174699E-16
8742.49984526457  2.383737E-16
8744.55984520735  2.424168E-16
8746.61984515013  2.327120E-16
8748.67984509291  2.322616E-16
8750.73984503569  2.211430E-16
8752.79984497847  2.328383E-16
8754.85984492125  2.312260E-16
8756.91984486403  2.142752E-16
8758.97984480681  2.041204E-16
8761.03984474959  1.830920E-16
8763.09984469237  1.892325E-16
8765.15984463515  1.876517E-16
8767.21984457793  1.889675E-16
8769.27984452071  1.915348E-16
8771.33984446349  1.804782E-16
8773.39984440627  1.872762E-16
8775.45984434905  1.876131E-16
8777.51984429183  1.780511E-16
8779.57984423461  1.785275E-16
8781.63984417739  1.742475E-16
8783.69984412017  1.711821E-16
8785.75984406295  1.674270E-16
8787.81984400573  1.610013E-16
8789.87984394851  1.441801E-16
8791.93984389129  1.340449E-16
8793.99984383407  1.138341E-16
8796.05984377685  1.222493E-16
8798.11984371963  1.098685E-16
8800.17984366241  1.110265E-16
8802.23984360519  1.132250E-16
8804.29984354797  1.019865E-16
8806.35984349075  1.176471E-16
8808.41984343353  1.082410E-16
8810.47984337631  1.086769E-16
8812.53984331909  1.106030E-16
8814.59984326187  1.306407E-16
8816.65984320465  1.121840E-16
8818.71984314743  1.158642E-16
8820.77984309021  1.079811E-16
8822.83984303299  1.001811E-16
8824.89984297577  9.294939E-17
8826.95984291855  7.982929E-17
8829.01984286133  8.871611E-17
8831.07984280411  8.854367E-17
8833.13984274689  7.191667E-17
8835.19984268967  9.820807E-17
8837.25984263245  6.603599E-17
8839.31984257523  7.811990E-17
8841.37984251801  8.872746E-17
8843.43984246079  9.752171E-17
8845.49984240357  9.073152E-17
8847.55984234635  8.859518E-17
8849.61984228913  1.057883E-16
8851.67984223191  1.178212E-16
8853.73984217469  1.219852E-16
8855.79984211747  1.197288E-16
8857.85984206025  1.157274E-16
8859.91984200303  1.157018E-16
8861.97984194581  1.064229E-16
8864.03984188859  9.959233E-17
8866.09984183137  9.539308E-17
8868.15984177415  1.004645E-16
8870.21984171693  1.025778E-16
8872.27984165971  9.569374E-17
8874.33984160249  9.244797E-17
8876.39984154527  8.144661E-17
8878.45984148805  7.633171E-17
8880.51984143083  8.765633E-17
8882.57984137361  8.825763E-17
8884.63984131639  9.397969E-17
8886.69984125917  1.094686E-16
8888.75984120195  1.100798E-16
8890.81984114473  1.148467E-16
8892.87984108751  1.042904E-16
8894.93984103029  1.013831E-16
8896.99984097307  1.035570E-16
8899.05984091585  1.089570E-16
8901.11984085863  1.124652E-16
8903.17984080141  1.085308E-16
8905.23984074419  1.075061E-16
8907.29984068697  8.124545E-17
8909.35984062975  7.257759E-17
8911.41984057253  8.124925E-17
8913.47984051531  8.495530E-17
8915.53984045809  8.244060E-17
8917.59984040087  7.277035E-17
8919.65984034365  8.281217E-17
8921.71984028643  8.715758E-17
8923.77984022921  9.327934E-17
8925.83984017199  1.072891E-16
8927.89984011477  1.156248E-16
8929.95984005755  1.123897E-16
8932.01984000033  1.002008E-16
8934.07983994311  9.994878E-17
8936.13983988589  1.134503E-16
8938.19983982867  8.211104E-17
8940.25983977145  8.270870E-17
8942.31983971423  8.630161E-17
8944.37983965701  7.729688E-17
8946.43983959979  8.286885E-17
8948.49983954257  7.781629E-17
8950.55983948535  7.910001E-17
8952.61983942813  6.643152E-17
8954.67983937091  6.427363E-17
8956.73983931369  7.766521E-17
8958.79983925647  7.922079E-17
8960.85983919925  8.702372E-17
8962.91983914203  8.443925E-17
8964.97983908481  6.833651E-17
8967.03983902759  6.163482E-17
8969.09983897037  7.422640E-17
8971.15983891315  7.912529E-17
8973.21983885593  7.538735E-17
8975.27983879871  6.855863E-17
8977.33983874149  5.569580E-17
8979.39983868427  5.832526E-17
8981.45983862705  6.562019E-17
8983.51983856983  5.280454E-17
8985.57983851261  4.523636E-17
8987.63983845539  5.386034E-17
8989.69983839817  5.619802E-17
8991.75983834095  5.940423E-17
8993.81983828373  6.954965E-17
8995.87983822651  7.141744E-17
8997.93983816929  6.975800E-17
8999.99983811207  7.766944E-17
9002.05983805485  6.231935E-17
9004.11983799763  5.434114E-17
9006.17983794041  7.476513E-17
9008.23983788319  7.012071E-17
9010.29983782597  5.361344E-17
9012.35983776875  5.405714E-17
9014.41983771153  4.500355E-17
9016.47983765431  5.695762E-17
9018.53983759709  5.984627E-17
9020.59983753987  8.099659E-17
9022.65983748265  6.336246E-17
9024.71983742543  8.580114E-17
9026.77983736821  7.261841E-17
9028.83983731099  9.651393E-17
9030.89983725377  9.303142E-17
9032.95983719655  1.038113E-16
9035.01983713933  8.923250E-17
9037.07983708211  8.944716E-17
9039.13983702489  9.830230E-17
9041.19983696767  8.288966E-17
9043.25983691045  8.704310E-17
9045.31983685323  7.809777E-17
9047.37983679601  8.469146E-17
9049.43983673879  9.103297E-17
9051.49983668157  9.880745E-17
9053.55983662435  1.020623E-16
9055.61983656713  1.101990E-16
9057.67983650991  1.083074E-16
9059.73983645269  1.064396E-16
9061.79983639547  1.137844E-16
9063.85983633825  1.260266E-16
9065.91983628103  1.126617E-16
9067.97983622381  9.549332E-17
9070.03983616659  9.327768E-17
9072.09983610937  8.327177E-17
9074.15983605215  6.539987E-17
9076.21983599493  6.560157E-17
9078.27983593771  7.532311E-17
9080.33983588049  6.088742E-17
9082.39983582327  7.375918E-17
9084.45983576605  9.487100E-17
9086.51983570883  8.704659E-17
9088.57983565161  1.016063E-16
9090.63983559439  8.151909E-17
9092.69983553717  7.910536E-17
9094.75983547995  7.413576E-17
9096.81983542273  6.439210E-17
9098.87983536551  8.455746E-17
9100.93983530829  6.314701E-17
9102.99983525107  5.889589E-17
9105.05983519385  5.984937E-17
9107.11983513663  6.261227E-17
9109.17983507941  6.175682E-17
9111.23983502219  6.772758E-17
9113.29983496497  7.422922E-17
9115.35983490775  9.633559E-17
9117.41983485053  8.937464E-17
9119.47983479331  9.186080E-17
9121.53983473609  8.829858E-17
9123.59983467887  6.860248E-17
9125.65983462165  6.265491E-17
9127.71983456443  7.743586E-17
9129.77983450721  6.926847E-17
9131.83983444999  4.406626E-17
9133.89983439277  5.015694E-17
9135.95983433555  5.215186E-17
9138.01983427833  6.327623E-17
9140.07983422111  5.464180E-17
9142.13983416389  6.308008E-17
9144.19983410667  7.790224E-17
9146.25983404945  9.555260E-17
9148.31983399223  9.735666E-17
9150.37983393501  9.665666E-17
9152.43983387779  9.989924E-17
9154.49983382057  8.912593E-17
9156.55983376335  7.752253E-17
9158.61983370613  6.139286E-17
9160.67983364891  5.454573E-17
9162.73983359169  6.776068E-17
9164.79983353447  6.680266E-17
9166.85983347725  6.564519E-17
9168.91983342003  7.934254E-17
9170.97983336281  8.088079E-17
9173.03983330559  6.726638E-17
9175.09983324837  8.840998E-17
9177.15983319115  7.975704E-17
9179.21983313393  6.717039E-17
9181.27983307671  6.514411E-17
9183.33983301949  5.586989E-17
9185.39983296227  5.574612E-17
9187.45983290505  5.389822E-17
9189.51983284783  7.322374E-17
9191.57983279061  5.072410E-17
9193.63983273339  7.212222E-17
9195.69983267617  7.291330E-17
9197.75983261895  6.144673E-17
9199.81983256173  9.083653E-17
9201.87983250451  9.181264E-17
9203.93983244729  7.018714E-17
9205.99983239007  6.268316E-17
9208.05983233285  5.192662E-17
9210.11983227563  4.817266E-17
9212.17983221841  4.456233E-17
9214.23983216119  5.539363E-17
9216.29983210397  4.845586E-17
9218.35983204675  4.479090E-17
9220.41983198953  6.529139E-17
9222.47983193231  6.869689E-17
9224.53983187509  8.814596E-17
9226.59983181787  8.005367E-17
9228.65983176065  7.324522E-17
9230.71983170343  6.964793E-17
9232.77983164621  7.511316E-17
9234.83983158899  8.251504E-17
9236.89983153177  8.687436E-17
9238.95983147455  7.670607E-17
9241.01983141733  7.167973E-17
9243.07983136011  7.586446E-17
9245.13983130289  8.046591E-17
9247.19983124567  8.033641E-17
9249.25983118845  8.462481E-17
9251.31983113123  8.796011E-17
9253.37983107401  7.012281E-17
9255.43983101679  6.843361E-17
9257.49983095957  8.998421E-17
9259.55983090235  9.613770E-17
9261.61983084513  7.548677E-17
9263.67983078791  9.719364E-17
9265.73983073069  8.780569E-17
9267.79983067347  8.364695E-17
9269.85983061625  9.633619E-17
9271.91983055903  8.995612E-17
9273.97983050181  1.219488E-16
