3476.0000	1.1131537e-16
3477.4700	1.5659461e-16
3478.9400	2.5557609e-16
3480.4100	2.8421527e-16
3481.8800	4.482732e-16
3483.3500	4.7574495e-16
3484.8200	2.1744666e-16
3486.2900	3.1398046e-16
3487.7600	2.631133e-16
3489.2300	2.0668734e-17
3490.7000	1.2086822e-16
3492.1700	1.8986035e-16
3493.6400	1.1610812e-16
3495.1100	1.5883865e-16
3496.5800	2.17696e-16
3498.0500	3.0501237e-16
3499.5200	4.6989644e-16
3500.9900	1.6175406e-16
3502.4600	2.0340298e-16
3503.9300	2.335808e-16
3505.4000	6.3406355e-17
3506.8700	3.0051125e-17
3508.3400	2.1758017e-17
3509.8100	1.498253e-16
3511.2800	1.7218307e-16
3512.7500	1.9639272e-16
3514.2200	4.065479e-16
3515.6900	4.6765007e-16
3517.1600	1.6382563e-16
3518.6300	2.706607e-17
3520.1000	1.6387874e-16
3521.5700	3.7097258e-16
3523.0400	2.6499732e-16
3524.5100	1.0875843e-16
3525.9800	1.2696553e-16
3527.4500	2.8510936e-16
3528.9200	1.4394219e-16
3530.3900	4.3816514e-17
3531.8600	3.2745231e-16
3533.3300	1.0002294e-16
3534.8000	1.0675992e-16
3536.2700	1.3096507e-16
3537.7400	3.259995e-16
3539.2100	2.7714934e-16
3540.6800	2.5029125e-16
3542.1500	2.1196753e-16
3543.6200	2.3591604e-16
3545.0900	-4.4625969e-18
3546.5600	6.9604583e-17
3548.0300	1.5923015e-16
3549.5000	2.4862589e-16
3550.9700	3.8949855e-16
3552.4400	1.3884298e-16
3553.9100	2.4788459e-16
3555.3800	6.681428e-17
3556.8500	-2.1489917e-18
3558.3200	2.1497823e-16
3559.7900	3.9825502e-16
3561.2600	3.8226223e-16
3562.7300	5.988701e-16
3564.2000	3.4494821e-16
3565.6700	2.9339999e-17
3567.1400	1.354999e-16
3568.6100	1.3541051e-16
3570.0800	2.1053866e-16
3571.5500	3.459647e-16
3573.0200	2.6537721e-16
3574.4900	5.5595839e-17
3575.9600	1.7354149e-16
3577.4300	1.4177805e-16
3578.9000	1.0460546e-16
3580.3700	1.0017058e-16
3581.8400	1.1681406e-16
3583.3100	6.6627759e-17
3584.7800	8.6819138e-17
3586.2500	1.6128705e-16
3587.7200	2.7549598e-16
3589.1900	2.1021459e-16
3590.6600	6.7263724e-17
3592.1300	1.0206869e-16
3593.6000	3.1217598e-16
3595.0700	3.2437218e-16
3596.5400	3.1623306e-16
3598.0100	1.1105776e-16
3599.4800	-2.1163825e-17
3600.9500	-3.6200111e-17
3602.4200	-2.1686334e-17
3603.8900	4.6244948e-17
3605.3600	1.8970393e-16
3606.8300	2.8488959e-16
3608.3000	2.1355454e-16
3609.7700	1.8095981e-16
3611.2400	2.5702953e-16
3612.7100	2.984414e-17
3614.1800	8.5867906e-17
3615.6500	1.696173e-16
3617.1200	4.7190125e-17
3618.5900	-1.1189004e-16
3620.0600	3.158365e-17
3621.5300	1.916003e-16
3623.0000	1.318955e-16
3624.4700	2.190938e-16
3625.9400	1.9680703e-16
3627.4100	1.5569947e-16
3628.8800	2.1033789e-16
3630.3500	2.3176796e-16
3631.8200	2.6720404e-16
3633.2900	1.9481881e-16
3634.7600	9.0765269e-17
3636.2300	2.7881091e-16
3637.7000	3.5804565e-16
3639.1700	1.724082e-16
3640.6400	1.9574157e-16
3642.1100	2.2581555e-16
3643.5800	1.4375603e-16
3645.0500	1.3455224e-16
3646.5200	1.2249189e-16
3647.9900	1.8748493e-16
3649.4600	2.0923285e-16
3650.9300	3.0055787e-16
3652.4000	2.6004697e-16
3653.8700	1.2582216e-16
3655.3400	1.6684051e-16
3656.8100	1.669751e-16
3658.2800	2.3214738e-16
3659.7500	1.7965752e-16
3661.2200	1.3827101e-16
3662.6900	2.3177937e-16
3664.1600	8.3920689e-17
3665.6300	1.7119117e-17
3667.1000	1.9273237e-16
3668.5700	1.848262e-16
3670.0400	1.1072397e-16
3671.5100	1.5591639e-16
3672.9800	8.9833319e-17
3674.4500	1.5479195e-16
3675.9200	3.1989858e-16
3677.3900	1.471097e-16
3678.8600	7.3377448e-17
3680.3300	1.5628249e-16
3681.8000	1.9234008e-16
3683.2700	2.4384882e-16
3684.7400	1.543918e-16
3686.2100	1.7332919e-16
3687.6800	6.081414e-17
3689.1500	1.0664914e-16
3690.6200	1.2258256e-16
3692.0900	1.8386141e-16
3693.5600	7.6361798e-17
3695.0300	1.129461e-16
3696.5000	1.0899112e-16
3697.9700	8.1657455e-17
3699.4400	4.147029e-17
3700.9100	5.8162239e-17
3702.3800	1.1914547e-17
3703.8500	1.1725697e-16
3705.3200	9.882803e-17
3706.7900	5.5322212e-17
3708.2600	2.1901104e-16
3709.7300	2.3957874e-16
3711.2000	2.1457162e-16
3712.6700	2.4444947e-16
3714.1400	2.240962e-16
3715.6100	2.3033848e-16
3717.0800	1.1274263e-16
3718.5500	1.4207516e-16
3720.0200	1.5441639e-16
3721.4900	1.0962481e-16
3722.9600	5.9045364e-17
3724.4300	2.7990539e-18
3725.9000	1.2343151e-16
3727.3700	2.4520359e-16
3728.8400	1.7266922e-16
3730.3100	1.3744834e-16
3731.7800	9.0148776e-17
3733.2500	1.683104e-16
3734.7200	1.8668823e-16
3736.1900	2.8209975e-16
3737.6600	3.2096512e-16
3739.1300	1.7217774e-16
3740.6000	1.8497377e-16
3742.0700	2.0297964e-16
3743.5400	7.4737958e-17
3745.0100	7.3683507e-17
3746.4800	1.853806e-16
3747.9500	1.9847515e-16
3749.4200	3.5219118e-16
3750.8900	3.4158478e-16
3752.3600	2.55657e-16
3753.8300	2.8079096e-16
3755.3000	2.611332e-16
3756.7700	1.9398328e-16
3758.2400	1.414961e-16
3759.7100	1.5521513e-16
3761.1800	2.4762967e-16
3762.6500	1.8274667e-16
3764.1200	2.7841597e-18
3765.5900	1.5261357e-16
3767.0600	1.5634799e-16
3768.5300	1.0475058e-16
3770.0000	1.5979928e-16
3771.4700	2.1846164e-16
3772.9400	2.3754448e-16
3774.4100	2.8141423e-16
3775.8800	1.4268544e-16
3777.3500	2.4147815e-16
3778.8200	1.8644298e-16
3780.2900	1.4608188e-16
3781.7600	1.6005577e-16
3783.2300	1.9270488e-16
3784.7000	2.6661425e-16
3786.1700	3.1126656e-16
3787.6400	2.2273354e-16
3789.1100	1.8943421e-16
3790.5800	2.3060184e-16
3792.0500	2.1637935e-16
3793.5200	2.3709531e-16
3794.9900	2.1172241e-16
3796.4600	1.229149e-16
3797.9300	1.4393893e-16
3799.4000	2.727339e-16
3800.8700	2.3362826e-16
3802.3400	2.8822955e-16
3803.8100	2.8055159e-16
3805.2800	1.7343296e-16
3806.7500	1.4370346e-16
3808.2200	7.6078472e-17
3809.6900	1.9455364e-16
3811.1600	3.0352541e-16
3812.6300	8.8835027e-17
3814.1000	5.6970547e-17
3815.5700	1.3566805e-16
3817.0400	1.0498108e-16
3818.5100	2.7118614e-16
3819.9800	3.7850552e-16
3821.4500	2.1014834e-16
3822.9200	1.1766669e-16
3824.3900	1.5423977e-16
3825.8600	1.0042403e-16
3827.3300	1.2534605e-16
3828.8000	1.9045951e-16
3830.2700	2.031691e-16
3831.7400	1.6848325e-16
3833.2100	1.46076e-16
3834.6800	1.0181367e-16
3836.1500	2.5506457e-16
3837.6200	2.22659e-16
3839.0900	1.7727948e-16
3840.5600	1.3269811e-16
3842.0300	1.4647424e-16
3843.5000	9.1008531e-17
3844.9700	1.831866e-16
3846.4400	1.4015132e-16
3847.9100	6.3033699e-17
3849.3800	1.3299111e-16
3850.8500	1.4667341e-16
3852.3200	1.9853668e-16
3853.7900	2.7747303e-16
3855.2600	1.5624464e-16
3856.7300	1.2746622e-16
3858.2000	1.1916326e-16
3859.6700	1.5976117e-16
3861.1400	1.3826184e-16
3862.6100	5.699998e-17
3864.0800	1.5973575e-16
3865.5500	6.0889308e-17
3867.0200	7.2770497e-17
3868.4900	1.146047e-16
3869.9600	6.1878119e-17
3871.4300	8.9271827e-17
3872.9000	1.3430935e-16
3874.3700	1.2413723e-16
3875.8400	1.2953409e-16
3877.3100	1.3423724e-16
3878.7800	2.5053216e-16
3880.2500	1.8764172e-16
3881.7200	1.1483272e-16
3883.1900	2.419604e-16
3884.6600	1.9094464e-16
3886.1300	1.3048641e-16
3887.6000	2.3981781e-16
3889.0700	1.3489379e-16
3890.5400	1.7015392e-16
3892.0100	1.8322789e-16
3893.4800	1.7671823e-16
3894.9500	1.5138136e-16
3896.4200	2.106628e-16
3897.8900	8.9744899e-17
3899.3600	1.0886473e-17
3900.8300	1.231408e-16
3902.3000	1.5262815e-16
3903.7700	2.1741261e-16
3905.2400	1.641977e-16
3906.7100	5.4123492e-17
3908.1800	1.8256173e-16
3909.6500	2.4624657e-16
3911.1200	2.2034048e-16
3912.5900	1.7951286e-16
3914.0600	1.5489089e-16
3915.5300	1.4026137e-16
3917.0000	7.5339725e-17
3918.4700	1.4438875e-16
3919.9400	1.931026e-16
3921.4100	1.6564268e-16
3922.8800	1.7323099e-16
3924.3500	1.0653757e-16
3925.8200	4.26704e-17
3927.2900	1.8131506e-16
3928.7600	2.2499181e-16
3930.2300	1.8115097e-16
3931.7000	1.8206401e-16
3933.1700	1.0509143e-16
3934.6400	8.3574471e-17
3936.1100	1.6712828e-16
3937.5800	1.8585268e-16
3939.0500	1.9798696e-16
3940.5200	2.2156662e-16
3941.9900	1.5969426e-16
3943.4600	4.8490818e-17
3944.9300	6.6904228e-17
3946.4000	1.3722982e-16
3947.8700	1.695981e-16
3949.3400	1.2090031e-16
3950.8100	2.3020016e-16
3952.2800	8.1171739e-17
3953.7500	5.8039945e-17
3955.2200	1.8129918e-16
3956.6900	6.4455106e-17
3958.1600	1.7917674e-16
3959.6300	2.0360652e-16
3961.1000	1.202734e-16
3962.5700	1.9822232e-16
3964.0400	2.1902256e-16
3965.5100	1.2806106e-16
3966.9800	1.3799607e-16
3968.4500	1.4960698e-16
3969.9200	1.1539422e-16
3971.3900	1.411236e-16
3972.8600	1.4325972e-16
3974.3300	9.2089412e-17
3975.8000	1.4988023e-16
3977.2700	1.8705543e-16
3978.7400	8.2810065e-17
3980.2100	1.253351e-16
3981.6800	1.1722039e-16
3983.1500	5.6063259e-17
3984.6200	1.4242041e-16
3986.0900	1.7276846e-16
3987.5600	1.2409514e-16
3989.0300	1.6711988e-16
3990.5000	6.7694904e-17
3991.9700	1.2897472e-16
3993.4400	1.5726544e-16
3994.9100	8.7679047e-17
3996.3800	6.2972052e-17
3997.8500	8.7274049e-17
3999.3200	1.8886149e-16
4000.7900	1.8249674e-16
4002.2600	9.3377014e-17
4003.7300	1.6407022e-16
4005.2000	5.4198558e-17
4006.6700	7.8464891e-17
4008.1400	1.7630702e-16
4009.6100	1.4262689e-16
4011.0800	1.2899752e-16
4012.5500	1.5426733e-16
4014.0200	1.9733043e-16
4015.4900	1.4902684e-16
4016.9600	1.6851889e-16
4018.4300	1.8360387e-16
4019.9000	1.3369432e-16
4021.3700	1.1508629e-16
4022.8400	1.1421531e-16
4024.3100	1.8358731e-16
4025.7800	1.699902e-16
4027.2500	1.712799e-16
4028.7200	1.3865412e-16
4030.1900	1.2908554e-16
4031.6600	1.196812e-16
4033.1300	1.2211202e-16
4034.6000	1.1169605e-16
4036.0700	1.2876748e-16
4037.5400	1.4575943e-16
4039.0100	1.8187385e-16
4040.4800	1.4616023e-16
4041.9500	1.4216508e-16
4043.4200	1.5515355e-16
4044.8900	9.5317746e-17
4046.3600	1.1969823e-16
4047.8300	7.0695742e-17
4049.3000	2.8897523e-17
4050.7700	8.4869053e-17
4052.2400	1.9295111e-16
4053.7100	1.8157105e-16
4055.1800	1.5642241e-16
4056.6500	9.7566815e-17
4058.1200	1.6006577e-16
4059.5900	1.5617582e-16
4061.0600	1.3893889e-16
4062.5300	1.7212676e-16
4064.0000	2.0182157e-16
4065.4700	9.1497268e-17
4066.9400	7.3244297e-17
4068.4100	1.7054519e-16
4069.8800	1.5168856e-16
4071.3500	9.1382971e-17
4072.8200	8.9835801e-17
4074.2900	1.0236611e-16
4075.7600	1.874223e-16
4077.2300	1.7494222e-16
4078.7000	6.3977259e-17
4080.1700	1.4414423e-16
4081.6400	1.2873768e-16
4083.1100	1.2883816e-16
4084.5800	2.1547327e-16
4086.0500	1.0825341e-16
4087.5200	8.5975186e-17
4088.9900	1.1434426e-16
4090.4600	8.8994761e-17
4091.9300	1.0021025e-16
4093.4000	1.6309473e-16
4094.8700	1.375104e-16
4096.3400	1.5521517e-17
4097.8100	8.701692e-17
4099.2800	9.4520082e-17
4100.7500	1.6652941e-16
4102.2200	1.6678586e-16
4103.6900	5.6783946e-17
4105.1600	1.3048756e-16
4106.6300	1.4678914e-16
4108.1000	9.4241261e-17
4109.5700	1.0363078e-16
4111.0400	1.7569509e-16
4112.5100	1.278101e-16
4113.9800	1.512907e-16
4115.4500	1.8368141e-16
4116.9200	1.1710379e-16
4118.3900	1.0159593e-16
4119.8600	8.108971e-17
4121.3300	1.3860428e-16
4122.8000	1.3798879e-16
4124.2700	1.0952258e-16
4125.7400	1.8784695e-16
4127.2100	1.3255652e-16
4128.6800	1.5274935e-16
4130.1500	7.0830443e-17
4131.6200	8.14115e-17
4133.0900	8.6900345e-17
4134.5600	9.4440382e-17
4136.0300	1.1431818e-16
4137.5000	1.3937813e-16
4138.9700	9.428645e-17
4140.4400	8.715866e-17
4141.9100	1.0719345e-16
4143.3800	1.6450097e-16
4144.8500	1.6929255e-16
4146.3200	1.2961492e-16
4147.7900	1.3728162e-16
4149.2600	1.4446863e-16
4150.7300	1.5669749e-16
4152.2000	1.0639502e-16
4153.6700	9.5840665e-17
4155.1400	9.9435824e-17
4156.6100	1.6687299e-16
4158.0800	1.3538792e-16
4159.5500	9.710429e-17
4161.0200	5.7159674e-17
4162.4900	7.704724e-17
4163.9600	7.1908864e-17
4165.4300	1.1243716e-16
4166.9000	1.5414705e-16
4168.3700	5.0448695e-17
4169.8400	1.0471904e-16
4171.3100	1.2616152e-16
4172.7800	1.1118445e-16
4174.2500	1.8176579e-16
4175.7200	1.8184324e-16
4177.1900	9.9321192e-17
4178.6600	7.0261534e-17
4180.1300	1.1689905e-16
4181.6000	1.3896895e-16
4183.0700	1.0372311e-16
4184.5400	1.1804181e-16
4186.0100	1.2019245e-16
4187.4800	1.098163e-16
4188.9500	1.040055e-16
4190.4200	1.2693516e-16
4191.8900	1.326945e-16
4193.3600	1.1694723e-16
4194.8300	1.3084836e-16
4196.3000	1.2761873e-16
4197.7700	9.2302888e-17
4199.2400	1.3440998e-16
4200.7100	1.6083966e-16
4202.1800	1.2132315e-16
4203.6500	6.9086664e-17
4205.1200	8.9686324e-17
4206.5900	1.437301e-16
4208.0600	1.6360673e-16
4209.5300	1.5343317e-16
4211.0000	1.2591689e-16
4212.4700	9.4773447e-17
4213.9400	1.2449694e-16
4215.4100	1.4544821e-16
4216.8800	1.4648675e-16
4218.3500	1.6062637e-16
4219.8200	1.4496785e-16
4221.2900	1.3604094e-16
4222.7600	1.3242022e-16
4224.2300	1.2143223e-16
4225.7000	1.0542676e-16
4227.1700	1.3055402e-16
4228.6400	1.4924108e-16
4230.1100	1.2139667e-16
4231.5800	1.0268287e-16
4233.0500	1.5072231e-16
4234.5200	1.6409507e-16
4235.9900	9.2620929e-17
4237.4600	1.0248858e-16
4238.9300	1.5354913e-16
4240.4000	1.4797214e-16
4241.8700	1.3703169e-16
4243.3400	1.2576188e-16
4244.8100	8.1373866e-17
4246.2800	1.0276144e-16
4247.7500	8.7022678e-17
4249.2200	1.3834595e-16
4250.6900	1.712497e-16
4252.1600	1.3025983e-16
4253.6300	6.5387384e-17
4255.1000	6.7090844e-17
4256.5700	1.2882179e-16
4258.0400	9.7705475e-17
4259.5100	9.6631698e-17
4260.9800	1.5100244e-16
4262.4500	1.160667e-16
4263.9200	1.562096e-16
4265.3900	9.7548748e-17
4266.8600	9.0567414e-17
4268.3300	1.1648366e-16
4269.8000	1.3507983e-16
4271.2700	1.5890772e-16
4272.7400	1.5916141e-16
4274.2100	1.2826072e-16
4275.6800	1.4533389e-16
4277.1500	1.1733535e-16
4278.6200	1.4909345e-16
4280.0900	1.2011545e-16
4281.5600	9.1931156e-17
4283.0300	6.4206494e-17
4284.5000	1.28802e-16
4285.9700	1.3517438e-16
4287.4400	1.0550424e-16
4288.9100	9.6279722e-17
4290.3800	1.2654024e-16
4291.8500	1.0077052e-16
4293.3200	1.0671038e-16
4294.7900	1.1361432e-16
4296.2600	1.0153703e-16
4297.7300	1.1320068e-16
4299.2000	8.0651432e-17
4300.6700	5.0782925e-17
4302.1400	9.65326e-17
4303.6100	1.8394492e-16
4305.0800	1.3828704e-16
4306.5500	7.779831e-17
4308.0200	1.0052438e-16
4309.4900	1.1386572e-16
4310.9600	8.7694835e-17
4312.4300	9.263457e-17
4313.9000	1.1017013e-16
4315.3700	8.3667484e-17
4316.8400	4.4121321e-17
4318.3100	4.8145015e-17
4319.7800	1.0906769e-16
4321.2500	8.7070138e-17
4322.7200	8.6761888e-17
4324.1900	9.5701619e-17
4325.6600	7.9084485e-17
4327.1300	9.3794197e-17
4328.6000	1.2320404e-16
4330.0700	9.2706393e-17
4331.5400	9.4437019e-17
4333.0100	6.631929e-17
4334.4800	4.1419678e-17
4335.9500	1.1564131e-16
4337.4200	1.3304629e-16
4338.8900	7.5194958e-17
4340.3600	7.2017316e-17
4341.8300	1.1579259e-16
4343.3000	1.0972581e-16
4344.7700	9.0750601e-17
4346.2400	1.1867066e-16
4347.7100	1.2048566e-16
4349.1800	1.2457326e-16
4350.6500	1.0660095e-16
4352.1200	1.0027675e-16
4353.5900	9.9802788e-17
4355.0600	1.01988e-16
4356.5300	8.2472953e-17
4358.0000	1.1749542e-16
4359.4700	1.1781592e-16
4360.9400	4.2395572e-17
4362.4100	8.7755652e-17
4363.8800	1.2496314e-16
4365.3500	1.2699549e-16
4366.8200	1.442322e-16
4368.2900	1.301852e-16
4369.7600	1.1220759e-16
4371.2300	6.730159e-17
4372.7000	1.0050071e-16
4374.1700	1.3547356e-16
4375.6400	8.7663586e-17
4377.1100	7.7569162e-17
4378.5800	1.2670395e-16
4380.0500	1.0464043e-16
4381.5200	4.9674547e-17
4382.9900	7.9894313e-17
4384.4600	1.0623816e-16
4385.9300	1.3696611e-16
4387.4000	9.3838949e-17
4388.8700	6.5534146e-17
4390.3400	1.1440745e-16
4391.8100	7.7888812e-17
4393.2800	6.7934862e-17
4394.7500	8.4685801e-17
4396.2200	1.1760145e-16
4397.6900	1.2564968e-16
4399.1600	1.1040017e-16
4400.6300	1.0890986e-16
4402.1000	1.0190763e-16
4403.5700	1.0877196e-16
4405.0400	9.5387123e-17
4406.5100	1.2731388e-16
4407.9800	9.9394537e-17
4409.4500	8.9864088e-17
4410.9200	1.2705643e-16
4412.3900	1.4797905e-16
4413.8600	1.1816934e-16
4415.3300	7.6921696e-17
4416.8000	9.0341557e-17
4418.2700	1.0196221e-16
4419.7400	1.0374077e-16
4421.2100	9.659646e-17
4422.6800	7.3150163e-17
4424.1500	1.1040862e-16
4425.6200	1.0706047e-16
4427.0900	1.0403987e-16
4428.5600	8.0469876e-17
4430.0300	6.3022045e-17
4431.5000	1.1439204e-16
4432.9700	1.0914728e-16
4434.4400	1.0530503e-16
4435.9100	5.4395139e-17
4437.3800	3.9104158e-17
4438.8500	9.8018552e-17
4440.3200	1.212414e-16
4441.7900	1.1743765e-16
4443.2600	1.1221995e-16
4444.7300	7.8584095e-17
4446.2000	8.6979949e-17
4447.6700	9.6563463e-17
4449.1400	7.4457441e-17
4450.6100	5.3488528e-17
4452.0800	9.6976199e-17
4453.5500	9.4606805e-17
4455.0200	1.1045659e-16
4456.4900	1.144268e-16
4457.9600	1.0956116e-16
4459.4300	1.3930458e-16
4460.9000	8.1234864e-17
4462.3700	5.8233851e-17
4463.8400	7.3331553e-17
4465.3100	8.3339099e-17
4466.7800	9.707486e-17
4468.2500	1.1109005e-16
4469.7200	9.9647677e-17
4471.1900	1.0160843e-16
4472.6600	8.6908184e-17
4474.1300	1.0621826e-16
4475.6000	1.1935199e-16
4477.0700	7.0925967e-17
4478.5400	6.9026014e-17
4480.0100	9.4902499e-17
4481.4800	9.4863259e-17
4482.9500	9.4824018e-17
4484.4200	9.4784777e-17
4485.8900	9.4745537e-17
4487.3600	9.4706296e-17
4488.8300	9.4667056e-17
4490.3000	9.4627815e-17
4491.7700	9.4588574e-17
4493.2400	9.4549334e-17
4494.7100	9.4510093e-17
4496.1800	9.4470853e-17
4499.1200	1.1592859e-16
4500.5900	8.6414774e-17
4502.0600	8.2254775e-17
4503.5300	8.7319605e-17
4505.0000	8.518413e-17
4506.4700	1.2259271e-16
4507.9400	8.2645536e-17
4509.4100	8.8212374e-17
4510.8800	1.0919496e-16
4512.3500	1.2137003e-16
4513.8200	9.9040154e-17
4515.2900	9.0952274e-17
4516.7600	1.0079424e-16
4518.2300	1.2523198e-16
4519.7000	1.0923305e-16
4521.1700	1.1362467e-16
4522.6400	1.1145437e-16
4524.1100	8.1674339e-17
4525.5800	6.7418155e-17
4526.5800	1.0063864e-16
4528.0500	8.8872328e-17
4529.5200	8.8281028e-17
4530.9900	1.110074e-16
4532.4600	1.1539326e-16
4533.9300	1.264507e-16
4535.4000	1.1175568e-16
4536.8700	8.5652694e-17
4538.3400	7.8945637e-17
4539.8100	9.271805e-17
4541.2800	9.8771483e-17
4542.7500	1.0424238e-16
4544.2200	1.0143287e-16
4545.6900	1.260421e-16
4547.1600	1.0526285e-16
4548.6300	9.8485962e-17
4550.1000	9.276545e-17
4551.5700	6.0167994e-17
4553.0400	9.4646007e-17
4554.5100	8.5655279e-17
4555.9800	1.1105551e-16
4557.4500	1.0060499e-16
4558.9200	7.3599778e-17
4560.3900	9.5523983e-17
4561.8600	1.0799362e-16
4563.3300	1.0393133e-16
4564.8000	7.4961603e-17
4566.2700	9.150786e-17
4567.7400	8.5720323e-17
4569.2100	8.6371347e-17
4570.6800	1.053969e-16
4572.1500	1.2130511e-16
4573.6200	9.6032307e-17
4575.0900	7.4973591e-17
4576.5600	8.0865964e-17
4578.0300	9.5799938e-17
4579.5000	9.0852425e-17
4580.9700	9.21477e-17
4582.4400	9.2631973e-17
4583.9100	4.6334416e-17
4585.3800	5.9562173e-17
4586.8500	8.9207895e-17
4588.3200	1.0617429e-16
4589.7900	1.0898139e-16
4591.2600	1.0417902e-16
4592.7300	9.0073429e-17
4594.2000	1.1143233e-16
4595.6700	9.807799e-17
4597.1400	8.1011251e-17
4598.6100	9.2863321e-17
4600.0800	8.9286953e-17
4601.5500	7.9504512e-17
4603.0200	6.8377756e-17
4604.4900	8.0463089e-17
4605.9600	1.1598402e-16
4607.4300	9.3544126e-17
4608.9000	7.204932e-17
4610.3700	1.0205343e-16
4611.8400	7.9822287e-17
4613.3100	8.0903351e-17
4614.7800	9.5400043e-17
4616.2500	8.8383891e-17
4617.7200	8.7895332e-17
4619.1900	8.7406773e-17
4620.6600	8.6918214e-17
4622.1300	8.6429656e-17
4623.6000	8.5941097e-17
4625.0700	8.5452538e-17
4626.5400	8.4963979e-17
4628.0100	8.447542e-17
4630.9500	7.4921198e-17
4632.4200	7.3290341e-17
4633.8900	1.0166603e-16
4635.3600	6.6556834e-17
4636.8300	5.8762252e-17
4638.3000	1.0805517e-16
4639.7700	8.5085645e-17
4641.2400	5.7023324e-17
4642.7100	7.6505311e-17
4644.1800	7.0237964e-17
4645.6500	7.1837015e-17
4647.1200	1.0042381e-16
4648.5900	9.5260412e-17
4650.0600	9.835548e-17
4651.5300	1.1851786e-16
4653.0000	1.0279354e-16
4654.4700	1.1275397e-16
4655.9400	8.4248349e-17
4657.4100	7.1668886e-17
4658.8800	9.8220043e-17
4660.3500	1.1663138e-16
4661.8200	1.0051714e-16
4663.2900	7.3852234e-17
4664.7600	6.7728266e-17
4666.2300	8.5991748e-17
4667.7000	7.0126243e-17
4669.1700	7.6449625e-17
4670.6400	7.4137777e-17
4672.1100	8.172176e-17
4673.5800	1.0464913e-16
4675.0500	8.3346575e-17
4676.5200	8.3251558e-17
4677.9900	8.9955635e-17
4679.4600	9.0663135e-17
4680.9300	8.8099487e-17
4682.4000	6.9716252e-17
4683.8700	8.6182088e-17
4685.3400	8.2927138e-17
4686.8100	7.3782302e-17
4688.2800	7.2101288e-17
4689.7500	6.583228e-17
4691.2200	9.7528294e-17
4692.6900	1.1803005e-16
4694.1600	9.2943855e-17
4695.6300	7.8452311e-17
4697.1000	9.0990715e-17
4698.5700	9.447626e-17
4700.0400	6.4758226e-17
4701.5100	6.9538496e-17
4702.9800	9.0105675e-17
4704.4500	8.6802043e-17
4705.9200	7.7982374e-17
4707.3900	7.6592594e-17
4708.8600	9.2758439e-17
4710.3300	7.7935018e-17
4711.8000	7.2790071e-17
4713.2700	7.7567726e-17
4714.7400	8.5201167e-17
4716.2100	1.0447025e-16
4717.6800	7.9381399e-17
4719.1500	5.3859051e-17
4720.6200	7.2884142e-17
4722.0900	7.1214356e-17
4723.5600	7.6355845e-17
4725.0300	1.0234247e-16
4726.5000	1.087749e-16
4727.9700	8.8229425e-17
4729.4400	6.1381813e-17
4730.9100	7.761357e-17
4732.3800	7.6549172e-17
4733.8500	8.3545402e-17
4735.3200	9.5507152e-17
4736.7900	9.6306935e-17
4738.2600	9.2951402e-17
4739.7300	7.1302921e-17
4741.2000	8.9812107e-17
4742.6700	1.1773826e-16
4744.1400	9.1373295e-17
4745.6100	7.5694107e-17
4747.0800	8.8087328e-17
4748.5500	8.3854042e-17
4750.0200	8.7843709e-17
4751.4900	9.4033629e-17
4752.9600	6.6170484e-17
4754.4300	6.945008e-17
4755.9000	9.343297e-17
4757.3700	9.5850803e-17
4758.8400	6.7182556e-17
4760.3100	5.394537e-17
4761.7800	7.5064123e-17
4763.2500	8.7656885e-17
4764.7200	9.8316871e-17
4766.1900	9.061981e-17
4767.6600	9.1165535e-17
4769.1300	1.0572947e-16
4770.6000	8.5557453e-17
4772.0700	8.4359542e-17
4773.5400	7.5839125e-17
4775.0100	6.6578224e-17
4776.4800	9.5816232e-17
4777.9500	8.7470867e-17
4779.4200	5.7355396e-17
4780.8900	6.4503439e-17
4782.3600	6.0954031e-17
4783.8300	5.5178147e-17
4785.3000	8.5605256e-17
4786.7700	9.1507897e-17
4788.2400	7.526397e-17
4789.7100	7.870616e-17
4791.1800	8.5832193e-17
4792.6500	1.030041e-16
4794.1200	6.2022429e-17
4795.5900	4.9814202e-17
4797.0600	8.34236e-17
4798.5300	8.4919564e-17
4800.0000	8.218313e-17
4801.4700	8.9724243e-17
4802.9400	7.7830449e-17
4804.4100	5.8205646e-17
4805.8800	6.9105126e-17
4807.3500	6.6077009e-17
4808.8200	8.2377166e-17
4810.2900	8.1012398e-17
4811.7600	6.9116309e-17
4813.2300	5.7754543e-17
4814.7000	6.7428589e-17
4816.1700	6.4601757e-17
4817.6400	6.3537225e-17
4819.1100	7.2238825e-17
4820.5800	8.485049e-17
4822.0500	1.0489575e-16
4823.5200	6.2093683e-17
4824.9900	5.5568628e-17
4826.4600	7.8939952e-17
4827.9300	6.8129204e-17
4829.4000	7.4417338e-17
4830.8700	8.5592553e-17
4832.3400	8.9521371e-17
4833.8100	8.1136219e-17
4835.2800	6.5553986e-17
4836.7500	6.5798804e-17
4838.2200	6.675256e-17
4839.6900	6.5359369e-17
4841.1600	6.7538112e-17
4842.6300	5.2768085e-17
4844.1000	5.3846437e-17
4845.5700	7.9147838e-17
4847.0400	6.9860913e-17
4848.5100	4.5429826e-17
4849.9800	5.3653322e-17
4851.4500	6.4524256e-17
4852.9200	7.7873029e-17
4854.3900	5.3212501e-17
4855.8600	6.162383e-17
4857.3300	1.0051394e-16
4858.8000	8.3431609e-17
4860.2700	7.2871119e-17
4861.7400	6.6270195e-17
4863.2100	6.5025732e-17
4864.6800	8.1380852e-17
4866.1500	8.9304246e-17
4867.6200	7.9986513e-17
4869.0900	7.3019989e-17
4870.5600	8.1222147e-17
4872.0300	9.6514657e-17
4873.5000	6.9771282e-17
4874.9700	3.7283976e-17
4876.4400	5.4298557e-17
4877.9100	6.0645573e-17
4879.3800	7.3882334e-17
4880.8500	9.3796797e-17
4882.3200	1.070208e-16
4883.7900	1.0175874e-16
4885.2600	6.1193388e-17
4886.7300	5.6009933e-17
4888.2000	7.1839787e-17
4889.6700	8.8667244e-17
4891.1400	8.381141e-17
4892.6100	8.098419e-17
4894.0800	8.0770113e-17
4895.5500	7.6232262e-17
4897.0200	6.5757789e-17
4898.4900	5.8297854e-17
4899.9600	9.1713443e-17
4901.4300	7.3955946e-17
4902.9000	6.4066842e-17
4904.3700	7.4797913e-17
4905.8400	7.6392084e-17
4907.3100	7.8965493e-17
4908.7800	6.7328289e-17
4910.2500	8.6436845e-17
4911.7200	9.8239899e-17
4913.1900	7.7381149e-17
4914.6600	7.3879533e-17
4916.1300	9.6550301e-17
4917.6000	7.6904051e-17
4919.0700	7.7531956e-17
4920.5400	9.7307906e-17
4922.0100	7.4731119e-17
4923.4800	5.4683387e-17
4924.9500	6.087767e-17
4926.4200	9.8886818e-17
4927.8900	9.8134272e-17
4929.3600	7.3524222e-17
4930.8300	8.0312766e-17
4932.3000	7.2263002e-17
4933.7700	8.2140945e-17
4935.2400	8.0017403e-17
4936.7100	7.9513349e-17
4938.1800	9.6965075e-17
4939.6500	9.3747109e-17
4941.1200	9.3961619e-17
4942.5900	8.9566179e-17
4944.0600	9.6934579e-17
4945.5300	1.1274882e-16
4947.0000	9.756089e-17
4948.4700	8.8212729e-17
4949.9400	7.4657619e-17
4951.4100	7.47739e-17
4952.8800	8.2620241e-17
4954.3500	8.7017871e-17
4955.8200	7.1805604e-17
4957.2900	6.7254774e-17
4958.7600	9.5205627e-17
4960.2300	8.6452417e-17
4961.7000	8.2639776e-17
4963.1700	8.8465996e-17
4964.6400	9.0914868e-17
4966.1100	9.8061919e-17
4967.5800	9.0453252e-17
4969.0500	9.2580095e-17
4970.5200	8.7229155e-17
4971.9900	5.4920141e-17
4973.4600	6.3250072e-17
4974.9300	7.7468187e-17
4976.4000	6.3959174e-17
4977.8700	5.6093346e-17
4979.3400	6.5060154e-17
4980.8100	6.7801692e-17
4982.2800	7.3018365e-17
4983.7500	9.2052005e-17
4985.2200	7.1511269e-17
4986.6900	7.6998405e-17
4988.1600	9.7777769e-17
4989.6300	7.6395445e-17
4991.1000	7.3101938e-17
4992.5700	1.0050107e-16
4994.0400	7.2734393e-17
4995.5100	5.9216987e-17
4996.9800	7.9459406e-17
4998.4500	7.8223757e-17
4999.9200	8.0349497e-17
5001.3900	7.6122321e-17
5002.8600	7.8856893e-17
5004.3300	7.5048715e-17
5005.8000	1.0405785e-16
5007.2700	1.014656e-16
5008.7400	7.7464648e-17
5010.2100	7.1576335e-17
5011.6800	7.1446925e-17
5013.1500	8.7260813e-17
5014.6200	8.0707654e-17
5016.0900	6.1561532e-17
5017.5600	6.7571431e-17
5019.0300	8.1736289e-17
5020.5000	8.407063e-17
5021.9700	7.3029071e-17
5023.4400	7.1628563e-17
5024.9100	6.8414852e-17
5026.3800	7.0719071e-17
5027.8500	9.3030758e-17
5029.3200	7.1957484e-17
5030.7900	7.4470647e-17
5032.2600	9.7598918e-17
5033.7300	9.1639206e-17
5035.2000	8.4196769e-17
5036.6700	7.8654073e-17
5038.1400	8.6438097e-17
5039.6100	7.0770793e-17
5041.0800	7.4479029e-17
5042.5500	1.0155258e-16
5044.0200	1.0446633e-16
5045.4900	9.4739512e-17
5046.9600	7.7775978e-17
5048.4300	6.8919398e-17
5049.9000	8.5837118e-17
5051.3700	1.0009426e-16
5052.8400	9.7146764e-17
5054.3100	9.5814914e-17
5055.7800	6.9160342e-17
5057.2500	6.2398683e-17
5058.7200	8.425723e-17
5060.1900	9.2229277e-17
5061.6600	9.0153247e-17
5063.1300	7.8610919e-17
5064.6000	6.7740291e-17
5066.0700	5.5415906e-17
5067.5400	7.2665304e-17
5069.0100	1.0120482e-16
5070.4800	7.027515e-17
5071.9500	7.3320761e-17
5073.4200	7.5831547e-17
5074.8900	8.7756537e-17
5076.3600	7.2751656e-17
5077.8300	6.220708e-17
5079.3000	7.0626542e-17
5080.7700	8.3913706e-17
5082.2400	7.6660737e-17
5083.7100	9.5860414e-17
5085.1800	8.6601801e-17
5086.6500	6.2147096e-17
5088.1200	6.800577e-17
5089.5900	8.3353765e-17
5091.0600	7.8917503e-17
5092.5300	6.1848972e-17
5094.0000	6.3082933e-17
5095.4700	8.1353784e-17
5096.9400	8.5567236e-17
5098.4100	8.1869915e-17
5099.8800	7.8904018e-17
5101.3500	8.9078262e-17
5102.8200	6.341704e-17
5104.2900	7.0742451e-17
5105.7600	7.6052248e-17
5107.2300	5.9079185e-17
5108.7000	6.1331347e-17
5110.1700	6.4563937e-17
5111.6400	8.291056e-17
5113.1100	6.9679268e-17
5114.5800	7.8741379e-17
5116.0500	6.7159966e-17
5117.5200	6.6551834e-17
5118.9900	8.0174066e-17
5120.4600	7.7083386e-17
5121.9300	8.4446311e-17
5123.4000	7.5536907e-17
5124.8700	7.8263037e-17
5126.3400	8.2973585e-17
5127.8100	8.3011448e-17
5129.2800	9.2002608e-17
5130.7500	7.7447511e-17
5132.2200	7.3196024e-17
5133.6900	6.8020277e-17
5135.1600	8.1924587e-17
5136.6300	9.4038047e-17
5138.1000	7.0602402e-17
5139.5700	7.6147497e-17
5141.0400	6.7750886e-17
5142.5100	6.6734686e-17
5143.9800	5.6116816e-17
5145.4500	5.7169616e-17
5146.9200	8.5046485e-17
5148.3900	7.3756032e-17
5149.8600	7.9191096e-17
5151.3300	7.0015162e-17
5152.8000	6.4624056e-17
5154.2700	5.9892923e-17
5155.7400	6.8469524e-17
5157.2100	6.9177046e-17
5158.6800	7.2800137e-17
5160.1500	8.7569013e-17
5161.6200	9.4183661e-17
5163.0900	6.5988682e-17
5164.5600	6.4505935e-17
5166.0300	7.9953112e-17
5167.5000	7.1336739e-17
5168.9700	4.6954714e-17
5170.4400	5.9925515e-17
5171.9100	6.8385839e-17
5173.3800	7.5914249e-17
5174.8500	7.7088565e-17
5176.3200	7.3752113e-17
5177.7900	8.9896031e-17
5179.2600	5.7945352e-17
5180.7300	8.2372934e-17
5182.2000	6.8840519e-17
5183.6700	4.8822012e-17
5185.1400	4.4494227e-17
5186.6100	6.8634182e-17
5188.0800	7.6300718e-17
5189.5500	7.2052062e-17
5191.0200	6.5844499e-17
5192.4900	6.8248995e-17
5193.9600	5.9222579e-17
5195.4300	7.575018e-17
5196.9000	7.182353e-17
5198.3700	7.7961832e-17
5199.8400	7.7557676e-17
5201.3100	8.7294556e-17
5202.7800	6.6350438e-17
5204.2500	6.2244732e-17
5205.7200	6.170347e-17
5207.1900	7.0772551e-17
5208.6600	5.7022102e-17
5210.1300	6.2771834e-17
5211.6000	7.7964738e-17
5213.0700	6.8603791e-17
5214.5400	5.9202407e-17
5216.0100	6.4358413e-17
5217.4800	6.7733087e-17
5218.9500	7.3887162e-17
5220.4200	6.5146469e-17
5221.8900	5.6175996e-17
5223.3600	6.5921426e-17
5224.8300	7.4139833e-17
5226.3000	9.1689125e-17
5227.7700	6.9420964e-17
5229.2400	5.773668e-17
5230.7100	6.5951422e-17
5232.1800	9.2111617e-17
5233.6500	8.9076422e-17
5235.1200	5.3652655e-17
5236.5900	7.5266674e-17
5238.0600	7.3609516e-17
5239.5300	5.8963545e-17
5241.0000	5.4842569e-17
5242.4700	7.5564131e-17
5243.9400	5.8886707e-17
5245.4100	7.1976423e-17
5246.8800	9.4692878e-17
5248.3500	7.3226929e-17
5249.8200	5.7925202e-17
5251.2900	5.3738412e-17
5252.7600	6.2289204e-17
5254.2300	5.0087176e-17
5255.7000	7.3706143e-17
5257.1700	8.8497534e-17
5258.6400	7.4788988e-17
5260.1100	6.1656311e-17
5261.5800	7.2636738e-17
5263.0500	6.5944523e-17
5264.5200	6.7187257e-17
5265.9900	6.2001068e-17
5267.4600	6.6728592e-17
5268.9300	5.8270149e-17
5270.4000	5.4456849e-17
5271.8700	5.9080951e-17
5273.3400	6.3733526e-17
5274.8100	5.04594e-17
5276.2800	5.5314418e-17
5277.7500	6.1894149e-17
5279.2200	6.8996243e-17
5280.6900	5.4650173e-17
5282.1600	6.9626652e-17
5283.6300	7.4191481e-17
5285.1000	6.0051531e-17
5286.5700	6.0863119e-17
5288.0400	6.3676037e-17
5289.5100	7.6955177e-17
5290.9800	6.8970993e-17
5292.4500	7.5590141e-17
5293.9200	7.3871188e-17
5295.3900	5.0017998e-17
5296.8600	4.8786566e-17
5298.3300	6.2498845e-17
5299.8000	7.6311149e-17
5301.2700	7.273905e-17
5302.7400	5.0141584e-17
5304.2100	6.3859738e-17
5305.6800	6.0126476e-17
5307.1500	5.183484e-17
5308.6200	6.4822815e-17
5310.0900	6.1024111e-17
5311.5600	6.1658174e-17
5313.0300	6.6208147e-17
5314.5000	8.009468e-17
5315.9700	7.1102478e-17
5317.4400	6.1998516e-17
5318.9100	6.9601662e-17
5320.3800	6.8304852e-17
5321.8500	5.9547473e-17
5323.3200	5.9503354e-17
5324.7900	7.4943535e-17
5326.2600	6.8359032e-17
5327.7300	5.0711572e-17
5329.2000	6.4717427e-17
5330.6700	8.1836596e-17
5332.1400	7.632646e-17
5333.6100	6.5403506e-17
5335.0800	6.5249413e-17
5336.5500	6.0684577e-17
5338.0200	6.3986748e-17
5339.4900	7.1275957e-17
5340.9600	6.6129245e-17
5342.4300	6.0805593e-17
5343.9000	7.0671991e-17
5345.3700	6.5667123e-17
5346.8400	4.2380974e-17
5348.3100	5.1184032e-17
5349.7800	6.3239478e-17
5351.2500	5.6036882e-17
5352.7200	6.8584017e-17
5354.1900	7.4670136e-17
5355.6600	6.8255424e-17
5357.1300	6.5827817e-17
5358.6000	6.3522786e-17
5360.0700	7.0083752e-17
5361.5400	7.2459914e-17
5363.0100	8.1352815e-17
5364.4800	8.5482739e-17
5365.9500	7.4443944e-17
5367.4200	7.9068661e-17
5368.8900	7.4317589e-17
5370.3600	5.8632735e-17
5371.8300	5.1103838e-17
5373.3000	5.363901e-17
5374.7700	5.1730763e-17
5376.2400	5.5960011e-17
5377.7100	6.9802746e-17
5379.1800	6.2294297e-17
5380.6500	6.4099424e-17
5382.1200	6.2028784e-17
5383.5900	5.5064395e-17
5385.0600	6.4589314e-17
5386.5300	6.7581967e-17
5388.0000	7.436835e-17
5389.4700	6.6584013e-17
5390.9400	4.362325e-17
5392.4100	5.5747692e-17
5393.8800	6.0745176e-17
5395.3500	5.1677488e-17
5396.8200	5.6936368e-17
5398.2900	5.595858e-17
5399.7600	5.1698752e-17
5401.2300	6.5308169e-17
5402.7000	7.3583573e-17
5404.1700	6.3216664e-17
5405.6400	5.9850231e-17
5407.1100	5.9496269e-17
5408.5800	6.4506464e-17
5410.0500	6.7175485e-17
5411.5200	6.048096e-17
5412.9900	5.7492334e-17
5414.4600	6.0145412e-17
5415.9300	6.3443281e-17
5417.4000	5.9728295e-17
5418.8700	6.5168567e-17
5420.3400	5.9545036e-17
5421.8100	5.3391177e-17
5423.2800	4.521228e-17
5424.7500	5.1292647e-17
5426.2200	6.5330818e-17
5427.6900	5.588657e-17
5429.1600	6.0418453e-17
5430.6300	6.5167598e-17
5432.1000	7.6737575e-17
5433.5700	6.9147594e-17
5435.0400	6.9144167e-17
5436.5100	4.8505567e-17
5437.9800	5.6323897e-17
5439.4500	7.3393032e-17
5440.9200	7.0414498e-17
5442.3900	6.758453e-17
5443.8600	7.5935364e-17
5445.3300	7.6482922e-17
5446.8000	6.3495792e-17
5448.2700	5.9484601e-17
5449.7400	6.0170632e-17
5451.2100	5.8791079e-17
5452.6800	6.017321e-17
5454.1500	7.6772615e-17
5455.6200	7.309445e-17
5457.0900	6.5064952e-17
5458.5600	7.0091337e-17
5460.0300	4.2890452e-17
5461.5000	3.5675392e-17
5462.9700	5.5459809e-17
5464.4400	7.6635413e-17
5465.9100	6.2501356e-17
5467.3800	6.2312696e-17
5468.8500	6.2872157e-17
5470.3200	7.7138394e-17
5471.7900	8.3628453e-17
5473.2600	6.7177422e-17
5474.7300	6.8625003e-17
5476.2000	6.0264152e-17
5477.6700	5.637693e-17
5479.1400	4.9763735e-17
5480.6100	4.8504896e-17
5482.0800	6.2714718e-17
5483.5500	6.2675565e-17
5485.0200	4.065543e-17
5486.4900	5.3328075e-17
5487.9600	7.2600678e-17
5489.4300	7.3163033e-17
5490.9000	5.6393873e-17
5492.3700	6.5095246e-17
5493.8400	6.9124125e-17
5495.3100	4.0755432e-17
5496.7800	3.0591549e-17
5498.2500	5.4765608e-17
5499.7200	4.9218427e-17
5501.1900	4.1076358e-17
5502.6600	6.2184196e-17
5504.1300	5.7696633e-17
5505.6000	5.4867629e-17
5507.0700	6.377387e-17
5508.5400	4.7613814e-17
5510.0100	6.1712846e-17
5511.4800	7.7507593e-17
5512.9500	6.964945e-17
5514.4200	5.0664201e-17
5515.8900	6.1355371e-17
5517.3600	6.5550506e-17
5518.8300	6.3509218e-17
5520.3000	6.9491498e-17
5521.7700	7.746695e-17
5523.2400	6.8783253e-17
5524.7100	4.6103235e-17
5526.1800	6.466043e-17
5527.6500	7.8918211e-17
5529.1200	6.7693889e-17
5530.5900	5.2229084e-17
5532.0600	6.3002788e-17
5533.5300	6.1328188e-17
5535.0000	5.5259515e-17
5536.4700	6.0518812e-17
5537.9400	5.8374006e-17
5539.4100	5.8051337e-17
5540.8800	5.2526865e-17
5542.3500	5.2915465e-17
5543.8200	6.0139813e-17
5545.2900	6.357865e-17
5546.7600	6.9153555e-17
5548.2300	6.2147789e-17
5549.7000	4.6093937e-17
5551.1700	5.8794159e-17
5552.6400	6.9069207e-17
5554.1100	5.7537697e-17
5555.5800	5.9187353e-17
5557.0500	6.1122075e-17
5558.5200	6.1549038e-17
5559.9900	4.9818911e-17
5561.4600	5.6615718e-17
5562.9300	5.6276843e-17
5564.4000	4.3065887e-17
5565.8700	5.8620509e-17
5567.3400	7.0943244e-17
5568.8100	5.8136385e-17
5570.2800	5.6208167e-17
5571.7500	6.6386364e-17
5573.2200	5.4529049e-17
5574.6900	5.3006556e-17
5576.1600	3.4796383e-17
5577.6300	4.0097665e-17
5579.1000	5.3840019e-17
5580.5700	7.9181746e-17
5582.0400	8.6527511e-17
5583.5100	7.3034965e-17
5584.9800	6.1941985e-17
5586.4500	6.2908202e-17
5587.9200	6.5424956e-17
5589.3900	6.060946e-17
5590.8600	6.558077e-17
5592.3300	7.3065631e-17
5593.8000	5.0951924e-17
5595.2700	4.552608e-17
5596.7400	6.0050543e-17
5598.2100	6.5187439e-17
5599.6800	5.491377e-17
5601.1500	5.8355574e-17
5602.6200	5.7331104e-17
5604.0900	6.1359856e-17
5605.5600	5.6048952e-17
5607.0300	5.4189112e-17
5608.5000	5.6837182e-17
5609.9700	5.226855e-17
5611.4400	5.7754692e-17
5612.9100	7.2440252e-17
5614.3800	6.4524956e-17
5615.8500	5.5280562e-17
5617.3200	7.0867442e-17
5618.7900	7.32233e-17
5620.2600	5.5271953e-17
5621.7300	5.9198398e-17
5623.2000	6.1340839e-17
5624.6700	4.7851145e-17
5626.1400	5.1373415e-17
5627.6100	6.2798753e-17
5629.0800	5.4746814e-17
5630.5500	5.4280993e-17
5632.0200	5.6568693e-17
5633.4900	4.4107821e-17
5634.9600	5.0631206e-17
5636.4300	4.5830198e-17
5637.9000	4.0393196e-17
5639.3700	5.9124354e-17
5640.8400	7.4713804e-17
5642.3100	7.1532667e-17
5643.7800	6.1955635e-17
5645.2500	5.4977451e-17
5646.7200	4.3923229e-17
5648.1900	4.335634e-17
5649.6600	5.0644808e-17
5651.1300	5.6789663e-17
5652.6000	4.8764158e-17
5654.0700	4.6638597e-17
5655.5400	5.6297265e-17
5657.0100	5.4917172e-17
5658.4800	6.1856922e-17
5659.9500	5.679791e-17
5661.4200	4.1684996e-17
5662.8900	4.6812888e-17
5664.3600	4.9770471e-17
5665.8300	5.7708278e-17
5667.3000	4.6531543e-17
5668.7700	4.6011481e-17
5670.2400	5.9259094e-17
5671.7100	4.3851517e-17
5673.1800	4.9386434e-17
5674.6500	5.294976e-17
5676.1200	2.5294701e-17
5677.5900	3.5837717e-17
5679.0600	6.5670282e-17
5680.5300	7.6043345e-17
5682.0000	7.9775758e-17
5683.4700	8.1195205e-17
5684.9400	5.4651145e-17
5686.4100	3.8187232e-17
5687.8800	4.7540482e-17
5689.3500	6.3218147e-17
5690.8200	6.7512117e-17
5692.2900	6.1233703e-17
5693.7600	6.2261406e-17
5695.2300	8.105316e-17
5696.7000	8.2852952e-17
5698.1700	6.1387382e-17
5699.6400	5.7945006e-17
5701.1100	6.7122236e-17
5702.5800	4.4269495e-17
5704.0500	4.2696577e-17
5705.5200	7.2594494e-17
5706.9900	7.3991783e-17
5708.4600	7.2175823e-17
5709.9300	6.8892829e-17
5711.4000	5.356789e-17
5712.8700	7.137984e-17
5714.3400	8.0655038e-17
5715.8100	6.340947e-17
5717.2800	5.7748143e-17
5718.7500	6.6199183e-17
5720.2200	6.0167145e-17
5721.6900	4.926654e-17
5723.1600	4.524241e-17
5724.6300	4.6880003e-17
5726.1000	3.2936849e-17
5727.5700	3.3773832e-17
5729.0400	6.0288455e-17
5730.5100	5.462924e-17
5731.9800	4.0787701e-17
5733.4500	5.3567871e-17
5734.9200	6.8181314e-17
5736.3900	5.3781305e-17
5737.8600	4.4639751e-17
5739.3300	5.7118665e-17
5740.8000	6.0160354e-17
5742.2700	5.399511e-17
5743.7400	5.1923912e-17
5745.2100	4.1826464e-17
5746.6800	4.5733314e-17
5748.1500	5.9593096e-17
5749.6200	5.3151395e-17
5751.0900	5.1209394e-17
5752.5600	6.6267662e-17
5754.0300	5.8821712e-17
5755.5000	4.4544756e-17
5756.9700	4.6332147e-17
5758.4400	6.7599274e-17
5759.9100	7.0850961e-17
5761.3800	4.8375506e-17
5762.8500	5.8013644e-17
5764.3200	6.1952375e-17
5765.7900	5.2731834e-17
5767.2600	5.2742276e-17
5768.7300	7.0108838e-17
5770.2000	5.9581161e-17
5771.6700	4.9117573e-17
5773.1400	6.8347342e-17
5774.6100	7.7533685e-17
5776.0800	6.2789917e-17
5777.5500	4.3775197e-17
5779.0200	4.0466804e-17
5780.4900	5.2659016e-17
5781.9600	6.0593374e-17
5783.4300	5.4328069e-17
5784.9000	5.1722541e-17
5786.3700	6.1579227e-17
5787.8400	4.9235139e-17
5789.3100	4.7931947e-17
5790.7800	5.3358804e-17
5792.2500	5.4270536e-17
5793.7200	6.0803615e-17
5795.1900	6.1652612e-17
5796.6600	5.1570699e-17
5798.1300	5.2425124e-17
5799.6000	6.3869387e-17
5801.0700	6.2906019e-17
5802.5400	4.8615102e-17
5804.0100	4.8623431e-17
5805.4800	5.5724468e-17
5806.9500	6.0907949e-17
5808.4200	5.462772e-17
5809.8900	5.2255247e-17
5811.3600	5.4902803e-17
5812.8300	5.0146148e-17
5814.3000	5.5354334e-17
5815.7700	5.954136e-17
5817.2400	6.1257478e-17
5818.7100	5.7406425e-17
5820.1800	5.5241875e-17
5821.6500	5.7999816e-17
5823.1200	5.198643e-17
5824.5900	5.5484887e-17
5826.0600	5.0746981e-17
5827.5300	4.7085755e-17
5829.0000	6.2875062e-17
5830.4700	6.2655345e-17
5831.9400	6.2795796e-17
5833.4100	6.6071466e-17
5834.8800	6.3134909e-17
5836.3500	6.0857307e-17
5837.8200	4.8225231e-17
5839.2900	3.9143931e-17
5840.7600	4.2434834e-17
5842.2300	4.5910873e-17
5843.7000	5.7676062e-17
5845.1700	5.4409653e-17
5846.6400	4.7325153e-17
5848.1100	6.6127524e-17
5849.5800	6.742771e-17
5851.0500	6.0960028e-17
5852.5200	6.1887771e-17
5853.9900	4.9901746e-17
5855.4600	4.4503938e-17
5856.9300	5.2215274e-17
5858.4000	5.4443691e-17
5859.8700	5.714234e-17
5861.3400	5.7615042e-17
5862.8100	5.8148775e-17
5864.2800	6.3789196e-17
5865.7500	5.0316289e-17
5867.2200	4.6505943e-17
5868.6900	5.0826572e-17
5870.1600	4.091464e-17
5871.6300	3.4564253e-17
5873.1000	3.8742963e-17
5874.5700	5.608914e-17
5876.0400	6.3267e-17
5877.5100	5.5456866e-17
5878.9800	3.8540211e-17
5880.4500	4.2351305e-17
5881.9200	6.5635748e-17
5883.3900	7.2120942e-17
5884.8600	6.434641e-17
5886.3300	5.7381906e-17
5887.8000	5.3145617e-17
5889.2700	3.9931249e-17
5890.7400	4.890139e-17
5892.2100	5.0196838e-17
5893.6800	4.8275024e-17
5895.1500	5.2840974e-17
5896.6200	4.9983658e-17
5898.0900	5.2384853e-17
5899.5600	6.3376427e-17
5901.0300	6.2841237e-17
5902.5000	5.6068279e-17
5903.9700	4.9661949e-17
5905.4400	4.4428773e-17
5906.9100	4.5248158e-17
5908.3800	5.5862654e-17
5909.8500	6.1564326e-17
5911.3200	6.7404285e-17
5912.7900	6.5528698e-17
5914.2600	7.061366e-17
5915.7300	7.7086069e-17
5917.2000	5.1970027e-17
5918.6700	4.2913828e-17
5920.1400	5.5294689e-17
5921.6100	4.4272855e-17
5923.0800	4.6289828e-17
5924.5500	6.2888563e-17
5926.0200	5.7064954e-17
5927.4900	4.811174e-17
5928.9600	5.5476386e-17
5930.4300	6.3919201e-17
5931.9000	6.0677335e-17
5933.3700	7.0060082e-17
5934.8400	6.8160653e-17
5936.3100	4.5996536e-17
5937.7800	5.6627218e-17
5939.2500	5.9768856e-17
5940.7200	5.594625e-17
5942.1900	6.3170448e-17
5943.6600	6.6367611e-17
5945.1300	4.3980822e-17
5946.6000	3.5953976e-17
5948.0700	6.2769115e-17
5949.5400	7.0748799e-17
5951.0100	5.5758484e-17
5952.4800	3.9484322e-17
5953.9500	5.0349887e-17
5955.4200	6.9490135e-17
5956.8900	5.9573613e-17
5958.3600	4.3525189e-17
5959.8300	4.3537954e-17
5961.3000	4.3550719e-17
5962.7700	4.3563483e-17
5964.2400	4.3576248e-17
5965.7100	4.3589013e-17
5967.1800	4.3601777e-17
5970.1200	4.7696929e-17
5971.5900	6.1586764e-17
5973.0600	5.7262454e-17
5974.5300	3.8645901e-17
5976.0000	4.766421e-17
5977.4700	5.9132542e-17
5978.9400	5.8298815e-17
5980.4100	5.4390959e-17
5981.8800	4.4767376e-17
5983.3500	4.6706799e-17
5984.8200	5.7787672e-17
5986.2900	5.3870868e-17
5987.7600	5.6254711e-17
5989.2300	6.7643814e-17
5990.7000	6.1611366e-17
5992.1700	5.5481683e-17
5993.6400	5.629357e-17
5995.1100	5.4616436e-17
5996.5800	5.5860516e-17
5998.0500	5.3595759e-17
5999.5200	4.234764e-17
6000.9900	4.0349443e-17
6002.4600	5.9927981e-17
6003.9300	7.6716714e-17
6005.4000	6.1146315e-17
6006.8700	4.666774e-17
6008.3400	4.2593278e-17
6009.8100	4.5412932e-17
6011.2800	5.2432243e-17
6012.7500	5.2945711e-17
6014.2200	5.4888628e-17
6015.6900	5.6913879e-17
6017.1600	6.2098555e-17
6018.6300	5.8323305e-17
6020.1000	5.3464111e-17
6021.5700	5.5981129e-17
6023.0400	5.0547309e-17
6024.5100	4.3519739e-17
6025.9800	4.9026184e-17
6027.4500	6.400235e-17
6028.9200	5.9898861e-17
6030.3900	4.5477331e-17
6031.8600	4.8554946e-17
6033.3300	4.8110925e-17
6034.8000	4.1479617e-17
6036.2700	4.569982e-17
6037.7400	5.913192e-17
6039.2100	6.4723372e-17
6040.6800	5.0134167e-17
6042.1500	4.7310404e-17
6043.6200	5.4394271e-17
6045.0900	5.4778147e-17
6046.5600	6.2988333e-17
6048.0300	6.8724781e-17
6049.5000	6.7569382e-17
6050.9700	6.0905956e-17
6052.4400	5.025918e-17
6053.9100	5.0105948e-17
6055.3800	4.9811751e-17
6056.8500	5.0622039e-17
6058.3200	5.9964519e-17
6059.7900	6.1143979e-17
6061.2600	5.791023e-17
6062.7300	5.9341926e-17
6064.2000	5.8825251e-17
6065.6700	4.9834818e-17
6067.1400	4.4153221e-17
6068.6100	4.9696844e-17
6070.0800	5.5206452e-17
6071.5500	5.5804804e-17
6073.0200	4.2953268e-17
6074.4900	3.1077122e-17
6075.9600	3.711864e-17
6077.4300	4.1280676e-17
6078.9000	4.5062147e-17
6080.3700	6.1879113e-17
6081.8400	7.1665622e-17
6083.3100	5.719975e-17
6084.7800	4.5463901e-17
6086.2500	5.3819459e-17
6087.7200	5.7588559e-17
6089.1900	5.2439705e-17
6090.6600	4.4978816e-17
6092.1300	3.7772398e-17
6093.6000	5.0464205e-17
6095.0700	5.9918109e-17
6096.5400	4.4293836e-17
6098.0100	3.9777171e-17
6099.4800	5.1712077e-17
6100.9500	5.4130409e-17
6102.4200	4.8478253e-17
6103.8900	5.1071398e-17
6105.3600	5.0993394e-17
6106.8300	5.3459078e-17
6108.3000	5.0149426e-17
6109.7700	2.9712234e-17
6111.2400	4.2683154e-17
6112.7100	6.6746891e-17
6114.1800	6.5505266e-17
6115.6500	5.4785445e-17
6117.1200	4.9952328e-17
6118.5900	4.7705241e-17
6120.0600	4.0569875e-17
6121.5300	5.0837632e-17
6123.0000	6.7489319e-17
6124.4700	5.4813232e-17
6125.9400	5.5906393e-17
6127.4100	6.0112722e-17
6128.8800	4.3950561e-17
6130.3500	4.0044907e-17
6131.8200	3.9183281e-17
6133.2900	5.2957967e-17
6134.7600	5.7998765e-17
6136.2300	5.4870918e-17
6137.7000	5.1050283e-17
6139.1700	5.1256705e-17
6140.6400	4.2654868e-17
6142.1100	5.2241094e-17
6143.5800	6.1733782e-17
6145.0500	4.2692725e-17
6146.5200	4.7474038e-17
6147.9900	5.8417756e-17
6149.4600	4.8887782e-17
6150.9300	5.4824233e-17
6152.4000	6.4915545e-17
6153.8700	6.6530704e-17
6155.3400	7.4369155e-17
6156.8100	5.5225182e-17
6158.2800	4.2615104e-17
6159.7500	5.1411092e-17
6161.2200	5.5894956e-17
6162.6900	6.0678802e-17
6164.1600	6.0249284e-17
6165.6300	5.5881698e-17
6167.1000	5.1685706e-17
6168.5700	5.5738859e-17
6170.0400	4.3032285e-17
6171.5100	3.8362309e-17
6172.9800	4.3282717e-17
6174.4500	4.7936726e-17
6175.9200	4.2744286e-17
6177.3900	4.9920782e-17
6178.8600	5.8475573e-17
6180.3300	4.6186805e-17
6181.8000	4.5482825e-17
6183.2700	4.6243314e-17
6184.7400	3.2299634e-17
6186.2100	4.0822312e-17
6187.6800	5.5831805e-17
6189.1500	5.5634663e-17
6190.6200	5.53318e-17
6192.0900	6.5378487e-17
6193.5600	4.7420118e-17
6195.0300	2.8187379e-17
6196.5000	4.2178463e-17
6197.9700	5.4435674e-17
6199.4400	4.6908699e-17
6200.9100	4.4760827e-17
6202.3800	4.617526e-17
6203.8500	4.0781725e-17
6205.3200	4.1852262e-17
6206.7900	4.9792394e-17
6208.2600	5.5806845e-17
6209.7300	6.3029103e-17
6211.2000	5.5068348e-17
6212.6700	3.9302874e-17
6214.1400	4.7386605e-17
6215.6100	6.4721793e-17
6217.0800	5.8449477e-17
6218.5500	4.3793913e-17
6220.0200	4.6184272e-17
6221.4900	4.570251e-17
6222.9600	3.6354389e-17
6224.4300	3.5435788e-17
6225.9000	4.5796014e-17
6227.3700	4.3469492e-17
6228.8400	3.3242628e-17
6230.3100	4.2148542e-17
6231.7800	5.1358491e-17
6233.2500	5.2010491e-17
6234.7200	5.0689135e-17
6236.1900	5.4926947e-17
6237.6600	5.2911635e-17
6239.1300	4.2617507e-17
6240.6000	4.0693615e-17
6242.0700	5.0493352e-17
6243.5400	5.541281e-17
6245.0100	4.0631477e-17
6246.4800	3.7547193e-17
6247.9500	4.7161814e-17
6249.4200	4.1975688e-17
6250.8900	4.2127546e-17
6252.3600	5.2693252e-17
6253.8300	3.8390867e-17
6255.3000	3.5054136e-17
6256.7700	5.0792065e-17
6258.2400	4.6834946e-17
6259.7100	4.8499331e-17
6261.1800	5.0091758e-17
6262.6500	3.9183766e-17
6264.1200	3.7222188e-17
6265.5900	5.2753333e-17
6267.0600	6.1687887e-17
6268.5300	5.6492798e-17
6270.0000	5.3826332e-17
6271.4700	5.8302615e-17
6272.9400	5.4371808e-17
6274.4100	4.3276172e-17
6275.8800	4.153654e-17
6277.3500	4.5347787e-17
6278.8200	5.0247431e-17
6280.2900	5.4098561e-17
6281.7600	4.9813788e-17
6283.2300	5.0906338e-17
6284.7000	4.9189195e-17
6286.1700	4.9021907e-17
6287.6400	5.2702464e-17
6289.1100	4.6253432e-17
6290.5800	3.7501466e-17
6292.0500	4.1849237e-17
6293.5200	4.3011632e-17
6294.9900	4.5401752e-17
6296.4600	5.3812146e-17
6297.9300	6.4842373e-17
6299.4000	5.2103378e-17
6300.8700	4.9399175e-17
6302.3400	4.7011342e-17
6303.8100	3.4207199e-17
6305.2800	3.9405864e-17
6306.7500	3.3599705e-17
6308.2200	4.8654631e-17
6309.6900	6.4776205e-17
6311.1600	4.3407425e-17
6312.6300	4.7119439e-17
6314.1000	5.5851042e-17
6315.5700	5.4965261e-17
6317.0400	4.9525961e-17
6318.5100	3.9813809e-17
6319.9800	3.7908237e-17
6321.4500	4.879104e-17
6322.9200	4.9526498e-17
6324.3900	2.9602202e-17
6325.8600	3.3781111e-17
6327.3300	3.7077896e-17
6328.8000	4.7091942e-17
6330.2700	4.6567064e-17
6331.7400	3.5576358e-17
6333.2100	4.0220927e-17
6334.6800	5.1717151e-17
6336.1500	5.0088856e-17
6337.6200	4.4991113e-17
6339.0900	4.1924275e-17
6340.5600	5.0589629e-17
6342.0300	4.7804534e-17
6343.5000	3.3521406e-17
6344.9700	3.9153934e-17
6346.4400	3.4947786e-17
6347.9100	3.7997264e-17
6349.3800	4.5761071e-17
6350.8500	4.0899407e-17
6352.3200	4.198138e-17
6353.7900	5.6208353e-17
6355.2600	5.0314229e-17
6356.7300	4.4586044e-17
6358.2000	4.7286853e-17
6359.6700	5.6839392e-17
6361.1400	4.7450248e-17
6362.6100	4.0394805e-17
6364.0800	5.1536862e-17
6365.5500	5.749236e-17
6367.0200	5.8617916e-17
6368.4900	5.1007338e-17
6369.9600	5.0822724e-17
6371.4300	4.3971937e-17
6372.9000	4.396541e-17
6374.3700	5.2353568e-17
6375.8400	4.6658073e-17
6377.3100	4.2561918e-17
6378.7800	5.4693818e-17
6380.2500	4.6582941e-17
6381.7200	4.1250307e-17
6383.1900	3.968345e-17
6384.6600	3.5473652e-17
6386.1300	3.6895245e-17
6387.6000	4.9626615e-17
6389.0700	5.1156193e-17
6390.5400	4.6461027e-17
6392.0100	4.8212372e-17
6393.4800	4.8565272e-17
6394.9500	4.6509009e-17
6396.4200	3.7293714e-17
6397.8900	4.2008955e-17
6399.3600	5.1552862e-17
6400.8300	3.9437033e-17
6402.3000	3.6677938e-17
6403.7700	4.6836421e-17
6405.2400	3.5719026e-17
6406.7100	3.8009927e-17
6408.1800	4.487e-17
6409.6500	4.3086983e-17
6411.1200	4.0109176e-17
6412.5900	3.8108733e-17
6414.0600	3.9699972e-17
6415.5300	4.1479006e-17
6417.0000	4.133999e-17
6418.4700	3.6690742e-17
6419.9400	3.2043364e-17
6421.4100	3.7848108e-17
6422.8800	4.1334476e-17
6424.3500	4.2509075e-17
6425.8200	3.9885163e-17
6427.2900	2.6093647e-17
6428.7600	3.8461089e-17
6430.2300	3.7419263e-17
6431.7000	3.3308301e-17
6433.1700	4.2089291e-17
6434.6400	3.4722794e-17
6436.1100	2.7238593e-17
6437.5800	3.9932348e-17
6439.0500	5.3431362e-17
6440.5200	5.4667767e-17
6441.9900	4.0755853e-17
6443.4600	3.7070762e-17
6444.9300	3.877883e-17
6446.4000	3.1989619e-17
6447.8700	3.2695904e-17
6449.3400	3.7910607e-17
6450.8100	4.4764824e-17
6452.2800	3.8552485e-17
6453.7500	3.6819134e-17
6455.2200	2.612884e-17
6456.6900	1.9303486e-17
6458.1600	4.2537019e-17
6459.6300	4.9608562e-17
6461.1000	4.3709531e-17
6462.5700	4.3281406e-17
6464.0400	3.4725282e-17
6465.5100	3.7242115e-17
6466.9800	5.8074985e-17
6468.4500	5.8218665e-17
6469.9200	5.5001084e-17
6471.3900	4.5636863e-17
6472.8600	4.0414561e-17
6474.3300	4.8846666e-17
6475.8000	3.9725106e-17
6477.2700	4.5431219e-17
6478.7400	5.8317807e-17
6480.2100	4.2466789e-17
6481.6800	3.307429e-17
6483.1500	4.6668444e-17
6484.6200	5.0790846e-17
6486.0900	3.750392e-17
6487.5600	4.2196523e-17
6489.0300	5.2886337e-17
6490.5000	5.2847683e-17
6491.9700	4.8434287e-17
6493.4400	4.34862e-17
6494.9100	3.8859989e-17
6496.3800	3.9255135e-17
6497.8500	4.031999e-17
6499.3200	4.5882303e-17
6500.7900	5.3351507e-17
6502.2600	5.2326035e-17
6503.7300	5.0393034e-17
6505.2000	4.2719241e-17
6506.6700	4.7476765e-17
6508.1400	5.1213682e-17
6509.6100	3.3307232e-17
6511.0800	3.5176691e-17
6512.5500	5.2653797e-17
6514.0200	4.2215429e-17
6515.4900	3.3708032e-17
6516.9600	2.9919051e-17
6518.4300	3.8078267e-17
6519.9000	4.8429456e-17
6521.3700	4.2258717e-17
6522.8400	4.5018852e-17
6524.3100	4.4542324e-17
6525.7800	4.5976505e-17
6527.2500	3.2936513e-17
6528.7200	3.6661029e-17
6530.1900	3.6994826e-17
6531.6600	3.8717363e-17
6533.1300	3.5593085e-17
6534.6000	4.655112e-17
6536.0700	4.6970412e-17
6537.5400	4.2745892e-17
6539.0100	4.6889689e-17
6540.4800	4.7295969e-17
6541.9500	5.0386917e-17
6543.4200	4.9758587e-17
6544.8900	4.8557974e-17
6546.3600	4.7233373e-17
6547.8300	5.7332002e-17
6549.3000	4.3712251e-17
6550.7700	3.7610464e-17
6552.2400	4.3001954e-17
6553.7100	4.9180858e-17
6555.1800	4.7528606e-17
6556.6500	3.7175592e-17
6558.1200	4.8066951e-17
6559.5900	4.4999436e-17
6561.0600	3.7886504e-17
6562.5300	3.6379382e-17
6564.0000	4.0820628e-17
6565.4700	5.745307e-17
6566.9400	5.0185621e-17
6568.4100	6.1540302e-17
6569.8800	5.3096648e-17
6571.3500	4.4808395e-17
6572.8200	5.0314192e-17
6574.2900	4.2092156e-17
6575.7600	3.4331381e-17
6577.2300	3.3580009e-17
6578.7000	6.3069016e-17
6580.1700	5.4747194e-17
6581.6400	5.0252322e-17
6583.1100	5.1152531e-17
6584.5800	4.2977624e-17
6586.0500	3.5757501e-17
6587.5200	4.6154652e-17
6588.9900	5.0897222e-17
6590.4600	4.4368736e-17
6591.9300	3.3435781e-17
6593.4000	3.8066529e-17
6594.8700	5.6677718e-17
6596.3400	6.1717156e-17
6597.8100	5.9006795e-17
6599.2800	3.6001179e-17
6600.7500	2.6603844e-17
6602.2200	3.809762e-17
6603.6900	3.4227435e-17
6605.1600	3.7997063e-17
6606.6300	5.1241145e-17
6608.1000	4.439206e-17
6609.5700	3.0131008e-17
6611.0400	2.8080711e-17
6612.5100	4.2496663e-17
6613.9800	4.50119e-17
6615.4500	4.2923737e-17
6616.9200	3.5381492e-17
6618.3900	3.3853952e-17
6619.8600	4.1884188e-17
6621.3300	4.8086174e-17
6622.8000	4.8371706e-17
6624.2700	4.533422e-17
6625.7400	4.7451798e-17
6627.2100	4.69203e-17
6628.6800	4.5364086e-17
6630.1500	4.3991361e-17
6631.6200	3.9459225e-17
6633.0900	4.4653278e-17
6634.5600	4.3198064e-17
6636.0300	4.117164e-17
6637.5000	4.4344351e-17
6638.9700	4.5204997e-17
6640.4400	4.9860891e-17
6641.9100	4.2136386e-17
6643.3800	4.0118139e-17
6644.8500	4.0905647e-17
6646.3200	4.5091916e-17
6647.7900	5.1648807e-17
6649.2600	4.3414727e-17
6650.7300	4.1239478e-17
6652.2000	4.9072273e-17
6653.6700	4.6366174e-17
6655.1400	4.6834849e-17
6656.6100	5.0670471e-17
6658.0800	5.504309e-17
6659.5500	4.8884019e-17
6661.0200	3.6416288e-17
6662.4900	4.7826972e-17
6663.9600	5.2802436e-17
6665.4300	4.6428058e-17
6666.9000	4.5694444e-17
6668.3700	5.843189e-17
6669.8400	7.0703305e-17
6671.3100	6.090606e-17
6672.7800	4.4191148e-17
6674.2500	5.3234685e-17
6675.7200	4.9966212e-17
6677.1900	4.5476336e-17
6678.6600	5.1395848e-17
6680.1300	5.0436828e-17
6681.6000	5.0760545e-17
6683.0700	4.691416e-17
6684.5400	4.9596198e-17
6686.0100	3.8801294e-17
6687.4800	3.3825543e-17
6688.9500	4.4080023e-17
6690.4200	5.4237548e-17
6691.8900	5.4989193e-17
6693.3600	4.5618668e-17
6694.8300	4.6581108e-17
6696.3000	5.4183818e-17
6697.7700	5.5602331e-17
6699.2400	5.5759333e-17
6700.7100	4.9072489e-17
6702.1800	4.5163322e-17
6703.6500	4.3930609e-17
6705.1200	4.928983e-17
6706.5900	5.9858974e-17
6708.0600	5.6791496e-17
6709.5300	5.4767549e-17
6711.0000	5.1900707e-17
6712.4700	5.7156846e-17
6713.9400	4.6669666e-17
6715.4100	4.3691572e-17
6716.8800	4.2721715e-17
6718.3500	5.1084287e-17
6719.8200	5.7147309e-17
6721.2900	4.8628159e-17
6722.7600	4.8726976e-17
6724.2300	6.3301608e-17
6725.7000	6.2480804e-17
6727.1700	4.792526e-17
6728.6400	4.3290548e-17
6730.1100	5.290626e-17
6731.5800	6.3550055e-17
6733.0500	4.7993194e-17
6734.5200	5.3363573e-17
6735.9900	5.4011974e-17
6737.4600	4.6319775e-17
6738.9300	5.1788595e-17
6740.4000	3.6470786e-17
6741.8700	3.6020372e-17
6743.3400	5.6391865e-17
6744.8100	5.5060443e-17
6746.2800	4.6836272e-17
6747.7500	5.0495151e-17
6749.2200	4.3047808e-17
6750.6900	3.9445356e-17
6752.1600	4.8740927e-17
6753.6300	5.4650053e-17
6755.1000	5.7952967e-17
6756.5700	4.7084127e-17
6758.0400	4.6294577e-17
6759.5100	4.7633603e-17
6760.9800	4.8176762e-17
6762.4500	4.7435671e-17
6763.9200	4.7665417e-17
6765.3900	5.756348e-17
6766.8600	5.2218705e-17
6768.3300	4.6491202e-17
6769.8000	5.7305556e-17
6771.2700	4.5168154e-17
6772.7400	4.6524528e-17
6774.2100	4.0317353e-17
6775.6800	3.5164058e-17
6777.1500	4.1493971e-17
6778.6200	5.1893469e-17
6780.0900	5.586271e-17
6781.5600	5.8429133e-17
6783.0300	5.0827399e-17
6784.5000	3.2717817e-17
6785.9700	4.328448e-17
6787.4400	3.9247651e-17
6788.9100	3.8596734e-17
6790.3800	3.9780669e-17
6791.8500	4.0221423e-17
6793.3200	5.522918e-17
6794.7900	5.1246561e-17
6796.2600	4.0990222e-17
6797.7300	3.4647644e-17
6799.2000	3.5098776e-17
6800.6700	3.3291779e-17
6802.1400	3.775901e-17
6803.6100	4.7273245e-17
6805.0800	5.1942784e-17
6806.5500	4.6736676e-17
6808.0200	3.6906049e-17
6809.4900	2.8513206e-17
6810.9600	3.7970126e-17
6812.4300	4.8509981e-17
6813.9000	4.4317704e-17
6815.3700	4.1820146e-17
6816.8400	4.806735e-17
6818.3100	4.2787421e-17
6819.7800	3.695301e-17
6821.2500	4.1374389e-17
6822.7200	3.8097542e-17
6824.1900	4.1209187e-17
6825.6600	3.3376385e-17
6827.1300	4.6367653e-17
6828.6000	7.2852947e-17
6830.0700	6.993854e-17
6831.5400	5.6718182e-17
6833.0100	5.5526841e-17
6834.4800	4.9009793e-17
6835.9500	3.7345137e-17
6837.4200	4.1997131e-17
6838.8900	3.151498e-17
6840.3600	2.9385755e-17
6841.8300	3.702515e-17
6843.3000	4.4407643e-17
6844.7700	4.7035236e-17
6846.2400	3.9286289e-17
6847.7100	4.3365449e-17
6849.1800	4.8426032e-17
6850.6500	4.5306411e-17
6852.1200	6.4662106e-17
6853.5900	6.0839806e-17
6855.0600	3.8634162e-17
6856.5300	4.5165382e-17
6858.0000	4.4100702e-17
6859.4700	4.5914516e-17
6860.9400	4.3568958e-17
6862.4100	5.3871956e-17
6863.8800	5.6951173e-17
6865.3500	3.7605483e-17
6866.8200	4.243312e-17
6868.2900	5.204045e-17
6869.7600	3.803616e-17
6871.2300	3.2230284e-17
6872.7000	3.727242e-17
6874.1700	3.5374131e-17
6875.6400	4.0834937e-17
6877.1100	4.1015014e-17
6878.5800	4.2371809e-17
6880.0500	4.3706059e-17
6881.5200	4.1102409e-17
6882.9900	4.8750363e-17
6884.4600	3.8642429e-17
6885.9300	3.8326044e-17
6887.4000	4.6392575e-17
6888.8700	2.8231297e-17
6890.3400	3.5390604e-17
6891.8100	4.4111148e-17
6893.2800	3.930502e-17
6894.7500	5.2439902e-17
6896.2200	4.885463e-17
6897.6900	4.7560949e-17
6899.1600	4.0532451e-17
6900.6300	4.1775111e-17
6902.1000	4.8496719e-17
6903.5700	4.1082986e-17
6905.0400	4.4795755e-17
6906.5100	4.3916233e-17
6907.9800	4.7737665e-17
6909.4500	3.8491517e-17
6910.9200	4.4654898e-17
6912.3900	4.2718928e-17
6913.8600	4.0959727e-17
6915.3300	4.3567054e-17
6916.8000	3.548187e-17
6918.2700	2.8307514e-17
6919.7400	3.5100076e-17
6921.2100	3.4404971e-17
6922.6800	4.7210727e-17
6924.1500	6.4747609e-17
6925.6200	4.4733487e-17
6927.0900	4.7936864e-17
6928.5600	4.0973261e-17
6930.0300	4.5452036e-17
6931.5000	3.6816083e-17
6932.9700	3.3895463e-17
6934.4400	3.795873e-17
6935.9100	3.6778592e-17
6937.3800	4.9497399e-17
6938.8500	5.2957445e-17
6940.3200	3.2000888e-17
6941.7900	2.9849634e-17
6943.2600	5.6445181e-17
6944.7300	5.0017573e-17
6946.2000	4.6061702e-17
6947.6700	4.2522121e-17
6949.1400	3.717085e-17
6950.6100	3.0066552e-17
6952.0800	4.0745951e-17
6953.5500	4.1757721e-17
6955.0200	3.5464011e-17
6956.4900	4.5821473e-17
6957.9600	4.0933322e-17
6959.4300	3.7943181e-17
6960.9000	3.365048e-17
6962.3700	3.4982003e-17
6963.8400	4.8215032e-17
6965.3100	5.9853327e-17
6966.7800	4.5586277e-17
6968.2500	2.5472257e-17
6969.7200	4.1746493e-17
6971.1900	5.123508e-17
6972.6600	3.2537229e-17
6974.1300	2.2698753e-17
6975.6000	2.9914292e-17
6977.0700	4.9530741e-17
6978.5400	4.8623685e-17
6980.0100	4.1474599e-17
6981.4800	2.3153668e-17
6982.9500	3.5913143e-17
6984.4200	4.3958586e-17
6985.8900	5.062237e-17
6987.3600	5.0705291e-17
6988.8300	4.1069165e-17
6990.3000	2.9858951e-17
6991.7700	2.9566774e-17
6993.2400	3.1824764e-17
6994.7100	4.8140083e-17
6996.1800	3.8156327e-17
6997.6500	3.1696565e-17
6999.1200	3.7796956e-17
7000.5900	4.713073e-17
7002.0600	3.8481284e-17
7003.5300	4.0124588e-17
7005.0000	3.1255696e-17
7006.4700	4.5864977e-17
7007.9400	2.9882409e-17
7009.4100	3.2833185e-17
7010.8800	3.5540175e-17
7012.3500	4.4214454e-17
7013.8200	5.3582642e-17
7015.2900	4.4822522e-17
7016.7600	3.6790363e-17
7018.2300	4.323807e-17
7019.7000	4.7574654e-17
7021.1700	3.7087407e-17
7022.6400	4.2927347e-17
7024.1100	3.6018293e-17
7025.5800	2.951234e-17
7027.0500	4.1401491e-17
7028.5200	4.0002927e-17
7029.9900	3.9900582e-17
7031.4600	3.9774749e-17
7032.9300	4.1407585e-17
7034.4000	5.0145246e-17
7035.8700	3.9749075e-17
7037.3400	4.1091003e-17
7038.8100	3.6671244e-17
7040.2800	3.3941891e-17
7041.7500	4.0376753e-17
7043.2200	4.1662864e-17
7044.6900	4.3894917e-17
7046.1600	5.0699264e-17
7047.6300	4.9180645e-17
7049.1000	4.1955568e-17
7050.5700	2.7553398e-17
7052.0400	4.0716499e-17
7053.5100	2.6861772e-17
7054.9800	4.103582e-17
7056.4500	4.4778995e-17
7057.9200	4.1931231e-17
7059.3900	4.0277045e-17
7060.8600	2.6288005e-17
7062.3300	5.0072227e-17
7063.8000	4.6324417e-17
7065.2700	3.312099e-17
7066.7400	3.6761489e-17
7068.2100	3.9259035e-17
7069.6800	5.1122252e-17
7071.1500	4.423064e-17
7072.6200	4.1846972e-17
7074.0900	4.2349588e-17
7075.5600	4.2240541e-17
7077.0300	3.0820997e-17
7078.5000	2.071562e-17
7079.9700	3.4131061e-17
7081.4400	4.3868452e-17
7082.9100	3.1745441e-17
7084.3800	2.4942717e-17
7085.8500	2.7268928e-17
7087.3200	2.9942738e-17
7088.7900	4.1054852e-17
7090.2600	3.8778521e-17
7091.7300	4.2830292e-17
7093.2000	4.7032092e-17
7094.6700	3.5416991e-17
7096.1400	3.0133462e-17
7097.6100	3.6435619e-17
7099.0800	3.9964452e-17
7100.5500	3.8694121e-17
7102.0200	4.4554904e-17
7103.4900	4.1916989e-17
7104.9600	3.909e-17
7106.4300	4.4737354e-17
7107.9000	3.5842352e-17
7109.3700	3.2852922e-17
7110.8400	3.7590127e-17
7112.3100	4.6645701e-17
7113.7800	2.9095622e-17
7115.2500	3.167811e-17
7116.7200	3.4049802e-17
7118.1900	2.9358145e-17
7119.6600	3.7525073e-17
7121.1300	3.9199516e-17
7122.6000	3.2137755e-17
7124.0700	2.9477907e-17
7125.5400	2.5159482e-17
7127.0100	3.1865001e-17
7128.4800	3.8408518e-17
7129.9500	3.4592398e-17
7131.4200	3.1635519e-17
7132.8900	3.5743792e-17
7134.3600	4.072807e-17
7135.8300	3.3329979e-17
7137.3000	3.567357e-17
7138.7700	3.7001252e-17
7140.2400	3.1203374e-17
7141.7100	3.5872858e-17
7143.1800	3.4618884e-17
7144.6500	4.6027124e-17
7146.1200	4.8581365e-17
7147.5900	3.6358286e-17
7149.0600	3.5112396e-17
7150.5300	3.7228175e-17
7152.0000	3.938463e-17
7153.4700	2.6724784e-17
7154.9400	2.9047286e-17
7156.4100	3.6380313e-17
7157.8800	3.9962478e-17
7159.3500	4.5696948e-17
7160.8200	3.7495546e-17
7162.2900	3.957912e-17
7163.7600	2.6978748e-17
7165.2300	2.2312477e-17
7166.7000	3.4999344e-17
7168.1700	3.4591209e-17
7169.6400	3.3869304e-17
7171.1100	2.8795794e-17
7172.5800	1.7226176e-17
7174.0500	1.8460106e-17
7175.5200	2.2974534e-17
7176.9900	4.2725634e-17
7178.4600	3.6021903e-17
7179.9300	1.7609103e-17
7181.4000	4.8287917e-17
7182.8700	5.1570743e-17
7184.3400	3.7421092e-17
7185.8100	2.8653106e-17
7187.2800	2.7338449e-17
7188.7500	4.6497159e-17
7190.2200	4.5618799e-17
7191.6900	2.3661904e-17
7193.1600	2.5532104e-17
7194.6300	3.7606861e-17
7196.1000	3.9983556e-17
7197.5700	4.179268e-17
7199.0400	3.8780581e-17
7200.5100	5.3081106e-17
7201.9800	5.1381819e-17
7203.4500	4.1858133e-17
7204.9200	4.8774611e-17
7206.3900	5.5270027e-17
7207.8600	4.6157792e-17
7209.3300	3.3354983e-17
7210.8000	3.620166e-17
7212.2700	4.7436394e-17
7213.7400	4.6493787e-17
7215.2100	2.964968e-17
7216.6800	4.10899e-17
7218.1500	4.4854354e-17
7219.6200	4.7536161e-17
7221.0900	4.7509719e-17
7222.5600	3.7691802e-17
7224.0300	4.6026926e-17
7225.5000	4.4411659e-17
7226.9700	2.6248019e-17
7228.4400	3.2467727e-17
7229.9100	4.7506135e-17
7231.3800	3.9382704e-17
7232.8500	3.7926171e-17
7234.3200	4.1231062e-17
7235.7900	2.4896683e-17
7237.2600	2.0579288e-17
7238.7300	1.3375187e-17
7240.2000	2.5376303e-17
7241.6700	5.6336023e-17
7243.1400	3.4791961e-17
7244.6100	1.458734e-17
7246.0800	5.2753195e-17
7247.5500	3.4316849e-17
7249.0200	3.368606e-17
7250.4900	5.0648186e-17
7251.9600	5.2957758e-17
7253.4300	4.1207746e-17
7254.9000	2.1208461e-17
7256.3700	2.2469461e-17
7257.8400	3.0946778e-17
7259.3100	3.0825917e-17
7260.7800	2.9498592e-17
7262.2500	3.6842886e-17
7263.7200	3.7754308e-17
7265.1900	3.9698053e-17
7266.6600	5.0813973e-17
7268.1300	4.1319683e-17
7269.6000	1.7132623e-17
7271.0700	2.4521368e-17
7272.5400	3.7274376e-17
7274.0100	4.5695387e-17
7275.4800	3.4434844e-17
7276.9500	4.2817418e-17
7278.4200	2.5077144e-17
7279.8900	2.8939769e-17
7281.3600	2.4700802e-17
7282.8300	3.4558199e-17
7284.3000	4.1442595e-17
7285.7700	3.2351702e-17
7287.2400	2.9188322e-17
7288.7100	5.4403033e-17
7290.1800	5.2944593e-17
7291.6500	4.5813754e-17
7293.1200	3.63594e-17
7294.5900	2.5412286e-17
7296.0600	2.9657619e-17
7297.5300	3.5200514e-17
7299.0000	3.1742748e-17
7300.4700	3.1728633e-17
7301.9400	4.6960834e-17
7303.4100	3.0241851e-17
7304.8800	1.5306263e-17
7306.3500	4.709322e-17
7307.8200	4.3984778e-17
7309.2900	2.8482309e-17
7310.7600	4.1652694e-17
7312.2300	4.6074208e-17
7313.7000	4.5343619e-17
7315.1700	6.2526479e-17
7316.6400	2.616653e-17
7318.1100	2.1195868e-17
7319.5800	1.5647741e-17
7321.0500	2.9247789e-17
7322.5200	4.9158622e-17
7323.9900	4.5232031e-17
7325.4600	3.9763249e-17
7326.9300	4.7548357e-17
7328.4000	3.8235888e-17
7329.8700	5.1449344e-17
7331.3400	5.3799741e-17
7332.8100	2.3343746e-17
7334.2800	4.6488766e-17
7335.7500	4.1935369e-17
7337.2200	5.4711495e-17
7338.6900	4.2306155e-17
7340.1600	4.6736855e-17
7341.6300	1.2890489e-17
7343.1000	2.6891408e-17
7344.5700	3.9194684e-17
7346.0400	1.3898395e-17
7347.5100	3.5854146e-17
7348.9800	3.2531746e-17
7350.4500	4.2831305e-17
7351.9200	3.6870167e-17
7353.3900	2.8108174e-17
7354.8600	2.3256348e-17
7356.3300	4.5738123e-17
7357.8000	3.5752434e-17
7359.2700	4.5933541e-17
7360.7400	6.6964813e-17
7362.2100	4.9277838e-17
7363.6800	2.0841081e-17
7365.1500	2.4075072e-17
7366.6200	2.9937431e-17
7368.0900	1.8964751e-17
7369.5600	4.9495861e-17
7371.0300	4.0360622e-17
7372.5000	3.2877415e-17
7373.9700	6.3826673e-17
7375.4400	4.7393855e-17
7376.9100	3.4849383e-17
7378.3800	3.885245e-17
7379.8500	3.5330161e-17
7381.3200	3.5373844e-17
7382.7900	4.5058362e-17
7384.2600	4.8484523e-17
7385.7300	4.5066074e-17
7387.2000	3.8741246e-17
7388.6700	3.9838541e-17
7390.1400	3.9484322e-17
7391.6100	4.1657109e-17
7393.0800	2.2891013e-17
7394.5500	4.5783706e-17
7396.0200	4.9410682e-17
7397.4900	3.7217766e-17
7398.9600	3.8737521e-17
7400.4300	3.0686894e-17
7401.9000	3.2818273e-17
7403.3700	3.3725455e-17
7404.8400	2.3801452e-17
7406.3100	4.357966e-17
7407.7800	2.2888036e-17
7409.2500	3.448445e-17
7410.7200	3.0656626e-17
7412.1900	2.0302365e-17
7413.6600	3.2639537e-17
7415.1300	3.5991974e-17
7416.6000	3.7284981e-17
7418.0700	4.1011151e-17
7419.5400	2.9343413e-17
