3335.00000000001  1.014444
3336.94988763333  1.035629
3338.89977526665  1.059361
3340.84966289998  1.043797
3342.7995505333  1.049252
3344.74943816662  1.024099
3346.69932579995  1.027999
3348.64921343327  1.017508
3350.59910106659  1.018611
3352.54898869992  1.039869
3354.49887633324  1.016719
3356.44876396657  1.041282
3358.39865159989  1.051571
3360.34853923321  1.062859
3362.29842686654  1.099422
3364.24831449986  1.08544
3366.19820213318  1.062235
3368.14808976651  1.065269
3370.09797739983  1.043014
3372.04786503316  1.030789
3373.99775266648  1.091043
3375.9476402998  1.139707
3377.89752793313  1.040191
3379.84741556645  0.9922509
3381.79730319977  1.043117
3383.7471908331  1.051527
3385.69707846642  1.027507
3387.64696609975  1.045116
3389.59685373307  1.048592
3391.54674136639  1.032041
3393.49662899972  1.057974
3395.44651663304  1.036401
3397.39640426636  0.9992579
3399.34629189969  1.042808
3401.29617953301  1.036299
3403.24606716633  1.004798
3405.19595479966  1.011111
3407.14584243298  1.059608
3409.0957300663  1.0411
3411.04561769963  1.026764
3412.99550533295  1.067862
3414.94539296628  1.069787
3416.8952805996  1.079799
3418.84516823292  1.070451
3420.79505586625  1.017134
3422.74494349957  0.9840141
3424.69483113289  1.028028
3426.64471876622  1.049491
3428.59460639954  0.9832223
3430.54449403287  1.009599
3432.49438166619  0.9677561
3434.44426929951  1.015123
3436.39415693284  0.9901373
3438.34404456616  0.9672112
3440.29393219948  0.9807942
3442.24381983281  0.9970813
3444.19370746613  0.9953756
3446.14359509946  0.9922732
3448.09348273278  1.004567
3450.0433703661  0.9975385
3451.99325799943  1.02867
3453.94314563275  1.044616
3455.89303326607  1.032157
3457.8429208994  1.038767
3459.79280853272  1.040555
3461.74269616604  1.013539
3463.69258379937  1.018828
3465.64247143269  1.045969
3467.59235906602  1.066491
3469.54224669934  1.035803
3471.49213433266  0.9725832
3473.44202196599  0.9382689
3475.39190959931  0.9844845
3477.34179723263  1.040637
3479.29168486596  1.071751
3481.24157249928  1.019532
3483.19146013261  0.9642559
3485.14134776593  1.01089
3487.09123539925  1.039569
3489.04112303258  1.035709
3490.9910106659  1.037872
3492.94089829922  1.017088
3494.89078593255  1.012442
3496.84067356587  0.9990451
3498.79056119919  0.9967479
3500.74044883252  1.017154
3502.69033646584  0.9781573
3504.64022409917  0.9857332
3506.59011173249  1.047835
3508.53999936581  1.031265
3510.48988699914  0.9658871
3512.43977463246  0.9775018
3514.38966226578  1.045904
3516.33954989911  1.050406
3518.28943753243  1.005956
3520.23932516575  0.9815843
3522.18921279908  0.9755431
3524.1391004324  1.013036
3526.08898806573  1.024893
3528.03887569905  1.012768
3529.98876333237  1.013088
3531.9386509657  1.024672
3533.88853859902  1.035188
3535.83842623234  1.025531
3537.78831386567  1.02299
3539.73820149899  1.021909
3541.68808913232  1.005768
3543.63797676564  1.035658
3545.58786439896  1.079665
3547.53775203229  1.038706
3549.48763966561  1.013328
3551.43752729893  1.034876
3553.38741493226  1.061159
3555.33730256558  1.061274
3557.2871901989  1.007876
3559.23707783223  1.010141
3561.18696546555  1.031971
3563.13685309888  0.9975948
3565.0867407322  1.001794
3567.03662836552  1.033797
3568.98651599885  1.003986
3570.93640363217  1.018049
3572.88629126549  1.080918
3574.83617889882  1.091631
3576.78606653214  1.063496
3578.73595416547  1.051953
3580.68584179879  1.060189
3582.63572943211  1.036891
3584.58561706544  1.02014
3586.53550469876  1.036393
3588.48539233208  1.031058
3590.43527996541  1.024615
3592.38516759873  1.039246
3594.33505523205  1.039217
3596.28494286538  1.028639
3598.2348304987  1.040724
3600.18471813203  1.046054
3602.13460576535  1.040577
3604.08449339867  0.9910285
3606.034381032  0.9612795
3607.98426866532  1.015987
3609.93415629864  1.031752
3611.88404393197  1.026583
3613.83393156529  1.0191
3615.78381919862  1.025963
3617.73370683194  1.024326
3619.68359446526  0.9876726
3621.63348209859  0.9923663
3623.58336973191  0.980494
3625.53325736523  0.9597798
3627.48314499856  0.9951133
3629.43303263188  1.024413
3631.3829202652  1.054018
3633.33280789853  1.046093
3635.28269553185  0.9903718
3637.23258316517  0.9862604
3639.1824707985  1.003168
3641.13235843182  0.9954799
3643.08224606515  0.9967967
3645.03213369847  0.9824951
3646.98202133179  0.9824041
3648.93190896512  1.017575
3650.88179659844  1.024314
3652.83168423176  1.00105
3654.78157186509  0.9867856
3656.73145949841  0.9910853
3658.68134713174  1.010861
3660.63123476506  1.009755
3662.58112239838  1.022723
3664.53101003171  1.049468
3666.48089766503  1.050051
3668.43078529835  1.024184
3670.38067293168  0.9830928
3672.330560565  0.9646611
3674.28044819832  0.9586913
3676.23033583165  0.9601972
3678.18022346497  0.971779
3680.1301110983  0.9794884
3682.07999873162  0.9654585
3684.02988636494  0.9485092
3685.97977399827  0.9462602
3687.92966163159  0.99216
3689.87954926491  1.056426
3691.82943689824  1.046924
3693.77932453156  0.9937183
3695.72921216489  0.9848553
3697.67909979821  1.004719
3699.62898743153  1.003205
3701.57887506486  1.019626
3703.52876269818  1.042726
3705.4786503315  1.025528
3707.42853796483  1.021521
3709.37842559815  1.031538
3711.32831323147  1.00891
3713.2782008648  0.9842913
3715.22808849812  0.9821116
3717.17797613145  0.9982238
3719.12786376477  1.014864
3721.07775139809  0.9990347
3723.02763903142  0.9581998
3724.97752666474  0.9617724
3726.92741429806  0.9926891
3728.87730193139  0.9916717
3730.82718956471  0.9629763
3732.77707719804  0.9675485
3734.72696483136  0.9999611
3736.67685246468  0.995539
3738.62674009801  0.9864119
3740.57662773133  0.9685629
3742.52651536465  0.9520369
3744.47640299798  0.9832443
3746.4262906313  0.995064
3748.37617826462  0.9735169
3750.32606589795  0.9835684
3752.27595353127  1.011339
3754.2258411646  1.026978
3756.17572879792  1.044799
3758.12561643124  1.034913
3760.07550406457  0.9762796
3762.02539169789  0.9317874
3763.97527933121  0.9382318
3765.92516696454  0.9747083
3767.87505459786  0.9830437
3769.82494223119  0.9593633
3771.77482986451  0.9736287
3773.72471749783  0.9688947
3775.67460513116  0.9421962
3777.62449276448  0.9490632
3779.5743803978  0.9621055
3781.52426803113  1.002639
3783.47415566445  1.010679
3785.42404329777  0.9731981
3787.3739309311  0.9626364
3789.32381856442  0.9736689
3791.27370619775  0.9870366
3793.22359383107  0.9774445
3795.17348146439  0.9560287
3797.12336909772  0.9598062
3799.07325673104  0.9688157
3801.02314436436  0.9375963
3802.97303199769  0.9197246
3804.92291963101  0.9270704
3806.87280726434  0.9251777
3808.82269489766  0.9360191
3810.77258253098  0.9700864
3812.72247016431  0.9683042
3814.67235779763  0.9288926
3816.62224543095  0.9234589
3818.57213306428  0.9357175
3820.5220206976  0.9322813
3822.47190833092  0.9189968
3824.42179596425  0.9065796
3826.37168359757  0.8953903
3828.3215712309  0.902842
3830.27145886422  0.9322197
3832.22134649754  0.9413333
3834.17123413087  0.9352306
3836.12112176419  0.9054225
3838.07100939751  0.8852869
3840.02089703084  0.9083534
3841.97078466416  0.9068589
3843.92067229748  0.8884833
3845.87055993081  0.8761752
3847.82044756413  0.8837373
3849.77033519746  0.9026248
3851.72022283078  0.8848968
3853.6701104641  0.8516324
3855.61999809743  0.849021
3857.56988573075  0.846247
3859.51977336407  0.8389915
3861.4696609974  0.8467669
3863.41954863072  0.853952
3865.36943626405  0.8445675
3867.31932389737  0.8445832
3869.26921153069  0.8438858
3871.21909916402  0.8335073
3873.16898679734  0.8565324
3875.11887443066  0.8602074
3877.06876206399  0.8386564
3879.01864969731  0.835808
3880.96853733063  0.8286445
3882.91842496396  0.8342804
3884.86831259728  0.8486121
3886.81820023061  0.8381523
3888.76808786393  0.8300971
3890.71797549725  0.8347392
3892.66786313058  0.8414866
3894.6177507639  0.8448871
3896.56763839722  0.8283812
3898.51752603055  0.8023482
3900.46741366387  0.7985753
3902.4173012972  0.8065277
3904.36718893052  0.8272697
3906.31707656384  0.8489102
3908.26696419717  0.8433275
3910.21685183049  0.8433327
3912.16673946381  0.8343968
3914.11662709714  0.8279829
3916.06651473046  0.8190907
3918.01640236378  0.8217771
3919.96628999711  0.8267335
3921.91617763043  0.8227928
3923.86606526375  0.7999955
3925.81595289708  0.7921651
3927.7658405304  0.7788669
3929.71572816373  0.7768299
3931.66561579705  0.7838774
3933.61550343037  0.7817872
3935.5653910637  0.7937601
3937.51527869702  0.8015918
3939.46516633034  0.8070539
3941.41505396367  0.7997278
3943.36494159699  0.7960238
3945.31482923032  0.7911538
3947.26471686364  0.7981367
3949.21460449696  0.8157001
3951.16449213029  0.8230588
3953.11437976361  0.8018168
3955.06426739693  0.7953353
3957.01415503026  0.8116555
3958.96404266358  0.8012999
3960.9139302969  0.7969131
3962.86381793023  0.7966896
3964.81370556355  0.8037153
3966.76359319688  0.8026968
3968.7134808302  0.8040594
3970.66336846352  0.8220188
3972.61325609685  0.8247932
3974.56314373017  0.8069018
3976.51303136349  0.801259
3978.46291899682  0.7809629
3980.41280663014  0.7634901
3982.36269426347  0.7660823
3984.31258189679  0.7909713
3986.26246953011  0.7906135
3988.21235716344  0.7655258
3990.16224479676  0.767384
3992.11213243008  0.7768658
3994.06202006341  0.7752585
3996.01190769673  0.7619535
3997.96179533006  0.7495476
3999.91168296338  0.7594426
4001.8615705967  0.784495
4003.81145823003  0.773551
4005.76134586335  0.7352001
4007.71123349667  0.7324466
4009.66112113  0.7598055
4011.61100876332  0.791069
4013.56089639665  0.7950049
4015.51078402997  0.7608794
4017.46067166329  0.7325209
4019.41055929662  0.736216
4021.36044692994  0.7359013
4023.31033456326  0.7259457
4025.26022219659  0.7508833
4027.21010982991  0.7968858
4029.15999746323  0.8211731
4031.10988509656  0.806031
4033.05977272988  0.7798145
4035.0096603632  0.7755396
4036.95954799653  0.7959812
4038.90943562985  0.7872714
4040.85932326318  0.7770349
4042.8092108965  0.8118102
4044.75909852982  0.8134851
4046.70898616315  0.7892758
4048.65887379647  0.8132629
4050.60876142979  0.8222286
4052.55864906312  0.8248675
4054.50853669644  0.837694
4056.45842432977  0.8356937
4058.40831196309  0.8560366
4060.35819959641  0.8543076
4062.30808722974  0.8571414
4064.25797486306  0.8849936
4066.20786249638  0.870266
4068.15775012971  0.8520281
4070.10763776303  0.8463568
4072.05752539636  0.8089199
4074.00741302968  0.8245252
4075.957300663  0.834576
4077.90718829632  0.8321595
4079.85707592965  0.8283094
4081.80696356297  0.8334079
4083.7568511963  0.8819122
4085.70673882962  0.8992125
4087.65662646294  0.8569843
4089.60651409627  0.8618448
4091.55640172959  0.880883
4093.50628936291  0.8761026
4095.45617699624  0.9087062
4097.40606462956  0.9369351
4099.35595226288  0.9683598
4101.30583989621  0.9419685
4103.25572752953  0.9264929
4105.20561516286  0.8965976
4107.15550279618  0.8603911
4109.1053904295  0.8262627
4111.05527806283  0.8192687
4113.00516569615  0.8006789
4114.95505332948  0.809918
4116.9049409628  0.7952151
4118.85482859612  0.7855256
4120.80471622945  0.7749013
4122.75460386277  0.768811
4124.70449149609  0.7741801
4126.65437912942  0.7620853
4128.60426676274  0.7728792
4130.55415439606  0.7797222
4132.50404202939  0.7725412
4134.45392966271  0.7271224
4136.40381729604  0.7078945
4138.35370492936  0.7092099
4140.30359256268  0.70419
4142.25348019601  0.6958417
4144.20336782933  0.6910926
4146.15325546265  0.7053233
4148.10314309598  0.7128096
4150.0530307293  0.7248868
4152.00291836262  0.7383861
4153.95280599595  0.7495853
4155.90269362927  0.7343872
4157.8525812626  0.7076873
4159.80246889592  0.7155556
4161.75235652924  0.699015
4163.70224416257  0.6856721
4165.65213179589  0.7120718
4167.60201942921  0.7264747
4169.55190706254  0.7144262
4171.50179469586  0.6824445
4173.45168232919  0.6769323
4175.40156996251  0.6984213
4177.35145759583  0.6989004
4179.30134522916  0.7220322
4181.25123286248  0.7358539
4183.2011204958  0.7139632
4185.15100812913  0.7196115
4187.10089576245  0.7371839
4189.05078339577  0.7300138
4191.0006710291  0.7182118
4192.95055866242  0.7136475
4194.90044629575  0.6988833
4196.85033392907  0.694497
4198.80022156239  0.6973777
4200.75010919572  0.7018872
4202.69999682904  0.7115433
4204.64988446236  0.7105224
4206.59977209569  0.6919041
4208.54965972901  0.6739854
4210.49954736233  0.7052391
4212.44943499566  0.7293217
4214.39932262898  0.7063227
4216.34921026231  0.7007468
4218.29909789563  0.6979021
4220.24898552895  0.6959335
4222.19887316228  0.7099659
4224.1487607956  0.6975227
4226.09864842892  0.6860589
4228.04853606225  0.6998596
4229.99842369557  0.7076725
4231.9483113289  0.7367471
4233.89819896222  0.7238079
4235.84808659554  0.6744561
4237.79797422887  0.6588491
4239.74786186219  0.672377
4241.69774949551  0.7122798
4243.64763712884  0.7408775
4245.59752476216  0.7177078
4247.54741239549  0.7198614
4249.49730002881  0.7560624
4251.44718766213  0.753845
4253.39707529546  0.7502717
4255.34696292878  0.7442313
4257.2968505621  0.7365987
4259.24673819543  0.7379376
4261.19662582875  0.7114654
4263.14651346207  0.7059726
4265.0964010954  0.7219847
4267.04628872872  0.7079005
4268.99617636204  0.6896603
4270.94606399537  0.6792781
4272.89595162869  0.6829596
4274.84583926202  0.702814
4276.79572689534  0.7073382
4278.74561452866  0.7107505
4280.69550216199  0.6986603
4282.64538979531  0.6947455
4284.59527742863  0.6975297
4286.54516506196  0.7026655
4288.49505269528  0.6919106
4290.4449403286  0.6818865
4292.39482796193  0.6658403
4294.34471559525  0.6645774
4296.29460322858  0.6645867
4298.2444908619  0.6601511
4300.19437849522  0.6711015
4302.14426612855  0.6853442
4304.09415376187  0.6891366
4306.0440413952  0.6992884
4307.99392902852  0.7066282
4309.94381666184  0.6722243
4311.89370429517  0.6500194
4313.84359192849  0.66181
4315.79347956181  0.6636436
4317.74336719514  0.6774352
4319.69325482846  0.6791494
4321.64314246178  0.7101196
4323.59303009511  0.6998611
4325.54291772843  0.6658902
4327.49280536176  0.6752023
4329.44269299508  0.7016104
4331.3925806284  0.7125815
4333.34246826173  0.7186564
4335.29235589505  0.7187992
4337.24224352837  0.7129666
4339.1921311617  0.7006938
4341.14201879502  0.7194521
4343.09190642834  0.7404009
4345.04179406167  0.7579663
4346.99168169499  0.7384479
4348.94156932832  0.7399964
4350.89145696164  0.748775
4352.84134459496  0.7514241
4354.79123222829  0.7437931
4356.74111986161  0.7276307
4358.69100749493  0.7151487
4360.64089512826  0.6862208
4362.59078276158  0.6704315
4364.5406703949  0.6749627
4366.49055802823  0.686803
4368.44044566155  0.705707
4370.39033329488  0.6947381
4372.3402209282  0.7019805
4374.29010856152  0.7028092
4376.23999619485  0.6984559
4378.18988382817  0.68669
4380.13977146149  0.6849076
4382.08965909482  0.7047099
4384.03954672814  0.6959861
4385.98943436146  0.6843436
4387.93932199479  0.698804
4389.88920962811  0.7081102
4391.83909726144  0.6887463
4393.78898489476  0.6691645
4395.73887252808  0.6882097
4397.68876016141  0.689912
4399.63864779473  0.6710895
4401.58853542805  0.6872745
4403.53842306138  0.6807072
4405.4883106947  0.6541176
4407.43819832803  0.6616177
4409.38808596135  0.6579318
4411.33797359467  0.6410974
4413.287861228  0.650953
4415.23774886132  0.6403999
4417.18763649464  0.6350282
4419.13752412797  0.6588265
4421.08741176129  0.6696802
4423.03729939462  0.6447784
4424.98718702794  0.6457353
4426.93707466126  0.6452845
4428.88696229459  0.6226763
4430.83684992791  0.6175087
4432.78673756123  0.6319872
4434.73662519456  0.633384
4436.68651282788  0.6164777
4438.6364004612  0.6108933
4440.58628809453  0.6183896
4442.53617572785  0.6144438
4444.48606336118  0.6104843
4446.4359509945  0.620497
4448.38583862782  0.6338408
4450.33572626115  0.6532097
4452.28561389447  0.652805
4454.23550152779  0.6333244
4456.18538916112  0.632827
4458.13527679444  0.6546366
4460.08516442777  0.6684321
4462.03505206109  0.6540882
4463.98493969441  0.6602123
4465.93482732774  0.6530001
4467.88471496106  0.6430335
4469.83460259438  0.6748561
4471.78449022771  0.6728481
4473.73437786103  0.66928
4475.68426549436  0.6945645
4477.63415312768  0.6987406
4479.584040761  0.7012901
4481.53392839433  0.6944026
4483.48381602765  0.696523
4485.43370366097  0.7194598
4487.3835912943  0.7027683
4489.33347892762  0.6770856
4491.28336656094  0.7207727
4493.23325419427  0.7569225
4495.18314182759  0.7433417
4497.13302946092  0.7395096
4499.08291709424  0.730168
4501.03280472756  0.7419307
4502.98269236089  0.7206303
4504.93257999421  0.7044175
4506.88246762753  0.691626
4508.83235526086  0.6724443
4510.78224289418  0.6787848
4512.7321305275  0.7032756
4514.68201816083  0.6640518
4516.63190579415  0.6401008
4518.58179342748  0.653284
4520.5316810608  0.6327382
4522.48156869412  0.624043
4524.43145632745  0.6080613
4526.38134396077  0.5961587
4528.33123159409  0.6014162
4530.28111922742  0.6211138
4532.23100686074  0.6241269
4534.18089449407  0.632049
4536.13078212739  0.6266046
4538.08066976071  0.5897565
4540.03055739404  0.5731763
4541.98044502736  0.5715247
4543.93033266068  0.5845317
4545.88022029401  0.5867457
4547.83010792733  0.5871376
4549.77999556065  0.5834866
4551.72988319398  0.592877
4553.6797708273  0.600935
4555.62965846063  0.587396
4557.57954609395  0.5856759
4559.52943372727  0.6104415
4561.4793213606  0.6050856
4563.42920899392  0.5786535
4565.37909662724  0.5774474
4567.32898426057  0.6056132
4569.27887189389  0.6105355
4571.22875952721  0.5857387
4573.17864716054  0.5665488
4575.12853479386  0.5783789
4577.07842242719  0.6003003
4579.02831006051  0.6017491
4580.97819769383  0.5981964
4582.92808532716  0.6149042
4584.87797296048  0.6216806
4586.8278605938  0.6158783
4588.77774822713  0.6139006
4590.72763586045  0.5892187
4592.67752349377  0.6032386
4594.6274111271  0.5996488
4596.57729876042  0.6169031
4598.52718639375  0.6355255
4600.47707402707  0.6046083
4602.42696166039  0.6034166
4604.37684929372  0.6072927
4606.32673692704  0.6108125
4608.27662456036  0.6065839
4610.22651219369  0.6230652
4612.17639982701  0.6146603
4614.12628746033  0.6131904
4616.07617509366  0.5984728
4618.02606272698  0.5791602
4619.97595036031  0.5857911
4621.92583799363  0.6147205
4623.87572562695  0.6325262
4625.82561326028  0.6220933
4627.7755008936  0.6107706
4629.72538852693  0.6150227
4631.67527616025  0.6009547
4633.62516379357  0.6142955
4635.5750514269  0.6181387
4637.52493906022  0.6191375
4639.47482669354  0.6095369
4641.42471432687  0.6037178
4643.37460196019  0.6348181
4645.32448959351  0.6228286
4647.27437722684  0.6293902
4649.22426486016  0.6280347
4651.17415249348  0.6050346
4653.12404012681  0.5892411
4655.07392776013  0.5980702
4657.02381539346  0.5823017
4658.97370302678  0.5805973
4660.9235906601  0.59369
4662.87347829343  0.5882521
4664.82336592675  0.580964
4666.77325356007  0.6000559
4668.7231411934  0.6225973
4670.67302882672  0.6198674
4672.62291646005  0.6040097
4674.57280409337  0.600723
4676.52269172669  0.5946745
4678.47257936002  0.577006
4680.42246699334  0.6007727
4682.37235462666  0.609532
4684.32224225999  0.6149517
4686.27212989331  0.635434
4688.22201752663  0.6367383
4690.17190515996  0.6216873
4692.12179279328  0.6328737
4694.07168042661  0.6301976
4696.02156805993  0.6279206
4697.97145569325  0.6442991
4699.92134332658  0.6384649
4701.8712309599  0.6298646
4703.82111859322  0.6243653
4705.77100622655  0.6062039
4707.72089385987  0.6144933
4709.67078149319  0.6392294
4711.62066912652  0.6680833
4713.57055675984  0.6848186
4715.52044439316  0.6781296
4717.47033202649  0.7010617
4719.42021965981  0.6943559
4721.37010729314  0.6593697
4723.31999492646  0.6627039
4725.26988255978  0.6812959
4727.21977019311  0.6847875
4729.16965782643  0.6792372
4731.11954545976  0.6755337
4733.06943309308  0.6665428
4735.0193207264  0.6439873
4736.96920835973  0.6276283
4738.91909599305  0.6204581
4740.86898362637  0.6293292
4742.8188712597  0.6472654
4744.76875889302  0.6604727
4746.71864652635  0.6580551
4748.66853415967  0.6523004
4750.61842179299  0.6390701
4752.56830942632  0.6175194
4754.51819705964  0.6178185
4756.46808469296  0.6161809
4758.41797232629  0.6226161
4760.36785995961  0.6038972
4762.31774759293  0.6001548
4764.26763522626  0.6051826
4766.21752285958  0.6101972
4768.16741049291  0.6066644
4770.11729812623  0.5999014
4772.06718575955  0.604807
4774.01707339288  0.6001096
4775.9669610262  0.5713848
4777.91684865952  0.5967918
4779.86673629285  0.6188288
4781.81662392617  0.5980483
4783.76651155949  0.5770109
4785.71639919282  0.5926815
4787.66628682614  0.6083249
4789.61617445947  0.6118572
4791.56606209279  0.5995052
4793.51594972611  0.603572
4795.46583735944  0.5882528
4797.41572499276  0.586678
4799.36561262608  0.5999294
4801.31550025941  0.5883151
4803.26538789273  0.6004126
4805.21527552605  0.6000026
4807.16516315938  0.585228
4809.1150507927  0.6037184
4811.06493842603  0.5935591
4813.01482605935  0.5721626
4814.96471369267  0.5547902
4816.914601326  0.5552068
4818.86448895932  0.5729469
4820.81437659264  0.5746933
4822.76426422597  0.5618851
4824.71415185929  0.5469204
4826.66403949261  0.5429239
4828.61392712594  0.5562477
4830.56381475926  0.5687847
4832.51370239259  0.565099
4834.46359002591  0.566069
4836.41347765923  0.5628826
4838.36336529256  0.5474001
4840.31325292588  0.5515306
4842.2631405592  0.5499418
4844.21302819253  0.523316
4846.16291582585  0.5386235
4848.11280345918  0.5451797
4850.0626910925  0.5466083
4852.01257872582  0.5364153
4853.96246635915  0.520166
4855.91235399247  0.518363
4857.86224162579  0.5447074
4859.81212925912  0.5442532
4861.76201689244  0.5363401
4863.71190452577  0.5401258
4865.66179215909  0.5500821
4867.61167979241  0.5545298
4869.56156742574  0.5501253
4871.51145505906  0.5391266
4873.46134269238  0.526948
4875.41123032571  0.5398026
4877.36111795903  0.5306998
4879.31100559235  0.5314883
4881.26089322568  0.5389614
4883.210780859  0.5286322
4885.16066849233  0.5136326
4887.11055612565  0.5172173
4889.06044375897  0.5315894
4891.0103313923  0.5217326
4892.96021902562  0.5070701
4894.91010665895  0.5070398
4896.85999429227  0.5294511
4898.80988192559  0.5415147
4900.75976955892  0.5406247
4902.70965719224  0.5419267
4904.65954482556  0.5312442
4906.60943245889  0.5229629
4908.55932009221  0.5246825
4910.50920772553  0.5203925
4912.45909535886  0.5122612
4914.40898299218  0.5012196
4916.35887062551  0.5193048
4918.30875825883  0.5320753
4920.25864589215  0.5157692
4922.20853352548  0.4988836
4924.1584211588  0.5069088
4926.10830879212  0.5061221
4928.05819642545  0.5080282
4930.00808405877  0.5196384
4931.95797169209  0.5068472
4933.90785932542  0.4740383
4935.85774695874  0.4775489
4937.80763459206  0.4845403
4939.75752222539  0.4721438
4941.70740985871  0.4727894
4943.65729749204  0.4799338
4945.60718512536  0.4717058
4947.55707275868  0.4822245
4949.50696039201  0.498957
4951.45684802533  0.5001894
4953.40673565866  0.4964676
4955.35662329198  0.5169681
4957.3065109253  0.5177427
4959.25639855863  0.4925282
4961.20628619195  0.494752
4963.15617382527  0.522993
4965.1060614586  0.5340914
4967.05594909192  0.5269009
4969.00583672524  0.5277404
4970.95572435857  0.5297866
4972.90561199189  0.5273919
4974.85549962522  0.520248
4976.80538725854  0.509607
4978.75527489186  0.5010489
4980.70516252519  0.5021948
4982.65505015851  0.5116194
4984.60493779183  0.4812055
4986.55482542516  0.4539666
4988.50471305848  0.4788543
4990.4546006918  0.5093364
4992.40448832513  0.5020755
4994.35437595845  0.4963591
4996.30426359178  0.5116282
4998.2541512251  0.5053657
5000.20403885842  0.4861021
5002.15392649175  0.4847959
5004.10381412507  0.4847952
5006.05370175839  0.4793463
5008.00358939172  0.4677121
5009.95347702504  0.4498846
5011.90336465836  0.4459133
5013.85325229169  0.4501936
5015.80313992501  0.4504953
5017.75302755834  0.4380727
5019.70291519166  0.4412568
5021.65280282498  0.4493084
5023.60269045831  0.4460398
5025.55257809163  0.4489901
5027.50246572496  0.438004
5029.45235335828  0.4268866
5031.4022409916  0.4337329
5033.35212862493  0.4367294
5035.30201625825  0.4220693
5037.25190389157  0.415249
5039.2017915249  0.4227485
5041.15167915822  0.4242838
5043.10156679154  0.4261623
5045.05145442487  0.4234605
5047.00134205819  0.4285382
5048.95122969151  0.43917
5050.90111732484  0.4344386
5052.85100495816  0.4176517
5054.80089259149  0.4233701
5056.75078022481  0.4473536
5058.70066785813  0.4465191
5060.65055549146  0.4281859
5062.60044312478  0.4211833
5064.5503307581  0.4341379
5066.50021839143  0.4406095
5068.45010602475  0.4457305
5070.39999365808  0.4552048
5072.3498812914  0.4506935
5074.29976892472  0.4414432
5076.24965655805  0.4464578
5078.19954419137  0.4493063
5080.14943182469  0.4486371
5082.09931945802  0.4486876
5084.04920709134  0.4502921
5085.99909472467  0.4615698
5087.94898235799  0.4767243
5089.89886999131  0.463781
5091.84875762464  0.4457103
5093.79864525796  0.4461505
5095.74853289128  0.4427327
5097.69842052461  0.452888
5099.64830815793  0.4542665
5101.59819579125  0.4571924
5103.54808342458  0.4971724
5105.4979710579  0.5232966
5107.44785869122  0.5039214
5109.39774632455  0.4817114
5111.34763395787  0.471037
5113.2975215912  0.473831
5115.24740922452  0.4665932
5117.19729685784  0.4528069
5119.14718449117  0.4552188
5121.09707212449  0.4651936
5123.04695975782  0.464775
5124.99684739114  0.4640899
5126.94673502446  0.4620842
5128.89662265779  0.4669497
5130.84651029111  0.4569406
5132.79639792443  0.4501533
5134.74628555776  0.4637899
5136.69617319108  0.4701437
5138.6460608244  0.470254
5140.59594845773  0.4716202
5142.54583609105  0.4525692
5144.49572372437  0.4398133
5146.4456113577  0.4636908
5148.39549899102  0.4674614
5150.34538662435  0.4557755
5152.29527425767  0.454834
5154.24516189099  0.4592649
5156.19504952432  0.4664763
5158.14493715764  0.4650714
5160.09482479096  0.4464511
5162.04471242429  0.4557791
5163.99460005761  0.4719839
5165.94448769093  0.4805822
5167.89437532426  0.4889094
5169.84426295758  0.4866659
5171.79415059091  0.4708932
5173.74403822423  0.465817
5175.69392585755  0.4563255
5177.64381349088  0.4553505
5179.5937011242  0.4644865
5181.54358875753  0.4809305
5183.49347639085  0.5046861
5185.44336402417  0.5185298
5187.3932516575  0.5285966
5189.34313929082  0.5261191
5191.29302692414  0.5157354
5193.24291455747  0.5196662
5195.19280219079  0.5258068
5197.14268982411  0.5282598
5199.09257745744  0.520431
5201.04246509076  0.5077474
5202.99235272408  0.5058854
5204.94224035741  0.5014755
5206.89212799073  0.5167152
5208.84201562406  0.526046
5210.79190325738  0.5063249
5212.7417908907  0.494222
5214.69167852403  0.4977357
5216.64156615735  0.5092804
5218.59145379067  0.505879
5220.541341424  0.5038627
5222.49122905732  0.4978034
5224.44111669065  0.4969553
5226.39100432397  0.4942342
5228.34089195729  0.4854042
5230.29077959062  0.4949749
5232.24066722394  0.5020059
5234.19055485726  0.4996149
5236.14044249059  0.4979676
5238.09033012391  0.4971415
5240.04021775724  0.4877213
5241.99010539056  0.4939705
5243.93999302388  0.5090619
5245.88988065721  0.4993944
5247.83976829053  0.4892419
5249.78965592385  0.5019767
5251.73954355718  0.5144875
5253.6894311905  0.5178117
5255.63931882382  0.5197582
5257.58920645715  0.5205146
5259.53909409047  0.5226606
5261.48898172379  0.5327097
5263.43886935712  0.5432347
5265.38875699044  0.5433005
5267.33864462377  0.5453557
5269.28853225709  0.5544536
5271.23841989041  0.5526472
5273.18830752374  0.543588
5275.13819515706  0.5424824
5277.08808279038  0.5467619
5279.03797042371  0.5357061
5280.98785805703  0.5312926
5282.93774569036  0.5628952
5284.88763332368  0.5814164
5286.837520957  0.5881962
5288.78740859033  0.600231
5290.73729622365  0.5999485
5292.68718385697  0.5992427
5294.6370714903  0.5981345
5296.58695912362  0.588141
5298.53684675694  0.5702313
5300.48673439027  0.5611226
5302.43662202359  0.5758569
5304.38650965692  0.5880814
5306.33639729024  0.5899653
5308.28628492356  0.5844235
5310.23617255689  0.5747288
5312.18606019021  0.5645429
5314.13594782353  0.5468739
5316.08583545686  0.5391241
5318.03572309018  0.5591351
5319.9856107235  0.5717945
5321.93549835683  0.5551785
5323.88538599015  0.5599009
5325.83527362348  0.5710704
5327.7851612568  0.5575641
5329.73504889012  0.541127
5331.68493652345  0.528894
5333.63482415677  0.5315457
5335.58471179009  0.54537
5337.53459942342  0.5458068
5339.48448705674  0.5333588
5341.43437469007  0.5194252
5343.38426232339  0.4990685
5345.33414995671  0.5024611
5347.28403759004  0.5231223
5349.23392522336  0.5164945
5351.18381285668  0.5112904
5353.13370049001  0.5169677
5355.08358812333  0.5102386
5357.03347575666  0.50674
5358.98336338998  0.499714
5360.9332510233  0.4875633
5362.88313865663  0.489932
5364.83302628995  0.4991756
5366.78291392327  0.5009751
5368.7328015566  0.4886193
5370.68268918992  0.4814918
5372.63257682324  0.4801293
5374.58246445657  0.4766061
5376.53235208989  0.487364
5378.48223972321  0.4999309
5380.43212735654  0.4893722
5382.38201498986  0.475953
5384.33190262319  0.4858639
5386.28179025651  0.4998668
5388.23167788983  0.493838
5390.18156552316  0.4873685
5392.13145315648  0.4871956
5394.08134078981  0.4936086
5396.03122842313  0.4977508
5397.98111605645  0.4914
5399.93100368977  0.487633
5401.8808913231  0.5066235
5403.83077895642  0.5134945
5405.78066658975  0.485186
5407.73055422307  0.4828781
5409.68044185639  0.4900321
5411.63032948972  0.4773051
5413.58021712304  0.4690973
5415.53010475637  0.4640893
5417.47999238969  0.476208
5419.42988002301  0.488857
5421.37976765634  0.4893158
5423.32965528966  0.4838117
5425.27954292298  0.4856828
5427.22943055631  0.4890921
5429.17931818963  0.4694403
5431.12920582295  0.4531383
5433.07909345628  0.4695452
5435.0289810896  0.4982508
5436.97886872292  0.5073652
5438.92875635625  0.5014665
5440.87864398957  0.5034467
5442.8285316229  0.4840574
5444.77841925622  0.4734041
5446.72830688954  0.4813469
5448.67819452287  0.4733374
5450.62808215619  0.4769047
5452.57796978951  0.4939494
5454.52785742284  0.4695556
5456.47774505616  0.4469242
5458.42763268949  0.4572178
5460.37752032281  0.4793026
5462.32740795613  0.494241
5464.27729558946  0.4931633
5466.22718322278  0.4782045
5468.1770708561  0.4707324
5470.12695848943  0.4646425
5472.07684612275  0.4630409
5474.02673375608  0.4746248
5475.9766213894  0.4651035
5477.92650902272  0.4501301
5479.87639665605  0.4516571
5481.82628428937  0.4545578
5483.77617192269  0.4517158
5485.72605955602  0.4572131
5487.67594718934  0.4486766
5489.62583482266  0.4231025
5491.57572245599  0.4276413
5493.52561008931  0.4445525
5495.47549772264  0.4456559
5497.42538535596  0.4395885
5499.37527298928  0.4301678
5501.32516062261  0.425151
5503.27504825593  0.41971
5505.22493588925  0.417767
5507.17482352258  0.4268627
5509.1247111559  0.4269404
5511.07459878922  0.4236097
5513.02448642255  0.4322554
5514.97437405587  0.4425007
5516.9242616892  0.4431958
5518.87414932252  0.4289209
5520.82403695584  0.4292958
5522.77392458917  0.4331535
5524.72381222249  0.4368917
5526.67369985581  0.4269521
5528.62358748914  0.4200001
5530.57347512246  0.4214684
5532.52336275579  0.4244339
5534.47325038911  0.4270865
5536.42313802243  0.4263951
5538.37302565576  0.4284865
5540.32291328908  0.4287643
5542.2728009224  0.4280696
5544.22268855573  0.4328842
5546.17257618905  0.4451541
5548.12246382237  0.4359016
5550.0723514557  0.4230368
5552.02223908902  0.426226
5553.97212672234  0.4144785
5555.92201435567  0.4103347
5557.87190198899  0.4079469
5559.82178962232  0.416751
5561.77167725564  0.4269803
5563.72156488896  0.4158362
5565.67145252229  0.4075608
5567.62134015561  0.3969446
5569.57122778893  0.3855911
5571.52111542226  0.4102395
5573.47100305558  0.4448021
5575.42089068891  0.4521701
5577.37077832223  0.4037544
5579.32066595555  0.3908336
5581.27055358888  0.4060254
5583.2204412222  0.3995138
5585.17032885553  0.3993235
5587.12021648885  0.3943158
5589.07010412217  0.3862546
5591.0199917555  0.3818223
5592.96987938882  0.3875333
5594.91976702214  0.3868847
5596.86965465547  0.3767336
5598.81954228879  0.384115
5600.76942992211  0.3757582
5602.71931755544  0.3747345
5604.66920518876  0.3787403
5606.61909282209  0.3773751
5608.56898045541  0.3743383
5610.51886808873  0.3628536
5612.46875572206  0.3851081
5614.41864335538  0.408273
5616.3685309887  0.3930246
5618.31841862203  0.3841355
5620.26830625535  0.3846531
5622.21819388867  0.3793086
5624.168081522  0.3924173
5626.11796915532  0.3909242
5628.06785678865  0.375049
5630.01774442197  0.3813125
5631.96763205529  0.3648008
5633.91751968862  0.3586803
5635.86740732194  0.3649216
5637.81729495526  0.3649824
5639.76718258859  0.3672183
5641.71707022191  0.3890702
5643.66695785524  0.3740191
5645.61684548856  0.3690849
5647.56673312188  0.3719495
5649.51662075521  0.359604
5651.46650838853  0.356565
5653.41639602185  0.3843401
5655.36628365518  0.371148
5657.3161712885  0.357037
5659.26605892182  0.3735406
5661.21594655515  0.3663814
5663.16583418847  0.3487146
5665.1157218218  0.3470209
5667.06560945512  0.3486162
5669.01549708844  0.3550627
5670.96538472177  0.3516258
5672.91527235509  0.3450486
5674.86515998841  0.3449954
5676.81504762174  0.3311278
5678.76493525506  0.3333195
5680.71482288838  0.3411743
5682.66471052171  0.3447761
5684.61459815503  0.3058369
5686.56448578836  0.285437
5688.51437342168  0.3165276
5690.464261055  0.3597997
5692.41414868833  0.3691828
5694.36403632165  0.3559064
5696.31392395498  0.3368897
5698.2638115883  0.345979
5700.21369922162  0.3489686
5702.16358685495  0.3442951
5704.11347448827  0.32974
5706.06336212159  0.3191826
5708.01324975492  0.3311283
5709.96313738824  0.353763
5711.91302502156  0.3501779
5713.86291265489  0.3605852
5715.81280028821  0.354037
5717.76268792153  0.3328441
5719.71257555486  0.3267889
5721.66246318818  0.3433954
5723.61235082151  0.3366351
5725.56223845483  0.3323125
5727.51212608815  0.3378073
5729.46201372148  0.3273692
5731.4119013548  0.3109081
5733.36178898812  0.3112323
5735.31167662145  0.3161505
5737.26156425477  0.3186158
5739.21145188809  0.3025602
5741.16133952142  0.3220755
5743.11122715474  0.3423971
5745.06111478807  0.3364954
5747.01100242139  0.3244507
5748.96089005471  0.3238756
5750.91077768804  0.3274677
5752.86066532136  0.3326565
5754.81055295469  0.3212953
5756.76044058801  0.3116303
5758.71032822133  0.3050359
5760.66021585466  0.3030474
5762.61010348798  0.3159947
5764.5599911213  0.3311505
5766.50987875463  0.3095666
5768.45976638795  0.3069966
5770.40965402127  0.3192591
5772.3595416546  0.3370223
5774.30942928792  0.3275123
5776.25931692124  0.3224718
5778.20920455457  0.3376735
5780.15909218789  0.3273249
5782.10897982122  0.3249724
5784.05886745454  0.3225343
5786.00875508786  0.3330181
5787.95864272119  0.3401364
5789.90853035451  0.3254267
5791.85841798783  0.3200468
5793.80830562116  0.3080213
5795.75819325448  0.2963654
5797.70808088781  0.3163332
5799.65796852113  0.3268629
5801.60785615445  0.3211417
5803.55774378778  0.3276563
5805.5076314211  0.3185139
5807.45751905442  0.3073728
5809.40740668775  0.3266969
5811.35729432107  0.328649
5813.30718195439  0.3008325
5815.25706958772  0.288077
5817.20695722104  0.2961836
5819.15684485437  0.3114023
5821.10673248769  0.3136928
5823.05662012101  0.310964
5825.00650775434  0.3231102
5826.95639538766  0.3183947
5828.90628302098  0.3050365
5830.85617065431  0.322261
5832.80605828763  0.3259711
5834.75594592095  0.3381027
5836.70583355428  0.3359663
5838.6557211876  0.3048616
5840.60560882093  0.3028497
5842.55549645425  0.3034803
5844.50538408757  0.3042979
5846.4552717209  0.3074687
5848.40515935422  0.2989251
5850.35504698754  0.2846691
5852.30493462087  0.2879233
5854.25482225419  0.2895424
5856.20470988751  0.2831527
5858.15459752084  0.2878371
5860.10448515416  0.2913061
5862.05437278749  0.2902278
5864.00426042081  0.2899099
5865.95414805413  0.2814949
5867.90403568746  0.2784676
5869.85392332078  0.2988376
5871.8038109541  0.3189558
5873.75369858743  0.3159288
5875.70358622075  0.2834436
5877.65347385408  0.2764107
5879.6033614874  0.2931933
5881.55324912072  0.2926836
5883.50313675405  0.3014269
5885.45302438737  0.3072635
5887.40291202069  0.3070326
5889.35279965402  0.2868653
5891.30268728734  0.2871657
5893.25257492066  0.2960082
5895.20246255399  0.2839066
5897.15235018731  0.2766677
5899.10223782064  0.2572126
5901.05212545396  0.2537557
5903.00201308728  0.269902
5904.95190072061  0.3011827
5906.90178835393  0.2995579
5908.85167598726  0.2559341
5910.80156362058  0.258389
5912.7514512539  0.2740071
5914.70133888723  0.2548976
5916.65122652055  0.2489517
5918.60111415387  0.2634096
5920.5510017872  0.2715841
5922.50088942052  0.2620316
5924.45077705384  0.2523505
5926.40066468717  0.2850055
5928.35055232049  0.3078276
5930.30043995382  0.3019054
5932.25032758714  0.3086905
5934.20021522046  0.3016705
5936.15010285379  0.2941541
5938.09999048711  0.306232
5940.04987812043  0.3288154
5941.99976575376  0.3276137
5943.94965338708  0.3195003
5945.8995410204  0.3095257
5947.84942865373  0.2960629
5949.79931628705  0.3151886
5951.74920392038  0.2973683
5953.6990915537  0.2711283
5955.64897918702  0.2655629
5957.59886682035  0.2892791
5959.54875445367  0.2999831
5961.49864208699  0.2804563
5963.44852972032  0.2692706
5965.39841735364  0.2959921
5967.34830498697  0.314406
5969.29819262029  0.2702275
5971.24808025361  0.265787
5973.19796788694  0.3013725
5975.14785552026  0.3012302
5977.09774315358  0.290648
5979.04763078691  0.2923587
5980.99751842023  0.2765434
5982.94740605355  0.2687901
5984.89729368688  0.2899906
5986.8471813202  0.3111429
5988.79706895352  0.2886527
5990.74695658685  0.2749119
5992.69684422017  0.3080465
5994.6467318535  0.2938385
5996.59661948682  0.2527123
5998.54650712014  0.2613471
6000.49639475347  0.2684057
6002.44628238679  0.2715256
6004.39617002011  0.2722591
6006.34605765344  0.2560757
6008.29594528676  0.2610244
6010.24583292009  0.2687571
6012.19572055341  0.2481159
6014.14560818673  0.2841612
6016.09549582006  0.3206151
6018.04538345338  0.3082727
6019.99527108671  0.282947
6021.94515872003  0.2831026
6023.89504635335  0.2619588
6025.84493398668  0.2916029
6027.79482162  0.304519
6029.74470925332  0.2584567
6031.69459688665  0.2729168
6033.64448451997  0.2856827
6035.59437215329  0.2768217
6037.54425978662  0.2676567
6039.49414741994  0.2245462
6041.44403505327  0.2241268
6043.39392268659  0.2763071
6045.34381031991  0.3123006
6047.29369795323  0.3139267
6049.24358558656  0.2938305
6051.19347321988  0.2812243
6053.14336085321  0.2839593
6055.09324848653  0.302158
6057.04313611985  0.2936122
6058.99302375318  0.2973818
6060.9429113865  0.2915931
6062.89279901983  0.2927522
6064.84268665315  0.295
6066.79257428647  0.2771782
6068.7424619198  0.2732739
6070.69234955312  0.2988116
6072.64223718644  0.3196503
6074.59212481977  0.3234832
6076.54201245309  0.3020386
6078.49190008641  0.3030124
6080.44178771974  0.3080219
6082.39167535306  0.2928939
6084.34156298639  0.2632077
6086.29145061971  0.2690595
6088.24133825303  0.2948156
6090.19122588636  0.2971779
6092.14111351968  0.2898026
6094.091001153  0.2863305
6096.04088878633  0.2647499
6097.99077641965  0.2789991
6099.94066405297  0.2961191
6101.8905516863  0.3033488
6103.84043931962  0.2910335
6105.79032695294  0.2826078
6107.74021458627  0.2569748
6109.69010221959  0.2722836
6111.63998985292  0.2661128
6113.58987748624  0.2598866
6115.53976511956  0.2946763
6117.48965275289  0.3045267
6119.43954038621  0.2993192
6121.38942801954  0.31642
6123.33931565286  0.2969889
6125.28920328618  0.2823906
6127.23909091951  0.2945008
6129.18897855283  0.3140601
6131.13886618615  0.3083104
6133.08875381948  0.3163966
6135.0386414528  0.3013785
6136.98852908612  0.2802014
6138.93841671945  0.3112306
6140.88830435277  0.3172158
6142.8381919861  0.3179803
6144.78807961942  0.3473797
6146.73796725274  0.3375255
6148.68785488607  0.3308595
6150.63774251939  0.3375192
6152.58763015271  0.3524605
6154.53751778604  0.3439255
6156.48740541936  0.3252191
6158.43729305268  0.3671082
6160.38718068601  0.4016206
6162.33706831933  0.4113965
6164.28695595265  0.3836947
6166.23684358598  0.3788825
6168.1867312193  0.3693935
6170.13661885263  0.3881273
6172.08650648595  0.447262
6174.03639411927  0.4631505
6175.9862817526  0.4662222
6177.93616938592  0.4608244
6179.88605701924  0.4878113
6181.83594465257  0.471513
6183.78583228589  0.4478928
6185.73571991922  0.4542721
6187.68560755254  0.5186813
6189.63549518586  0.5578911
6191.58538281919  0.5819424
6193.53527045251  0.5653332
6195.48515808583  0.5384823
6197.43504571916  0.5047052
6199.38493335248  0.5265781
6201.33482098581  0.5457877
6203.28470861913  0.5270001
6205.23459625245  0.512989
6207.18448388578  0.4734172
6209.1343715191  0.4485283
6211.08425915242  0.4534324
6213.03414678575  0.4287025
6214.98403441907  0.4153193
6216.93392205239  0.4054287
6218.88380968572  0.3891407
6220.83369731904  0.3748796
6222.78358495237  0.3586321
6224.73347258569  0.3795984
6226.68336021901  0.3991891
6228.63324785234  0.3590547
6230.58313548566  0.3388926
6232.53302311898  0.3713286
6234.48291075231  0.3473982
6236.43279838563  0.3453909
6238.38268601896  0.350507
6240.33257365228  0.3424939
6242.2824612856  0.3396507
6244.23234891893  0.3319531
6246.18223655225  0.3234639
6248.13212418557  0.3246801
6250.0820118189  0.3165168
6252.03189945222  0.3071641
6253.98178708555  0.326468
6255.93167471887  0.3404305
6257.88156235219  0.3192326
6259.83144998552  0.3151813
6261.78133761884  0.3079432
6263.73122525216  0.2855319
6265.68111288549  0.2832185
6267.63100051881  0.300914
6269.58088815213  0.3247418
6271.53077578546  0.3356132
6273.48066341878  0.3188896
6275.43055105211  0.3081387
6277.38043868543  0.3308604
6279.33032631875  0.319589
6281.28021395207  0.2816204
6283.2301015854  0.2620594
6285.17998921872  0.2708785
6287.12987685205  0.2723333
6289.07976448537  0.2688191
6291.02965211869  0.2618499
6292.97953975202  0.2814758
6294.92942738534  0.3036359
6296.87931501867  0.3108383
6298.82920265199  0.3216501
6300.77909028531  0.3100342
6302.72897791864  0.303872
6304.67886555196  0.2907914
6306.62875318528  0.287757
6308.57864081861  0.2788811
6310.52852845193  0.2905852
6312.47841608526  0.2941629
6314.42830371858  0.2671689
6316.3781913519  0.2647018
6318.32807898523  0.2645507
6320.27796661855  0.2641349
6322.22785425187  0.2834251
6324.1777418852  0.3146195
6326.12762951852  0.3005643
6328.07751715184  0.2670679
6330.02740478517  0.2572617
6331.97729241849  0.2544797
6333.92718005182  0.2492333
6335.87706768514  0.2704159
6337.82695531846  0.2896718
6339.77684295179  0.2818714
6341.72673058511  0.2782636
6343.67661821843  0.279759
6345.62650585176  0.2922875
6347.57639348508  0.3051415
6349.5262811184  0.2803286
6351.47616875173  0.2820933
6353.42605638505  0.2838835
6355.37594401838  0.2706204
6357.3258316517  0.2854842
6359.27571928502  0.2826855
6361.22560691835  0.2652695
6363.17549455167  0.2524085
6365.12538218499  0.2340802
6367.07526981832  0.243201
6369.02515745164  0.2693642
6370.97504508496  0.2732962
6372.92493271829  0.2926994
6374.87482035161  0.2830212
6376.82470798494  0.260976
6378.77459561826  0.2515673
6380.72448325158  0.270815
6382.67437088491  0.2877148
6384.62425851823  0.290746
6386.57414615155  0.2868625
6388.52403378488  0.2681231
6390.4739214182  0.2693416
6392.42380905152  0.2897546
6394.37369668485  0.2905971
6396.32358431817  0.2938713
6398.2734719515  0.3012278
6400.22335958482  0.2625459
6402.17324721814  0.2628377
6404.12313485147  0.2723384
6406.07302248479  0.2702668
6408.02291011811  0.2933779
6409.97279775144  0.2887317
6411.92268538476  0.2773536
6413.87257301809  0.273035
6415.82246065141  0.2798858
6417.77234828473  0.2929079
6419.72223591806  0.2717399
6421.67212355138  0.2737267
6423.6220111847  0.2887363
6425.57189881803  0.2782788
6427.52178645135  0.270354
6429.47167408467  0.2842981
6431.421561718  0.3033198
6433.37144935132  0.3006432
6435.32133698465  0.2897401
6437.27122461797  0.2872158
6439.22111225129  0.2891632
6441.17099988462  0.2885552
6443.12088751794  0.2868423
6445.07077515126  0.269437
6447.02066278459  0.2685481
6448.97055041791  0.2765274
6450.92043805123  0.2814915
6452.87032568456  0.2823568
6454.82021331788  0.2694319
6456.77010095121  0.2716689
6458.71998858453  0.2811633
6460.66987621785  0.276968
6462.61976385118  0.2649579
6464.5696514845  0.2560048
6466.51953911782  0.2712185
6468.46942675115  0.2613573
6470.41931438447  0.2577152
6472.3692020178  0.2831565
6474.31908965112  0.2883179
6476.26897728444  0.2843778
6478.21886491777  0.2859899
6480.16875255109  0.3027033
6482.11864018441  0.2992731
6484.06852781774  0.2844552
6486.01841545106  0.2652014
6487.96830308438  0.2770542
6489.91819071771  0.30847
6491.86807835103  0.3086481
6493.81796598436  0.2914533
6495.76785361768  0.286565
6497.717741251  0.2819431
6499.66762888433  0.2870934
6501.61751651765  0.2964012
6503.56740415097  0.2992043
6505.5172917843  0.2949896
6507.46717941762  0.2858896
6509.41706705094  0.2847202
6511.36695468427  0.2878293
6513.31684231759  0.2798751
6515.26672995092  0.2799254
6517.21661758424  0.2850048
6519.16650521756  0.2800193
6521.11639285089  0.27712
6523.06628048421  0.2790724
6525.01616811754  0.2760828
6526.96605575086  0.2604067
6528.91594338418  0.2658819
6530.86583101751  0.2912343
6532.81571865083  0.2933204
6534.76560628415  0.2625228
6536.71549391748  0.2464223
6538.6653815508  0.2720033
6540.61526918412  0.292998
6542.56515681745  0.2870654
6544.51504445077  0.2861347
6546.4649320841  0.2843105
6548.41481971742  0.2723603
6550.36470735074  0.2797319
6552.31459498407  0.2723859
6554.26448261739  0.2648354
6556.21437025071  0.2851952
6558.16425788404  0.2979245
6560.11414551736  0.2955245
6562.06403315069  0.2859429
6564.01392078401  0.2894742
6565.96380841733  0.29331
6567.91369605066  0.2842952
6569.86358368398  0.2835425
6571.8134713173  0.2815953
6573.76335895063  0.2751246
6575.71324658395  0.280859
6577.66313421727  0.2892208
6579.6130218506  0.3010143
6581.56290948392  0.2953686
6583.51279711724  0.2776338
6585.46268475057  0.2806992
6587.41257238389  0.2691491
6589.36246001722  0.2615167
6591.31234765054  0.2807917
6593.26223528386  0.2860995
6595.21212291719  0.2831367
6597.16201055051  0.2735636
6599.11189818383  0.2722961
6601.06178581716  0.2884124
6603.01167345048  0.2801103
6604.9615610838  0.2637332
6606.91144871713  0.2778072
6608.86133635045  0.2961084
6610.81122398378  0.2869368
6612.7611116171  0.2729873
6614.71099925042  0.2665067
6616.66088688375  0.2667061
6618.61077451707  0.2580138
6620.56066215039  0.2579413
6622.51054978372  0.2786614
6624.46043741704  0.2723264
6626.41032505037  0.2666741
6628.36021268369  0.2887623
6630.31010031701  0.2916445
6632.25998795034  0.2778573
6634.20987558366  0.2884085
6636.15976321698  0.3022337
6638.10965085031  0.2796479
6640.05953848363  0.2631582
6642.00942611695  0.2870144
6643.95931375028  0.2917742
6645.9092013836  0.2854669
6647.85908901693  0.3010918
6649.80897665025  0.2948624
6651.75886428357  0.2993044
6653.7087519169  0.3001946
6655.65863955022  0.277697
6657.60852718354  0.290328
6659.55841481687  0.308478
6661.50830245019  0.2969603
6663.45819008352  0.2841207
6665.40807771684  0.2890755
6667.35796535016  0.2946965
6669.30785298349  0.2891526
6671.25774061681  0.2908738
6673.20762825013  0.2959972
6675.15751588346  0.2835835
6677.10740351678  0.2949903
6679.05729115011  0.3224508
6681.00717878343  0.3019572
6682.95706641675  0.2911409
6684.90695405008  0.3050329
6686.8568416834  0.2874602
6688.80672931672  0.2919064
6690.75661695005  0.3237186
6692.70650458337  0.3385324
6694.6563922167  0.337878
6696.60627985002  0.3338937
6698.55616748334  0.3379185
6700.50605511667  0.3325197
6702.45594274999  0.3354748
6704.40583038331  0.3335579
6706.35571801664  0.3272794
6708.30560564996  0.3424213
6710.25549328328  0.3400663
6712.20538091661  0.3100455
6714.15526854993  0.2871258
6716.10515618326  0.2911962
6718.05504381658  0.3027781
6720.0049314499  0.3008615
6721.95481908323  0.3035616
6723.90470671655  0.3076783
6725.85459434987  0.3064263
6727.8044819832  0.3044016
6729.75436961652  0.3158978
6731.70425724984  0.3292617
6733.65414488317  0.3254615
6735.60403251649  0.3195471
6737.55392014982  0.3041089
6739.50380778314  0.2783536
6741.45369541646  0.293474
6743.40358304979  0.3034833
6745.35347068311  0.2956735
6747.30335831643  0.2994818
6749.25324594976  0.3043562
6751.20313358308  0.3260589
6753.1530212164  0.3380557
6755.10290884973  0.3203118
6757.05279648305  0.3133079
6759.00268411638  0.3151573
6760.9525717497  0.3183369
6762.90245938302  0.3185215
6764.85234701635  0.3056598
6766.80223464967  0.3040946
6768.75212228299  0.3199869
6770.70200991632  0.3242669
6772.65189754964  0.3176565
6774.60178518296  0.3125085
6776.55167281629  0.3121344
6778.50156044961  0.3024648
6780.45144808294  0.2929572
6782.40133571626  0.3222834
6784.35122334958  0.3376723
6786.30111098291  0.3277733
6788.25099861623  0.3179532
6790.20088624955  0.2991201
6792.15077388288  0.2912719
6794.1006615162  0.2988786
6796.05054914952  0.31201
6798.00043678285  0.3024619
6799.95032441617  0.3034884
6801.9002120495  0.3038856
6803.85009968282  0.2963234
6805.79998731614  0.3205916
6807.74987494947  0.3230935
6809.69976258279  0.3037016
6811.64965021611  0.2974209
6813.59953784944  0.3099609
6815.54942548276  0.325878
6817.49931311609  0.3050911
6819.44920074941  0.2896326
6821.39908838273  0.3001525
6823.34897601606  0.3091203
6825.29886364938  0.3295536
6827.2487512827  0.3307973
6829.19863891603  0.3086004
6831.14852654935  0.314503
6833.09841418267  0.3056356
6835.048301816  0.2953838
6836.99818944932  0.2908045
6838.94807708265  0.2874136
6840.89796471597  0.3226181
6842.84785234929  0.3228074
6844.79773998262  0.2830122
6846.74762761594  0.2842349
6848.69751524927  0.3051555
6850.64740288259  0.2994182
6852.59729051591  0.2746451
6854.54717814924  0.2596321
6856.49706578256  0.2901922
6858.44695341588  0.3152589
6860.39684104921  0.2990812
6862.34672868253  0.28176
6864.29661631585  0.2988271
6866.24650394918  0.3139072
6868.1963915825  0.2948555
6870.14627921583  0.3014085
6872.09616684915  0.3219119
6874.04605448247  0.3084809
6875.9959421158  0.2819577
6877.94582974912  0.2862308
6879.89571738244  0.2965547
6881.84560501577  0.2968729
6883.79549264909  0.2903621
6885.74538028241  0.3124247
6887.69526791574  0.3307552
6889.64515554906  0.3167558
6891.59504318239  0.337082
6893.54493081571  0.361272
6895.49481844903  0.3482668
6897.44470608236  0.3432994
6899.39459371568  0.3282094
6901.34448134901  0.3305457
6903.29436898233  0.3510886
6905.24425661565  0.3382969
6907.19414424897  0.3248589
6909.1440318823  0.316328
6911.09391951562  0.3204602
6913.04380714895  0.3309431
6914.99369478227  0.3289603
6916.94358241559  0.3224133
6918.89347004892  0.3300856
6920.84335768224  0.3363636
6922.79324531556  0.3312395
6924.74313294889  0.3166343
6926.69302058221  0.3119871
6928.64290821554  0.3321073
6930.59279584886  0.3392031
6932.54268348218  0.3301994
6934.49257111551  0.3409718
6936.44245874883  0.3731239
6938.39234638215  0.3970402
6940.34223401548  0.3971363
6942.2921216488  0.3685675
6944.24200928213  0.3610261
6946.19189691545  0.3494696
6948.14178454877  0.3458195
6950.0916721821  0.3500262
6952.04155981542  0.3419068
6953.99144744874  0.3360843
6955.94133508207  0.3342715
6957.89122271539  0.3310854
6959.84111034872  0.3431476
6961.79099798204  0.3444852
6963.74088561536  0.3079554
6965.69077324869  0.3048826
6967.64066088201  0.320699
6969.59054851533  0.3172387
6971.54043614866  0.329594
6973.49032378198  0.3326938
6975.4402114153  0.3270733
6977.39009904863  0.3153312
6979.33998668195  0.3058146
6981.28987431528  0.2996456
6983.2397619486  0.2677917
6985.18964958192  0.2857075
6987.13953721525  0.3094154
6989.08942484857  0.2934275
6991.03931248189  0.3051231
6992.98920011522  0.3099054
6994.93908774854  0.2948621
6996.88897538186  0.2772551
6998.83886301519  0.2980054
7000.78875064851  0.3244415
7002.73863828184  0.3086089
7004.68852591516  0.2995767
7006.63841354848  0.3070817
7008.58830118181  0.2935229
7010.53818881513  0.2861671
7012.48807644845  0.3120688
7014.43796408178  0.3329242
7016.3878517151  0.3263124
7018.33773934842  0.3168535
7020.28762698175  0.3310769
7022.23751461507  0.3460799
7024.1874022484  0.3265139
7026.13728988172  0.2996368
7028.08717751504  0.2861566
7030.03706514837  0.2871784
7031.98695278169  0.3076401
7033.93684041501  0.3333636
7035.88672804834  0.3262012
7037.83661568166  0.3159447
7039.78650331499  0.3226903
7041.73639094831  0.3153107
7043.68627858163  0.3230985
7045.63616621496  0.3357374
7047.58605384828  0.3310703
7049.5359414816  0.3104452
7051.48582911493  0.3068303
7053.43571674825  0.3247876
7055.38560438157  0.3256093
7057.3354920149  0.3205647
7059.28537964822  0.3406473
7061.23526728155  0.3302239
7063.18515491487  0.2970249
7065.13504254819  0.2995437
7067.08493018152  0.3069483
7069.03481781484  0.2889532
7070.98470544816  0.288592
7072.93459308149  0.2864247
7074.88448071481  0.2877749
7076.83436834813  0.2843638
7078.78425598146  0.2805572
7080.73414361478  0.2733277
7082.68403124811  0.2598506
7084.63391888143  0.262071
7086.58380651475  0.2642342
7088.53369414808  0.2799243
7090.4835817814  0.2844087
7092.43346941472  0.2773034
7094.38335704805  0.256491
7096.33324468137  0.2583019
7098.28313231469  0.275496
7100.23301994802  0.2457264
7102.18290758134  0.2460814
7104.13279521467  0.2556679
7106.08268284799  0.241746
7108.03257048131  0.2469089
7109.98245811464  0.264378
7111.93234574796  0.2659129
7113.88223338128  0.2448466
7115.83212101461  0.2417067
7117.78200864793  0.2464112
7119.73189628125  0.2484101
7121.68178391458  0.2478592
7123.6316715479  0.257587
7125.58155918123  0.2679513
7127.53144681455  0.2278039
7129.48133444787  0.2126943
7131.4312220812  0.2327701
7133.38110971452  0.2317009
7135.33099734785  0.2332873
7137.28088498117  0.2586872
7139.23077261449  0.2550932
7141.18066024782  0.250809
7143.13054788114  0.2518861
7145.08043551446  0.234953
7147.03032314779  0.2266761
7148.98021078111  0.2377392
7150.93009841443  0.2284408
7152.87998604776  0.2333534
7154.82987368108  0.2461584
7156.77976131441  0.2469216
7158.72964894773  0.2424011
7160.67953658105  0.2318593
7162.62942421438  0.2263144
7164.5793118477  0.2239473
7166.52919948102  0.2321609
7168.47908711435  0.2396538
7170.42897474767  0.2362569
7172.378862381  0.2298186
7174.32875001432  0.2310285
7176.27863764764  0.2180448
7178.22852528097  0.2133906
7180.17841291429  0.2313014
7182.12830054761  0.2496399
7184.07818818094  0.2332262
7186.02807581426  0.2197928
7187.97796344758  0.2428396
7189.92785108091  0.2326023
7191.87773871423  0.2262644
7193.82762634755  0.2342124
7195.77751398088  0.23108
7197.7274016142  0.2221574
7199.67728924753  0.2467298
7201.62717688085  0.2390552
7203.57706451417  0.2258375
7205.5269521475  0.2175615
7207.47683978082  0.2073566
7209.42672741414  0.2033899
7211.37661504747  0.2110507
7213.32650268079  0.2284462
7215.27639031411  0.2347794
7217.22627794744  0.2321498
7219.17616558076  0.2204012
7221.12605321409  0.2170922
7223.07594084741  0.2218094
7225.02582848073  0.2383222
7226.97571611406  0.2561359
7228.92560374738  0.2415246
7230.87549138071  0.2336012
7232.82537901403  0.2327036
7234.77526664735  0.2181996
7236.72515428068  0.2220617
7238.675041914  0.2019269
7240.62492954732  0.2181383
7242.57481718065  0.2157154
7244.52470481397  0.2079739
7246.47459244729  0.2223546
7248.42448008062  0.2170059
7250.37436771394  0.2108979
7252.32425534727  0.221288
7254.27414298059  0.2158701
7256.22403061391  0.1951895
7258.17391824724  0.1798176
7260.12380588056  0.2105206
7262.07369351388  0.211881
7264.02358114721  0.2068892
7265.97346878053  0.2209
7267.92335641385  0.2184161
7269.87324404718  0.2056066
7271.8231316805  0.2319672
7273.77301931383  0.2339212
7275.72290694715  0.2054686
7277.67279458047  0.2238176
7279.6226822138  0.2130657
7281.57256984712  0.1928382
7283.52245748044  0.1937844
7285.47234511377  0.2002596
7287.42223274709  0.2329528
7289.37212038042  0.2380678
7291.32200801374  0.2340175
7293.27189564706  0.2332625
7295.22178328039  0.2173823
7297.17167091371  0.2280572
7299.12155854703  0.2234425
7301.07144618036  0.2177584
7303.02133381368  0.2289021
7304.971221447  0.2410699
7306.92110908033  0.2197066
7308.87099671365  0.2009453
7310.82088434697  0.2139496
7312.7707719803  0.2326303
7314.72065961362  0.2255971
7316.67054724695  0.2119982
7318.62043488027  0.2071365
7320.57032251359  0.2106988
7322.52021014692  0.2327104
7324.47009778024  0.2296046
7326.41998541356  0.2223651
7328.36987304689  0.2144306
7330.31976068021  0.1893892
7332.26964831353  0.208409
7334.21953594686  0.2309937
7336.16942358018  0.2217748
7338.11931121351  0.2232049
7340.06919884683  0.1991086
7342.01908648015  0.2024755
7343.96897411348  0.230464
7345.9188617468  0.2198831
7347.86874938012  0.2239878
7349.81863701345  0.2468214
7351.76852464677  0.2486637
7353.7184122801  0.2268635
7355.66829991342  0.2208361
7357.61818754674  0.2083823
7359.56807518007  0.207605
7361.51796281339  0.2061429
7363.46785044671  0.2217151
7365.41773808004  0.2244969
7367.36762571336  0.2486815
7369.31751334668  0.2464661
7371.26740098001  0.1856617
7373.21728861333  0.1901391
7375.16717624666  0.2301811
7377.11706387998  0.2200691
7379.0669515133  0.2262948
7381.01683914663  0.2375817
7382.96672677995  0.2370544
7384.91661441327  0.2558574
7386.8665020466  0.2300025
7388.81638967992  0.2315007
7390.76627731324  0.2510985
7392.71616494657  0.2476392
7394.66605257989  0.2230327
7396.61594021322  0.2249943
7398.56582784654  0.2284534
7400.51571547986  0.2458668
7402.46560311319  0.243625
7404.41549074651  0.2358192
7406.36537837984  0.2486837
7408.31526601316  0.2364508
7410.26515364648  0.2401342
7412.21504127981  0.23685
7414.16492891313  0.2542415
7416.11481654645  0.2357575
7418.06470417978  0.2609553
7420.0145918131  0.299032
7421.96447944643  0.2770679
7423.91436707975  0.253374
7425.86425471307  0.2914977
7427.8141423464  0.2954247
7429.76402997972  0.2773053
7431.71391761304  0.2817446
7433.66380524637  0.283488
7435.61369287969  0.2705144
7437.56358051301  0.276121
7439.51346814634  0.3215524
7441.46335577966  0.3493339
7443.41324341299  0.3589074
7445.36313104631  0.3387848
7447.31301867963  0.3262196
7449.26290631296  0.3040854
7451.21279394628  0.3106029
7453.1626815796  0.3043586
7455.11256921293  0.2993406
7457.06245684625  0.2761215
7459.01234447957  0.2715465
7460.9622321129  0.2965572
7462.91211974622  0.2623992
7464.86200737955  0.2483311
7466.81189501287  0.2374236
7468.76178264619  0.2690597
7470.71167027952  0.2461253
7472.66155791284  0.2417003
7474.61144554617  0.269492
7476.56133317949  0.2542445
7478.51122081281  0.2408589
7480.46110844613  0.2661627
7482.41099607946  0.2706462
7484.36088371278  0.2803117
7486.31077134611  0.2702863
7488.26065897943  0.2400939
7490.21054661275  0.2253683
7492.16043424608  0.233018
7494.1103218794  0.2303654
7496.06020951272  0.2348912
7498.01009714605  0.2464073
7499.95998477937  0.2319474
7501.90987241269  0.2174928
7503.85976004602  0.2308581
7505.80964767934  0.2388314
7507.75953531267  0.2383773
7509.70942294599  0.2316085
7511.65931057931  0.2203563
7513.60919821264  0.2335473
7515.55908584596  0.2455986
7517.50897347928  0.2211
7519.45886111261  0.2234876
7521.40874874593  0.2104218
7523.35863637926  0.1994533
7525.30852401258  0.1955782
7527.2584116459  0.2185005
7529.20829927923  0.2256655
7531.15818691255  0.2052893
7533.10807454587  0.2190923
7535.0579621792  0.2135832
7537.00784981252  0.215578
7538.95773744584  0.2070485
7540.90762507917  0.207963
7542.85751271249  0.2123464
7544.80740034582  0.204227
7546.75728797914  0.230667
7548.70717561246  0.1989699
7550.65706324579  0.1969452
7552.60695087911  0.210497
7554.55683851243  0.2114788
7556.50672614576  0.227498
7558.45661377908  0.2096649
7560.4065014124  0.198523
7562.35638904573  0.2146312
7564.30627667905  0.2337516
7566.25616431238  0.2285627
7568.2060519457  0.2145454
7570.15593957902  0.2116736
7572.10582721235  0.2422986
7574.05571484567  0.2395535
7576.00560247899  0.2133823
7577.95549011232  0.2206483
7579.90537774564  0.2292445
7581.85526537897  0.2409246
7583.80515301229  0.2663675
7585.75504064561  0.2843212
7587.70492827894  0.2651258
7589.65481591226  0.2609841
7591.60470354558  0.2656536
7593.55459117891  0.2798262
7595.50447881223  0.2753699
7597.45436644555  0.2859939
7599.40425407888  0.3192093
7601.3541417122  0.303115
7603.30402934553  0.2958172
7605.25391697885  0.2970532
7607.20380461217  0.3391116
7609.1536922455  0.3152392
7611.10357987882  0.2920807
7613.05346751214  0.2769389
7615.00335514547  0.3072242
7616.95324277879  0.3542648
7618.90313041211  0.3438567
7620.85301804544  0.2809682
7622.80290567876  0.3035675
7624.75279331209  0.3239481
7626.70268094541  0.3384275
7628.65256857873  0.3422743
7630.60245621206  0.2770593
7632.55234384538  0.2452677
7634.5022314787  0.2598043
7636.45211911203  0.2977392
7638.40200674535  0.2895922
7640.35189437868  0.277822
7642.301782012  0.2759984
7644.25166964532  0.2630474
7646.20155727865  0.2603831
7648.15144491197  0.2348034
7650.10133254529  0.2350143
7652.05122017862  0.2678905
7654.00110781194  0.2552012
7655.95099544527  0.2448693
7657.90088307859  0.2412791
7659.85077071191  0.2448777
7661.80065834523  0.2420238
7663.75054597856  0.2491963
7665.70043361188  0.2588102
7667.65032124521  0.2479759
7669.60020887853  0.2597378
7671.55009651185  0.2792477
7673.49998414518  0.276933
7675.4498717785  0.2550766
7677.39975941183  0.2593553
7679.34964704515  0.2711774
7681.29953467847  0.2389465
7683.24942231179  0.2285529
7685.19930994512  0.2560467
7687.14919757845  0.2673129
7689.09908521177  0.2457331
7691.04897284509  0.2456189
7692.99886047841  0.255061
7694.94874811174  0.2343389
7696.89863574506  0.221617
7698.84852337839  0.235946
7700.79841101171  0.1906174
7702.74829864503  0.1634178
7704.69818627836  0.1954916
7706.64807391168  0.2135078
7708.59796154501  0.2525682
7710.54784917833  0.2231048
7712.49773681165  0.2122233
7714.44762444498  0.2358121
7716.3975120783  0.2208527
7718.34739971162  0.2388723
7720.29728734495  0.2357825
7722.24717497827  0.2130425
7724.19706261159  0.1871202
7726.14695024492  0.1793596
7728.09683787824  0.2003168
7730.04672551156  0.1928961
7731.99661314489  0.1700394
7733.94650077821  0.1637491
7735.89638841154  0.1760088
7737.84627604486  0.1857905
7739.79616367818  0.1896061
7741.74605131151  0.1821819
7743.69593894483  0.1843517
7745.64582657815  0.1710738
7747.59571421148  0.2042555
7749.5456018448  0.253125
7751.49548947812  0.2052919
7753.44537711145  0.1625821
7755.39526474477  0.18069
7757.3451523781  0.1843373
7759.29504001142  0.177784
7761.24492764474  0.146588
7763.19481527807  0.1445443
7765.14470291139  0.1828132
7767.09459054471  0.191082
7769.04447817804  0.2139145
7770.99436581136  0.20269
7772.94425344468  0.1619712
7774.89414107801  0.164161
7776.84402871133  0.1815828
7778.79391634466  0.1962053
7780.74380397798  0.1928788
7782.6936916113  0.1697908
7784.64357924463  0.1458562
7786.59346687795  0.1590062
7788.54335451127  0.1984383
7790.4932421446  0.2035456
7792.44312977792  0.1429717
7794.39301741125  0.1221341
7796.34290504457  0.1488707
7798.29279267789  0.1568834
7800.24268031122  0.1817755
7802.19256794454  0.1748157
7804.14245557786  0.1460707
7806.09234321119  0.1548064
7808.04223084451  0.1842875
7809.99211847784  0.1836745
7811.94200611116  0.1587983
7813.89189374448  0.1799166
7815.84178137781  0.1889901
7817.79166901113  0.181741
7819.74155664445  0.1819911
7821.69144427778  0.1633674
7823.6413319111  0.168761
7825.59121954442  0.1655029
7827.54110717775  0.1855911
7829.49099481107  0.1911651
7831.4408824444  0.1802177
7833.39077007772  0.1788875
7835.34065771104  0.1836562
7837.29054534436  0.1931991
7839.24043297769  0.1491002
7841.19032061101  0.1341594
7843.14020824434  0.1501505
7845.09009587766  0.1681798
7847.03998351098  0.2072709
7848.98987114431  0.1961739
7850.93975877763  0.1504441
7852.88964641096  0.1496866
7854.83953404428  0.1799494
7856.7894216776  0.2174018
7858.73930931093  0.2244881
7860.68919694425  0.2524405
7862.63908457758  0.2298482
7864.5889722109  0.1755575
7866.53885984422  0.184381
7868.48874747755  0.1906797
7870.43863511087  0.1990629
7872.38852274419  0.1789977
7874.33841037752  0.1578595
7876.28829801084  0.1668941
7878.23818564416  0.1922914
7880.18807327749  0.1623265
7882.13796091081  0.1443371
7884.08784854414  0.1647927
7886.03773617746  0.1750245
7887.98762381078  0.2122979
7889.93751144411  0.2049577
7891.88739907743  0.1870467
7893.83728671075  0.1711792
7895.78717434408  0.1393368
7897.7370619774  0.1577933
7899.68694961073  0.1708878
7901.63683724405  0.175384
7903.58672487737  0.1784236
7905.5366125107  0.1856725
7907.48650014402  0.1642587
7909.43638777734  0.1488386
7911.38627541067  0.1201034
7913.33616304399  0.1273985
7915.28605067731  0.1746656
7917.23593831064  0.2010273
7919.18582594396  0.1993041
7921.13571357728  0.1828194
7923.08560121061  0.1749866
7925.03548884393  0.2076526
7926.98537647726  0.2180165
7928.93526411058  0.1803406
7930.8851517439  0.1285932
7932.83503937723  0.1464451
7934.78492701055  0.1616524
7936.73481464387  0.1629279
7938.6847022772  0.1606007
7940.63458991052  0.1718646
7942.58447754384  0.2049683
7944.53436517717  0.2128463
7946.48425281049  0.1964291
7948.43414044382  0.1781301
7950.38402807714  0.1759836
7952.33391571046  0.182179
7954.28380334379  0.1745825
7956.23369097711  0.1859586
7958.18357861044  0.1909042
7960.13346624376  0.1749666
7962.08335387708  0.1790183
7964.03324151041  0.164241
7965.98312914373  0.136692
7967.93301677705  0.1305633
7969.88290441038  0.1615275
7971.8327920437  0.1864895
7973.78267967702  0.1546513
7975.73256731035  0.1507531
7977.68245494367  0.1809613
7979.632342577  0.1588036
7981.58223021032  0.1495467
7983.53211784364  0.1654295
7985.48200547697  0.1475741
7987.43189311029  0.1628538
7989.38178074361  0.1928468
7991.33166837694  0.2020972
7993.28155601026  0.1659109
7995.23144364358  0.1367601
7997.18133127691  0.1321703
7999.13121891023  0.1206532
8001.08110654356  0.1523654
8003.03099417688  0.1677521
8004.9808818102  0.1436545
8006.93076944353  0.1489805
8008.88065707685  0.14451
8010.83054471017  0.1455883
8012.7804323435  0.1707899
8014.73031997682  0.1679245
8016.68020761015  0.1682921
8018.63009524347  0.1919499
8020.57998287679  0.1749803
8022.52987051012  0.1352927
8024.47975814344  0.1581559
8026.42964577676  0.1529641
8028.37953341009  0.1353859
8030.32942104341  0.1529715
8032.27930867674  0.1546202
8034.22919631006  0.1641456
8036.17908394338  0.1881087
8038.12897157671  0.1622671
8040.07885921003  0.1328973
8042.02874684335  0.1508931
8043.97863447668  0.1740075
8045.92852211  0.1569421
8047.87840974332  0.1513372
8049.82829737665  0.1570438
8051.77818500997  0.1557146
8053.7280726433  0.184877
8055.67796027662  0.2091016
8057.62784790994  0.196975
8059.57773554327  0.1794091
8061.52762317659  0.1646939
8063.47751080991  0.1944733
8065.42739844324  0.1781194
8067.37728607656  0.1446658
8069.32717370988  0.1610671
8071.27706134321  0.1515578
8073.22694897653  0.1254625
8075.17683660986  0.1522368
8077.12672424318  0.1798505
8079.0766118765  0.1696601
8081.02649950983  0.145957
8082.97638714315  0.141269
8084.92627477648  0.1555657
8086.8761624098  0.1461144
8088.82605004312  0.1296873
8090.77593767644  0.1688268
8092.72582530977  0.1846088
8094.67571294309  0.1719807
8096.62560057642  0.1627807
8098.57548820974  0.1648021
8100.52537584306  0.1567183
8102.47526347639  0.1478129
8104.42515110971  0.1732197
8106.37503874303  0.1839875
8108.32492637636  0.1482684
8110.27481400968  0.1603435
8112.224701643  0.1662852
8114.17458927633  0.1542634
8116.12447690965  0.1527841
8118.07436454298  0.1467092
8120.0242521763  0.1254392
8121.97413980962  0.1439635
8123.92402744295  0.1578488
8125.87391507627  0.1546708
8127.82380270959  0.1680945
8129.77369034292  0.1744958
8131.72357797624  0.142782
8133.67346560957  0.1329563
8135.62335324289  0.1497462
8137.57324087621  0.1413254
8139.52312850954  0.1440045
8141.47301614286  0.1846053
8143.42290377618  0.1570006
8145.37279140951  0.1354628
8147.32267904283  0.164388
8149.27256667616  0.159323
8151.22245430948  0.1572997
8153.1723419428  0.1886257
8155.12222957613  0.1927852
8157.07211720945  0.1847591
8159.02200484277  0.1762062
8160.9718924761  0.1795447
8162.92178010942  0.1927862
8164.87166774274  0.1942997
8166.82155537607  0.1728235
8168.77144300939  0.161235
8170.72133064272  0.149696
8172.67121827604  0.1693831
8174.62110590936  0.183433
8176.57099354269  0.1660239
8178.52088117601  0.179907
8180.47076880933  0.1569615
8182.42065644266  0.09387483
8184.37054407598  0.09353747
8186.3204317093  0.1591405
8188.27031934263  0.192838
8190.22020697595  0.2057321
8192.17009460928  0.1891716
8194.1199822426  0.1409055
8196.06986987592  0.1454109
8198.01975750925  0.1526199
8199.96964514257  0.1855808
8201.91953277589  0.2076355
8203.86942040922  0.1894474
8205.81930804254  0.2194322
8207.76919567586  0.2392016
8209.71908330919  0.2098769
8211.66897094251  0.1557381
8213.61885857584  0.1517462
8215.56874620916  0.203188
8217.51863384248  0.2397371
8219.46852147581  0.2247491
8221.41840910913  0.1933484
8223.36829674245  0.1852986
8225.31818437578  0.1881789
8227.2680720091  0.170948
8229.21795964242  0.153441
8231.16784727575  0.1946308
8233.11773490907  0.2163893
8235.0676225424  0.1944967
8237.01751017572  0.1841879
8238.96739780904  0.1820735
8240.91728544237  0.1669148
8242.86717307569  0.1913035
8244.81706070901  0.1826739
8246.76694834234  0.1427498
8248.71683597566  0.186101
8250.66672360899  0.2115151
8252.61661124231  0.1767265
8254.56649887563  0.1604993
8256.51638650896  0.1602452
8258.46627414228  0.1405449
8260.4161617756  0.1266303
8262.36604940893  0.1560452
8264.31593704225  0.1793517
8266.26582467558  0.1877859
8268.2157123089  0.1958808
8270.16559994222  0.1720778
8272.11548757554  0.1468224
8274.06537520887  0.1661598
8276.01526284219  0.1667373
8277.96515047552  0.1516775
8279.91503810884  0.1832319
8281.86492574216  0.168731
8283.81481337549  0.1334101
8285.76470100881  0.1735799
8287.71458864214  0.1807279
8289.66447627546  0.1365043
8291.61436390878  0.1526529
8293.5642515421  0.2084591
8295.51413917543  0.2225162
8297.46402680875  0.2064179
8299.41391444208  0.2144324
8301.3638020754  0.1705755
8303.31368970873  0.1277857
8305.26357734205  0.2039011
8307.21346497537  0.2225547
8309.1633526087  0.1937835
8311.11324024202  0.1951117
8313.06312787534  0.1830653
8315.01301550867  0.1832028
8316.96290314199  0.2043374
8318.91279077531  0.2252805
8320.86267840864  0.2163364
8322.81256604196  0.1875866
8324.76245367529  0.1540652
8326.71234130861  0.1563393
8328.66222894193  0.1832526
8330.61211657526  0.205146
8332.56200420858  0.1992525
8334.5118918419  0.1667315
8336.46177947523  0.184381
8338.41166710855  0.2249456
8340.36155474187  0.1951475
8342.3114423752  0.1686195
8344.26133000852  0.1776254
8346.21121764185  0.1410562
8348.16110527517  0.1405782
8350.11099290849  0.1753752
8352.06088054182  0.1959958
8354.01076817514  0.2189586
8355.96065580846  0.1517961
8357.91054344179  0.1249121
8359.86043107511  0.1610449
8361.81031870843  0.1484122
8363.76020634176  0.1686396
8365.71009397508  0.1880637
8367.65998160841  0.1885135
8369.60986924173  0.1786931
8371.55975687505  0.1745125
8373.50964450838  0.1894013
8375.4595321417  0.1972012
8377.40941977502  0.2356524
8379.35930740835  0.2319394
8381.30919504167  0.220962
8383.25908267499  0.2327869
8385.20897030832  0.1904095
8387.15885794164  0.1592374
8389.10874557497  0.1605696
8391.05863320829  0.1653943
8393.00852084161  0.1590074
8394.95840847494  0.1105615
8396.90829610826  0.1576707
8398.85818374158  0.2476194
8400.80807137491  0.1882291
8402.75795900823  0.1061035
8404.70784664156  0.1007972
8406.65773427488  0.1424884
8408.6076219082  0.1693741
8410.55750954153  0.201957
8412.50739717485  0.1794746
8414.45728480817  0.1179239
8416.4071724415  0.123295
8418.35706007482  0.1690482
8420.30694770815  0.1509627
8422.25683534147  0.1262576
8424.20672297479  0.1648307
8426.15661060812  0.2612223
8428.10649824144  0.1985752
8430.05638587476  0.05135361
8432.00627350809  0.05826832
8433.95616114141  0.1467897
8435.90604877473  0.1684222
8437.85593640806  0.1388496
8439.80582404138  0.1596027
8441.75571167471  0.2072535
8443.70559930803  0.1933125
8445.65548694135  0.1290796
8447.60537457467  0.1051543
8449.555262208  0.1583385
8451.50514984132  0.1807916
8453.45503747465  0.1213548
8455.40492510797  0.1220636
8457.35481274129  0.1543092
8459.30470037462  0.1393578
8461.25458800794  0.1368122
8463.20447564127  0.1871985
8465.15436327459  0.1687906
8467.10425090791  0.1466102
8469.05413854124  0.1682469
8471.00402617456  0.1566595
8472.95391380788  0.1438303
8474.90380144121  0.1636934
8476.85368907453  0.1861902
8478.80357670785  0.1843345
8480.75346434118  0.1952413
8482.7033519745  0.2176879
8484.65323960783  0.2011394
8486.60312724115  0.1795228
8488.55301487447  0.1486723
8490.5029025078  0.1353269
8492.45279014112  0.1739422
8494.40267777444  0.1982739
8496.35256540777  0.2163444
8498.30245304109  0.2143847
8500.25234067441  0.1907566
8502.20222830774  0.1612989
8504.15211594106  0.1985927
8506.10200357439  0.2648615
8508.05189120771  0.2077732
8510.00177884103  0.1729253
8511.95166647436  0.1984931
8513.90155410768  0.1623496
8515.851441741  0.1749977
8517.80132937433  0.1976685
8519.75121700765  0.1471595
8521.70110464098  0.1407547
8523.6509922743  0.2039723
8525.60087990762  0.1764669
8527.55076754095  0.134308
8529.50065517427  0.1583513
8531.45054280759  0.1415032
8533.40043044092  0.1739165
8535.35031807424  0.2151521
8537.30020570756  0.150282
8539.25009334089  0.1151213
8541.19998097421  0.1378171
8543.14986860754  0.08328515
8545.09975624086  0.08328515
