3.274000000000000000e+03 -1.417233425079927910e-16
3.278830154694721841e+03 -2.384426863278417321e-16
3.283660309389444137e+03 2.201173270373419570e-17
3.288490464084165978e+03 -2.512581624709012878e-16
3.293320618778887820e+03 -1.875552761974083171e-16
3.298150773473610116e+03 -3.084253689931596787e-16
3.302980928168331957e+03 -2.918542546410929622e-16
3.307811082863053798e+03 -2.011578974113733338e-16
3.312641237557776094e+03 3.435162300796761319e-17
3.317471392252497935e+03 -1.853657357334253532e-16
3.322301546947219776e+03 -6.867297385249374574e-16
3.327131701641942072e+03 -1.644968291465495201e-16
3.331961856336663914e+03 1.514898970876308909e-16
3.336792011031385755e+03 4.614486207084474677e-16
3.341622165726108051e+03 -6.810530031217779416e-17
3.346452320420829892e+03 4.392115176837395243e-16
3.351282475115551733e+03 5.988627228019534083e-16
3.356112629810274029e+03 6.928665451673540667e-16
3.360942784504995871e+03 2.091932622306114532e-16
3.365772939199717712e+03 -3.135288483794852451e-17
3.370603093894440008e+03 -1.728365567265377511e-16
3.375433248589161849e+03 -2.264543113879963990e-16
3.380263403283883690e+03 5.105105689584294587e-16
3.385093557978605986e+03 -1.807719054835508587e-16
3.389923712673327827e+03 -2.882631459646450487e-17
3.394753867368049669e+03 2.577351322509793038e-16
3.399584022062771965e+03 7.343971529063836497e-16
3.404414176757493806e+03 2.806530115372632894e-16
3.409244331452215647e+03 -1.011619853060834434e-16
3.414074486146937488e+03 2.059003025341521530e-16
3.418904640841659784e+03 1.735447689146709521e-16
3.423734795536381625e+03 2.008353234422572547e-16
3.428564950231103467e+03 1.349676327138191060e-16
3.433395104925825763e+03 -1.743799301657738914e-17
3.438225259620547604e+03 1.287077018915852035e-16
3.443055414315269445e+03 -1.026736611842465517e-16
3.447885569009991741e+03 2.408697335067458217e-17
3.452715723704713582e+03 -1.420671055356800285e-16
3.457545878399435423e+03 4.171451182676829241e-16
3.462376033094157719e+03 -2.602866072463460700e-17
3.467206187788879561e+03 6.664590754268395756e-16
3.472036342483601402e+03 4.476266311960333880e-16
3.476866497178323698e+03 4.953506909058272116e-16
3.481696651873045539e+03 -1.277918276650317900e-17
3.486526806567767380e+03 -3.035080515667728466e-16
3.491356961262489676e+03 -3.072226351476177756e-16
3.496187115957211518e+03 -1.149491604408763913e-16
3.501017270651933359e+03 -1.752511829613637444e-16
3.505847425346655655e+03 1.003380869462010261e-16
3.510677580041377496e+03 -1.327817980189803797e-16
3.515507734736099337e+03 -5.897190947805718421e-17
3.520337889430821633e+03 -2.016548046576686388e-17
3.525168044125543474e+03 -1.161257553790616187e-16
3.529998198820265316e+03 -3.064904016344960347e-17
3.534828353514987612e+03 2.445434146606612286e-16
3.539658508209709453e+03 6.358095985120265441e-17
3.544488662904431294e+03 -8.736318993804535055e-17
3.549318817599153590e+03 -3.100051913189073556e-17
3.554148972293875431e+03 3.979554677336285423e-17
3.558979126988597272e+03 -2.059542578711477618e-17
3.563809281683319568e+03 -1.835285642842226286e-17
3.568639436378041410e+03 1.101366236370428763e-16
3.573469591072763251e+03 7.015383626022251868e-17
3.578299745767485547e+03 -5.744803103149769366e-17
3.583129900462207388e+03 2.385171987574205088e-17
3.587960055156929229e+03 9.755533886900933380e-17
3.592790209851651525e+03 -2.033409130746844794e-17
3.597620364546373366e+03 -1.402084637864978774e-16
3.602450519241095208e+03 -1.845906079424590625e-16
3.607280673935817504e+03 -4.698234670685222500e-17
3.612110828630539345e+03 2.231934959301409095e-17
3.616940983325261186e+03 4.072001044339701838e-17
3.621771138019983482e+03 6.551071266328476416e-17
3.626601292714705323e+03 3.270476596537863891e-17
3.631431447409427165e+03 -6.167158215196895084e-17
3.636261602104149461e+03 3.203297288525492259e-16
3.641091756798871302e+03 1.748566244266208506e-16
3.645921911493593143e+03 1.759833635349262819e-16
3.650752066188315439e+03 3.241743319907976900e-17
3.655582220883037280e+03 -1.099335739577182594e-16
3.660412375577759121e+03 -6.682456664359459077e-17
3.665242530272481417e+03 -2.214929449396298931e-17
3.670072684967203259e+03 -9.422587238339561827e-18
3.674902839661925100e+03 8.291076125080312081e-17
3.679732994356647396e+03 3.744007718722420326e-17
3.684563149051369237e+03 7.088722120875693344e-17
3.689393303746091078e+03 1.698610921102334544e-17
3.694223458440813374e+03 -1.122091279705169373e-16
3.699053613135535215e+03 7.420005970969710801e-17
3.703883767830257057e+03 4.180875218308421383e-17
3.708713922524979353e+03 -1.906258401143766102e-17
3.713544077219701194e+03 2.524893546382374652e-17
3.718374231914423035e+03 3.580048940785834498e-17
3.723204386609145331e+03 3.133033920317277918e-17
3.728034541303867172e+03 -6.245341341461937133e-17
3.732864695998589013e+03 1.047055344060320080e-16
3.737694850693311309e+03 6.494267119303234899e-17
3.742525005388033151e+03 1.636709190834173739e-18
3.747355160082754992e+03 -5.007717927581221146e-18
3.752185314777477288e+03 5.123334368004799164e-17
3.757015469472199129e+03 1.353526885976849906e-17
3.761845624166920970e+03 2.780299291706290327e-17
3.766675778861643266e+03 -2.250047898610605253e-17
3.771505933556365108e+03 -8.933351430481196120e-17
3.776336088251086949e+03 -1.428978000114751814e-17
3.781166242945809245e+03 7.493440418774208428e-17
3.785996397640531086e+03 3.243114123619099778e-17
3.790826552335252927e+03 1.739178339883772680e-17
3.795656707029975223e+03 9.035089517305420695e-18
3.800486861724697064e+03 -4.939965217968227755e-18
3.805317016419418906e+03 -4.685245618962424817e-17
3.810147171114141202e+03 2.613880147755726774e-17
3.814977325808863043e+03 4.037685291191816974e-18
3.819807480503584884e+03 6.186661128127910036e-19
3.824637635198307180e+03 2.302407604204599351e-18
3.829467789893029021e+03 1.087022941092371514e-17
3.834297944587750862e+03 7.164554068967614667e-17
3.839128099282473158e+03 9.426824884617670988e-18
3.843958253977195000e+03 -4.169065767498154945e-19
3.848788408671916841e+03 1.156292369076542136e-17
3.853618563366639137e+03 2.490550992582643070e-17
3.858448718061360978e+03 1.695303853013347539e-17
3.863278872756082819e+03 -5.805932329443866898e-18
3.868109027450804660e+03 1.792043949140404211e-17
3.872939182145526956e+03 5.781982555578312811e-17
3.877769336840248798e+03 4.827910782698425585e-17
3.882599491534970639e+03 4.991702470151275701e-18
3.887429646229692935e+03 3.850342117338357054e-17
3.892259800924414776e+03 4.006665356476588394e-17
3.897089955619136617e+03 1.514042938203990032e-17
3.901920110313858913e+03 1.728418209039560386e-17
3.906750265008580755e+03 4.399850440530399124e-17
3.911580419703302596e+03 3.317396266115341748e-17
3.916410574398024892e+03 -1.005102638669209028e-19
3.921240729092746733e+03 1.722732831253360916e-17
3.926070883787468574e+03 2.123162197675788551e-17
3.930901038482190415e+03 2.426243821093178061e-17
3.935731193176912711e+03 2.920887570360292953e-17
3.940561347871634553e+03 -1.190828317703488616e-17
3.945391502566356394e+03 9.387963112259317195e-18
3.950221657261078690e+03 1.648658145654747245e-17
3.955051811955800531e+03 3.620508329779273209e-17
3.959881966650522372e+03 2.492843440932272531e-17
3.964712121345244668e+03 1.621182845300430899e-17
3.969542276039966509e+03 2.805599768794082253e-17
3.974372430734688351e+03 2.223262797759403153e-17
3.979202585429410647e+03 -4.448863125211819907e-18
3.984032740124132488e+03 3.448143080713433472e-17
3.988862894818854329e+03 1.690997219872151456e-17
3.993693049513576625e+03 3.123115363028277074e-17
3.998523204208298466e+03 1.655032234018958366e-17
4.003353358903020307e+03 2.174138526413348966e-17
4.008183513597742603e+03 3.239805732041132688e-17
4.013013668292464445e+03 1.297279100631611555e-17
4.017843822987186286e+03 5.480568280121646439e-18
4.022673977681908582e+03 6.088134921583682925e-18
4.027504132376630423e+03 -8.834611542505231248e-18
4.032334287071352264e+03 1.637937884916060006e-17
4.037164441766074560e+03 2.162940155280606078e-17
4.041994596460796402e+03 2.717567402975371303e-17
4.046824751155518243e+03 2.920783676475356293e-17
4.051654905850240539e+03 -1.848513749762051793e-17
4.056485060544962380e+03 2.632939712557928616e-17
4.061315215239684221e+03 1.024181285494166703e-17
4.066145369934406517e+03 3.209526951154751621e-17
4.070975524629128358e+03 2.529584983944530404e-17
4.075805679323850200e+03 1.008252930182723092e-17
4.080635834018572496e+03 2.784723715366713961e-17
4.085465988713294337e+03 6.970560859297595936e-18
4.090296143408016178e+03 8.775133947740218346e-18
4.095126298102738474e+03 2.699369429499204695e-17
4.099956452797459860e+03 5.355624551110920481e-17
4.104786607492182156e+03 1.412694618884400443e-17
4.109616762186904452e+03 4.013221259139438670e-17
4.114446916881626748e+03 3.462663078313944298e-17
4.119277071576348135e+03 2.581544168685926327e-17
4.124107226271070431e+03 2.176072640121620456e-17
4.128937380965791817e+03 3.819054176104661293e-17
4.133767535660514113e+03 4.380427908875409013e-17
4.138597690355236409e+03 3.273337317968317282e-17
4.143427845049958705e+03 4.550766565440493832e-17
4.148257999744680092e+03 4.592492864260118760e-17
4.153088154439402388e+03 5.262035020500955781e-17
4.157918309134123774e+03 3.241654646146311216e-17
4.162748463828846070e+03 3.452141671794514807e-17
4.167578618523568366e+03 3.833818688294242795e-17
4.172408773218290662e+03 4.190798076936607503e-17
4.177238927913012049e+03 3.928322418917201101e-17
4.182069082607734344e+03 1.927797522550156901e-17
4.186899237302455731e+03 2.202569385811286570e-17
4.191729391997178027e+03 2.862438988277296017e-17
4.196559546691900323e+03 3.842027959565464063e-17
4.201389701386622619e+03 2.488190549986661750e-17
4.206219856081344005e+03 2.774871828835084891e-17
4.211050010776066301e+03 3.441710262525731086e-17
4.215880165470787688e+03 4.692530764053301842e-17
4.220710320165509984e+03 3.460519357038451872e-17
4.225540474860232280e+03 2.305047302975378573e-17
4.230370629554954576e+03 2.026720713749863523e-17
4.235200784249675962e+03 3.288464797010687052e-17
4.240030938944398258e+03 2.358663992228208253e-17
4.244861093639119645e+03 3.693167874785931160e-17
4.249691248333841941e+03 4.150601069633470613e-17
4.254521403028564237e+03 4.340104839246919041e-17
4.259351557723286533e+03 4.617314900081610014e-17
4.264181712418007919e+03 5.527565291086398004e-17
4.269011867112730215e+03 4.994077801998282975e-17
4.273842021807451601e+03 5.656725573269613021e-17
4.278672176502173897e+03 5.593661323368570191e-17
4.283502331196896193e+03 2.873270752962555404e-17
4.288332485891618489e+03 3.239752130737439252e-17
4.293162640586339876e+03 3.837803382741033240e-17
4.297992795281062172e+03 3.336751299832347532e-17
4.302822949975783558e+03 3.766776361391309944e-17
4.307653104670505854e+03 4.452764522570926262e-17
4.312483259365228150e+03 3.616318163668324592e-17
4.317313414059950446e+03 3.375703896621959647e-17
4.322143568754671833e+03 4.082468187810947850e-17
4.326973723449394129e+03 4.769555506588524631e-17
4.331803878144115515e+03 4.447485455901612839e-17
4.336634032838837811e+03 4.385461799211161718e-17
4.341464187533560107e+03 3.555704022741663830e-17
4.346294342228282403e+03 3.642350861034348458e-17
4.351124496923003790e+03 5.483425940983833384e-17
4.355954651617726086e+03 4.312804570310218915e-17
4.360784806312447472e+03 3.965409888861628649e-17
4.365614961007169768e+03 3.450529993089016488e-17
4.370445115701892064e+03 3.903357446285860683e-17
4.375275270396614360e+03 3.182421565970368989e-17
4.380105425091335746e+03 3.206989161035438932e-17
4.384935579786058042e+03 1.888197408777038275e-17
4.389765734480779429e+03 3.637276935156948186e-17
4.394595889175501725e+03 4.896263032819397410e-17
4.399426043870224021e+03 4.121023076162044470e-17
4.404256198564946317e+03 3.883973626683538054e-17
4.409086353259667703e+03 4.232185893449575732e-17
4.413916507954389999e+03 4.833653401383013724e-17
4.418746662649111386e+03 3.305309503004716907e-17
4.423576817343833682e+03 2.422020071449359791e-17
4.428406972038555978e+03 2.381860618146032808e-17
4.433237126733278274e+03 2.265583012258841155e-17
4.438067281427999660e+03 1.857241994149588831e-17
4.442897436122721956e+03 2.021988578901570162e-17
4.447727590817443343e+03 9.703905574404558668e-18
4.452557745512165639e+03 1.376104036333933498e-17
4.457387900206887934e+03 1.402883098766663961e-17
4.462218054901609321e+03 1.070499594766318509e-17
4.467048209596331617e+03 1.735077509278979790e-17
4.471878364291053913e+03 1.002811901549471787e-17
4.476708518985775299e+03 1.675423394171248072e-17
4.481538673680497595e+03 1.665975006342422369e-17
4.486368828375219891e+03 1.463310627747132760e-17
4.491198983069941278e+03 1.979510703777379553e-17
4.496029137764663574e+03 2.020900505523817909e-17
4.500859292459385870e+03 3.499865691799639229e-17
4.505689447154107256e+03 4.239235457501997655e-17
4.510519601848829552e+03 2.675336027673721497e-17
4.515349756543551848e+03 2.448336988073856877e-17
4.520179911238273235e+03 3.357682278052389344e-17
4.525010065932995531e+03 3.534335631413703977e-17
4.529840220627717827e+03 3.048974833852904182e-17
4.534670375322439213e+03 3.413328703092301643e-17
4.539500530017161509e+03 3.183700056325130948e-17
4.544330684711883805e+03 2.623603159547920082e-17
4.549160839406605191e+03 2.706865836518527763e-17
4.553990994101327487e+03 2.880176387588393100e-17
4.558821148796049783e+03 3.269273545054966767e-17
4.563651303490771170e+03 3.659305085741480334e-17
4.568481458185493466e+03 4.378794723473984315e-17
4.573311612880215762e+03 4.366860492468314253e-17
4.578141767574937148e+03 3.425302969639619272e-17
4.582971922269659444e+03 3.311442550938430076e-17
4.587802076964380831e+03 3.715588108980813443e-17
4.592632231659103127e+03 3.702786661820942787e-17
4.597462386353825423e+03 3.628424448241405684e-17
4.602292541048547719e+03 3.817899431969537267e-17
4.607122695743269105e+03 3.592944355663291178e-17
4.611952850437991401e+03 4.375148511333850569e-17
4.616783005132712788e+03 3.864609659415916697e-17
4.621613159827435084e+03 3.632783028325070097e-17
4.626443314522157380e+03 4.127764929026596667e-17
4.631273469216879676e+03 4.142800756457095562e-17
4.636103623911601062e+03 3.916517228087089311e-17
4.640933778606323358e+03 3.221594523675165231e-17
4.645763933301044744e+03 3.661986805287377250e-17
4.650594087995767040e+03 3.472261682142009631e-17
4.655424242690489336e+03 2.477284173610150081e-17
4.660254397385211632e+03 2.966127070677553100e-17
4.665084552079933019e+03 3.132853594943741358e-17
4.669914706774655315e+03 3.600347291273395755e-17
4.674744861469376701e+03 2.799918361474823037e-17
4.679575016164098997e+03 2.265233280295853735e-17
4.684405170858821293e+03 2.627786542777845765e-17
4.689235325553543589e+03 2.292604686765233420e-17
4.694065480248264976e+03 3.132443313359915057e-17
4.698895634942987272e+03 3.343082209368583384e-17
4.703725789637708658e+03 1.846587411551538303e-17
4.708555944332430954e+03 2.779941949681667419e-17
4.713386099027153250e+03 3.082160658284041610e-17
4.718216253721875546e+03 2.370772758343127004e-17
4.723046408416596933e+03 2.569549388059417383e-17
4.727876563111319228e+03 3.420058313683788055e-17
4.732706717806040615e+03 3.483762470506701907e-17
4.737536872500762911e+03 4.882336950898699657e-17
4.742367027195485207e+03 4.606988046442252996e-17
4.747197181890207503e+03 3.937041895190245076e-17
4.752027336584928889e+03 4.528820471172726944e-17
4.756857491279651185e+03 5.785010698364746935e-17
4.761687645974372572e+03 7.137323944946859038e-17
4.766517800669094868e+03 7.417888388601575050e-17
4.771347955363817164e+03 6.363542804017804618e-17
4.776178110058539460e+03 5.491039311341771451e-17
4.781008264753260846e+03 4.881289409370962503e-17
4.785838419447983142e+03 5.398884442786218722e-17
4.790668574142704529e+03 6.110851700028165469e-17
4.795498728837426825e+03 6.105168638347681148e-17
4.800328883532149121e+03 5.425249005013998863e-17
4.805159038226871417e+03 6.394764570802496137e-17
4.809989192921592803e+03 6.497531504872614168e-17
4.814819347616315099e+03 5.840947298363542836e-17
4.819649502311036485e+03 6.701529464051461768e-17
4.824479657005758781e+03 6.363753238765638108e-17
4.829309811700481077e+03 6.775299416312410903e-17
4.834139966395203373e+03 5.882934986256734521e-17
4.838970121089924760e+03 4.952082504043455802e-17
4.843800275784647056e+03 4.929250333903522111e-17
4.848630430479368442e+03 6.273788413599880776e-17
4.853460585174090738e+03 6.810895314176282833e-17
4.858290739868813034e+03 6.287184107311809527e-17
4.863120894563535330e+03 5.696163559642671253e-17
4.867951049258256717e+03 5.912954363303018959e-17
4.872781203952979013e+03 6.843784677075881256e-17
4.877611358647700399e+03 6.700326412568564645e-17
4.882441513342422695e+03 6.452290681066373936e-17
4.887271668037144991e+03 5.998759462604369625e-17
4.892101822731867287e+03 4.808708281086374579e-17
4.896931977426588674e+03 5.374914072123412065e-17
4.901762132121310970e+03 6.057207382942876518e-17
4.906592286816032356e+03 5.793991894583602688e-17
4.911422441510754652e+03 5.901938302777282757e-17
4.916252596205476948e+03 5.681420554149016131e-17
4.921082750900199244e+03 5.872790443224384189e-17
4.925912905594920630e+03 5.362826647268297182e-17
4.930743060289642926e+03 4.977987815595146502e-17
4.935573214984364313e+03 5.191908964274425243e-17
4.940403369679086609e+03 4.809881554067219794e-17
4.945233524373808905e+03 3.685099885963333949e-17
4.950063679068531201e+03 3.760227737917850135e-17
4.954893833763252587e+03 3.240648794521446734e-17
4.959723988457974883e+03 3.280669446917987319e-17
4.964554143152696270e+03 3.118844794961788303e-17
4.969384297847418566e+03 3.263451517031573537e-17
4.974214452542140862e+03 2.388161418307971730e-17
4.979044607236863158e+03 2.208142267034178828e-17
4.983874761931584544e+03 3.640422537590364840e-17
4.988704916626306840e+03 2.506202242388881417e-17
4.993535071321028227e+03 1.986635375829421291e-17
4.998365226015750522e+03 2.844671810464147025e-17
5.003195380710472818e+03 2.523579652697395423e-17
5.008025535405195114e+03 2.686050167275875843e-17
5.012855690099916501e+03 2.115189169187512428e-17
5.017685844794638797e+03 2.495474537024681202e-17
5.022515999489360183e+03 2.513981876049942643e-17
5.027346154184082479e+03 2.979457913429457694e-17
5.032176308878804775e+03 3.948311403855667525e-17
5.037006463573527071e+03 4.858599845168632954e-17
5.041836618268248458e+03 5.328986026664262778e-17
5.046666772962970754e+03 5.794514010986246159e-17
5.051496927657692140e+03 6.153143128642286626e-17
5.056327082352414436e+03 6.658643788885282517e-17
5.061157237047136732e+03 6.156150757349529434e-17
5.065987391741858119e+03 6.714702811614736266e-17
5.070817546436580415e+03 7.094732746078748664e-17
5.075647701131302711e+03 6.481895806061891818e-17
5.080477855826024097e+03 6.484955712583847977e-17
5.085308010520746393e+03 5.524087823791225076e-17
5.090138165215468689e+03 5.382536376031965704e-17
5.094968319910190075e+03 5.333035241198832359e-17
5.099798474604912371e+03 5.750979826219825334e-17
5.104628629299634667e+03 5.684921844245830586e-17
5.109458783994356054e+03 6.372496868712568632e-17
5.114288938689078350e+03 6.052728034489779363e-17
5.119119093383800646e+03 7.544248498975175557e-17
5.123949248078522032e+03 7.226394753306569058e-17
5.128779402773244328e+03 6.399915589912986351e-17
5.133609557467966624e+03 6.016922363622563986e-17
5.138439712162688011e+03 6.925078002444122688e-17
5.143269866857410307e+03 7.455992298082707759e-17
5.148100021552132603e+03 6.948606327787581007e-17
5.152930176246853989e+03 7.120278730372346329e-17
5.157760330941576285e+03 6.805520625428158280e-17
5.162590485636298581e+03 6.597802338726292183e-17
5.167420640331019968e+03 5.841959105688817699e-17
5.172250795025742264e+03 5.116674571457012228e-17
5.177080949720464560e+03 4.598221586310416008e-17
5.181911104415185946e+03 3.863224628198257907e-17
5.186741259109908242e+03 3.920897976611170145e-17
5.191571413804630538e+03 4.364956322698217183e-17
5.196401568499351924e+03 5.006875940435703419e-17
5.201231723194074220e+03 4.781224708925932703e-17
5.206061877888796516e+03 5.036571724426357113e-17
5.210892032583517903e+03 5.781928292530129332e-17
5.215722187278240199e+03 6.434729967534118180e-17
5.220552341972961585e+03 7.894008916975667482e-17
5.225382496667683881e+03 7.625285067481280530e-17
5.230212651362406177e+03 7.239712361168672804e-17
5.235042806057128473e+03 7.089283280203249318e-17
5.239872960751849860e+03 6.556801973612243792e-17
5.244703115446572156e+03 7.526767194781724892e-17
5.249533270141293542e+03 7.193944127003868761e-17
5.254363424836015838e+03 6.669081484726721641e-17
5.259193579530738134e+03 6.899768260933470169e-17
5.264023734225460430e+03 6.603015561818846384e-17
5.268853888920181817e+03 6.126033442118718718e-17
5.273684043614904112e+03 6.299662623160539481e-17
5.278514198309625499e+03 5.835454157351700690e-17
5.283344353004347795e+03 6.429224253376965227e-17
5.288174507699070091e+03 6.625528771114579628e-17
5.293004662393792387e+03 6.331557384091604144e-17
5.297834817088513773e+03 6.063817548653910273e-17
5.302664971783236069e+03 5.129407528062163494e-17
5.307495126477957456e+03 5.238493791139941635e-17
5.312325281172679752e+03 4.880975411610437374e-17
5.317155435867402048e+03 4.787281987115536014e-17
5.321985590562124344e+03 5.158892546432738676e-17
5.326815745256845730e+03 4.356368202706446628e-17
5.331645899951568026e+03 3.755355313237667780e-17
5.336476054646289413e+03 3.529925104387571233e-17
5.341306209341011709e+03 3.013834547070426461e-17
5.346136364035734005e+03 2.358201101957423579e-17
5.350966518730456301e+03 2.793297276979703583e-17
5.355796673425177687e+03 3.396496239371337572e-17
5.360626828119899983e+03 3.725817024435644183e-17
5.365456982814621369e+03 4.121795001109678956e-17
5.370287137509343665e+03 4.075552627017759518e-17
5.375117292204065961e+03 4.537968096130828367e-17
5.379947446898788257e+03 4.567719797530890645e-17
5.384777601593509644e+03 4.972407324310618756e-17
5.389607756288231940e+03 5.519069484450988368e-17
5.394437910982953326e+03 5.754949631415589824e-17
5.399268065677675622e+03 5.595302449703875398e-17
5.404098220372397918e+03 5.556860388788331011e-17
5.408928375067120214e+03 5.399232189515736015e-17
5.413758529761841601e+03 4.709151138665207317e-17
5.418588684456563897e+03 3.922911665094369236e-17
5.423418839151285283e+03 5.358745007253715522e-17
5.428248993846007579e+03 5.290392095388253655e-17
5.433079148540729875e+03 5.784452847759641173e-17
5.437909303235452171e+03 6.226213616977260921e-17
5.442739457930173558e+03 6.678623840273133368e-17
5.447569612624895854e+03 7.045811299418892480e-17
5.452399767319617240e+03 6.954141158702295826e-17
5.457229922014339536e+03 6.656753184877231317e-17
5.462060076709061832e+03 5.730559053001606229e-17
5.466890231403784128e+03 5.235963941954509455e-17
5.471720386098505514e+03 6.287493141988659338e-17
5.476550540793227810e+03 6.949739896099023677e-17
5.481380695487949197e+03 6.460908579560196399e-17
5.486210850182671493e+03 6.346801991908711423e-17
5.491041004877393789e+03 6.660094332807455506e-17
5.495871159572116085e+03 6.216933312248905993e-17
5.500701314266837471e+03 5.890600634429385939e-17
5.505531468961559767e+03 6.062790521205364434e-17
5.510361623656281154e+03 5.892086250809531176e-17
5.515191778351003450e+03 6.418389510841500650e-17
5.520021933045725746e+03 6.709842960079864718e-17
5.524852087740448042e+03 6.145741516521162134e-17
5.529682242435169428e+03 6.157496083897785679e-17
5.534512397129891724e+03 6.006314599447183959e-17
5.539342551824613111e+03 6.039098744972865637e-17
5.544172706519335406e+03 6.274103403977140969e-17
5.549002861214057702e+03 6.805312837658284960e-17
5.553833015908779998e+03 7.453998461934209941e-17
5.558663170603501385e+03 5.892443592834154084e-17
5.563493325298223681e+03 6.538373713053542420e-17
5.568323479992945067e+03 6.454475099628003971e-17
5.573153634687667363e+03 6.738121287372847543e-17
5.577983789382389659e+03 5.356718745625205626e-17
5.582813944077111955e+03 4.471115028152047649e-17
5.587644098771833342e+03 5.735555885645916559e-17
5.592474253466555638e+03 7.473099054894794414e-17
5.597304408161277024e+03 6.973517699115227989e-17
5.602134562855999320e+03 6.206078717378740142e-17
5.606964717550721616e+03 5.869686199821595187e-17
5.611794872245443912e+03 6.395036547787903572e-17
5.616625026940165299e+03 6.823133616775127388e-17
5.621455181634886685e+03 5.970750465318834066e-17
5.626285336329608981e+03 5.867597734211021303e-17
5.631115491024331277e+03 6.524722585968457294e-17
5.635945645719053573e+03 7.020877428778584057e-17
5.640775800413775869e+03 7.181144003332978190e-17
5.645605955108497255e+03 7.575427914112504361e-17
5.650436109803218642e+03 7.256349279392829339e-17
5.655266264497940938e+03 6.720189335181677988e-17
5.660096419192663234e+03 7.731326313288128466e-17
5.664926573887385530e+03 7.402019093985867724e-17
5.669756728582107826e+03 6.994551247731226377e-17
5.674586883276829212e+03 6.556058172805436109e-17
5.679417037971550599e+03 7.308721723568256754e-17
5.684247192666272895e+03 6.834031225037145996e-17
5.689077347360995191e+03 5.895615995919417456e-17
5.693907502055717487e+03 6.069554211638088031e-17
5.698737656750439783e+03 6.770127883122729374e-17
5.703567811445161169e+03 5.657168942077941444e-17
5.708397966139882556e+03 5.903455021148459989e-17
5.713228120834604852e+03 6.721890680265577055e-17
5.718058275529327148e+03 6.114190200980429489e-17
5.722888430224049443e+03 6.427170198479873549e-17
5.727718584918771739e+03 6.289605430400874750e-17
5.732548739613493126e+03 6.299609021856846045e-17
5.737378894308214512e+03 6.408931858589814352e-17
5.742209049002936808e+03 6.461547824737577379e-17
5.747039203697659104e+03 6.094186988535427152e-17
5.751869358392381400e+03 6.663978772964004524e-17
5.756699513087103696e+03 6.803684946212780601e-17
5.761529667781825083e+03 7.044379946086930721e-17
5.766359822476546469e+03 7.239771918172776622e-17
5.771189977171268765e+03 7.465058859340778985e-17
5.776020131865991061e+03 7.041422609960931137e-17
5.780850286560713357e+03 5.588371999659661111e-17
5.785680441255435653e+03 7.508221805448286011e-17
5.790510595950157040e+03 7.969652929632416757e-17
5.795340750644878426e+03 6.002463246515137062e-17
5.800170905339600722e+03 6.004550388636730861e-17
5.805001060034323018e+03 6.859958374157008095e-17
5.809831214729045314e+03 6.205826592728033980e-17
5.814661369423767610e+03 6.799679406814553820e-17
5.819491524118488996e+03 6.499736437513435518e-17
5.824321678813210383e+03 5.964453304751590377e-17
5.829151833507932679e+03 5.153883140643117540e-17
5.833981988202654975e+03 5.809970377040167013e-17
5.838812142897377271e+03 4.601534279227568374e-17
5.843642297592099567e+03 4.724331557266780481e-17
5.848472452286820953e+03 5.591801821351550985e-17
5.853302606981542340e+03 4.233916355291036666e-17
5.858132761676264636e+03 4.402807114911908666e-17
5.862962916370986932e+03 4.607971067882211014e-17
5.867793071065709228e+03 4.265139114692463249e-17
5.872623225760431524e+03 4.293855516837854157e-17
5.877453380455152910e+03 5.110517700721657532e-17
5.882283535149874297e+03 5.550600285912529698e-17
5.887113689844596593e+03 5.838083929955129275e-17
5.891943844539318889e+03 6.324775826557649402e-17
5.896773999234041185e+03 6.149036342337083354e-17
5.901604153928762571e+03 7.772317413979316263e-17
5.906434308623484867e+03 6.509630179384059772e-17
5.911264463318206253e+03 5.878699821520463019e-17
5.916094618012928549e+03 7.966729342475409336e-17
5.920924772707650845e+03 7.134466532238855859e-17
5.925754927402373141e+03 5.768481644492467315e-17
5.930585082097094528e+03 6.330457564749153638e-17
5.935415236791816824e+03 5.492829661059581224e-17
5.940245391486538210e+03 5.207211474734411234e-17
5.945075546181260506e+03 5.049391369559703936e-17
5.949905700875982802e+03 6.339756398323229754e-17
5.954735855570705098e+03 6.596766046854885750e-17
5.959566010265426485e+03 6.786502750528829110e-17
5.964396164960148781e+03 7.173624600692626147e-17
5.969226319654870167e+03 6.441063524048314202e-17
5.974056474349592463e+03 6.335817695118497257e-17
5.978886629044314759e+03 5.655278999814380286e-17
5.983716783739037055e+03 4.876171146612729389e-17
5.988546938433758442e+03 5.340303842677458323e-17
5.993377093128480738e+03 4.645146549843814205e-17
5.998207247823202124e+03 4.200537632341051872e-17
6.003037402517924420e+03 5.372243271361600849e-17
6.007867557212646716e+03 5.848478612404715642e-17
6.012697711907369012e+03 5.219252577475223147e-17
6.017527866602090398e+03 5.002882974182787444e-17
6.022358021296812694e+03 5.117344918625425202e-17
6.027188175991534081e+03 4.400378843505697998e-17
6.032018330686256377e+03 5.013409012913647232e-17
6.036848485380978673e+03 4.634816387482006974e-17
6.041678640075700969e+03 5.028065991623596840e-17
6.046508794770422355e+03 4.276858609611114545e-17
6.051338949465144651e+03 4.042409485106229826e-17
6.056169104159866038e+03 4.656481240341505832e-17
6.060999258854588334e+03 3.988215589221960644e-17
6.065829413549310630e+03 3.116365569229844368e-17
6.070659568244032926e+03 3.482187518620400942e-17
6.075489722938754312e+03 3.791724128665909259e-17
6.080319877633476608e+03 3.226443456425951079e-17
6.085150032328197995e+03 2.849392364783864644e-17
6.089980187022920290e+03 3.232291292484455964e-17
6.094810341717642586e+03 3.482208363571837279e-17
6.099640496412364882e+03 3.380607092420928974e-17
6.104470651107086269e+03 3.425351607859637390e-17
6.109300805801808565e+03 3.744841516779873777e-17
6.114130960496529951e+03 5.160186256910771611e-17
6.118961115191252247e+03 4.809651266984685031e-17
6.123791269885974543e+03 5.761103855172984350e-17
6.128621424580696839e+03 5.378688993566859062e-17
6.133451579275418226e+03 5.837923126044048967e-17
6.138281733970140522e+03 5.675950574194325469e-17
6.143111888664861908e+03 6.276796042307123584e-17
6.147942043359584204e+03 6.803853029313251376e-17
6.152772198054306500e+03 6.944870780141291534e-17
6.157602352749028796e+03 5.938557919367250314e-17
6.162432507443750183e+03 6.493303619325733133e-17
6.167262662138472479e+03 7.647084254472258000e-17
6.172092816833193865e+03 7.028414036775677202e-17
6.176922971527916161e+03 6.413854575851239931e-17
6.181753126222638457e+03 7.098400795787053810e-17
6.186583280917360753e+03 7.664452400357911412e-17
6.191413435612082139e+03 7.483118528218526727e-17
6.196243590306804435e+03 7.576215390055654844e-17
6.201073745001525822e+03 6.478476572281842622e-17
6.205903899696248118e+03 6.522512359371715604e-17
6.210734054390970414e+03 6.957842957379593136e-17
6.215564209085692710e+03 6.994032440051033118e-17
6.220394363780414096e+03 5.738476825824963810e-17
6.225224518475135483e+03 5.623842166070424980e-17
6.230054673169857779e+03 6.303803820179224959e-17
6.234884827864580075e+03 5.956647366747049965e-17
6.239714982559302371e+03 6.175926329689957178e-17
6.244545137254024667e+03 5.984881357159199948e-17
6.249375291948746053e+03 5.330405137723158752e-17
6.254205446643467440e+03 4.992982945739507788e-17
6.259035601338189736e+03 5.490837810144553533e-17
6.263865756032912032e+03 5.336069670557921885e-17
6.268695910727634327e+03 5.343942113883711560e-17
6.273526065422356623e+03 6.306477267918996345e-17
6.278356220117078010e+03 5.556006738396176287e-17
6.283186374811799396e+03 5.535161456087594968e-17
6.288016529506521692e+03 5.884422587870349886e-17
6.292846684201243988e+03 4.919609378428094063e-17
6.297676838895966284e+03 4.250818963927945233e-17
6.302506993590688580e+03 5.070670425381508062e-17
6.307337148285409967e+03 5.314380664024536479e-17
6.312167302980131353e+03 6.005332570623961004e-17
6.316997457674853649e+03 5.992848760819310711e-17
6.321827612369575945e+03 6.194428705631543301e-17
6.326657767064298241e+03 5.784468067882912149e-17
6.331487921759020537e+03 6.228574059573242241e-17
6.336318076453741924e+03 5.670818083929556443e-17
6.341148231148463310e+03 5.468295484091258423e-17
6.345978385843185606e+03 5.677678389057826233e-17
6.350808540537907902e+03 4.767053781543919254e-17
6.355638695232630198e+03 4.475368059989550296e-17
6.360468849927352494e+03 4.894931272033187035e-17
6.365299004622073880e+03 4.896928747776380087e-17
6.370129159316795267e+03 4.753987967460276650e-17
6.374959314011517563e+03 5.868769683702886432e-17
6.379789468706239859e+03 5.164367820343349676e-17
6.384619623400962155e+03 5.195860902368958588e-17
6.389449778095684451e+03 5.016891443292495478e-17
6.394279932790405837e+03 5.773371936273880814e-17
6.399110087485127224e+03 5.323015767875100045e-17
6.403940242179849520e+03 6.027689608220044236e-17
6.408770396874571816e+03 6.957619949486448839e-17
6.413600551569294112e+03 6.562459227257616459e-17
6.418430706264016408e+03 5.956393256862873675e-17
6.423260860958737794e+03 5.955138589309753243e-17
6.428091015653459181e+03 5.538999574129841016e-17
6.432921170348181477e+03 5.351314609247274185e-17
6.437751325042903773e+03 5.895313578687468069e-17
6.442581479737626069e+03 5.810135151418187576e-17
6.447411634432348364e+03 5.343646644968907619e-17
6.452241789127069751e+03 5.191047372948390010e-17
6.457071943821791137e+03 5.647269906251396851e-17
6.461902098516513433e+03 5.165902405815758053e-17
6.466732253211235729e+03 4.431959606676237531e-17
6.471562407905958025e+03 5.579683956249894151e-17
6.476392562600680321e+03 5.227657063371006930e-17
6.481222717295401708e+03 5.024275188312388825e-17
6.486052871990123094e+03 5.389335138922661549e-17
6.490883026684845390e+03 5.319048278785050703e-17
6.495713181379567686e+03 5.976459996778920084e-17
6.500543336074289982e+03 5.208421143662208782e-17
6.505373490769012278e+03 5.025760473820289041e-17
6.510203645463733665e+03 5.879045252144265163e-17
6.515033800158455051e+03 5.725173114597150955e-17
6.519863954853177347e+03 5.686332021754110988e-17
6.524694109547899643e+03 5.651493821331337632e-17
6.529524264242621939e+03 5.317244032432950039e-17
6.534354418937343326e+03 5.362291957720342905e-17
6.539184573632065621e+03 6.015654461179642705e-17
6.544014728326787008e+03 5.669734146454866956e-17
6.548844883021509304e+03 6.288768323620971086e-17
6.553675037716231600e+03 6.225267322356500257e-17
6.558505192410953896e+03 5.545169348882751539e-17
6.563335347105675282e+03 5.239719011063255179e-17
6.568165501800397578e+03 5.352205979075361328e-17
6.572995656495118965e+03 5.273891827401290880e-17
6.577825811189841261e+03 4.956737876530904242e-17
6.582655965884563557e+03 5.362026929052080915e-17
6.587486120579285853e+03 5.915008418200110637e-17
6.592316275274007239e+03 5.193706593181625483e-17
6.597146429968729535e+03 4.610045636858494007e-17
6.601976584663450922e+03 5.286397143901867552e-17
6.606806739358173218e+03 5.358289396172321315e-17
6.611636894052895514e+03 4.907841576161669670e-17
6.616467048747617810e+03 5.008402584974231287e-17
6.621297203442339196e+03 5.237434338211383717e-17
6.626127358137061492e+03 4.979890331004018466e-17
6.630957512831782878e+03 4.845671673938919174e-17
6.635787667526505174e+03 4.901367398943339633e-17
6.640617822221227470e+03 5.221017119157921266e-17
6.645447976915949766e+03 4.440969588780410129e-17
6.650278131610671153e+03 4.354341279333446689e-17
6.655108286305393449e+03 4.837405492641554258e-17
6.659938441000114835e+03 4.641626400029033540e-17
6.664768595694837131e+03 4.015462918599457375e-17
6.669598750389559427e+03 3.333905467652920095e-17
6.674428905084281723e+03 3.244584519875974040e-17
6.679259059779003110e+03 3.442398476795375205e-17
6.684089214473725406e+03 2.940287933574866643e-17
6.688919369168446792e+03 2.333880999331629501e-17
6.693749523863169088e+03 1.419095838772703303e-17
6.698579678557891384e+03 2.048444130996731136e-17
6.703409833252613680e+03 2.398174274186803620e-17
6.708239987947335067e+03 2.671401791244296787e-17
6.713070142642057363e+03 2.144506104457616835e-17
6.717900297336778749e+03 2.185806074389531932e-17
6.722730452031501045e+03 2.450272921579475983e-17
6.727560606726223341e+03 1.983597141439514020e-17
6.732390761420945637e+03 1.752829963277225338e-17
6.737220916115667023e+03 2.209545165353068763e-17
6.742051070810389319e+03 2.847870021584522052e-17
6.746881225505110706e+03 2.708910130684391316e-17
6.751711380199833002e+03 2.243833456104616866e-17
6.756541534894555298e+03 2.900255038905260273e-17
6.761371689589277594e+03 3.562684103622631299e-17
6.766201844283998980e+03 3.604595360027223084e-17
6.771031998978721276e+03 3.933159109394921164e-17
6.775862153673442663e+03 4.599808118725292716e-17
6.780692308368164959e+03 5.086000729110075834e-17
6.785522463062887255e+03 6.309803857470439601e-17
6.790352617757609551e+03 6.607764902023880848e-17
6.795182772452330937e+03 8.161049288487386513e-17
6.800012927147053233e+03 8.956239848902783417e-17
6.804843081841774620e+03 9.601244188580602404e-17
6.809673236536496916e+03 9.830032419845419222e-17
6.814503391231219211e+03 1.036772959650693912e-16
6.819333545925941507e+03 1.058332661310725030e-16
6.824163700620662894e+03 1.089749245673285038e-16
6.828993855315385190e+03 1.150114041276097815e-16
6.833824010010106576e+03 9.893369308476359530e-17
6.838654164704828872e+03 1.078176525682525151e-16
6.843484319399551168e+03 1.181515008468692822e-16
6.848314474094273464e+03 1.207920069459263559e-16
6.853144628788994851e+03 1.161638586267982613e-16
6.857974783483716237e+03 1.129574551096365100e-16
6.862804938178438533e+03 9.973049300777877537e-17
6.867635092873160829e+03 8.770649636203445873e-17
6.872465247567883125e+03 8.152281173994324419e-17
6.877295402262605421e+03 8.675324018923854879e-17
6.882125556957326808e+03 8.801183188718493273e-17
6.886955711652048194e+03 8.154106927042351462e-17
6.891785866346770490e+03 7.658279647754795698e-17
6.896616021041492786e+03 7.448619802719145134e-17
6.901446175736215082e+03 7.449045966170732454e-17
6.906276330430937378e+03 7.781297286709191931e-17
6.911106485125658764e+03 8.398452109523575583e-17
6.915936639820380151e+03 7.790122972972887716e-17
6.920766794515102447e+03 7.061442366018184534e-17
6.925596949209824743e+03 6.558085757922926091e-17
6.930427103904547039e+03 6.626854245328134599e-17
6.935257258599269335e+03 6.582527952407132995e-17
6.940087413293990721e+03 5.960392178816200032e-17
6.944917567988712108e+03 5.346904743965631484e-17
6.949747722683434404e+03 5.564350012926631145e-17
6.954577877378156700e+03 5.747781615099450308e-17
6.959408032072878996e+03 5.179078731229237742e-17
6.964238186767601292e+03 5.126008808361305613e-17
6.969068341462322678e+03 5.153905309083533961e-17
6.973898496157044065e+03 5.176870820738211200e-17
6.978728650851766361e+03 5.634796684358587236e-17
6.983558805546488657e+03 4.374503310456059207e-17
6.988388960241210953e+03 4.810888729181064360e-17
6.993219114935933248e+03 5.666269252305004833e-17
6.998049269630654635e+03 5.806476366132743024e-17
7.002879424325376021e+03 4.472383923211703993e-17
7.007709579020098317e+03 4.968530825087950247e-17
7.012539733714820613e+03 5.790660011076239093e-17
7.017369888409542909e+03 5.268820879374095799e-17
7.022200043104265205e+03 5.085058404956255425e-17
7.027030197798986592e+03 5.039212415813871398e-17
7.031860352493707978e+03 4.787564882885029149e-17
7.036690507188430274e+03 4.317744492928385597e-17
7.041520661883152570e+03 4.064733435477810937e-17
7.046350816577874866e+03 4.450353456521456696e-17
7.051180971272597162e+03 4.521858588265235642e-17
7.056011125967318549e+03 4.704134453686195714e-17
7.060841280662039935e+03 4.219526059610574154e-17
7.065671435356762231e+03 4.475832935493805097e-17
7.070501590051484527e+03 4.334641807609373825e-17
7.075331744746206823e+03 3.829886271662165701e-17
7.080161899440929119e+03 3.799425841913267989e-17
7.084992054135650505e+03 3.885403656526519728e-17
7.089822208830371892e+03 4.207878033096847440e-17
7.094652363525094188e+03 3.608254476184912657e-17
7.099482518219816484e+03 3.898077056127567175e-17
7.104312672914538780e+03 4.701609236712193832e-17
7.109142827609261076e+03 4.456173830183624820e-17
7.113972982303982462e+03 4.157276417176773546e-17
7.118803136998703849e+03 4.150512395871804928e-17
7.123633291693426145e+03 4.901630111505886475e-17
7.128463446388148441e+03 5.335155470544928279e-17
7.133293601082870737e+03 4.574577455681200265e-17
7.138123755777592123e+03 4.328197739765340718e-17
7.142953910472314419e+03 4.036833626033132377e-17
7.147784065167035806e+03 3.863878100882174799e-17
7.152614219861758102e+03 3.589424867593000556e-17
7.157444374556480398e+03 3.885910883678137244e-17
7.162274529251202694e+03 4.255613964502792624e-17
7.167104683945924080e+03 3.854692094743650916e-17
7.171934838640646376e+03 4.116086131394082980e-17
7.176764993335367762e+03 4.448960815242162419e-17
7.181595148030090058e+03 3.724552099842928093e-17
7.186425302724812354e+03 3.292916683067447447e-17
7.191255457419534650e+03 3.403148094985243999e-17
7.196085612114256037e+03 3.742827828296674687e-17
7.200915766808978333e+03 3.649349470761037114e-17
7.205745921503699719e+03 3.504278534931487121e-17
7.210576076198422015e+03 3.642227114814710525e-17
7.215406230893144311e+03 3.669803662076003361e-17
7.220236385587866607e+03 3.840912589227497560e-17
7.225066540282587994e+03 3.891124106770691446e-17
7.229896694977310290e+03 4.022606119497220301e-17
7.234726849672031676e+03 3.821809349288952918e-17
7.239557004366753972e+03 2.784253545906538820e-17
7.244387159061476268e+03 2.172139892617298341e-17
7.249217313756198564e+03 2.819570849340102890e-17
7.254047468450919951e+03 3.590244107271673075e-17
7.258877623145642247e+03 3.657848916991141984e-17
7.263707777840363633e+03 3.516519484508291845e-17
7.268537932535085929e+03 3.907221703235463407e-17
7.273368087229808225e+03 4.266637304217919292e-17
7.278198241924530521e+03 3.794071336372089730e-17
7.283028396619251907e+03 3.321513640332385698e-17
7.287858551313974203e+03 4.062533796792909926e-17
7.292688706008695590e+03 4.285865282992836931e-17
7.297518860703417886e+03 3.740173902019359553e-17
7.302349015398140182e+03 3.627021219050270728e-17
7.307179170092862478e+03 4.103749559738467125e-17
7.312009324787583864e+03 4.278464001743957461e-17
7.316839479482306160e+03 4.410281188054692803e-17
7.321669634177027547e+03 4.399399792532680234e-17
7.326499788871749843e+03 4.114935026853654186e-17
7.331329943566472139e+03 4.313077209040116393e-17
7.336160098261194435e+03 3.653401663145811886e-17
7.340990252955915821e+03 3.326724547319224751e-17
7.345820407650638117e+03 2.720415220388268867e-17
7.350650562345359504e+03 2.673526487365700493e-17
7.355480717040081799e+03 3.522752786732246441e-17
7.360310871734804095e+03 2.383024130395649897e-17
7.365141026429526391e+03 1.580638587576144248e-17
7.369971181124247778e+03 2.308391263319685443e-17
7.374801335818970074e+03 3.327491178310938897e-17
7.379631490513691460e+03 4.129003714711956081e-17
7.384461645208413756e+03 4.481319789932991841e-17
7.389291799903136052e+03 4.504866313249926326e-17
7.394121954597857439e+03 4.001553711163255704e-17
7.398952109292579735e+03 3.099866624731861678e-17
7.403782263987302031e+03 3.690822652313220816e-17
7.408612418682023417e+03 4.087062018060822345e-17
7.413442573376745713e+03 3.282959082853534100e-17
7.418272728071468009e+03 3.124159595833564016e-17
7.423102882766189396e+03 3.004951619908342007e-17
7.427933037460911692e+03 2.820611773422939620e-17
7.432763192155633988e+03 2.702170097617186736e-17
7.437593346850355374e+03 2.795060164301176595e-17
7.442423501545077670e+03 2.900069088703558352e-17
7.447253656239799966e+03 2.658217028588569057e-17
7.452083810934521352e+03 3.277183707816688860e-17
7.456913965629243648e+03 3.641077664635506837e-17
7.461744120323965944e+03 2.989307318419249105e-17
7.466574275018687331e+03 3.328720368701192697e-17
7.471404429713409627e+03 2.772399551420286402e-17
7.476234584408131923e+03 2.928572078250910580e-17
7.481064739102853309e+03 2.929331099180989238e-17
7.485894893797575605e+03 2.998153187889891183e-17
7.490725048492297901e+03 3.123293372296098486e-17
7.495555203187019288e+03 3.931982527691625737e-17
7.500385357881741584e+03 3.792577779058063983e-17
7.505215512576463880e+03 2.580286688718723214e-17
7.510045667271185266e+03 3.430817617347387796e-17
7.514875821965907562e+03 4.012399041610560961e-17
7.519705976660629858e+03 3.370192226764396313e-17
7.524536131355351245e+03 3.577320568253389592e-17
7.529366286050073541e+03 3.930531652897207727e-17
7.534196440744795837e+03 3.960510332657354556e-17
7.539026595439517223e+03 3.374647421543606920e-17
7.543856750134239519e+03 3.703904017392379417e-17
7.548686904828961815e+03 2.949326701564356087e-17
7.553517059523683201e+03 3.125074788463292686e-17
7.558347214218405497e+03 3.193905479850565182e-17
7.563177368913127793e+03 3.999363006028970266e-17
7.568007523607849180e+03 4.278662855963215209e-17
7.572837678302571476e+03 4.461246432572045007e-17
7.577667832997293772e+03 4.177033460671480101e-17
7.582497987692015158e+03 2.934530756511497570e-17
7.587328142386737454e+03 1.523409104279927964e-17
7.592158297081459750e+03 9.615020881682673079e-18
7.596988451776181137e+03 1.182988217139649764e-17
7.601818606470903433e+03 1.276768495598869192e-17
7.606648761165625729e+03 1.411459969102103794e-17
7.611478915860347115e+03 1.154785907744960562e-17
7.616309070555069411e+03 1.070820871716234105e-17
7.621139225249791707e+03 1.684313931394968014e-17
7.625969379944513094e+03 2.324657273757173200e-17
7.630799534639235389e+03 2.407883058472461016e-17
7.635629689333957685e+03 3.051653575548595907e-17
7.640459844028679072e+03 3.383162087896982766e-17
7.645289998723401368e+03 2.441549640275614264e-17
7.650120153418123664e+03 1.677015220542045119e-17
7.654950308112845050e+03 2.009957733200353906e-17
7.659780462807567346e+03 2.797611520182535154e-17
7.664610617502289642e+03 3.278328856656707272e-17
7.669440772197011029e+03 3.034218924341693232e-17
7.674270926891733325e+03 3.069152746843277718e-17
7.679101081586455621e+03 3.512794193901598030e-17
7.683931236281177007e+03 2.542407441491959907e-17
7.688761390975899303e+03 2.479647097747969059e-17
7.693591545670621599e+03 4.300863060115158387e-17
7.698421700365342986e+03 4.790240646730515683e-17
7.703251855060065282e+03 4.140704680784886189e-17
7.708082009754787578e+03 4.864810648079926107e-17
7.712912164449508964e+03 6.287900114850035428e-17
7.717742319144231260e+03 6.560698325169613573e-17
7.722572473838953556e+03 5.400793244767746089e-17
7.727402628533674942e+03 3.086578795371809842e-17
7.732232783228397238e+03 1.260870166943661255e-17
7.737062937923119534e+03 1.688356693920759681e-17
7.741893092617840921e+03 1.985485760214095093e-17
7.746723247312563217e+03 9.470358573075724282e-18
7.751553402007285513e+03 1.129003432514233987e-17
7.756383556702006899e+03 1.330347051825460177e-17
7.761213711396729195e+03 1.096317721481446120e-17
7.766043866091451491e+03 9.910295409042664603e-18
7.770874020786172878e+03 9.055346343326231790e-18
7.775704175480895174e+03 3.210515928295120021e-17
7.780534330175617470e+03 4.788116446917479508e-17
7.785364484870338856e+03 5.073308469791062178e-17
7.790194639565061152e+03 5.337365366269424948e-17
7.795024794259783448e+03 5.216463324449694338e-17
7.799854948954504835e+03 5.812286482755315490e-17
7.804685103649227131e+03 5.441839601123852428e-17
7.809515258343949426e+03 4.700245712190461421e-17
7.814345413038670813e+03 3.503377569808294363e-17
7.819175567733393109e+03 3.420318379268374727e-17
7.824005722428115405e+03 3.250778448302771111e-17
7.828835877122836791e+03 2.891171603162692966e-17
7.833666031817559087e+03 2.476957106395946613e-17
7.838496186512281383e+03 1.914245988010823159e-17
7.843326341207002770e+03 -5.407081554502435461e-18
7.848156495901725066e+03 -2.148506184463800766e-17
7.852986650596447362e+03 -1.010451162660582763e-17
7.857816805291168748e+03 -1.428601612256524873e-18
7.862646959985891044e+03 8.076193627093124211e-18
7.867477114680613340e+03 3.566809749645800779e-17
7.872307269375334727e+03 5.641807867230586699e-17
7.877137424070057023e+03 6.646085201953257429e-17
7.881967578764779319e+03 4.601520713465522504e-17
7.886797733459500705e+03 3.479745019707654362e-17
7.891627888154223001e+03 2.909610782505480037e-17
7.896458042848945297e+03 1.220961183929815329e-17
7.901288197543666683e+03 3.003203952710139970e-17
7.906118352238388979e+03 5.671025871699429764e-17
7.910948506933111275e+03 6.937551224336932303e-17
7.915778661627832662e+03 7.561394960456664757e-17
7.920608816322554958e+03 5.867722142175149278e-17
7.925438971017276344e+03 2.960777859092295181e-17
7.930269125711998640e+03 1.710390138461212169e-17
7.935099280406720936e+03 1.474141565251779594e-17
7.939929435101442323e+03 3.398232656913208888e-17
7.944759589796164619e+03 5.710730541101975092e-17
7.949589744490886915e+03 6.107324601896239359e-17
7.954419899185608301e+03 5.589232267496716260e-17
7.959250053880330597e+03 3.171726451522303362e-17
7.964080208575052893e+03 3.187277777910545304e-17
7.968910363269774280e+03 1.321466854359397148e-17
7.973740517964496576e+03 9.815813185115632676e-18
7.978570672659218872e+03 2.674752038161259059e-17
7.983400827353940258e+03 3.149316474367016736e-17
7.988230982048662554e+03 3.476049176730767435e-17
7.993061136743384850e+03 3.942453310757566983e-17
7.997891291438106236e+03 2.658236384614902798e-17
8.002721446132828532e+03 1.913657273229111512e-19
8.007551600827550828e+03 -1.190919555725053215e-17
8.012381755522272215e+03 4.691646011670115124e-18
8.017211910216994511e+03 2.243690684730890214e-17
8.022042064911716807e+03 2.934136025923187265e-17
8.026872219606438193e+03 2.881446937009274551e-17
8.031702374301160489e+03 2.415930864088111933e-17
8.036532528995882785e+03 2.183130145107922888e-17
8.041362683690604172e+03 1.123978289613459030e-18
8.046192838385326468e+03 -9.395691460722400132e-18
8.051022993080048764e+03 -7.335421645495881206e-19
8.055853147774770150e+03 2.708132043241193310e-18
8.060683302469492446e+03 8.193729374692009020e-18
8.065513457164214742e+03 2.066456319707318334e-17
8.070343611858936129e+03 3.260291687091620972e-17
8.075173766553658425e+03 3.558120382747053734e-17
8.080003921248380720e+03 4.796319100743800352e-17
8.084834075943102107e+03 4.192017341159510666e-17
8.089664230637824403e+03 2.479868947588255781e-17
8.094494385332546699e+03 1.746397475961767974e-17
8.099324540027268085e+03 2.856572292500824924e-17
8.104154694721990381e+03 3.235415388221946238e-17
8.108984849416712677e+03 3.389945630664407635e-17
8.113815004111434064e+03 3.421112141784180612e-17
8.118645158806156360e+03 2.906332169429564857e-17
8.123475313500878656e+03 3.001681609510797378e-17
8.128305468195600042e+03 3.399122041507825903e-17
8.133135622890322338e+03 3.582877236736275810e-17
8.137965777585044634e+03 4.236254960318846586e-17
8.142795932279766021e+03 5.090703416328562307e-17
8.147626086974488317e+03 4.871669629719215812e-17
8.152456241669210613e+03 3.338582346836294914e-17
8.157286396363931999e+03 1.062917574553596202e-17
8.162116551058654295e+03 1.777416748932506512e-17
8.166946705753376591e+03 1.507224322978592914e-17
8.171776860448097977e+03 3.794476654872240714e-17
8.176607015142820273e+03 3.402008570973390949e-17
8.181437169837542569e+03 1.805981611589677706e-17
8.186267324532263956e+03 2.549986235700293257e-17
8.191097479226986252e+03 2.235707895511385965e-17
8.195927633921708548e+03 2.656313355126839519e-17
8.200757788616429025e+03 2.503837994762082354e-17
8.205587943311151321e+03 3.442473584794995020e-17
8.210418098005873617e+03 -2.011523079451791599e-19
