3674.05593944     2.11581e-17     
3679.58036272     1.11454e-17     
3685.10478601     2.43805e-17     
3690.62920929     2.9527e-17      
3696.15363258     1.42145e-17     
3701.67805586     4.25733e-17     
3707.20247915     2.43885e-17     
3712.72690243     3.70868e-17     
3718.25132572     1.23664e-17     
3723.775749       2.74566e-17     
3729.30017229     3.86734e-17     
3734.82459557     3.43625e-17     
3740.34901886     4.72118e-17     
3745.87344214     2.84291e-17     
3751.39786542     3.7075e-17      
3756.92228871     2.54588e-17     
3762.44671199     2.32259e-17     
3767.97113528     2.56251e-17     
3773.49555856     3.5659e-17      
3779.01998185     3.63709e-17     
3784.54440513     2.02042e-17     
3790.06882842     2.96713e-17     
3795.5932517      3.05506e-17     
3801.11767499     2.10023e-17     
3806.64209827     3.56977e-17     
3812.16652156     2.95368e-17     
3817.69094484     3.27775e-17     
3823.21536813     2.62591e-17     
3828.73979141     3.36053e-17     
3834.26421469     3.8581e-17      
3839.78863798     3.3444e-17      
3845.31306126     2.55653e-17     
3850.83748455     3.41082e-17     
3856.36190783     4.13561e-17     
3861.88633112     2.99484e-17     
3867.4107544      3.44175e-17     
3872.93517769     4.04225e-17     
3878.45960097     3.4806e-17      
3883.98402426     3.10234e-17     
3889.50844754     3.07288e-17     
3895.03287083     2.72128e-17     
3900.55729411     3.20416e-17     
3906.08171739     2.86183e-17     
3911.60614068     2.16026e-17     
3917.13056396     4.41325e-17     
3922.65498725     3.22002e-17     
3928.17941053     2.80712e-17     
3933.70383382     3.80889e-17     
3939.2282571      2.48125e-17     
3944.75268039     2.91944e-17     
3950.27710367     2.10334e-17     
3955.80152696     4.47746e-17     
3961.32595024     3.85027e-17     
3966.85037353     6.29087e-17     
3972.37479681     5.00952e-17     
3977.89922009     3.91029e-17     
3983.42364338     3.87315e-17     
3988.94806666     3.78931e-17     
3994.47248995     3.92483e-17     
3999.99691323     3.12904e-17     
4005.52133652     3.52061e-17     
4011.0457598      3.96673e-17     
4016.57018309     5.04924e-17     
4022.09460637     2.92576e-17     
4027.61902966     2.69202e-17     
4033.14345294     2.46842e-17     
4038.66787623     3.46518e-17     
4044.19229951     3.858e-17       
4049.7167228      2.66869e-17     
4055.24114608     2.53732e-17     
4060.76556936     4.00401e-17     
4066.28999265     3.50435e-17     
4071.81441593     3.19714e-17     
4077.33883922     3.06679e-17     
4082.8632625      3.92604e-17     
4088.38768579     2.42648e-17     
4093.91210907     3.48135e-17     
4099.43653236     3.0456e-17      
4104.96095564     3.61337e-17     
4110.48537893     3.26434e-17     
4116.00980221     3.4857e-17      
4121.5342255      2.9176e-17      
4127.05864878     3.35937e-17     
4132.58307206     3.33112e-17     
4138.10749535     3.79363e-17     
4143.63191863     3.74049e-17     
4149.15634192     3.73111e-17     
4154.6807652      3.11759e-17     
4160.20518849     3.17372e-17     
4165.72961177     3.92602e-17     
4171.25403506     3.33112e-17     
4176.77845834     2.62728e-17     
4182.30288163     3.92683e-17     
4187.82730491     3.49124e-17     
4193.3517282      3.44618e-17     
4198.87615148     3.85009e-17     
4204.40057476     3.96406e-17     
4209.92499805     4.24901e-17     
4215.44942133     3.51398e-17     
4220.97384462     3.39888e-17     
4226.4982679      3.1859e-17      
4232.02269119     3.70199e-17     
4237.54711447     3.45928e-17     
4243.07153776     3.54639e-17     
4248.59596104     3.09292e-17     
4254.12038433     3.73789e-17     
4259.64480761     3.29045e-17     
4265.1692309      2.88165e-17     
4270.69365418     2.33448e-17     
4276.21807747     3.54245e-17     
4281.74250075     3.37693e-17     
4287.26692403     3.6615e-17      
4292.79134732     3.23115e-17     
4298.3157706      3.21357e-17     
4303.84019389     3.15972e-17     
4309.36461717     3.69233e-17     
4314.88904046     3.91707e-17     
4320.41346374     4.1391e-17      
4325.93788703     4.14427e-17     
4331.46231031     3.83549e-17     
4336.9867336      3.44058e-17     
4342.51115688     4.08864e-17     
4348.03558017     3.68435e-17     
4353.56000345     3.13681e-17     
4359.08442673     3.67355e-17     
4364.60885002     4.21782e-17     
4370.1332733      3.7564e-17      
4375.65769659     3.19354e-17     
4381.18211987     3.98676e-17     
4386.70654316     3.5842e-17      
4392.23096644     3.12056e-17     
4397.75538973     2.95726e-17     
4403.27981301     3.10126e-17     
4408.8042363      3.61231e-17     
4414.32865958     3.30092e-17     
4419.85308287     3.14833e-17     
4425.37750615     5.02574e-17     
4430.90192944     3.81721e-17     
4436.42635272     3.07575e-17     
4441.950776       3.44954e-17     
4447.47519929     3.24577e-17     
4452.99962257     2.69456e-17     
4458.52404586     3.2797e-17      
4464.04846914     3.14661e-17     
4469.57289243     2.84265e-17     
4475.09731571     3.26616e-17     
4480.621739       2.96114e-17     
4486.14616228     3.53381e-17     
4491.67058557     3.81171e-17     
4497.19500885     3.48609e-17     
4502.71943214     3.34246e-17     
4508.24385542     3.03163e-17     
4513.7682787      3.06646e-17     
4519.29270199     3.49406e-17     
4524.81712527     3.59471e-17     
4530.34154856     2.67753e-17     
4535.86597184     3.6203e-17      
4541.39039513     3.26451e-17     
4546.91481841     3.65041e-17     
4552.4392417      2.78328e-17     
4557.96366498     2.76614e-17     
4563.48808827     3.06939e-17     
4569.01251155     3.2906e-17      
4574.53693484     3.54423e-17     
4580.06135812     3.13105e-17     
4585.5857814      3.31603e-17     
4591.11020469     2.77555e-17     
4596.63462797     3.40213e-17     
4602.15905126     3.33189e-17     
4607.68347454     3.60937e-17     
4613.20789783     3.37486e-17     
4618.73232111     3.42628e-17     
4624.2567444      3.25297e-17     
4629.78116768     2.70672e-17     
4635.30559097     3.6446e-17      
4640.83001425     3.55479e-17     
4646.35443754     2.92168e-17     
4651.87886082     3.80912e-17     
4657.40328411     3.37696e-17     
4662.92770739     3.7858e-17      
4668.45213067     3.50138e-17     
4673.97655396     3.3205e-17      
4679.50097724     3.10156e-17     
4685.02540053     2.54023e-17     
4690.54982381     3.68392e-17     
4696.0742471      3.43791e-17     
4701.59867038     3.1013e-17      
4707.12309367     3.49335e-17     
4712.64751695     3.74782e-17     
4718.17194024     3.78768e-17     
4723.69636352     3.68548e-17     
4729.22078681     3.30893e-17     
4734.74521009     3.56104e-17     
4740.26963337     3.70261e-17     
4745.79405666     3.28725e-17     
4751.31847994     3.30078e-17     
4756.84290323     3.04286e-17     
4762.36732651     3.55812e-17     
4767.8917498      2.94039e-17     
4773.41617308     3.55467e-17     
4778.94059637     3.62725e-17     
4784.46501965     3.68809e-17     
4789.98944294     3.44908e-17     
4795.51386622     2.9713e-17      
4801.03828951     3.21447e-17     
4806.56271279     3.74913e-17     
4812.08713607     3.19287e-17     
4817.61155936     3.30681e-17     
4823.13598264     3.6685e-17      
4828.66040593     3.91411e-17     
4834.18482921     3.3266e-17      
4839.7092525      3.6156e-17      
4845.23367578     3.30992e-17     
4850.75809907     3.73438e-17     
4856.28252235     3.77192e-17     
4861.80694564     3.48502e-17     
4867.33136892     3.25187e-17     
4872.85579221     3.14761e-17     
4878.38021549     2.91363e-17     
4883.90463878     3.37865e-17     
4889.42906206     3.3343e-17      
4894.95348534     3.12756e-17     
4900.47790863     2.86186e-17     
4906.00233191     3.49329e-17     
4911.5267552      3.93636e-17     
4917.05117848     3.71013e-17     
4922.57560177     3.15219e-17     
4928.10002505     3.5142e-17      
4933.62444834     3.58873e-17     
4939.14887162     3.43054e-17     
4944.67329491     3.69437e-17     
4950.19771819     3.54044e-17     
4955.72214148     3.09794e-17     
4961.24656476     3.5458e-17      
4966.77098804     3.38474e-17     
4972.29541133     3.54066e-17     
4977.81983461     4.11024e-17     
4983.3442579      3.22531e-17     
4988.86868118     2.69192e-17     
4994.39310447     2.60532e-17     
4999.91752775     2.70438e-17     
5005.44195104     2.47578e-17     
5010.96637432     2.97864e-17     
5016.49079761     3.46377e-17     
5022.01522089     2.78767e-17     
5027.53964418     3.00767e-17     
5033.06406746     2.71284e-17     
5038.58849074     3.02085e-17     
5044.11291403     2.89112e-17     
5049.63733731     2.51387e-17     
5055.1617606      3.00339e-17     
5060.68618388     3.05187e-17     
5066.21060717     2.316e-17       
5071.73503045     2.87871e-17     
5077.25945374     2.90924e-17     
5082.78387702     3.2141e-17      
5088.30830031     3.18065e-17     
5093.83272359     2.69478e-17     
5099.35714688     2.97242e-17     
5104.88157016     2.88419e-17     
5110.40599345     3.07525e-17     
5115.93041673     2.74263e-17     
5121.45484001     3.13648e-17     
5126.9792633      2.97792e-17     
5132.50368658     2.65774e-17     
5138.02810987     3.06744e-17     
5143.55253315     3.1901e-17      
5149.07695644     2.688e-17       
5154.60137972     2.86318e-17     
5160.12580301     3.35708e-17     
5165.65022629     2.57634e-17     
5171.17464958     3.52886e-17     
5176.69907286     3.57783e-17     
5182.22349615     3.18294e-17     
5187.74791943     2.98079e-17     
5193.27234271     2.77723e-17     
5198.796766       3.43819e-17     
5204.32118928     1.93915e-17     
5209.84561257     3.09894e-17     
5215.37003585     3.94263e-17     
5220.89445914     2.80945e-17     
5226.41888242     3.89645e-17     
5231.94330571     2.89281e-17     
5237.46772899     3.1156e-17      
5242.99215228     2.8221e-17      
5248.51657556     2.95017e-17     
5254.04099885     2.95367e-17     
5259.56542213     3.12066e-17     
5265.08984541     3.22406e-17     
5270.6142687      2.99713e-17     
5276.13869198     2.86583e-17     
5281.66311527     3.2471e-17      
5287.18753855     2.99493e-17     
5292.71196184     3.40264e-17     
5298.23638512     3.01224e-17     
5303.76080841     3.01269e-17     
5309.28523169     2.9246e-17      
5314.80965498     3.25601e-17     
5320.33407826     2.77538e-17     
5325.85850155     2.98482e-17     
5331.38292483     2.73034e-17     
5336.90734812     2.65168e-17     
5342.4317714      3.26739e-17     
5347.95619468     2.73289e-17     
5353.48061797     2.34252e-17     
5359.00504125     2.64632e-17     
5364.52946454     2.91501e-17     
5370.05388782     3.37326e-17     
5375.57831111     3.44461e-17     
5381.10273439     3.23458e-17     
5386.62715768     2.6149e-17      
5392.15158096     2.29949e-17     
5397.67600425     3.18637e-17     
5403.20042753     3.33978e-17     
5408.72485082     2.87497e-17     
5414.2492741      2.68853e-17     
5419.77369738     2.99648e-17     
5425.29812067     3.30414e-17     
5430.82254395     2.87362e-17     
5436.34696724     2.7007e-17      
5441.87139052     3.49628e-17     
5447.39581381     3.38549e-17     
5452.92023709     2.6169e-17      
5458.44466038     3.71673e-17     
5463.96908366     3.70628e-17     
5469.49350695     2.90937e-17     
5475.01793023     3.0714e-17      
5480.54235352     3.27048e-17     
5486.0667768      3.04153e-17     
5491.59120008     2.59981e-17     
5497.11562337     2.40142e-17     
5502.64004665     2.16013e-17     
5508.16446994     2.68062e-17     
5513.68889322     3.24297e-17     
5519.21331651     2.8231e-17      
5524.73773979     2.68941e-17     
5530.26216308     2.89125e-17     
5535.78658636     3.05191e-17     
5541.31100965     2.9992e-17      
5546.83543293     2.86165e-17     
5552.35985622     2.81142e-17     
5557.8842795      2.58572e-17     
5563.40870279     3.2172e-17      
5568.93312607     2.23445e-17     
5574.45754935     2.56797e-17     
5579.98197264     3.12526e-17     
5585.50639592     2.25432e-17     
5591.03081921     1.92971e-17     
5596.55524249     2.46062e-17     
5602.07966578     3.14266e-17     
5607.60408906     2.50221e-17     
5613.12851235     2.14862e-17     
5618.65293563     2.4902e-17      
5624.17735892     2.48202e-17     
5629.7017822      3.1388e-17      
5635.22620549     2.68808e-17     
5640.75062877     2.64846e-17     
5646.27505205     3.14556e-17     
5651.79947534     2.68094e-17     
5657.32389862     2.73285e-17     
5662.84832191     2.7405e-17      
5668.37274519     2.55032e-17     
5673.89716848     2.6239e-17      
5679.42159176     2.77383e-17     
5684.94601505     2.31268e-17     
5690.47043833     2.68389e-17     
5695.99486162     3.12113e-17     
5701.5192849      2.30843e-17     
5707.04370819     2.35842e-17     
5712.56813147     2.41195e-17     
5718.09255475     2.56647e-17     
5723.61697804     2.81269e-17     
5729.14140132     2.53728e-17     
5734.66582461     2.43897e-17     
5740.19024789     2.21611e-17     
5745.71467118     2.83257e-17     
5751.23909446     2.76684e-17     
5756.76351775     2.41473e-17     
5762.28794103     2.91566e-17     
5767.81236432     2.65258e-17     
5773.3367876      2.6237e-17      
5778.86121089     2.81393e-17     
5784.38563417     1.91676e-17     
5789.91005746     2.27198e-17     
5795.43448074     3.01669e-17     
5800.95890402     2.55748e-17     
5806.48332731     1.80254e-17     
5812.00775059     2.28748e-17     
5817.53217388     2.21692e-17     
5823.05659716     2.45078e-17     
5828.58102045     1.89231e-17     
5834.10544373     2.90799e-17     
5839.62986702     2.25461e-17     
5845.1542903      2.87451e-17     
5850.67871359     2.64812e-17     
5856.20313687     2.85587e-17     
5861.72756016     2.96203e-17     
5867.25198344     2.62513e-17     
5872.77640672     2.12607e-17     
5878.30083001     2.6317e-17      
5883.82525329     2.8242e-17      
5889.34967658     2.44381e-17     
5894.87409986     2.16105e-17     
5900.39852315     2.63439e-17     
5905.92294643     2.46079e-17     
5911.44736972     2.23177e-17     
5916.971793       3.08683e-17     
5922.49621629     2.63802e-17     
5928.02063957     1.85148e-17     
5933.54506286     2.34168e-17     
5939.06948614     2.22354e-17     
5944.59390943     2.39663e-17     
5950.11833271     2.21755e-17     
5955.64275599     2.33829e-17     
5961.16717928     2.19641e-17     
5966.69160256     2.18088e-17     
5972.21602585     2.29069e-17     
5977.74044913     2.35879e-17     
5983.26487242     2.23136e-17     
5988.7892957      3.10642e-17     
5994.31371899     2.49035e-17     
5999.83814227     2.64263e-17     
6005.36256556     2.81443e-17     
6010.88698884     2.57535e-17     
6016.41141213     2.72906e-17     
6021.93583541     2.51763e-17     
6027.46025869     2.18131e-17     
6032.98468198     2.54567e-17     
6038.50910526     2.36135e-17     
6044.03352855     2.55328e-17     
6049.55795183     2.11467e-17     
6055.08237512     2.15113e-17     
6060.6067984      2.19864e-17     
6066.13122169     2.15423e-17     
6071.65564497     2.39223e-17     
6077.18006826     2.72753e-17     
6082.70449154     2.37618e-17     
6088.22891483     2.32449e-17     
6093.75333811     2.3459e-17      
6099.27776139     1.93035e-17     
6104.80218468     2.28869e-17     
6110.32660796     2.3947e-17      
6115.85103125     2.22397e-17     
6121.37545453     1.8947e-17      
6126.89987782     1.39982e-17     
6132.4243011      1.56416e-17     
6137.94872439     2.13903e-17     
6143.47314767     1.89302e-17     
6148.99757096     2.07714e-17     
6154.52199424     2.097e-17       
6160.04641753     2.17992e-17     
6165.57084081     2.00817e-17     
6171.0952641      2.08632e-17     
6176.61968738     1.89661e-17     
6182.14411066     2.53913e-17     
6187.66853395     2.3817e-17      
6193.19295723     1.8128e-17      
6198.71738052     2.28281e-17     
6204.2418038      2.28567e-17     
6209.76622709     2.55186e-17     
6215.29065037     2.67534e-17     
6220.81507366     2.21976e-17     
6226.33949694     2.26998e-17     
6231.86392023     2.6062e-17      
6237.38834351     2.05773e-17     
6242.9127668      2.25832e-17     
6248.43719008     2.35495e-17     
6253.96161336     2.14701e-17     
6259.48603665     1.61545e-17     
6265.01045993     1.86711e-17     
6270.53488322     2.07283e-17     
6276.0593065      2.3654e-17      
6281.58372979     1.57972e-17     
6287.10815307     2.47521e-17     
6292.63257636     2.69284e-17     
6298.15699964     1.4746e-17      
6303.68142293     1.67267e-17     
6309.20584621     1.70575e-17     
6314.7302695      1.6808e-17      
6320.25469278     2.23879e-17     
6325.77911606     2.1419e-17      
6331.30353935     1.84618e-17     
6336.82796263     2.32161e-17     
6342.35238592     2.29052e-17     
6347.8768092      2.23907e-17     
6353.40123249     1.67339e-17     
6358.92565577     1.6219e-17      
6364.45007906     2.05517e-17     
6369.97450234     1.94212e-17     
6375.49892563     2.1311e-17      
6381.02334891     1.99912e-17     
6386.5477722      2.01696e-17     
6392.07219548     2.22714e-17     
6397.59661877     2.18173e-17     
6403.12104205     2.07769e-17     
6408.64546533     2.42029e-17     
6414.16988862     1.91481e-17     
6419.6943119      1.46032e-17     
6425.21873519     2.10737e-17     
6430.74315847     1.97188e-17     
6436.26758176     1.78658e-17     
6441.79200504     1.58176e-17     
6447.31642833     1.93637e-17     
6452.84085161     2.33428e-17     
6458.3652749      2.65571e-17     
6463.88969818     2.72677e-17     
6469.41412147     1.73404e-17     
6474.93854475     2.04051e-17     
6480.46296803     2.33572e-17     
6485.98739132     1.86325e-17     
6491.5118146      1.85411e-17     
6497.03623789     2.58383e-17     
6502.56066117     2.04948e-17     
6508.08508446     1.96082e-17     
6513.60950774     1.99037e-17     
6519.13393103     1.86038e-17     
6524.65835431     1.35049e-17     
6530.1827776      2.27121e-17     
6535.70720088     2.49228e-17     
6541.23162417     2.18313e-17     
6546.75604745     2.35878e-17     
6552.28047073     2.62033e-17     
6557.80489402     2.23868e-17     
6563.3293173      2.1409e-17      
6568.85374059     1.42319e-17     
6574.37816387     1.92351e-17     
6579.90258716     1.81688e-17     
6585.42701044     1.40985e-17     
6590.95143373     1.72651e-17     
6596.47585701     1.65799e-17     
6602.0002803      1.87224e-17     
6607.52470358     1.98818e-17     
6613.04912687     2.29619e-17     
6618.57355015     2.2504e-17      
6624.09797344     2.28456e-17     
6629.62239672     2.1644e-17      
6635.14682        1.62758e-17     
6640.67124329     2.37277e-17     
6646.19566657     1.74791e-17     
6651.72008986     2.00009e-17     
6657.24451314     1.91659e-17     
6662.76893643     1.44733e-17     
6668.29335971     2.36559e-17     
6673.817783       1.85594e-17     
6679.34220628     1.93484e-17     
6684.86662957     1.68402e-17     
6690.39105285     1.88463e-17     
6695.91547614     1.90918e-17     
6701.43989942     1.74266e-17     
6706.9643227      2.08004e-17     
6712.48874599     2.34959e-17     
6718.01316927     1.7416e-17      
6723.53759256     1.74123e-17     
6729.06201584     2.12354e-17     
6734.58643913     1.45473e-17     
6740.11086241     1.81199e-17     
6745.6352857      2.14269e-17     
6751.15970898     1.90771e-17     
6756.68413227     1.6675e-17      
6762.20855555     2.08752e-17     
6767.73297884     2.20233e-17     
6773.25740212     1.88895e-17     
6778.7818254      1.94803e-17     
6784.30624869     1.49454e-17     
6789.83067197     2.12868e-17     
6795.35509526     2.28668e-17     
6800.87951854     1.54442e-17     
6806.40394183     1.85919e-17     
6811.92836511     1.415e-17       
6817.4527884      1.74368e-17     
6822.97721168     2.08006e-17     
6828.50163497     2.02193e-17     
6834.02605825     1.70786e-17     
6839.55048154     1.77247e-17     
6845.07490482     2.36608e-17     
6850.59932811     1.22928e-17     
6856.12375139     1.50473e-17     
6861.64817467     1.19005e-17     
6867.17259796     2.14377e-17     
6872.69702124     2.94978e-17     
6878.22144453     1.3966e-17      
6883.74586781     1.48119e-17     
6889.2702911      2.12208e-17     
6894.79471438     1.70254e-17     
6900.31913767     1.82692e-17     
6905.84356095     1.85701e-17     
6911.36798424     1.94039e-17     
6916.89240752     2.22201e-17     
6922.41683081     1.86715e-17     
6927.94125409     1.93916e-17     
6933.46567737     2.32564e-17     
6938.99010066     2.50396e-17     
6944.51452394     2.40393e-17     
6950.03894723     2.07905e-17     
6955.56337051     2.03469e-17     
6961.0877938      1.86459e-17     
6966.61221708     1.90618e-17     
6972.13664037     2.79827e-17     
6977.66106365     1.65323e-17     
6983.18548694     1.72034e-17     
6988.70991022     2.39174e-17     
6994.23433351     1.38035e-17     
6999.75875679     1.35616e-17     
7005.28318007     1.69769e-17     
7010.80760336     1.89419e-17     
7016.33202664     2.10522e-17     
7021.85644993     2.43647e-17     
7027.38087321     1.96482e-17     
7032.9052965      2.30913e-17     
7038.42971978     3.32778e-17     
7043.95414307     4.55609e-17     
7049.47856635     4.43001e-17     
7055.00298964     4.32749e-17     
7060.52741292     2.69848e-17     
7066.05183621     1.67057e-17     
7071.57625949     2.05692e-17     
7077.10068278     1.96353e-17     
7082.62510606     1.91904e-17     
7088.14952934     1.94987e-17     
7093.67395263     1.93281e-17     
7099.19837591     2.15409e-17     
7104.7227992      2.44101e-17     
7110.24722248     2.54793e-17     
7115.77164577     2.60327e-17     
7121.29606905     2.0592e-17      
7126.82049234     2.04796e-17     
7132.34491562     2.29241e-17     
7137.86933891     2.011e-17       
7143.39376219     2.3893e-17      
7148.91818548     1.96537e-17     
7154.44260876     2.25209e-17     
7159.96703204     2.5181e-17      
7165.49145533     2.44502e-17     
7171.01587861     2.17737e-17     
7176.5403019      1.22395e-17     
7182.06472518     2.41273e-17     
7187.58914847     1.98987e-17     
7193.11357175     2.08894e-17     
7198.63799504     2.22135e-17     
7204.16241832     1.83813e-17     
7209.68684161     2.32388e-17     
7215.21126489     1.85484e-17     
7220.73568818     1.73494e-17     
7226.26011146     1.90692e-17     
7231.78453475     2.07568e-17     
7237.30895803     1.93251e-17     
7242.83338131     1.79539e-17     
7248.3578046      1.59112e-17     
7253.88222788     2.0444e-17      
7259.40665117     2.35437e-17     
7264.93107445     1.99695e-17     
7270.45549774     1.89659e-17     
7275.97992102     1.9517e-17      
7281.50434431     2.44258e-17     
7287.02876759     1.89456e-17     
7292.55319088     2.30594e-17     
7298.07761416     1.96871e-17     
7303.60203745     1.76344e-17     
7309.12646073     1.81556e-17     
7314.65088401     1.83112e-17     
7320.1753073      1.52334e-17     
7325.69973058     1.52425e-17     
7331.22415387     1.92764e-17     
7336.74857715     1.83308e-17     
7342.27300044     1.75522e-17     
7347.79742372     1.83794e-17     
7353.32184701     1.58858e-17     
7358.84627029     2.1792e-17      
7364.37069358     2.61404e-17     
7369.89511686     2.38982e-17     
7375.41954015     1.97142e-17     
7380.94396343     1.705e-17       
7386.46838671     1.78339e-17     
7391.99281        2.32054e-17     
7397.51723328     2.34657e-17     
7403.04165657     1.91301e-17     
7408.56607985     1.53102e-17     
7414.09050314     2.09502e-17     
7419.61492642     1.23519e-17     
7425.13934971     1.65492e-17     
7430.66377299     1.25589e-17     
7436.18819628     1.77914e-17     
7441.71261956     1.47927e-17     
7447.23704285     1.82267e-17     
7452.76146613     1.72708e-17     
7458.28588942     1.92823e-17     
7463.8103127      1.48973e-17     
7469.33473598     1.37999e-17     
7474.85915927     1.02564e-17     
7480.38358255     1.15876e-17     
7485.90800584     1.91328e-17     
7491.43242912     1.45439e-17     
7496.95685241     1.61839e-17     
7502.48127569     1.8209e-17      
7508.00569898     1.95879e-17     
7513.53012226     2.09444e-17     
7519.05454555     1.95231e-17     
7524.57896883     1.66373e-17     
7530.10339212     2.31805e-17     
7535.6278154      2.63786e-17     
7541.15223868     1.95687e-17     
7546.67666197     1.62824e-17     
7552.20108525     1.11554e-17     
7557.72550854     1.66079e-17     
7563.24993182     1.88336e-17     
7568.77435511     1.16699e-17     
7574.29877839     1.3028e-17      
7579.82320168     2.13462e-17     
7585.34762496     1.4878e-17      
7590.87204825     2.96312e-17     
7596.39647153     2.00328e-17     
7601.92089482     1.8262e-17      
7607.4453181      2.15724e-17     
7612.96974138     8.68223e-18     
7618.49416467     2.33308e-17     
7624.01858795     1.49854e-17     
7629.54301124     1.54705e-17     
7635.06743452     2.0453e-17      
7640.59185781     1.41391e-17     
7646.11628109     4.4997e-18      
7651.64070438     8.16397e-18     
7657.16512766     1.9969e-17      
7662.68955095     1.63488e-17     
7668.21397423     1.73406e-17     
7673.73839752     1.55633e-17     
7679.2628208      9.36305e-18     
7684.78724409     1.60833e-17     
7690.31166737     1.81866e-17     
7695.83609065     1.1378e-17      
7701.36051394     2.19522e-17     
7706.88493722     9.11385e-18     
7712.40936051     1.43526e-17     
7717.93378379     2.07259e-17     
7723.45820708     2.89574e-17     
7728.98263036     2.5396e-17      
7734.50705365     1.38937e-17     
7740.03147693     1.23425e-17     
7745.55590022     9.11947e-18     
7751.0803235      2.22677e-17     
7756.60474679     2.63067e-17     
7762.12917007     3.26087e-17     
7767.65359335     1.78841e-17     
7773.17801664     6.00802e-18     
7778.70243992     1.22694e-17     
7784.22686321     1.6713e-17      
7789.75128649     2.27795e-17     
7795.27570978     2.24417e-17     
7800.80013306     2.04642e-17     
7806.32455635     1.35261e-17     
7811.84897963     4.71866e-18     
7817.37340292     1.43058e-17     
7822.8978262      2.02795e-17     
7828.42224949     2.41454e-17     
7833.94667277     2.58341e-17     
7839.47109605     1.75177e-17     
7844.99551934     1.24598e-17     
7850.51994262     8.29015e-18     
7856.04436591     1.13275e-17     
7861.56878919     2.55044e-17     
7867.09321248     2.66384e-17     
7872.61763576     1.41773e-17     
7878.14205905     1.05412e-17     
7883.66648233     9.5301e-18      
7889.19090562     1.68788e-17     
7894.7153289      2.31434e-17     
7900.23975219     2.53167e-17     
7905.76417547     2.01433e-17     
7911.28859876     1.78509e-18     
7916.81302204     -1.25425e-18    
7922.33744532     -8.50195e-18    
7927.86186861     6.00785e-18     
7933.38629189     3.13469e-17     
7938.91071518     1.68945e-17     
7944.43513846     1.58239e-17     
7949.95956175     2.01141e-17     
7955.48398503     1.85748e-17     
7961.00840832     2.11593e-17     
7966.5328316      2.07188e-17     
7972.05725489     2.23726e-17     
7977.58167817     3.18906e-17     
7983.10610146     1.71246e-17     
7988.63052474     1.56715e-17     
7994.15494802     8.96856e-18     
7999.67937131     1.07386e-17     
8005.20379459     1.91886e-17     
8010.72821788     1.79038e-17     
8016.25264116     9.98254e-18     
8021.77706445     5.24133e-18     
8027.30148773     7.22537e-18     
8032.82591102     6.21477e-18     
8038.3503343      8.41304e-18     
8043.87475759     2.4498e-17      
8049.39918087     1.58134e-17     
8054.92360416     1.14946e-17     
8060.44802744     2.25439e-17     
8065.97245072     1.32937e-17     
8071.49687401     1.38267e-17     
8077.02129729     1.81682e-17     
8082.54572058     1.25475e-17     
8088.07014386     1.43576e-17     
8093.59456715     9.1981e-18      
8099.11899043     9.6391e-18      
8104.64341372     1.71441e-17     
8110.167837       2.32637e-17     
8115.69226029     2.01601e-17     
8121.21668357     1.46459e-17     
8126.74110686     8.98766e-18     
8132.26553014     9.98689e-18     
8137.78995343     2.16845e-18     
8143.31437671     2.03695e-17     
8148.83879999     1.60654e-17     
8154.36322328     2.92625e-17     
8159.88764656     1.91429e-17     
8165.41206985     1.67705e-17     
8170.93649313     1.54013e-17     
8176.46091642     2.7906e-17      
8181.9853397      1.5174e-17      
8187.50976299     8.20899e-18     
8193.03418627     1.37176e-17     
8198.55860956     1.42133e-17     
8204.08303284     1.28921e-17     
8209.60745613     1.06459e-17     
8215.13187941     1.3651e-17      
8220.65630269     1.34306e-17     
8226.18072598     1.77741e-17     
8231.70514926     1.73374e-17     
8237.22957255     1.09566e-17     
8242.75399583     1.15357e-17     
8248.27841912     3.83077e-18     
8253.8028424      1.58896e-18     
8259.32726569     1.43701e-17     
8264.85168897     1.17769e-17     
8270.37611226     1.20176e-17     
8275.90053554     1.29525e-17     
8281.42495883     4.02814e-18     
8286.94938211     5.59112e-18     
8292.47380539     2.34096e-17     
8297.99822868     3.13726e-17     
8303.52265196     2.31735e-17     
8309.04707525     2.11739e-17     
8314.57149853     1.80617e-17     
8320.09592182     1.26616e-17     
8325.6203451      1.98298e-17     
8331.14476839     1.40214e-17     
8336.66919167     1.46214e-17     
8342.19361496     1.50973e-17     
8347.71803824     -5.45727e-18    
8353.24246153     -3.90085e-18    
8358.76688481     6.46245e-18     
8364.2913081      1.47713e-17     
8369.81573138     2.49206e-17     
8375.34015466     1.9654e-17      
8380.86457795     1.3714e-17      
8386.38900123     -4.1584e-19     
8391.91342452     1.40486e-17     
8397.4378478      2.6716e-17      
8402.96227109     1.50053e-17     
8408.48669437     1.79195e-17     
8414.01111766     1.64647e-17     
8419.53554094     1.86899e-17     
8425.05996423     1.6076e-17      
8430.58438751     1.85872e-17     
8436.1088108      1.45281e-17     
8441.63323408     5.89668e-18     
8447.15765736     2.77791e-17     
8452.68208065     1.62541e-17     
8458.20650393     1.8777e-17      
8463.73092722     3.56021e-18     
8469.2553505      8.37294e-18     
8474.77977379     1.30066e-17     
8480.30419707     5.49999e-18     
8485.82862036     8.17808e-18     
8491.35304364     1.6517e-17      
8496.87746693     2.02817e-17     
8502.40189021     1.6864e-17      
8507.9263135      6.57299e-18     
8513.45073678     5.1649e-18      
8518.97516006     2.36991e-17     
8524.49958335     2.27633e-17     
8530.02400663     1.49402e-17     
8535.54842992     1.69765e-17     
8541.0728532      8.95212e-18     
8546.59727649     7.90061e-18     
8552.12169977     6.95167e-18     
8557.64612306     8.75536e-18     
8563.17054634     2.29913e-17     
8568.69496963     2.20312e-17     
8574.21939291     1.083e-17       
8579.7438162      7.13328e-18     
8585.26823948     9.42885e-18     
8590.79266277     2.25455e-17     
8596.31708605     1.17685e-17     
8601.84150933     1.73351e-17     
8607.36593262     1.04937e-17     
8612.8903559      1.14478e-17     
8618.41477919     1.12649e-17     
8623.93920247     2.09269e-17     
8629.46362576     1.62123e-17     
8634.98804904     7.56696e-18     
8640.51247233     1.10064e-17     
8646.03689561     1.97044e-17     
8651.5613189      2.30031e-17     
8657.08574218     1.09358e-17     
8662.61016547     7.78084e-18     
8668.13458875     5.86567e-18     
8673.65901203     1.27212e-17     
8679.18343532     2.08855e-17     
8684.7078586      1.21482e-17     
8690.23228189     1.18465e-17     
8695.75670517     6.66496e-18     
8701.28112846     6.89726e-18     
8706.80555174     5.56465e-18     
8712.32997503     6.72564e-18     
8717.85439831     4.38581e-18     
8723.3788216      1.43249e-18     
8728.90324488     1.03299e-17     
8734.42766817     1.059e-17       
8739.95209145     5.83377e-18     
8745.47651474     9.25851e-18     
8751.00093802     1.42585e-17     
8756.5253613      1.7771e-17      
8762.04978459     1.77953e-17     
8767.57420787     4.50239e-18     
8773.09863116     8.35751e-18     
8778.62305444     -6.15263e-18    
8784.14747773     1.72779e-17     
8789.67190101     1.12876e-17     
8795.1963243      8.59177e-18     
8800.72074758     1.57231e-17     
8806.24517087     1.07743e-17     
8811.76959415     1.51561e-17     
8817.29401744     1.04646e-17     
8822.81844072     2.43724e-17     
8828.342864       2.35184e-17     
8833.86728729     9.34891e-18     
8839.39171057     1.57708e-17     
8844.91613386     1.61913e-17     
8850.44055714     1.29617e-17     
8855.96498043     5.1344e-18      
8861.48940371     4.54364e-18     
8867.013827       1.51833e-17     
8872.53825028     2.6454e-17      
8878.06267357     1.78782e-17     
8883.58709685     6.19146e-19     
8889.11152014     5.38269e-19     
8894.63594342     1.03243e-17     
8900.1603667      3.02901e-17     
8905.68478999     1.18102e-17     
8911.20921327     1.84882e-17     
8916.73363656     6.10057e-18     
8922.25805984     6.52813e-19     
8927.78248313     2.19733e-17     
8933.30690641     1.47974e-17     
8938.8313297      2.58539e-18     
8944.35575298     3.12945e-17     
8949.88017627     1.6292e-17      
8955.40459955     2.49006e-18     
8960.92902284     9.7852e-19      
8966.45344612     7.29596e-19     
8971.97786941     2.42039e-18     
8977.50229269     1.75677e-17     
8983.02671597     2.22021e-17     
8988.55113926     5.95906e-18     
8994.07556254     -5.82533e-18    
8999.59998583     3.39024e-18     
9005.12440911     1.77541e-17     
9010.6488324      1.60931e-17     
9016.17325568     1.31079e-17     
9021.69767897     7.99661e-18     
9027.22210225     4.44365e-18     
9032.74652554     1.93943e-17     
9038.27094882     2.93694e-17     
9043.79537211     2.58601e-17     
9049.31979539     8.22189e-18     
9054.84421867     -6.5517e-18     
9060.36864196     1.31839e-17     
9065.89306524     2.08986e-17     
9071.41748853     1.59238e-17     
9076.94191181     2.85922e-17     
9082.4663351      9.55874e-18     
9087.99075838     1.61461e-17     
9093.51518167     1.27083e-17     
9099.03960495     1.18691e-17     
9104.56402824     4.44163e-17     
9110.08845152     2.13342e-17     
9115.61287481     1.14277e-17     
9121.13729809     7.25076e-18     
9126.66172137     2.90492e-17     
9132.18614466     1.41445e-17     
9137.71056794     1.87344e-17     
9143.23499123     1.91996e-17     
9148.75941451     9.61732e-18     
9154.2838378      5.51007e-18     
9159.80826108     3.6942e-18      
9165.33268437     1.57384e-17     
9170.85710765     2.31012e-17     
9176.38153094     1.06769e-17     
9181.90595422     1.3755e-17      
9187.43037751     1.53291e-17     
9192.95480079     -8.84845e-18    
9198.47922408     -4.0761e-18     
9204.00364736     1.53159e-17     
9209.52807064     1.66961e-17     
9215.05249393     4.46139e-18     
9220.57691721     1.64318e-17     
9226.1013405      1.53017e-17     
9231.62576378     7.06639e-18     
9237.15018707     9.29125e-18     
9242.67461035     -2.6539e-18     
9248.19903364     1.68697e-17     
9253.72345692     1.36995e-17     
9259.24788021     -3.05699e-19    
9264.77230349     3.22721e-18     
9270.29672678     5.9102e-18      
9275.82115006     1.37453e-17     
