3200.000000 5.403827e-016
3202.102102 2.997630e-016
3204.204204 1.405398e-016
3206.306306 5.530770e-016
3208.408408 8.450352e-016
3210.510511 4.336853e-016
3212.612613 -6.979452e-017
3214.714715 1.535595e-016
3216.816817 4.196749e-016
3218.918919 4.643269e-016
3221.021021 4.769607e-016
3223.123123 5.619604e-016
3225.225225 1.108239e-015
3227.327327 7.960102e-016
3229.429429 1.241263e-016
3231.531532 2.507106e-016
3233.633634 3.471451e-016
3235.735736 2.968902e-016
3237.837838 2.266741e-016
3239.939940 2.574521e-016
3242.042042 4.223504e-016
3244.144144 5.111871e-016
3246.246246 4.896750e-016
3248.348348 3.854238e-016
3250.450450 2.652652e-016
3252.552553 1.791054e-016
3254.654655 9.466161e-017
3256.756757 1.962294e-016
3258.858859 5.621803e-016
3260.960961 1.461813e-016
3263.063063 -1.726875e-016
3265.165165 -3.188247e-017
3267.267267 6.145115e-016
3269.369369 2.598165e-016
3271.471471 1.973782e-017
3273.573574 2.016846e-016
3275.675676 2.342561e-016
3277.777778 3.247376e-016
3279.879880 1.805392e-016
3281.981982 3.323865e-016
3284.084084 8.462944e-016
3286.186186 5.023716e-016
3288.288288 1.149810e-016
3290.390390 -2.579502e-016
3292.492492 -1.390496e-016
3294.594595 3.169837e-016
3296.696697 5.759239e-016
3298.798799 4.730713e-016
3300.900901 1.302411e-016
3303.003003 5.076459e-016
3305.105105 7.672805e-016
3307.207207 2.650818e-016
3309.309309 -2.343177e-016
3311.411411 -1.243476e-016
3313.513514 2.309288e-016
3315.615616 5.404839e-016
3317.717718 6.523944e-016
3319.819820 5.635696e-016
3321.921922 7.880445e-016
3324.024024 1.916279e-016
3326.126126 1.129705e-016
3328.228228 3.846799e-016
3330.330330 5.756013e-016
3332.432432 4.911273e-016
3334.534535 2.548755e-016
3336.636637 1.707659e-016
3338.738739 4.250040e-016
3340.840841 5.430399e-016
3342.942943 5.501946e-016
3345.045045 4.633359e-016
3347.147147 3.176407e-016
3349.249249 1.873638e-016
3351.351351 4.525426e-016
3353.453453 7.489789e-016
3355.555556 3.430284e-016
3357.657658 1.302195e-016
3359.759760 2.753427e-016
3361.861862 3.074562e-016
3363.963964 2.420607e-016
3366.066066 2.483141e-016
3368.168168 2.710479e-016
3370.270270 1.708780e-016
3372.372372 3.504012e-016
3374.474474 3.208069e-016
3376.576577 1.935801e-016
3378.678679 9.718427e-017
3380.780781 2.164454e-016
3382.882883 9.359643e-017
3384.984985 9.331641e-017
3387.087087 2.569026e-016
3389.189189 3.400816e-016
3391.291291 3.363399e-016
3393.393393 3.627017e-016
3395.495495 4.207774e-016
3397.597598 1.928701e-016
3399.699700 6.061974e-017
3401.801802 1.457716e-016
3403.903904 3.002925e-016
3406.006006 3.494619e-016
3408.108108 2.391231e-016
3410.210210 2.767872e-016
3412.312312 4.311516e-016
3414.414414 1.817172e-016
3416.516517 2.865932e-016
3418.618619 1.909209e-016
3420.720721 1.804958e-016
3422.822823 8.462542e-017
3424.924925 3.477907e-016
3427.027027 3.664968e-016
3429.129129 1.133970e-016
3431.231231 3.464117e-016
3433.333333 4.630418e-016
3435.435435 3.106215e-016
3437.537538 1.877231e-016
3439.639640 2.737826e-016
3441.741742 2.534206e-016
3443.843844 2.994904e-016
3445.945946 2.760630e-016
3448.048048 2.051832e-016
3450.150150 2.308388e-016
3452.252252 3.612959e-016
3454.354354 3.760446e-016
3456.456456 1.923422e-016
3458.558559 1.530956e-016
3460.660661 2.760376e-016
3462.762763 3.535843e-016
3464.864865 1.648008e-016
3466.966967 2.543589e-016
3469.069069 4.471993e-016
3471.171171 5.366682e-016
3473.273273 3.243420e-016
3475.375375 4.261540e-016
3477.477477 6.406632e-016
3479.579580 3.828587e-016
3481.681682 -5.015088e-017
3483.783784 2.690958e-018
3485.885886 2.660742e-016
3487.987988 2.121812e-016
3490.090090 2.928927e-016
3492.192192 4.034292e-016
3494.294294 3.234677e-016
3496.396396 3.280865e-016
3498.498498 2.306793e-016
3500.600601 1.549122e-016
3502.702703 3.085479e-016
3504.804805 2.457673e-016
3506.906907 3.164251e-016
3509.009009 2.641087e-016
3511.111111 2.375211e-016
3513.213213 2.398200e-016
3515.315315 2.511978e-016
3517.417417 3.348228e-016
3519.519520 3.342003e-016
3521.621622 3.445070e-016
3523.723724 1.337764e-016
3525.825826 9.989838e-017
3527.927928 1.347711e-016
3530.030030 2.574273e-016
3532.132132 2.838809e-016
3534.234234 3.386142e-016
3536.336336 3.664599e-016
3538.438438 2.944956e-016
3540.540541 1.967394e-016
3542.642643 2.168189e-016
3544.744745 3.624584e-016
3546.846847 3.641976e-016
3548.948949 3.734938e-016
3551.051051 1.992915e-016
3553.153153 1.735751e-016
3555.255255 2.177546e-016
3557.357357 3.749340e-016
3559.459459 3.280188e-016
3561.561562 2.026243e-016
3563.663664 2.969340e-016
3565.765766 3.767904e-016
3567.867868 2.947866e-016
3569.969970 2.970438e-016
3572.072072 2.958024e-016
3574.174174 4.002026e-016
3576.276276 3.537981e-016
3578.378378 2.125647e-016
3580.480480 2.328017e-016
3582.582583 2.643492e-016
3584.684685 1.885410e-016
3586.786787 2.685986e-016
3588.888889 2.610283e-016
3590.990991 2.646137e-016
3593.093093 2.198569e-016
3595.195195 1.665660e-016
3597.297297 2.211852e-016
3599.399399 3.391637e-016
3601.501502 2.804106e-016
3603.603604 2.182171e-016
3605.705706 2.235069e-016
3607.807808 2.524216e-016
3609.909910 2.937531e-016
3612.012012 3.203455e-016
3614.114114 3.500488e-016
3616.216216 2.882506e-016
3618.318318 2.363259e-016
3620.420420 2.691826e-016
3622.522523 3.472557e-016
3624.624625 3.799896e-016
3626.726727 3.117724e-016
3628.828829 2.050770e-016
3630.930931 1.809676e-016
3633.033033 2.214815e-016
3635.135135 2.688871e-016
3637.237237 2.030760e-016
3639.339339 2.219178e-016
3641.441441 2.605569e-016
3643.543544 3.126837e-016
3645.645646 3.229895e-016
3647.747748 2.461939e-016
3649.849850 2.787437e-016
3651.951952 3.084165e-016
3654.054054 2.857020e-016
3656.156156 3.352873e-016
3658.258258 2.578536e-016
3660.360360 2.695024e-016
3662.462462 2.653113e-016
3664.564565 2.774207e-016
3666.666667 3.391779e-016
3668.768769 3.046653e-016
3670.870871 2.831645e-016
3672.972973 2.503671e-016
3675.075075 2.908475e-016
3677.177177 3.268776e-016
3679.279279 2.766452e-016
3681.381381 2.627408e-016
3683.483483 2.545328e-016
3685.585586 2.732430e-016
3687.687688 2.527578e-016
3689.789790 2.651037e-016
3691.891892 2.493794e-016
3693.993994 2.435344e-016
3696.096096 2.617101e-016
3698.198198 3.057029e-016
3700.300300 3.400266e-016
3702.402402 2.836291e-016
3704.504505 2.077623e-016
3706.606607 2.037306e-016
3708.708709 2.537110e-016
3710.810811 3.206730e-016
3712.912913 3.311343e-016
3715.015015 3.192144e-016
3717.117117 2.939777e-016
3719.219219 2.799957e-016
3721.321321 2.759713e-016
3723.423423 2.187310e-016
3725.525526 2.391057e-016
3727.627628 3.080997e-016
3729.729730 3.077562e-016
3731.831832 2.835054e-016
3733.933934 2.615551e-016
3736.036036 2.136275e-016
3738.138138 2.458436e-016
3740.240240 2.327663e-016
3742.342342 2.550674e-016
3744.444444 2.255048e-016
3746.546547 2.418959e-016
3748.648649 2.419666e-016
3750.750751 2.973960e-016
3752.852853 2.570468e-016
3754.954955 2.394426e-016
3757.057057 2.044460e-016
3759.159159 1.796948e-016
3761.261261 2.395953e-016
3763.363363 3.499619e-016
3765.465465 3.389175e-016
3767.567568 2.816169e-016
3769.669670 2.717934e-016
3771.771772 2.277563e-016
3773.873874 1.995579e-016
3775.975976 2.391540e-016
3778.078078 2.991064e-016
3780.180180 3.335427e-016
3782.282282 2.795633e-016
3784.384384 2.586413e-016
3786.486486 2.979498e-016
3788.588589 2.965349e-016
3790.690691 2.350322e-016
3792.792793 2.159997e-016
3794.894895 2.018064e-016
3796.996997 2.280272e-016
3799.099099 2.706150e-016
3801.201201 2.554711e-016
3803.303303 2.436083e-016
3805.405405 2.307102e-016
3807.507508 2.386875e-016
3809.609610 2.523590e-016
3811.711712 3.106174e-016
3813.813814 2.840988e-016
3815.915916 2.436264e-016
3818.018018 2.570463e-016
3820.120120 2.730069e-016
3822.222222 2.615095e-016
3824.324324 2.991987e-016
3826.426426 2.968420e-016
3828.528529 2.818347e-016
3830.630631 2.561845e-016
3832.732733 2.513313e-016
3834.834835 2.229371e-016
3836.936937 2.063958e-016
3839.039039 3.031608e-016
3841.141141 2.681518e-016
3843.243243 2.533617e-016
3845.345345 2.756452e-016
3847.447447 2.688672e-016
3849.549550 2.610336e-016
3851.651652 2.414235e-016
3853.753754 2.556441e-016
3855.855856 2.729682e-016
3857.957958 2.955708e-016
3860.060060 3.271248e-016
3862.162162 3.013479e-016
3864.264264 3.144846e-016
3866.366366 3.076836e-016
3868.468468 2.687339e-016
3870.570571 2.805563e-016
3872.672673 3.010995e-016
3874.774775 3.439147e-016
3876.876877 2.819624e-016
3878.978979 2.731119e-016
3881.081081 2.840815e-016
3883.183183 3.013087e-016
3885.285285 2.887216e-016
3887.387387 3.266380e-016
3889.489489 3.570891e-016
3891.591592 3.391020e-016
3893.693694 3.174592e-016
3895.795796 3.262427e-016
3897.897898 3.544881e-016
3900.000000 3.326415e-016
3902.102102 3.353421e-016
3904.204204 2.596388e-016
3906.306306 2.004939e-016
3908.408408 2.212017e-016
3910.510511 3.251693e-016
3912.612613 3.530541e-016
3914.714715 3.278421e-016
3916.816817 3.064149e-016
3918.918919 2.871636e-016
3921.021021 3.091235e-016
3923.123123 3.183630e-016
3925.225225 3.401726e-016
3927.327327 3.921115e-016
3929.429429 3.729882e-016
3931.531532 3.657969e-016
3933.633634 4.114992e-016
3935.735736 4.370657e-016
3937.837838 5.020967e-016
3939.939940 5.888971e-016
3942.042042 6.374914e-016
3944.144144 5.229873e-016
3946.246246 3.960564e-016
3948.348348 3.583944e-016
3950.450450 3.495954e-016
3952.552553 2.991293e-016
3954.654655 2.766943e-016
3956.756757 2.927922e-016
3958.858859 3.469593e-016
3960.960961 3.523548e-016
3963.063063 3.524160e-016
3965.165165 2.771126e-016
3967.267267 2.858678e-016
3969.369369 3.409411e-016
3971.471471 3.457418e-016
3973.573574 2.962767e-016
3975.675676 3.277547e-016
3977.777778 3.310860e-016
3979.879880 3.151086e-016
3981.981982 3.160739e-016
3984.084084 3.553881e-016
3986.186186 3.185703e-016
3988.288288 2.631845e-016
3990.390390 3.067139e-016
3992.492492 3.318815e-016
3994.594595 3.210987e-016
3996.696697 3.451446e-016
3998.798799 3.356972e-016
4000.900901 2.782788e-016
4003.003003 2.813693e-016
4005.105105 2.813530e-016
4007.207207 3.094009e-016
4009.309309 3.854502e-016
4011.411411 3.559256e-016
4013.513514 3.441819e-016
4015.615616 3.410964e-016
4017.717718 3.314522e-016
4019.819820 3.612102e-016
4021.921922 3.817026e-016
4024.024024 3.486101e-016
4026.126126 3.256668e-016
4028.228228 3.228851e-016
4030.330330 3.371620e-016
4032.432432 3.424689e-016
4034.534535 3.356696e-016
4036.636637 3.554025e-016
4038.738739 3.798030e-016
4040.840841 3.443962e-016
4042.942943 3.707972e-016
4045.045045 4.173809e-016
4047.147147 4.253100e-016
4049.249249 3.766866e-016
4051.351351 3.348055e-016
4053.453453 3.249200e-016
4055.555556 3.021288e-016
4057.657658 2.697674e-016
4059.759760 3.041718e-016
4061.861862 3.497111e-016
4063.963964 3.386590e-016
4066.066066 3.146101e-016
4068.168168 3.179994e-016
4070.270270 3.400775e-016
4072.372372 3.500376e-016
4074.474474 3.502902e-016
4076.576577 3.258434e-016
4078.678679 2.971637e-016
4080.780781 2.895716e-016
4082.882883 3.369152e-016
4084.984985 3.631809e-016
4087.087087 3.478559e-016
4089.189189 3.478041e-016
4091.291291 3.381473e-016
4093.393393 3.241671e-016
4095.495495 3.487148e-016
4097.597598 3.840128e-016
4099.699700 3.658151e-016
4101.801802 3.170560e-016
4103.903904 3.136970e-016
4106.006006 3.565376e-016
4108.108108 3.791978e-016
4110.210210 3.648477e-016
4112.312312 3.469008e-016
4114.414414 3.382441e-016
4116.516517 3.477696e-016
4118.618619 3.738094e-016
4120.720721 3.922178e-016
4122.822823 3.807549e-016
4124.924925 3.641934e-016
4127.027027 3.547713e-016
4129.129129 3.073626e-016
4131.231231 2.712304e-016
4133.333333 3.185927e-016
4135.435435 3.656208e-016
4137.537538 3.839879e-016
4139.639640 3.633429e-016
4141.741742 3.528099e-016
4143.843844 3.986364e-016
4145.945946 3.917268e-016
4148.048048 3.495661e-016
4150.150150 2.968911e-016
4152.252252 2.422279e-016
4154.354354 2.729233e-016
4156.456456 3.529385e-016
4158.558559 3.978927e-016
4160.660661 4.031831e-016
4162.762763 3.668394e-016
4164.864865 2.965873e-016
4166.966967 2.661537e-016
4169.069069 2.749202e-016
4171.171171 2.983035e-016
4173.273273 3.302494e-016
4175.375375 3.557190e-016
4177.477477 3.739273e-016
4179.579580 3.715196e-016
4181.681682 3.663000e-016
4183.783784 3.565374e-016
4185.885886 3.409182e-016
4187.987988 3.052755e-016
4190.090090 2.772636e-016
4192.192192 2.815588e-016
4194.294294 3.191205e-016
4196.396396 3.355605e-016
4198.498498 3.408749e-016
4200.600601 3.346403e-016
4202.702703 3.109650e-016
4204.804805 3.043412e-016
4206.906907 3.099694e-016
4209.009009 3.595653e-016
4211.111111 3.752656e-016
4213.213213 3.651688e-016
4215.315315 3.363149e-016
4217.417417 3.203515e-016
4219.519520 2.902620e-016
4221.621622 3.012293e-016
4223.723724 3.376821e-016
4225.825826 3.554682e-016
4227.927928 3.528332e-016
4230.030030 3.464615e-016
4232.132132 3.373568e-016
4234.234234 3.180008e-016
4236.336336 3.063610e-016
4238.438438 2.836149e-016
4240.540541 2.745934e-016
4242.642643 3.026964e-016
4244.744745 3.103435e-016
4246.846847 2.987243e-016
4248.948949 3.329469e-016
4251.051051 3.599061e-016
4253.153153 3.432278e-016
4255.255255 3.039429e-016
4257.357357 2.902151e-016
4259.459459 3.364452e-016
4261.561562 3.536058e-016
4263.663664 3.333743e-016
4265.765766 3.341742e-016
4267.867868 3.267630e-016
4269.969970 3.081946e-016
4272.072072 3.025074e-016
4274.174174 3.106897e-016
4276.276276 2.989080e-016
4278.378378 2.980559e-016
4280.480480 3.121867e-016
4282.582583 3.238239e-016
4284.684685 3.344016e-016
4286.786787 3.165191e-016
4288.888889 2.970800e-016
4290.990991 3.192742e-016
4293.093093 3.165135e-016
4295.195195 3.234878e-016
4297.297297 3.159763e-016
4299.399399 2.961903e-016
4301.501502 3.056418e-016
4303.603604 3.233355e-016
4305.705706 3.626108e-016
4307.807808 3.847289e-016
4309.909910 3.722688e-016
4312.012012 3.622893e-016
4314.114114 3.399401e-016
4316.216216 3.237336e-016
4318.318318 3.301743e-016
4320.420420 3.619475e-016
4322.522523 3.889971e-016
4324.624625 3.494782e-016
4326.726727 3.086784e-016
4328.828829 3.213429e-016
4330.930931 3.321371e-016
4333.033033 3.254059e-016
4335.135135 3.369356e-016
4337.237237 3.384950e-016
4339.339339 3.253284e-016
4341.441441 3.177195e-016
4343.543544 3.248973e-016
4345.645646 3.338725e-016
4347.747748 3.105587e-016
4349.849850 3.102255e-016
4351.951952 3.342460e-016
4354.054054 3.257541e-016
4356.156156 3.149828e-016
4358.258258 3.181298e-016
4360.360360 3.319167e-016
4362.462462 3.401769e-016
4364.564565 3.433833e-016
4366.666667 3.326279e-016
4368.768769 3.491885e-016
4370.870871 3.363441e-016
4372.972973 3.149982e-016
4375.075075 2.989124e-016
4377.177177 2.985458e-016
4379.279279 3.469749e-016
4381.381381 3.422564e-016
4383.483483 3.374197e-016
4385.585586 3.534426e-016
4387.687688 3.504920e-016
4389.789790 3.369233e-016
4391.891892 3.210081e-016
4393.993994 3.245363e-016
4396.096096 3.267354e-016
4398.198198 3.010221e-016
4400.300300 2.958885e-016
4402.402402 3.024057e-016
4404.504505 3.291945e-016
4406.606607 3.414438e-016
4408.708709 3.129275e-016
4410.810811 2.976309e-016
4412.912913 3.151005e-016
4415.015015 3.543096e-016
4417.117117 3.747522e-016
4419.219219 3.782138e-016
4421.321321 3.653649e-016
4423.423423 3.373443e-016
4425.525526 3.258452e-016
4427.627628 3.519502e-016
4429.729730 3.657575e-016
4431.831832 3.697631e-016
4433.933934 3.668557e-016
4436.036036 3.780675e-016
4438.138138 4.045606e-016
4440.240240 4.273021e-016
4442.342342 4.725543e-016
4444.444444 4.677270e-016
4446.546547 4.429251e-016
4448.648649 4.090350e-016
4450.750751 4.076609e-016
4452.852853 3.943686e-016
4454.954955 3.546291e-016
4457.057057 3.177960e-016
4459.159159 3.144035e-016
4461.261261 3.488123e-016
4463.363363 3.491910e-016
4465.465465 3.462905e-016
4467.567568 3.582412e-016
4469.669670 3.459904e-016
4471.771772 3.356311e-016
4473.873874 3.309655e-016
4475.975976 3.406549e-016
4478.078078 3.639954e-016
4480.180180 3.559768e-016
4482.282282 3.312539e-016
4484.384384 3.331442e-016
4486.486486 3.324321e-016
4488.588589 3.338677e-016
4490.690691 3.403719e-016
4492.792793 3.505674e-016
4494.894895 3.471726e-016
4496.996997 3.452164e-016
4499.099099 3.419352e-016
4501.201201 3.114357e-016
4503.303303 2.963712e-016
4505.405405 3.063004e-016
4507.507508 3.243174e-016
4509.609610 3.407613e-016
4511.711712 3.317117e-016
4513.813814 3.390381e-016
4515.915916 3.479433e-016
4518.018018 3.483078e-016
4520.120120 3.554461e-016
4522.222222 3.588551e-016
4524.324324 3.573123e-016
4526.426426 3.424549e-016
4528.528529 3.118668e-016
4530.630631 3.345323e-016
4532.732733 3.444650e-016
4534.834835 3.483041e-016
4536.936937 3.334930e-016
4539.039039 3.454431e-016
4541.141141 3.527637e-016
4543.243243 3.380065e-016
4545.345345 3.424769e-016
4547.447447 3.885452e-016
4549.549550 4.041185e-016
4551.651652 3.636641e-016
4553.753754 3.484527e-016
4555.855856 3.626566e-016
4557.957958 3.782196e-016
4560.060060 3.698188e-016
4562.162162 3.288534e-016
4564.264264 3.298796e-016
4566.366366 3.217741e-016
4568.468468 3.322740e-016
4570.570571 3.296287e-016
4572.672673 3.223133e-016
4574.774775 3.061302e-016
4576.876877 3.113648e-016
4578.978979 3.205229e-016
4581.081081 3.253266e-016
4583.183183 3.266459e-016
4585.285285 3.205577e-016
4587.387387 3.252043e-016
4589.489489 3.272841e-016
4591.591592 3.303851e-016
4593.693694 3.264536e-016
4595.795796 3.319968e-016
4597.897898 3.250222e-016
4600.000000 3.305104e-016
4602.102102 3.342911e-016
4604.204204 3.252975e-016
4606.306306 3.321102e-016
4608.408408 3.279024e-016
4610.510511 2.922536e-016
4612.612613 2.931524e-016
4614.714715 3.280888e-016
4616.816817 3.323190e-016
4618.918919 3.168227e-016
4621.021021 3.078104e-016
4623.123123 3.007215e-016
4625.225225 3.110106e-016
4627.327327 3.327119e-016
4629.429429 3.300756e-016
4631.531532 3.250964e-016
4633.633634 3.431786e-016
4635.735736 3.380324e-016
4637.837838 3.178047e-016
4639.939940 3.065139e-016
4642.042042 3.179286e-016
4644.144144 3.209988e-016
4646.246246 3.129348e-016
4648.348348 3.084731e-016
4650.450450 3.037458e-016
4652.552553 2.907611e-016
4654.654655 3.040603e-016
4656.756757 3.112341e-016
4658.858859 2.997291e-016
4660.960961 2.759014e-016
4663.063063 2.849660e-016
4665.165165 3.086314e-016
4667.267267 3.215793e-016
4669.369369 3.091263e-016
4671.471471 2.955581e-016
4673.573574 3.238696e-016
4675.675676 3.104908e-016
4677.777778 2.934306e-016
4679.879880 2.736217e-016
4681.981982 2.771546e-016
4684.084084 2.830335e-016
4686.186186 2.895163e-016
4688.288288 2.773083e-016
4690.390390 2.710668e-016
4692.492492 2.676011e-016
4694.594595 2.656883e-016
4696.696697 2.665839e-016
4698.798799 2.760130e-016
4700.900901 2.900610e-016
4703.003003 3.034081e-016
4705.105105 3.171905e-016
4707.207207 2.857795e-016
4709.309309 2.862147e-016
4711.411411 2.898104e-016
4713.513514 2.953758e-016
4715.615616 3.006061e-016
4717.717718 2.810829e-016
4719.819820 2.507896e-016
4721.921922 2.673848e-016
4724.024024 2.992363e-016
4726.126126 3.000462e-016
4728.228228 2.946210e-016
4730.330330 3.044223e-016
4732.432432 3.098199e-016
4734.534535 2.920994e-016
4736.636637 2.568242e-016
4738.738739 2.624751e-016
4740.840841 3.040316e-016
4742.942943 2.794349e-016
4745.045045 2.535571e-016
4747.147147 2.700367e-016
4749.249249 3.026227e-016
4751.351351 3.176421e-016
4753.453453 2.959752e-016
4755.555556 2.863656e-016
4757.657658 2.682071e-016
4759.759760 2.667830e-016
4761.861862 2.786596e-016
4763.963964 2.897826e-016
4766.066066 2.738112e-016
4768.168168 2.620725e-016
4770.270270 2.762843e-016
4772.372372 2.832599e-016
4774.474474 2.776528e-016
4776.576577 2.601944e-016
4778.678679 2.740098e-016
4780.780781 2.941374e-016
4782.882883 2.852475e-016
4784.984985 2.942529e-016
4787.087087 3.077949e-016
4789.189189 3.305745e-016
4791.291291 3.285642e-016
4793.393393 2.806542e-016
4795.495495 2.733004e-016
4797.597598 2.873640e-016
4799.699700 2.830446e-016
4801.801802 2.847213e-016
4803.903904 2.946558e-016
4806.006006 3.011124e-016
4808.108108 3.093828e-016
4810.210210 3.163911e-016
4812.312312 3.067761e-016
4814.414414 2.916105e-016
4816.516517 2.882562e-016
4818.618619 2.821384e-016
4820.720721 2.879360e-016
4822.822823 3.157260e-016
4824.924925 3.083886e-016
4827.027027 3.106902e-016
4829.129129 3.100413e-016
4831.231231 2.950548e-016
4833.333333 2.902431e-016
4835.435435 2.905662e-016
4837.537538 3.000098e-016
4839.639640 2.943960e-016
4841.741742 2.955259e-016
4843.843844 3.035826e-016
4845.945946 3.279998e-016
4848.048048 3.217457e-016
4850.150150 3.096529e-016
4852.252252 3.111401e-016
4854.354354 3.094356e-016
4856.456456 3.003347e-016
4858.558559 3.166516e-016
4860.660661 3.255933e-016
4862.762763 3.387309e-016
4864.864865 3.329532e-016
4866.966967 3.272835e-016
4869.069069 3.182612e-016
4871.171171 3.175389e-016
4873.273273 3.150672e-016
4875.375375 3.096802e-016
4877.477477 3.210679e-016
4879.579580 3.337952e-016
4881.681682 3.168725e-016
4883.783784 3.028884e-016
4885.885886 2.931078e-016
4887.987988 3.251277e-016
4890.090090 3.438092e-016
4892.192192 3.375797e-016
4894.294294 3.079758e-016
4896.396396 2.906648e-016
4898.498498 3.055887e-016
4900.600601 3.389709e-016
4902.702703 3.635843e-016
4904.804805 3.553760e-016
4906.906907 3.500420e-016
4909.009009 3.470572e-016
4911.111111 3.205339e-016
4913.213213 2.971005e-016
4915.315315 3.155329e-016
4917.417417 3.409791e-016
4919.519520 3.345696e-016
4921.621622 3.062716e-016
4923.723724 2.956664e-016
4925.825826 3.168513e-016
4927.927928 3.388149e-016
4930.030030 3.250693e-016
4932.132132 3.291549e-016
4934.234234 3.278440e-016
4936.336336 3.469557e-016
4938.438438 3.367265e-016
4940.540541 3.260489e-016
4942.642643 3.470152e-016
4944.744745 3.848237e-016
4946.846847 4.078447e-016
4948.948949 4.097505e-016
4951.051051 3.893669e-016
4953.153153 3.789812e-016
4955.255255 3.608253e-016
4957.357357 3.603184e-016
4959.459459 3.730227e-016
4961.561562 3.654743e-016
4963.663664 3.558771e-016
4965.765766 3.465558e-016
4967.867868 3.454132e-016
4969.969970 3.233384e-016
4972.072072 3.258591e-016
4974.174174 3.149435e-016
4976.276276 3.088965e-016
4978.378378 3.091448e-016
4980.480480 3.186786e-016
4982.582583 3.322796e-016
4984.684685 3.452415e-016
4986.786787 3.288200e-016
4988.888889 3.262955e-016
4990.990991 3.195404e-016
4993.093093 3.169224e-016
4995.195195 3.255776e-016
4997.297297 3.255667e-016
4999.399399 3.120147e-016
5001.501502 3.230292e-016
5003.603604 3.439598e-016
5005.705706 3.368201e-016
5007.807808 3.069457e-016
5009.909910 3.040866e-016
5012.012012 3.270222e-016
5014.114114 3.522963e-016
5016.216216 3.521390e-016
5018.318318 3.407652e-016
5020.420420 3.440378e-016
5022.522523 3.193253e-016
5024.624625 2.922347e-016
5026.726727 2.882465e-016
5028.828829 2.965262e-016
5030.930931 3.048665e-016
5033.033033 3.193506e-016
5035.135135 3.085601e-016
5037.237237 2.997513e-016
5039.339339 2.995860e-016
5041.441441 3.138071e-016
5043.543544 3.302625e-016
5045.645646 3.412532e-016
5047.747748 3.831425e-016
5049.849850 4.015098e-016
5051.951952 3.842460e-016
5054.054054 3.698814e-016
5056.156156 3.301713e-016
5058.258258 2.969945e-016
5060.360360 2.788384e-016
5062.462462 2.843850e-016
5064.564565 2.987966e-016
5066.666667 2.929704e-016
5068.768769 2.877004e-016
5070.870871 2.831434e-016
5072.972973 2.908442e-016
5075.075075 3.093275e-016
5077.177177 3.065766e-016
5079.279279 2.833312e-016
5081.381381 2.587451e-016
5083.483483 2.761677e-016
5085.585586 2.830008e-016
5087.687688 2.985212e-016
5089.789790 3.118943e-016
5091.891892 3.385674e-016
5093.993994 3.986754e-016
5096.096096 4.676232e-016
5098.198198 5.121852e-016
5100.300300 5.069133e-016
5102.402402 4.550597e-016
5104.504505 4.064586e-016
5106.606607 3.693468e-016
5108.708709 3.267498e-016
5110.810811 3.176040e-016
5112.912913 3.064314e-016
5115.015015 2.936377e-016
5117.117117 2.997183e-016
5119.219219 2.916005e-016
5121.321321 2.930409e-016
5123.423423 3.044864e-016
5125.525526 3.096990e-016
5127.627628 3.071457e-016
5129.729730 3.124628e-016
5131.831832 3.257946e-016
5133.933934 3.248834e-016
5136.036036 3.002790e-016
5138.138138 2.950769e-016
5140.240240 3.202217e-016
5142.342342 3.346398e-016
5144.444444 2.977952e-016
5146.546547 2.991427e-016
5148.648649 3.158082e-016
5150.750751 3.170357e-016
5152.852853 3.301989e-016
5154.954955 2.899726e-016
5157.057057 3.224628e-016
5159.159159 3.386667e-016
5161.261261 3.251624e-016
5163.363363 3.211079e-016
5165.465465 3.059228e-016
5167.567568 2.755517e-016
5169.669670 3.049641e-016
5171.771772 3.234660e-016
5173.873874 3.514339e-016
5175.975976 3.456957e-016
5178.078078 3.275949e-016
5180.180180 3.085366e-016
5182.282282 3.137394e-016
5184.384384 3.202874e-016
5186.486486 3.299115e-016
5188.588589 3.444529e-016
5190.690691 3.469700e-016
5192.792793 3.173074e-016
5194.894895 3.172472e-016
5196.996997 2.946420e-016
5199.099099 3.032473e-016
5201.201201 3.132090e-016
5203.303303 3.075413e-016
5205.405405 2.911020e-016
5207.507508 2.821020e-016
5209.609610 3.168761e-016
5211.711712 3.137512e-016
5213.813814 3.188237e-016
5215.915916 3.211247e-016
5218.018018 3.094755e-016
5220.120120 3.334716e-016
5222.222222 3.194917e-016
5224.324324 3.080692e-016
5226.426426 2.808512e-016
5228.528529 2.847962e-016
5230.630631 3.020178e-016
5232.732733 3.220650e-016
5234.834835 3.197526e-016
5236.936937 3.021687e-016
5239.039039 3.327462e-016
5241.141141 3.229388e-016
5243.243243 3.009561e-016
5245.345345 3.164871e-016
5247.447447 3.263052e-016
5249.549550 3.093633e-016
5251.651652 2.982148e-016
5253.753754 3.303499e-016
5255.855856 3.835794e-016
5257.957958 3.636612e-016
5260.060060 3.243348e-016
5262.162162 2.883962e-016
5264.264264 3.396665e-016
5266.366366 3.997779e-016
5268.468468 3.327996e-016
5270.570571 3.269628e-016
5272.672673 2.992206e-016
5274.774775 3.237225e-016
5276.876877 3.042800e-016
5278.978979 2.251972e-016
5281.081081 2.681562e-016
5283.183183 3.619347e-016
5285.285285 3.781365e-016
5287.387387 3.446082e-016
5289.489489 3.270384e-016
5291.591592 3.255373e-016
5293.693694 3.401704e-016
5295.795796 3.479037e-016
5297.897898 3.383934e-016
5300.000000 2.709483e-016
5302.102102 3.986845e-016
5304.204204 3.519533e-016
5306.306306 3.374439e-016
5308.408408 3.434463e-016
5310.510511 3.469383e-016
5312.612613 3.416428e-016
5314.714715 3.414153e-016
5316.816817 3.564717e-016
5318.918919 3.663634e-016
5321.021021 3.573951e-016
5323.123123 3.327459e-016
5325.225225 3.402433e-016
5327.327327 3.717883e-016
5329.429429 3.617630e-016
5331.531532 3.344640e-016
5333.633634 3.200575e-016
5335.735736 3.107889e-016
5337.837838 3.011072e-016
5339.939940 2.928270e-016
5342.042042 3.085304e-016
5344.144144 3.326492e-016
5346.246246 3.298291e-016
5348.348348 3.074801e-016
5350.450450 2.946688e-016
5352.552553 3.259692e-016
5354.654655 3.419143e-016
5356.756757 3.125597e-016
5358.858859 3.254847e-016
5360.960961 3.601755e-016
5363.063063 3.604470e-016
5365.165165 3.497007e-016
5367.267267 3.456167e-016
5369.369369 3.510798e-016
5371.471471 3.587571e-016
5373.573574 3.605993e-016
5375.675676 3.534347e-016
5377.777778 3.400893e-016
5379.879880 3.251724e-016
5381.981982 3.110711e-016
5384.084084 2.982140e-016
5386.186186 2.876912e-016
5388.288288 2.884853e-016
5390.390390 2.972585e-016
5392.492492 3.021191e-016
5394.594595 3.273709e-016
5396.696697 3.661563e-016
5398.798799 3.567264e-016
5400.900901 3.272035e-016
5403.003003 3.204825e-016
5405.105105 3.173868e-016
5407.207207 3.186092e-016
5409.309309 3.318507e-016
5411.411411 3.304041e-016
5413.513514 3.084500e-016
5415.615616 2.880783e-016
5417.717718 2.913130e-016
5419.819820 3.180459e-016
5421.921922 3.329550e-016
5424.024024 3.325848e-016
5426.126126 3.266874e-016
5428.228228 3.135155e-016
5430.330330 3.030906e-016
5432.432432 3.078296e-016
5434.534535 3.139341e-016
5436.636637 3.095636e-016
5438.738739 2.939553e-016
5440.840841 2.739470e-016
5442.942943 2.608360e-016
5445.045045 2.663564e-016
5447.147147 2.905047e-016
5449.249249 3.196767e-016
5451.351351 3.192845e-016
5453.453453 2.962320e-016
5455.555556 2.875760e-016
5457.657658 2.924738e-016
5459.759760 2.997857e-016
5461.861862 2.983551e-016
5463.963964 2.950513e-016
5466.066066 3.004754e-016
5468.168168 3.181833e-016
5470.270270 3.255285e-016
5472.372372 3.032957e-016
5474.474474 2.981544e-016
5476.576577 3.124235e-016
5478.678679 3.054208e-016
5480.780781 2.907328e-016
5482.882883 2.825460e-016
5484.984985 2.752568e-016
5487.087087 2.681145e-016
5489.189189 2.639571e-016
5491.291291 2.712425e-016
5493.393393 2.791008e-016
5495.495495 2.720002e-016
5497.597598 2.670170e-016
5499.699700 2.723951e-016
5501.801802 2.803182e-016
5503.903904 2.794599e-016
5506.006006 2.676173e-016
5508.108108 2.590749e-016
5510.210210 2.639796e-016
5512.312312 2.809291e-016
5514.414414 2.872270e-016
5516.516517 2.700396e-016
5518.618619 2.341029e-016
5520.720721 2.164407e-016
5522.822823 2.301437e-016
5524.924925 2.516255e-016
5527.027027 2.686611e-016
5529.129129 2.751594e-016
5531.231231 2.705603e-016
5533.333333 2.612140e-016
5535.435435 2.543943e-016
5537.537538 2.493444e-016
5539.639640 2.478449e-016
5541.741742 2.517026e-016
5543.843844 2.454276e-016
5545.945946 2.293515e-016
5548.048048 2.271769e-016
5550.150150 2.428392e-016
5552.252252 2.629400e-016
5554.354354 2.543142e-016
5556.456456 2.444528e-016
5558.558559 2.707191e-016
5560.660661 2.768121e-016
5562.762763 2.505786e-016
5564.864865 2.295288e-016
5566.966967 2.212911e-016
5569.069069 2.231489e-016
5571.171171 2.277573e-016
5573.273273 2.233655e-016
5575.375375 2.111394e-016
5577.477477 2.255036e-016
5579.579580 2.525839e-016
5581.681682 2.564175e-016
5583.783784 2.473216e-016
5585.885886 2.351355e-016
5587.987988 2.221012e-016
5590.090090 2.230031e-016
5592.192192 2.419560e-016
5594.294294 2.622692e-016
5596.396396 2.556351e-016
5598.498498 2.170027e-016
5600.600601 2.149860e-016
5602.702703 2.382854e-016
5604.804805 2.296110e-016
5606.906907 2.179982e-016
5609.009009 2.251596e-016
5611.111111 2.433783e-016
5613.213213 2.584778e-016
5615.315315 2.593258e-016
5617.417417 2.463657e-016
5619.519520 2.370914e-016
5621.621622 2.432240e-016
5623.723724 2.331972e-016
5625.825826 2.074706e-016
5627.927928 1.930311e-016
5630.030030 1.955728e-016
5632.132132 2.052694e-016
5634.234234 2.011024e-016
5636.336336 1.986422e-016
5638.438438 2.102789e-016
5640.540541 2.126577e-016
5642.642643 2.063504e-016
5644.744745 2.039248e-016
5646.846847 2.087214e-016
5648.948949 2.104004e-016
5651.051051 1.942478e-016
5653.153153 1.924934e-016
5655.255255 2.152822e-016
5657.357357 2.248976e-016
5659.459459 2.158538e-016
5661.561562 1.989111e-016
5663.663664 1.887671e-016
5665.765766 1.893454e-016
5667.867868 1.962531e-016
5669.969970 2.067927e-016
5672.072072 2.169792e-016
5674.174174 2.225196e-016
5676.276276 2.207133e-016
5678.378378 2.147401e-016
5680.480480 2.154348e-016
5682.582583 2.140689e-016
5684.684685 2.026362e-016
5686.786787 2.004989e-016
5688.888889 2.022238e-016
5690.990991 1.905961e-016
5693.093093 1.848714e-016
5695.195195 1.918866e-016
5697.297297 1.970399e-016
5699.399399 1.984514e-016
5701.501502 1.963399e-016
5703.603604 1.880247e-016
5705.705706 1.750668e-016
5707.807808 1.619736e-016
5709.909910 1.539951e-016
5712.012012 1.586277e-016
5714.114114 1.791597e-016
5716.216216 1.892867e-016
5718.318318 1.834963e-016
5720.420420 1.892730e-016
5722.522523 1.950517e-016
5724.624625 1.882458e-016
5726.726727 1.829563e-016
5728.828829 1.865268e-016
5730.930931 1.951497e-016
5733.033033 1.797857e-016
5735.135135 1.573822e-016
5737.237237 1.756142e-016
5739.339339 1.981031e-016
5741.441441 1.940445e-016
5743.543544 1.741092e-016
5745.645646 1.627382e-016
5747.747748 1.728534e-016
5749.849850 1.759024e-016
5751.951952 1.739161e-016
5754.054054 1.826286e-016
5756.156156 1.845759e-016
5758.258258 1.754856e-016
5760.360360 1.686882e-016
5762.462462 1.700435e-016
5764.564565 1.781690e-016
5766.666667 1.839410e-016
5768.768769 1.835997e-016
5770.870871 1.813757e-016
5772.972973 1.956102e-016
5775.075075 2.125511e-016
5777.177177 2.035038e-016
5779.279279 1.745801e-016
5781.381381 1.517118e-016
5783.483483 1.667128e-016
5785.585586 1.889953e-016
5787.687688 1.862107e-016
5789.789790 1.630451e-016
5791.891892 1.486897e-016
5793.993994 1.677486e-016
5796.096096 1.974946e-016
5798.198198 2.163792e-016
5800.300300 2.144364e-016
5802.402402 2.026962e-016
5804.504505 1.947669e-016
5806.606607 1.976660e-016
5808.708709 1.959546e-016
5810.810811 1.821968e-016
5812.912913 1.823124e-016
5815.015015 1.947261e-016
5817.117117 2.053247e-016
5819.219219 2.155811e-016
5821.321321 2.268819e-016
5823.423423 2.376803e-016
5825.525526 2.360234e-016
5827.627628 2.199656e-016
5829.729730 2.049367e-016
5831.831832 1.997393e-016
5833.933934 2.074007e-016
5836.036036 2.264577e-016
5838.138138 2.383003e-016
5840.240240 2.259873e-016
5842.342342 2.163362e-016
5844.444444 2.165506e-016
5846.546547 2.093760e-016
5848.648649 2.059923e-016
5850.750751 2.126103e-016
5852.852853 2.161695e-016
5854.954955 2.244083e-016
5857.057057 2.502749e-016
5859.159159 2.986698e-016
5861.261261 3.377340e-016
5863.363363 3.267149e-016
5865.465465 2.899038e-016
5867.567568 2.541987e-016
5869.669670 2.312826e-016
5871.771772 2.273387e-016
5873.873874 2.361948e-016
5875.975976 2.367873e-016
5878.078078 2.387544e-016
5880.180180 2.543752e-016
5882.282282 2.552991e-016
5884.384384 2.407397e-016
5886.486486 2.317197e-016
5888.588589 2.311453e-016
5890.690691 2.312110e-016
5892.792793 2.180808e-016
5894.894895 2.087667e-016
5896.996997 2.192625e-016
5899.099099 2.410440e-016
5901.201201 2.518605e-016
5903.303303 2.358566e-016
5905.405405 2.173409e-016
5907.507508 2.168066e-016
5909.609610 2.384816e-016
5911.711712 2.505511e-016
5913.813814 2.379570e-016
5915.915916 2.231951e-016
5918.018018 2.212523e-016
5920.120120 2.317070e-016
5922.222222 2.270691e-016
5924.324324 2.119806e-016
5926.426426 2.076183e-016
5928.528529 2.131460e-016
5930.630631 2.242319e-016
5932.732733 2.359638e-016
5934.834835 2.390969e-016
5936.936937 2.336453e-016
5939.039039 2.346025e-016
5941.141141 2.397383e-016
5943.243243 2.413950e-016
5945.345345 2.388113e-016
5947.447447 2.370439e-016
5949.549550 2.402364e-016
5951.651652 2.283906e-016
5953.753754 2.091267e-016
5955.855856 2.189355e-016
5957.957958 2.347176e-016
5960.060060 2.347882e-016
5962.162162 2.344797e-016
5964.264264 2.393105e-016
5966.366366 2.476092e-016
5968.468468 2.524355e-016
5970.570571 2.508622e-016
5972.672673 2.463512e-016
5974.774775 2.563347e-016
5976.876877 2.767959e-016
5978.978979 2.774102e-016
5981.081081 2.832297e-016
5983.183183 3.107435e-016
5985.285285 3.203531e-016
5987.387387 3.119162e-016
5989.489489 3.011546e-016
5991.591592 2.750290e-016
5993.693694 2.400498e-016
5995.795796 2.188754e-016
5997.897898 2.161044e-016
6000.000000 2.266870e-016
6002.102102 2.394551e-016
6004.204204 2.384109e-016
6006.306306 2.214012e-016
6008.408408 2.190906e-016
6010.510511 2.281927e-016
6012.612613 2.293967e-016
6014.714715 2.310034e-016
6016.816817 2.392154e-016
6018.918919 2.521109e-016
6021.021021 2.500020e-016
6023.123123 2.298396e-016
6025.225225 2.210938e-016
6027.327327 2.203155e-016
6029.429429 2.171629e-016
6031.531532 2.229639e-016
6033.633634 2.377318e-016
6035.735736 2.519466e-016
6037.837838 2.512764e-016
6039.939940 2.415404e-016
6042.042042 2.472768e-016
6044.144144 2.521337e-016
6046.246246 2.434968e-016
6048.348348 2.381372e-016
6050.450450 2.384747e-016
6052.552553 2.403183e-016
6054.654655 2.429646e-016
6056.756757 2.422023e-016
6058.858859 2.348947e-016
6060.960961 2.369513e-016
6063.063063 2.494325e-016
6065.165165 2.519408e-016
6067.267267 2.403135e-016
6069.369369 2.245137e-016
6071.471471 2.293218e-016
6073.573574 2.432852e-016
6075.675676 2.440293e-016
6077.777778 2.410407e-016
6079.879880 2.492427e-016
6081.981982 2.770602e-016
6084.084084 2.910366e-016
6086.186186 2.763282e-016
6088.288288 2.585586e-016
6090.390390 2.501112e-016
6092.492492 2.528328e-016
6094.594595 2.572905e-016
6096.696697 2.600777e-016
6098.798799 2.611025e-016
6100.900901 2.542166e-016
6103.003003 2.401581e-016
6105.105105 2.269096e-016
6107.207207 2.214207e-016
6109.309309 2.264947e-016
6111.411411 2.388087e-016
6113.513514 2.470148e-016
6115.615616 2.431269e-016
6117.717718 2.349703e-016
6119.819820 2.311082e-016
6121.921922 2.363970e-016
6124.024024 2.461787e-016
6126.126126 2.510405e-016
6128.228228 2.424692e-016
6130.330330 2.462430e-016
6132.432432 2.675247e-016
6134.534535 2.589648e-016
6136.636637 2.355531e-016
6138.738739 2.303370e-016
6140.840841 2.371571e-016
6142.942943 2.412324e-016
6145.045045 2.298578e-016
6147.147147 2.166846e-016
6149.249249 2.136335e-016
6151.351351 2.209764e-016
6153.453453 2.226152e-016
6155.555556 2.120635e-016
6157.657658 2.134356e-016
6159.759760 2.180608e-016
6161.861862 2.098149e-016
6163.963964 2.110544e-016
6166.066066 2.191188e-016
6168.168168 2.123686e-016
6170.270270 2.076969e-016
6172.372372 2.150152e-016
6174.474474 2.223246e-016
6176.576577 2.276369e-016
6178.678679 2.310767e-016
6180.780781 2.298130e-016
6182.882883 2.225862e-016
6184.984985 2.138383e-016
6187.087087 2.281898e-016
6189.189189 2.529455e-016
6191.291291 2.458332e-016
6193.393393 2.231050e-016
6195.495495 2.083764e-016
6197.597598 2.086605e-016
6199.699700 2.218221e-016
6201.801802 2.360706e-016
6203.903904 2.281762e-016
6206.006006 2.129272e-016
6208.108108 2.203593e-016
6210.210210 2.330964e-016
6212.312312 2.353422e-016
6214.414414 2.253511e-016
6216.516517 2.189411e-016
6218.618619 2.259582e-016
6220.720721 2.353931e-016
6222.822823 2.376855e-016
6224.924925 2.297670e-016
6227.027027 2.230604e-016
6229.129129 2.207019e-016
6231.231231 2.193546e-016
6233.333333 2.254882e-016
6235.435435 2.362794e-016
6237.537538 2.375425e-016
6239.639640 2.296089e-016
6241.741742 2.201463e-016
6243.843844 2.195046e-016
6245.945946 2.277723e-016
6248.048048 2.368905e-016
6250.150150 2.322770e-016
6252.252252 2.197586e-016
6254.354354 2.188632e-016
6256.456456 2.229438e-016
6258.558559 2.251529e-016
6260.660661 2.271493e-016
6262.762763 2.213055e-016
6264.864865 2.060403e-016
6266.966967 1.985515e-016
6269.069069 2.045787e-016
6271.171171 2.191203e-016
6273.273273 2.302924e-016
6275.375375 2.299600e-016
6277.477477 2.181789e-016
6279.579580 2.114936e-016
6281.681682 2.176637e-016
6283.783784 2.241563e-016
6285.885886 2.161814e-016
6287.987988 1.926686e-016
6290.090090 1.869099e-016
6292.192192 1.968568e-016
6294.294294 2.009550e-016
6296.396396 2.099242e-016
6298.498498 2.231004e-016
6300.600601 2.248187e-016
6302.702703 2.171508e-016
6304.804805 2.103651e-016
6306.906907 2.179760e-016
6309.009009 2.298501e-016
6311.111111 2.318632e-016
6313.213213 2.329296e-016
6315.315315 2.320823e-016
6317.417417 2.225672e-016
6319.519520 2.114336e-016
6321.621622 2.077708e-016
6323.723724 2.173169e-016
6325.825826 2.215581e-016
6327.927928 2.122328e-016
6330.030030 2.167764e-016
6332.132132 2.257125e-016
6334.234234 2.198793e-016
6336.336336 2.160288e-016
6338.438438 2.164754e-016
6340.540541 2.115025e-016
6342.642643 2.142765e-016
6344.744745 2.284388e-016
6346.846847 2.391046e-016
6348.948949 2.399034e-016
6351.051051 2.352859e-016
6353.153153 2.444637e-016
6355.255255 2.644825e-016
6357.357357 2.787675e-016
6359.459459 2.732294e-016
6361.561562 2.549637e-016
6363.663664 2.473622e-016
6365.765766 2.523501e-016
6367.867868 2.609782e-016
6369.969970 2.590104e-016
6372.072072 2.516901e-016
6374.174174 2.514949e-016
6376.276276 2.671252e-016
6378.378378 2.825090e-016
6380.480480 2.755128e-016
6382.582583 2.643332e-016
6384.684685 2.641200e-016
6386.786787 2.758928e-016
6388.888889 2.819994e-016
6390.990991 2.758599e-016
6393.093093 2.793546e-016
6395.195195 2.928515e-016
6397.297297 3.072402e-016
6399.399399 3.192987e-016
6401.501502 3.207789e-016
6403.603604 3.054732e-016
6405.705706 2.902161e-016
6407.807808 2.866527e-016
6409.909910 2.927285e-016
6412.012012 3.031047e-016
6414.114114 3.104418e-016
6416.216216 3.077361e-016
6418.318318 2.972874e-016
6420.420420 2.866405e-016
6422.522523 2.823279e-016
6424.624625 2.868594e-016
6426.726727 2.975849e-016
6428.828829 3.024165e-016
6430.930931 3.016343e-016
6433.033033 3.128668e-016
6435.135135 3.260573e-016
6437.237237 3.273742e-016
6439.339339 3.178725e-016
6441.441441 3.079689e-016
6443.543544 3.076722e-016
6445.645646 3.067275e-016
6447.747748 3.047840e-016
6449.849850 3.118922e-016
6451.951952 3.273897e-016
6454.054054 3.444158e-016
6456.156156 3.523880e-016
6458.258258 3.518910e-016
6460.360360 3.489050e-016
6462.462462 3.485907e-016
6464.564565 3.550773e-016
6466.666667 3.673478e-016
6468.768769 3.672252e-016
6470.870871 3.569549e-016
6472.972973 3.594195e-016
6475.075075 3.645979e-016
6477.177177 3.602780e-016
6479.279279 3.475266e-016
6481.381381 3.464409e-016
6483.483483 3.709532e-016
6485.585586 3.974961e-016
6487.687688 4.001526e-016
6489.789790 3.687506e-016
6491.891892 3.530487e-016
6493.993994 3.697296e-016
6496.096096 3.824976e-016
6498.198198 3.781787e-016
6500.300300 3.639846e-016
6502.402402 3.699111e-016
6504.504505 3.867564e-016
6506.606607 3.916674e-016
6508.708709 3.880043e-016
6510.810811 3.843932e-016
6512.912913 3.883051e-016
6515.015015 3.906968e-016
6517.117117 3.862314e-016
6519.219219 3.803201e-016
6521.321321 3.820128e-016
6523.423423 3.949413e-016
6525.525526 4.095933e-016
6527.627628 4.114154e-016
6529.729730 3.927622e-016
6531.831832 3.724783e-016
6533.933934 3.715052e-016
6536.036036 3.988404e-016
6538.138138 4.052096e-016
6540.240240 3.758067e-016
6542.342342 3.670052e-016
6544.444444 3.877931e-016
6546.546547 4.171653e-016
6548.648649 4.144037e-016
6550.750751 3.899161e-016
6552.852853 3.810137e-016
6554.954955 3.863920e-016
6557.057057 3.991070e-016
6559.159159 4.129362e-016
6561.261261 4.217340e-016
6563.363363 4.243970e-016
6565.465465 4.273744e-016
6567.567568 4.214505e-016
6569.669670 4.018686e-016
6571.771772 3.960938e-016
6573.873874 3.995396e-016
6575.975976 3.892120e-016
6578.078078 3.765909e-016
6580.180180 3.735609e-016
6582.282282 3.823122e-016
6584.384384 3.831154e-016
6586.486486 3.677694e-016
6588.588589 3.633096e-016
6590.690691 3.643416e-016
6592.792793 3.567201e-016
6594.894895 3.540089e-016
6596.996997 3.623763e-016
6599.099099 3.768347e-016
6601.201201 3.786360e-016
6603.303303 3.647821e-016
6605.405405 3.559296e-016
6607.507508 3.616464e-016
6609.609610 3.750437e-016
6611.711712 3.650412e-016
6613.813814 3.469696e-016
6615.915916 3.511156e-016
6618.018018 3.613363e-016
6620.120120 3.645468e-016
6622.222222 3.592785e-016
6624.324324 3.600818e-016
6626.426426 3.704428e-016
6628.528529 3.718830e-016
6630.630631 3.607599e-016
6632.732733 3.440388e-016
6634.834835 3.371794e-016
6636.936937 3.416036e-016
6639.039039 3.511073e-016
6641.141141 3.753239e-016
6643.243243 3.981927e-016
6645.345345 3.847394e-016
6647.447447 3.647465e-016
6649.549550 3.685280e-016
6651.651652 3.932234e-016
6653.753754 4.125726e-016
6655.855856 4.068448e-016
6657.957958 4.031430e-016
6660.060060 4.073830e-016
6662.162162 4.100193e-016
6664.264264 4.197897e-016
6666.366366 4.407534e-016
6668.468468 4.690965e-016
6670.570571 5.131026e-016
6672.672673 5.768667e-016
6674.774775 6.497759e-016
6676.876877 7.660144e-016
6678.978979 9.711742e-016
6681.081081 1.288670e-015
6683.183183 1.617102e-015
6685.285285 1.772989e-015
6687.387387 1.607100e-015
6689.489489 1.176604e-015
6691.591592 7.691310e-016
6693.693694 5.371701e-016
6695.795796 4.930024e-016
6697.897898 4.896237e-016
6700.000000 4.746113e-016
6702.102102 4.591272e-016
6704.204204 4.325703e-016
6706.306306 4.013732e-016
6708.408408 3.825127e-016
6710.510511 3.761524e-016
6712.612613 3.699830e-016
6714.714715 3.435399e-016
6716.816817 3.215955e-016
6718.918919 3.278293e-016
6721.021021 3.397899e-016
6723.123123 3.388334e-016
6725.225225 3.197540e-016
6727.327327 3.084618e-016
6729.429429 3.120653e-016
6731.531532 3.141573e-016
6733.633634 3.230912e-016
6735.735736 3.387945e-016
6737.837838 3.386508e-016
6739.939940 3.249006e-016
6742.042042 3.107160e-016
6744.144144 3.051590e-016
6746.246246 3.088041e-016
6748.348348 3.154085e-016
6750.450450 3.173651e-016
6752.552553 3.160800e-016
6754.654655 3.219863e-016
6756.756757 3.327770e-016
6758.858859 3.390584e-016
6760.960961 3.277758e-016
6763.063063 3.068639e-016
6765.165165 2.926844e-016
6767.267267 2.934153e-016
6769.369369 3.002068e-016
6771.471471 2.968784e-016
6773.573574 2.976781e-016
6775.675676 3.084576e-016
6777.777778 3.159853e-016
6779.879880 3.130463e-016
6781.981982 3.017505e-016
6784.084084 2.984337e-016
6786.186186 2.985968e-016
6788.288288 2.923391e-016
6790.390390 2.962524e-016
6792.492492 3.076026e-016
6794.594595 3.076202e-016
6796.696697 3.047586e-016
6798.798799 3.063878e-016
6800.900901 3.081054e-016
6803.003003 3.174036e-016
6805.105105 3.327923e-016
6807.207207 3.219263e-016
6809.309309 2.986703e-016
6811.411411 2.963697e-016
6813.513514 3.033305e-016
6815.615616 3.082851e-016
6817.717718 3.084570e-016
6819.819820 3.004532e-016
6821.921922 2.870823e-016
6824.024024 2.790628e-016
6826.126126 2.806302e-016
6828.228228 2.872896e-016
6830.330330 2.800401e-016
6832.432432 2.711842e-016
6834.534535 2.841927e-016
6836.636637 2.886696e-016
6838.738739 2.700817e-016
6840.840841 2.449290e-016
6842.942943 2.411378e-016
6845.045045 2.618931e-016
6847.147147 2.606016e-016
6849.249249 2.432443e-016
6851.351351 2.350246e-016
6853.453453 2.329482e-016
6855.555556 2.296845e-016
6857.657658 2.195092e-016
6859.759760 2.123835e-016
6861.861862 2.145366e-016
6863.963964 2.220798e-016
6866.066066 2.264280e-016
6868.168168 2.244612e-016
6870.270270 2.277537e-016
6872.372372 2.325676e-016
6874.474474 2.300100e-016
6876.576577 2.253492e-016
6878.678679 2.197134e-016
6880.780781 2.108791e-016
6882.882883 2.101299e-016
6884.984985 2.196653e-016
6887.087087 2.249739e-016
6889.189189 2.234602e-016
6891.291291 2.152645e-016
6893.393393 1.943648e-016
6895.495495 1.743033e-016
6897.597598 1.750454e-016
6899.699700 1.989214e-016
6901.801802 2.251355e-016
6903.903904 2.213747e-016
6906.006006 2.044809e-016
6908.108108 1.974455e-016
6910.210210 2.070152e-016
6912.312312 2.147772e-016
6914.414414 2.041293e-016
6916.516517 1.945404e-016
6918.618619 1.881798e-016
6920.720721 1.786502e-016
6922.822823 1.902294e-016
6924.924925 2.179692e-016
6927.027027 2.238296e-016
6929.129129 2.196620e-016
6931.231231 2.176482e-016
6933.333333 2.008959e-016
6935.435435 1.933317e-016
6937.537538 2.160654e-016
6939.639640 2.238976e-016
6941.741742 2.088698e-016
6943.843844 1.952719e-016
6945.945946 1.840243e-016
6948.048048 1.776036e-016
6950.150150 1.837443e-016
6952.252252 1.981189e-016
6954.354354 2.106401e-016
6956.456456 2.090136e-016
6958.558559 2.049301e-016
6960.660661 2.125043e-016
6962.762763 2.058889e-016
6964.864865 1.916637e-016
6966.966967 2.000978e-016
6969.069069 1.994652e-016
6971.171171 1.823351e-016
6973.273273 1.928664e-016
6975.375375 2.139195e-016
6977.477477 2.187031e-016
6979.579580 2.157677e-016
6981.681682 2.086358e-016
6983.783784 1.988559e-016
6985.885886 1.960262e-016
6987.987988 1.991307e-016
6990.090090 1.974429e-016
6992.192192 1.909481e-016
6994.294294 1.878850e-016
6996.396396 2.027436e-016
6998.498498 2.210642e-016
7000.600601 2.237451e-016
7002.702703 2.148833e-016
7004.804805 1.977277e-016
7006.906907 1.773477e-016
7009.009009 1.770016e-016
7011.111111 1.920488e-016
7013.213213 1.889980e-016
7015.315315 1.865181e-016
7017.417417 1.982834e-016
7019.519520 2.002564e-016
7021.621622 1.944485e-016
7023.723724 1.934663e-016
7025.825826 2.028385e-016
7027.927928 2.096614e-016
7030.030030 1.952487e-016
7032.132132 1.775784e-016
7034.234234 1.764272e-016
7036.336336 1.990760e-016
7038.438438 2.155676e-016
7040.540541 2.044076e-016
7042.642643 1.877318e-016
7044.744745 1.854094e-016
7046.846847 2.029420e-016
7048.948949 2.088936e-016
7051.051051 2.008220e-016
7053.153153 2.014667e-016
7055.255255 1.965832e-016
7057.357357 1.816311e-016
7059.459459 1.760451e-016
7061.561562 1.820960e-016
7063.663664 1.938315e-016
7065.765766 2.026191e-016
7067.867868 2.120493e-016
7069.969970 2.261418e-016
7072.072072 2.187637e-016
7074.174174 1.914844e-016
7076.276276 1.740106e-016
7078.378378 1.707062e-016
7080.480480 1.761918e-016
7082.582583 1.816462e-016
7084.684685 1.869295e-016
7086.786787 1.942647e-016
7088.888889 2.007468e-016
7090.990991 2.043063e-016
7093.093093 2.040417e-016
7095.195195 1.994156e-016
7097.297297 1.939928e-016
7099.399399 1.940671e-016
7101.501502 1.940844e-016
7103.603604 1.897125e-016
7105.705706 1.853848e-016
7107.807808 1.863758e-016
7109.909910 1.944701e-016
7112.012012 2.023779e-016
7114.114114 2.009350e-016
7116.216216 1.864812e-016
7118.318318 1.831970e-016
7120.420420 1.968755e-016
7122.522523 2.045271e-016
7124.624625 2.048160e-016
7126.726727 2.027697e-016
7128.828829 2.008565e-016
7130.930931 1.977210e-016
7133.033033 1.933200e-016
7135.135135 2.013716e-016
7137.237237 2.133264e-016
7139.339339 2.069379e-016
7141.441441 1.987521e-016
7143.543544 2.021954e-016
7145.645646 2.120811e-016
7147.747748 2.196564e-016
7149.849850 2.175279e-016
7151.951952 2.048654e-016
7154.054054 1.938468e-016
7156.156156 1.972717e-016
7158.258258 2.045426e-016
7160.360360 2.046336e-016
7162.462462 1.938001e-016
7164.564565 1.921340e-016
7166.666667 2.069076e-016
7168.768769 2.157639e-016
7170.870871 2.151499e-016
7172.972973 2.112525e-016
7175.075075 2.124716e-016
7177.177177 2.162733e-016
7179.279279 2.151414e-016
7181.381381 2.156886e-016
7183.483483 2.188188e-016
7185.585586 2.179809e-016
7187.687688 2.168406e-016
7189.789790 2.236276e-016
7191.891892 2.475815e-016
7193.993994 2.785806e-016
7196.096096 2.973066e-016
7198.198198 2.873898e-016
7200.300300 2.518545e-016
7202.402402 2.115936e-016
7204.504505 2.049537e-016
7206.606607 2.264611e-016
7208.708709 2.199840e-016
7210.810811 2.028960e-016
7212.912913 2.025411e-016
7215.015015 2.138180e-016
7217.117117 2.211706e-016
7219.219219 2.127150e-016
7221.321321 2.052076e-016
7223.423423 2.069721e-016
7225.525526 2.137978e-016
7227.627628 2.133487e-016
7229.729730 2.048852e-016
7231.831832 2.051984e-016
7233.933934 2.040078e-016
7236.036036 1.908721e-016
7238.138138 1.775662e-016
7240.240240 1.755228e-016
7242.342342 1.893432e-016
7244.444444 2.060144e-016
7246.546547 2.135875e-016
7248.648649 2.083704e-016
7250.750751 2.149702e-016
7252.852853 2.331450e-016
7254.954955 2.161908e-016
7257.057057 1.905051e-016
7259.159159 1.948836e-016
7261.261261 2.185862e-016
7263.363363 2.398014e-016
7265.465465 2.388054e-016
7267.567568 2.216438e-016
7269.669670 2.034310e-016
7271.771772 1.997546e-016
7273.873874 2.099748e-016
7275.975976 2.253619e-016
7278.078078 2.350040e-016
7280.180180 2.339069e-016
7282.282282 2.260281e-016
7284.384384 2.303508e-016
7286.486486 2.397116e-016
7288.588589 2.327385e-016
7290.690691 2.235444e-016
7292.792793 2.183124e-016
7294.894895 2.065081e-016
7296.996997 2.049626e-016
7299.099099 2.215752e-016
7301.201201 2.309806e-016
7303.303303 2.255341e-016
7305.405405 2.097142e-016
7307.507508 1.884411e-016
7309.609610 1.765940e-016
7311.711712 1.887156e-016
7313.813814 2.008491e-016
7315.915916 1.961587e-016
7318.018018 1.820663e-016
7320.120120 1.748623e-016
7322.222222 1.822336e-016
7324.324324 1.843698e-016
7326.426426 1.892838e-016
7328.528529 2.103087e-016
7330.630631 2.143376e-016
7332.732733 1.984584e-016
7334.834835 1.914412e-016
7336.936937 1.966414e-016
7339.039039 2.067633e-016
7341.141141 2.095998e-016
7343.243243 2.071391e-016
7345.345345 2.058016e-016
7347.447447 2.064095e-016
7349.549550 2.042580e-016
7351.651652 1.950711e-016
7353.753754 1.901298e-016
7355.855856 1.956486e-016
7357.957958 2.078724e-016
7360.060060 2.121654e-016
7362.162162 2.047714e-016
7364.264264 2.055267e-016
7366.366366 2.101156e-016
7368.468468 2.080452e-016
7370.570571 2.055405e-016
7372.672673 2.053857e-016
7374.774775 2.053290e-016
7376.876877 1.935300e-016
7378.978979 1.775457e-016
7381.081081 1.855212e-016
7383.183183 1.953204e-016
7385.285285 1.890378e-016
7387.387387 1.908869e-016
7389.489489 1.907286e-016
7391.591592 1.744749e-016
7393.693694 1.760550e-016
7395.795796 1.937994e-016
7397.897898 1.973091e-016
7400.000000 1.920807e-016
7402.102102 1.843072e-016
7404.204204 1.709223e-016
7406.306306 1.733546e-016
7408.408408 1.998138e-016
7410.510511 2.135700e-016
7412.612613 2.045179e-016
7414.714715 1.854002e-016
7416.816817 1.837119e-016
7418.918919 1.970275e-016
7421.021021 1.965330e-016
7423.123123 1.888290e-016
7425.225225 1.802981e-016
7427.327327 1.634960e-016
7429.429429 1.562694e-016
7431.531532 1.722783e-016
7433.633634 1.915431e-016
7435.735736 1.993446e-016
7437.837838 1.914114e-016
7439.939940 1.773715e-016
7442.042042 1.728585e-016
7444.144144 1.904482e-016
7446.246246 2.008723e-016
7448.348348 1.893898e-016
7450.450450 1.867274e-016
7452.552553 1.968926e-016
7454.654655 2.077211e-016
7456.756757 1.991070e-016
7458.858859 1.841990e-016
7460.960961 1.906273e-016
7463.063063 1.915367e-016
7465.165165 1.767560e-016
7467.267267 1.675911e-016
7469.369369 1.699002e-016
7471.471471 1.758656e-016
7473.573574 1.623999e-016
7475.675676 1.436448e-016
7477.777778 1.449510e-016
7479.879880 1.640238e-016
7481.981982 1.826097e-016
7484.084084 1.794651e-016
7486.186186 1.697096e-016
7488.288288 1.671957e-016
7490.390390 1.705977e-016
7492.492492 1.840391e-016
7494.594595 2.019313e-016
7496.696697 1.965435e-016
7498.798799 1.761036e-016
7500.900901 1.653203e-016
7503.003003 1.671051e-016
7505.105105 1.746498e-016
7507.207207 1.766419e-016
7509.309309 1.705827e-016
7511.411411 1.644806e-016
7513.513514 1.755609e-016
7515.615616 1.850397e-016
7517.717718 1.723543e-016
7519.819820 1.478773e-016
7521.921922 1.404030e-016
7524.024024 1.703805e-016
7526.126126 1.872770e-016
7528.228228 1.721182e-016
7530.330330 1.532876e-016
7532.432432 1.540974e-016
7534.534535 1.752177e-016
7536.636637 1.826634e-016
7538.738739 1.753166e-016
7540.840841 1.662407e-016
7542.942943 1.597044e-016
7545.045045 1.592343e-016
7547.147147 1.650631e-016
7549.249249 1.661120e-016
7551.351351 1.610892e-016
7553.453453 1.616321e-016
7555.555556 1.663910e-016
7557.657658 1.684288e-016
7559.759760 1.589856e-016
7561.861862 1.490842e-016
7563.963964 1.513029e-016
7566.066066 1.499688e-016
7568.168168 1.437625e-016
7570.270270 1.439801e-016
7572.372372 1.507646e-016
7574.474474 1.596817e-016
7576.576577 1.641792e-016
7578.678679 1.547010e-016
7580.780781 1.346828e-016
7582.882883 1.351522e-016
7584.984985 1.482506e-016
7587.087087 1.516334e-016
7589.189189 1.592406e-016
7591.291291 1.712193e-016
7593.393393 1.739264e-016
7595.495495 1.814668e-016
7597.597598 1.879917e-016
7599.699700 1.528724e-016
7601.801802 1.132666e-016
7603.903904 1.101104e-016
7606.006006 1.133339e-016
7608.108108 1.220016e-016
7610.210210 1.466941e-016
7612.312312 1.539378e-016
7614.414414 1.409883e-016
7616.516517 1.397053e-016
7618.618619 1.455781e-016
7620.720721 1.470299e-016
7622.822823 1.386758e-016
7624.924925 1.440082e-016
7627.027027 1.781846e-016
7629.129129 2.010900e-016
7631.231231 1.893958e-016
7633.333333 1.485640e-016
7635.435435 1.330382e-016
7637.537538 1.559505e-016
7639.639640 1.721492e-016
7641.741742 1.596813e-016
7643.843844 1.320502e-016
7645.945946 1.512981e-016
7648.048048 1.837382e-016
7650.150150 1.750509e-016
7652.252252 1.683709e-016
7654.354354 1.721761e-016
7656.456456 1.629901e-016
7658.558559 1.466398e-016
7660.660661 1.332288e-016
7662.762763 1.295017e-016
7664.864865 1.294106e-016
7666.966967 1.289056e-016
7669.069069 1.390667e-016
7671.171171 1.533699e-016
7673.273273 1.583533e-016
7675.375375 1.533404e-016
7677.477477 1.416077e-016
7679.579580 1.295467e-016
7681.681682 1.345575e-016
7683.783784 1.555962e-016
7685.885886 1.635039e-016
7687.987988 1.534603e-016
7690.090090 1.356682e-016
7692.192192 1.285436e-016
7694.294294 1.322743e-016
7696.396396 1.364526e-016
7698.498498 1.432065e-016
7700.600601 1.484520e-016
7702.702703 1.429068e-016
7704.804805 1.384034e-016
7706.906907 1.402327e-016
7709.009009 1.330397e-016
7711.111111 1.347203e-016
7713.213213 1.593370e-016
7715.315315 1.717429e-016
7717.417417 1.617462e-016
7719.519520 1.428341e-016
7721.621622 1.324075e-016
7723.723724 1.371616e-016
7725.825826 1.483347e-016
7727.927928 1.481144e-016
7730.030030 1.318413e-016
7732.132132 1.228983e-016
7734.234234 1.314921e-016
7736.336336 1.510047e-016
7738.438438 1.484617e-016
7740.540541 1.314419e-016
7742.642643 1.358157e-016
7744.744745 1.610591e-016
7746.846847 1.855395e-016
7748.948949 1.768685e-016
7751.051051 1.533546e-016
7753.153153 1.412963e-016
7755.255255 1.407898e-016
7757.357357 1.475452e-016
7759.459459 1.553870e-016
7761.561562 1.618947e-016
7763.663664 1.619400e-016
7765.765766 1.507809e-016
7767.867868 1.404653e-016
7769.969970 1.403410e-016
7772.072072 1.482887e-016
7774.174174 1.620108e-016
7776.276276 1.738464e-016
7778.378378 1.648596e-016
7780.480480 1.451879e-016
7782.582583 1.374434e-016
7784.684685 1.369461e-016
7786.786787 1.389653e-016
7788.888889 1.432212e-016
7790.990991 1.511216e-016
7793.093093 1.581911e-016
7795.195195 1.508963e-016
7797.297297 1.326881e-016
7799.399399 1.170161e-016
7801.501502 1.209156e-016
7803.603604 1.403833e-016
7805.705706 1.557752e-016
7807.807808 1.460282e-016
7809.909910 1.199079e-016
7812.012012 1.151853e-016
7814.114114 1.244727e-016
7816.216216 1.334171e-016
7818.318318 1.432781e-016
7820.420420 1.560408e-016
7822.522523 1.698605e-016
7824.624625 1.689844e-016
7826.726727 1.568744e-016
7828.828829 1.492338e-016
7830.930931 1.330206e-016
7833.033033 1.147193e-016
7835.135135 1.280715e-016
7837.237237 1.458431e-016
7839.339339 1.414774e-016
7841.441441 1.359454e-016
7843.543544 1.364138e-016
7845.645646 1.395071e-016
7847.747748 1.363660e-016
7849.849850 1.312439e-016
7851.951952 1.371217e-016
7854.054054 1.413412e-016
7856.156156 1.364631e-016
7858.258258 1.316323e-016
7860.360360 1.336291e-016
7862.462462 1.413268e-016
7864.564565 1.377950e-016
7866.666667 1.293638e-016
7868.768769 1.326855e-016
7870.870871 1.443778e-016
7872.972973 1.546697e-016
7875.075075 1.534322e-016
7877.177177 1.453808e-016
7879.279279 1.401984e-016
7881.381381 1.463176e-016
7883.483483 1.562784e-016
7885.585586 1.575948e-016
7887.687688 1.436830e-016
7889.789790 1.292903e-016
7891.891892 1.345213e-016
7893.993994 1.392932e-016
7896.096096 1.334127e-016
7898.198198 1.270931e-016
7900.300300 1.303998e-016
7902.402402 1.416941e-016
7904.504505 1.390918e-016
7906.606607 1.260700e-016
7908.708709 1.178696e-016
7910.810811 1.249022e-016
7912.912913 1.342780e-016
7915.015015 1.244874e-016
7917.117117 1.249073e-016
7919.219219 1.437662e-016
7921.321321 1.505538e-016
7923.423423 1.388987e-016
7925.525526 1.196361e-016
7927.627628 1.186665e-016
7929.729730 1.335736e-016
7931.831832 1.450625e-016
7933.933934 1.353608e-016
7936.036036 1.148873e-016
7938.138138 1.131952e-016
7940.240240 1.269197e-016
7942.342342 1.402685e-016
7944.444444 1.352457e-016
7946.546547 1.212241e-016
7948.648649 1.159744e-016
7950.750751 1.290038e-016
7952.852853 1.440186e-016
7954.954955 1.395211e-016
7957.057057 1.348242e-016
7959.159159 1.402677e-016
7961.261261 1.490867e-016
7963.363363 1.483450e-016
7965.465465 1.344227e-016
7967.567568 1.212467e-016
7969.669670 1.217879e-016
7971.771772 1.359817e-016
7973.873874 1.328211e-016
7975.975976 1.206738e-016
7978.078078 1.265728e-016
7980.180180 1.253629e-016
7982.282282 1.100942e-016
7984.384384 1.031479e-016
7986.486486 1.135497e-016
7988.588589 1.358796e-016
7990.690691 1.475124e-016
7992.792793 1.512608e-016
7994.894895 1.555832e-016
7996.996997 1.428394e-016
7999.099099 1.248914e-016
8001.201201 1.287994e-016
8003.303303 1.340026e-016
8005.405405 1.274693e-016
8007.507508 1.192294e-016
8009.609610 1.182790e-016
8011.711712 1.276637e-016
8013.813814 1.393173e-016
8015.915916 1.405171e-016
8018.018018 1.258248e-016
8020.120120 1.195266e-016
8022.222222 1.224238e-016
8024.324324 1.161120e-016
8026.426426 1.222624e-016
8028.528529 1.391479e-016
8030.630631 1.238557e-016
8032.732733 1.068912e-016
8034.834835 1.196804e-016
8036.936937 1.293540e-016
8039.039039 1.249147e-016
8041.141141 1.137920e-016
8043.243243 1.106053e-016
8045.345345 1.140967e-016
8047.447447 1.086763e-016
8049.549550 1.036312e-016
8051.651652 1.081068e-016
8053.753754 1.199214e-016
8055.855856 1.234673e-016
8057.957958 1.126908e-016
8060.060060 1.208884e-016
8062.162162 1.418208e-016
8064.264264 1.460484e-016
8066.366366 1.336593e-016
8068.468468 1.180201e-016
8070.570571 1.173600e-016
8072.672673 1.181224e-016
8074.774775 1.103714e-016
8076.876877 1.092349e-016
8078.978979 1.120506e-016
8081.081081 1.112430e-016
8083.183183 1.118321e-016
8085.285285 1.121993e-016
8087.387387 1.070703e-016
8089.489489 1.019479e-016
8091.591592 1.015308e-016
8093.693694 1.059956e-016
8095.795796 1.110106e-016
8097.897898 1.141008e-016
8100.000000 1.205680e-016
8102.102102 1.212314e-016
8104.204204 1.085898e-016
8106.306306 1.075921e-016
8108.408408 1.163125e-016
8110.510511 1.114018e-016
8112.612613 1.072037e-016
8114.714715 1.078926e-016
8116.816817 9.330392e-017
8118.918919 8.261412e-017
8121.021021 9.271190e-017
8123.123123 1.015228e-016
8125.225225 1.032373e-016
8127.327327 1.045395e-016
8129.429429 1.151251e-016
8131.531532 1.301934e-016
8133.633634 1.325491e-016
8135.735736 1.192203e-016
8137.837838 1.005086e-016
8139.939940 9.839785e-017
8142.042042 1.053067e-016
8144.144144 1.067576e-016
8146.246246 1.067306e-016
8148.348348 1.053926e-016
8150.450450 9.994249e-017
8152.552553 8.474133e-017
8154.654655 7.413580e-017
8156.756757 9.672714e-017
8158.858859 1.157110e-016
8160.960961 1.061367e-016
8163.063063 9.983655e-017
8165.165165 1.029353e-016
8167.267267 1.086996e-016
8169.369369 1.122152e-016
8171.471471 1.157445e-016
8173.573574 1.242055e-016
8175.675676 1.248610e-016
8177.777778 1.158353e-016
8179.879880 1.117900e-016
8181.981982 1.125366e-016
8184.084084 1.145350e-016
8186.186186 1.185963e-016
8188.288288 1.170382e-016
8190.390390 1.041253e-016
8192.492492 9.224681e-017
8194.594595 9.370311e-017
8196.696697 1.128123e-016
8198.798799 1.272475e-016
8200.900901 1.235660e-016
8203.003003 1.111694e-016
8205.105105 9.862158e-017
8207.207207 9.255205e-017
8209.309309 9.486897e-017
8211.411411 1.041576e-016
8213.513514 1.152828e-016
8215.615616 1.155852e-016
8217.717718 1.083127e-016
8219.819820 1.097307e-016
8221.921922 1.104165e-016
8224.024024 1.056087e-016
8226.126126 1.079565e-016
8228.228228 1.122164e-016
8230.330330 1.113372e-016
8232.432432 1.129704e-016
8234.534535 1.201836e-016
8236.636637 1.300597e-016
8238.738739 1.324268e-016
8240.840841 1.223907e-016
8242.942943 1.043588e-016
8245.045045 9.833133e-017
8247.147147 1.112435e-016
8249.249249 1.199485e-016
8251.351351 1.214985e-016
8253.453453 1.220450e-016
8255.555556 1.242283e-016
8257.657658 1.186758e-016
8259.759760 9.616665e-017
8261.861862 9.330714e-017
8263.963964 1.186478e-016
8266.066066 1.368425e-016
8268.168168 1.375956e-016
8270.270270 1.241540e-016
8272.372372 1.077943e-016
8274.474474 1.020536e-016
8276.576577 1.125843e-016
8278.678679 1.200731e-016
8280.780781 1.238670e-016
8282.882883 1.374505e-016
8284.984985 1.431819e-016
8287.087087 1.332942e-016
8289.189189 1.227052e-016
8291.291291 1.211727e-016
8293.393393 1.288697e-016
8295.495495 1.297794e-016
8297.597598 1.277093e-016
8299.699700 1.323187e-016
8301.801802 1.242103e-016
8303.903904 1.108071e-016
8306.006006 1.212121e-016
8308.108108 1.309917e-016
8310.210210 1.254304e-016
8312.312312 1.262027e-016
8314.414414 1.318413e-016
8316.516517 1.340135e-016
8318.618619 1.323191e-016
8320.720721 1.290774e-016
8322.822823 1.278253e-016
8324.924925 1.305726e-016
8327.027027 1.347403e-016
8329.129129 1.344994e-016
8331.231231 1.329303e-016
8333.333333 1.346102e-016
8335.435435 1.412876e-016
8337.537538 1.491452e-016
8339.639640 1.527352e-016
8341.741742 1.503705e-016
8343.843844 1.415598e-016
8345.945946 1.284803e-016
8348.048048 1.228483e-016
8350.150150 1.265563e-016
8352.252252 1.283144e-016
8354.354354 1.256317e-016
8356.456456 1.242847e-016
8358.558559 1.394954e-016
8360.660661 1.563114e-016
8362.762763 1.550009e-016
8364.864865 1.534328e-016
8366.966967 1.577151e-016
8369.069069 1.611293e-016
8371.171171 1.665436e-016
8373.273273 1.735032e-016
8375.375375 1.755425e-016
8377.477477 1.764626e-016
8379.579580 1.807220e-016
8381.681682 1.861199e-016
8383.783784 1.842327e-016
8385.885886 1.695422e-016
8387.987988 1.574460e-016
8390.090090 1.567734e-016
8392.192192 1.657926e-016
8394.294294 1.860144e-016
8396.396396 2.061408e-016
8398.498498 1.984933e-016
8400.600601 1.897341e-016
8402.702703 2.063025e-016
8404.804805 2.161983e-016
8406.906907 2.116864e-016
8409.009009 2.036089e-016
8411.111111 1.966893e-016
8413.213213 1.929955e-016
8415.315315 1.919414e-016
8417.417417 1.962323e-016
8419.519520 2.049905e-016
8421.621622 2.100917e-016
8423.723724 2.174156e-016
8425.825826 2.309138e-016
8427.927928 2.296947e-016
8430.030030 2.198379e-016
8432.132132 2.235078e-016
8434.234234 2.333216e-016
8436.336336 2.459865e-016
8438.438438 2.680320e-016
8440.540541 2.829411e-016
8442.642643 2.770771e-016
8444.744745 2.562828e-016
8446.846847 2.429547e-016
8448.948949 2.555647e-016
8451.051051 2.773067e-016
8453.153153 2.923461e-016
8455.255255 2.938118e-016
8457.357357 2.900168e-016
8459.459459 2.900502e-016
8461.561562 2.966232e-016
8463.663664 2.936938e-016
8465.765766 2.740143e-016
8467.867868 2.640244e-016
8469.969970 2.667985e-016
8472.072072 2.730483e-016
8474.174174 2.879574e-016
8476.276276 3.032136e-016
8478.378378 3.013159e-016
8480.480480 2.892863e-016
8482.582583 2.822473e-016
8484.684685 2.947468e-016
8486.786787 3.029160e-016
8488.888889 2.894938e-016
8490.990991 2.950997e-016
8493.093093 3.057630e-016
8495.195195 2.870457e-016
8497.297297 2.819540e-016
8499.399399 3.019316e-016
8501.501502 3.138663e-016
8503.603604 3.043416e-016
8505.705706 2.842609e-016
8507.807808 2.932433e-016
8509.909910 3.104825e-016
8512.012012 3.040045e-016
8514.114114 2.944468e-016
8516.216216 2.847732e-016
8518.318318 2.666838e-016
8520.420420 2.559692e-016
8522.522523 2.620163e-016
8524.624625 2.797178e-016
8526.726727 2.966781e-016
8528.828829 2.997909e-016
8530.930931 2.805656e-016
8533.033033 2.592194e-016
8535.135135 2.583327e-016
8537.237237 2.625072e-016
8539.339339 2.591649e-016
8541.441441 2.459809e-016
8543.543544 2.383036e-016
8545.645646 2.422479e-016
8547.747748 2.459168e-016
8549.849850 2.436622e-016
8551.951952 2.389646e-016
8554.054054 2.493410e-016
8556.156156 2.642506e-016
8558.258258 2.644270e-016
8560.360360 2.615017e-016
8562.462462 2.586200e-016
8564.564565 2.493554e-016
8566.666667 2.439318e-016
8568.768769 2.484143e-016
8570.870871 2.564805e-016
8572.972973 2.596305e-016
8575.075075 2.525497e-016
8577.177177 2.383724e-016
8579.279279 2.301975e-016
8581.381381 2.397311e-016
8583.483483 2.533161e-016
8585.585586 2.576994e-016
8587.687688 2.486019e-016
8589.789790 2.423484e-016
8591.891892 2.487977e-016
8593.993994 2.560340e-016
8596.096096 2.571981e-016
8598.198198 2.521772e-016
8600.300300 2.513898e-016
8602.402402 2.557859e-016
8604.504505 2.590734e-016
8606.606607 2.601396e-016
8608.708709 2.580523e-016
8610.810811 2.519094e-016
8612.912913 2.475936e-016
8615.015015 2.488518e-016
8617.117117 2.511128e-016
8619.219219 2.565255e-016
8621.321321 2.676765e-016
8623.423423 2.779739e-016
8625.525526 2.830337e-016
8627.627628 2.819148e-016
8629.729730 2.746440e-016
8631.831832 2.646795e-016
8633.933934 2.584146e-016
8636.036036 2.590467e-016
8638.138138 2.637219e-016
8640.240240 2.607249e-016
8642.342342 2.525042e-016
8644.444444 2.486529e-016
8646.546547 2.522339e-016
8648.648649 2.615650e-016
8650.750751 2.707712e-016
8652.852853 2.723996e-016
8654.954955 2.601013e-016
8657.057057 2.309352e-016
8659.159159 2.188161e-016
8661.261261 2.431950e-016
8663.363363 2.556593e-016
8665.465465 2.454707e-016
8667.567568 2.302083e-016
8669.669670 2.227931e-016
8671.771772 2.231463e-016
8673.873874 2.192253e-016
8675.975976 2.183562e-016
8678.078078 2.231886e-016
8680.180180 2.198882e-016
8682.282282 2.217201e-016
8684.384384 2.392204e-016
8686.486486 2.426292e-016
8688.588589 2.282043e-016
8690.690691 2.127896e-016
8692.792793 2.056664e-016
8694.894895 2.037509e-016
8696.996997 1.934130e-016
8699.099099 1.897959e-016
8701.201201 2.030424e-016
8703.303303 2.171511e-016
8705.405405 2.198138e-016
8707.507508 2.094651e-016
8709.609610 2.094435e-016
8711.711712 2.138421e-016
8713.813814 1.991048e-016
8715.915916 1.922625e-016
8718.018018 2.013344e-016
8720.120120 1.977132e-016
8722.222222 1.859149e-016
8724.324324 1.791475e-016
8726.426426 1.830845e-016
8728.528529 1.872378e-016
8730.630631 1.795203e-016
8732.732733 1.744394e-016
8734.834835 1.786077e-016
8736.936937 1.866202e-016
8739.039039 1.864313e-016
8741.141141 1.770114e-016
8743.243243 1.751160e-016
8745.345345 1.754154e-016
8747.447447 1.705182e-016
8749.549550 1.702581e-016
8751.651652 1.742361e-016
8753.753754 1.761079e-016
8755.855856 1.743501e-016
8757.957958 1.724691e-016
8760.060060 1.767717e-016
8762.162162 1.812686e-016
8764.264264 1.830416e-016
8766.366366 1.900300e-016
8768.468468 1.891260e-016
8770.570571 1.692852e-016
8772.672673 1.475237e-016
8774.774775 1.444162e-016
8776.876877 1.697353e-016
8778.978979 1.893597e-016
8781.081081 1.852791e-016
8783.183183 1.704515e-016
8785.285285 1.583256e-016
8787.387387 1.574750e-016
8789.489489 1.658604e-016
8791.591592 1.690101e-016
8793.693694 1.572371e-016
8795.795796 1.511073e-016
8797.897898 1.615281e-016
8800.000000 1.833797e-016
8802.102102 1.887396e-016
8804.204204 1.691626e-016
8806.306306 1.480685e-016
8808.408408 1.473097e-016
8810.510511 1.673526e-016
8812.612613 1.681216e-016
8814.714715 1.539816e-016
8816.816817 1.495802e-016
8818.918919 1.530666e-016
8821.021021 1.597046e-016
8823.123123 1.655274e-016
8825.225225 1.714236e-016
8827.327327 1.774139e-016
8829.429429 1.803695e-016
8831.531532 1.799891e-016
8833.633634 1.766361e-016
8835.735736 1.696593e-016
8837.837838 1.585590e-016
8839.939940 1.456128e-016
8842.042042 1.437545e-016
8844.144144 1.527027e-016
8846.246246 1.581975e-016
8848.348348 1.528180e-016
8850.450450 1.407029e-016
8852.552553 1.399995e-016
8854.654655 1.442641e-016
8856.756757 1.443945e-016
8858.858859 1.568136e-016
8860.960961 1.709222e-016
8863.063063 1.642251e-016
8865.165165 1.512578e-016
8867.267267 1.436440e-016
8869.369369 1.409418e-016
8871.471471 1.483891e-016
8873.573574 1.640558e-016
8875.675676 1.723430e-016
8877.777778 1.703467e-016
8879.879880 1.638461e-016
8881.981982 1.615152e-016
8884.084084 1.675337e-016
8886.186186 1.783905e-016
8888.288288 1.706553e-016
8890.390390 1.495893e-016
8892.492492 1.570644e-016
8894.594595 1.675592e-016
8896.696697 1.587849e-016
8898.798799 1.661752e-016
8900.900901 1.761669e-016
8903.003003 1.629370e-016
8905.105105 1.577711e-016
8907.207207 1.654366e-016
8909.309309 1.640283e-016
8911.411411 1.585470e-016
8913.513514 1.508582e-016
8915.615616 1.307387e-016
8917.717718 1.295784e-016
8919.819820 1.608528e-016
8921.921922 1.602110e-016
8924.024024 1.386407e-016
8926.126126 1.410458e-016
8928.228228 1.404360e-016
8930.330330 1.303948e-016
8932.432432 1.320500e-016
8934.534535 1.356972e-016
8936.636637 1.336006e-016
8938.738739 1.342292e-016
8940.840841 1.360442e-016
8942.942943 1.367474e-016
8945.045045 1.437451e-016
8947.147147 1.542390e-016
8949.249249 1.591887e-016
8951.351351 1.551993e-016
8953.453453 1.467773e-016
8955.555556 1.442355e-016
8957.657658 1.426207e-016
8959.759760 1.370411e-016
8961.861862 1.319799e-016
8963.963964 1.292142e-016
8966.066066 1.298396e-016
8968.168168 1.394068e-016
8970.270270 1.436337e-016
8972.372372 1.228666e-016
8974.474474 1.079605e-016
8976.576577 1.137140e-016
8978.678679 1.206937e-016
8980.780781 1.305863e-016
8982.882883 1.422248e-016
8984.984985 1.353109e-016
8987.087087 1.195263e-016
8989.189189 1.147408e-016
8991.291291 1.167566e-016
8993.393393 1.187963e-016
8995.495495 1.160601e-016
8997.597598 1.115760e-016
8999.699700 1.078580e-016
9001.801802 1.034867e-016
9003.903904 1.026513e-016
9006.006006 1.079270e-016
9008.108108 1.141533e-016
9010.210210 1.154945e-016
9012.312312 1.100823e-016
9014.414414 1.109605e-016
9016.516517 1.168124e-016
9018.618619 1.131061e-016
9020.720721 1.150962e-016
9022.822823 1.280513e-016
9024.924925 1.296607e-016
9027.027027 1.231821e-016
9029.129129 1.181524e-016
9031.231231 1.093830e-016
9033.333333 9.845358e-017
9035.435435 9.197384e-017
9037.537538 9.672645e-017
9039.639640 1.091507e-016
9041.741742 1.157921e-016
9043.843844 1.145697e-016
9045.945946 1.094468e-016
9048.048048 1.078785e-016
9050.150150 1.051101e-016
9052.252252 9.752613e-017
9054.354354 1.041990e-016
9056.456456 1.199214e-016
9058.558559 1.237888e-016
9060.660661 1.214826e-016
9062.762763 1.183429e-016
9064.864865 1.124669e-016
9066.966967 1.071679e-016
9069.069069 1.061118e-016
9071.171171 1.113733e-016
9073.273273 1.089649e-016
9075.375375 9.024492e-017
9077.477477 9.450821e-017
9079.579580 1.137678e-016
9081.681682 1.042971e-016
9083.783784 8.935598e-017
9085.885886 9.038151e-017
9087.987988 1.018298e-016
9090.090090 1.136358e-016
9092.192192 1.166552e-016
9094.294294 1.102260e-016
9096.396396 9.712152e-017
9098.498498 8.471297e-017
9100.600601 9.413699e-017
9102.702703 1.110755e-016
9104.804805 9.520250e-017
9106.906907 8.079121e-017
9109.009009 9.033288e-017
9111.111111 9.531652e-017
9113.213213 9.024708e-017
9115.315315 8.204861e-017
9117.417417 8.234341e-017
9119.519520 9.006393e-017
9121.621622 9.581741e-017
9123.723724 9.717923e-017
9125.825826 9.439368e-017
9127.927928 8.951877e-017
9130.030030 8.173934e-017
9132.132132 7.502745e-017
9134.234234 8.281498e-017
9136.336336 8.778445e-017
9138.438438 7.379824e-017
9140.540541 7.232579e-017
9142.642643 8.414094e-017
9144.744745 8.701306e-017
9146.846847 8.377487e-017
9148.948949 8.251681e-017
9151.051051 9.002664e-017
9153.153153 1.026564e-016
9155.255255 1.103513e-016
9157.357357 9.937367e-017
9159.459459 8.404011e-017
9161.561562 8.457072e-017
9163.663664 8.818954e-017
9165.765766 9.250461e-017
9167.867868 1.044732e-016
9169.969970 1.088381e-016
9172.072072 1.024087e-016
9174.174174 1.040609e-016
9176.276276 1.051131e-016
9178.378378 9.610289e-017
9180.480480 8.940960e-017
9182.582583 9.221842e-017
9184.684685 1.032243e-016
9186.786787 1.065050e-016
9188.888889 9.675746e-017
9190.990991 8.273442e-017
9193.093093 8.006129e-017
9195.195195 8.878066e-017
9197.297297 8.354412e-017
9199.399399 6.958147e-017
9201.501502 6.237951e-017
9203.603604 6.759369e-017
9205.705706 7.696901e-017
9207.807808 7.850172e-017
9209.909910 8.546705e-017
9212.012012 9.800540e-017
9214.114114 9.943097e-017
9216.216216 9.343068e-017
9218.318318 8.982973e-017
9220.420420 9.757333e-017
9222.522523 9.791760e-017
9224.624625 7.575726e-017
9226.726727 6.385475e-017
9228.828829 7.256394e-017
9230.930931 8.912035e-017
9233.033033 9.555141e-017
9235.135135 9.095146e-017
9237.237237 9.530438e-017
9239.339339 1.017901e-016
9241.441441 1.000946e-016
9243.543544 9.202674e-017
9245.645646 8.192076e-017
9247.747748 7.543950e-017
9249.849850 7.869350e-017
9251.951952 8.699553e-017
9254.054054 8.863703e-017
9256.156156 8.146724e-017
9258.258258 7.347485e-017
9260.360360 8.052619e-017
9262.462462 8.794263e-017
9264.564565 8.048960e-017
9266.666667 6.788025e-017
9268.768769 6.702419e-017
9270.870871 8.697228e-017
9272.972973 9.838417e-017
9275.075075 9.009273e-017
9277.177177 7.524261e-017
9279.279279 6.045588e-017
9281.381381 5.298830e-017
9283.483483 6.100233e-017
9285.585586 7.780218e-017
9287.687688 9.126408e-017
9289.789790 9.200029e-017
9291.891892 9.224432e-017
9293.993994 1.083463e-016
9296.096096 1.109867e-016
9298.198198 9.805574e-017
9300.300300 1.006293e-016
9302.402402 9.851621e-017
9304.504505 8.135780e-017
9306.606607 8.113572e-017
9308.708709 8.852993e-017
9310.810811 8.612523e-017
9312.912913 9.347545e-017
9315.015015 1.029663e-016
9317.117117 9.200831e-017
9319.219219 7.448759e-017
9321.321321 6.547791e-017
9323.423423 6.989190e-017
9325.525526 7.694376e-017
9327.627628 7.895126e-017
9329.729730 8.646531e-017
9331.831832 9.209971e-017
9333.933934 8.611641e-017
9336.036036 8.387963e-017
9338.138138 8.311396e-017
9340.240240 7.011294e-017
9342.342342 6.919878e-017
9344.444444 8.629753e-017
9346.546547 9.266225e-017
9348.648649 8.410955e-017
9350.750751 7.151115e-017
9352.852853 7.677666e-017
9354.954955 8.635012e-017
9357.057057 7.771820e-017
9359.159159 7.763589e-017
9361.261261 9.314541e-017
9363.363363 1.060719e-016
9365.465465 1.047320e-016
9367.567568 8.812545e-017
9369.669670 6.836394e-017
9371.771772 7.556121e-017
9373.873874 1.125274e-016
9375.975976 9.934379e-017
9378.078078 5.355323e-017
9380.180180 4.459307e-017
9382.282282 6.063800e-017
9384.384384 7.918569e-017
9386.486486 8.470008e-017
9388.588589 8.490518e-017
9390.690691 8.787849e-017
9392.792793 8.771707e-017
9394.894895 8.687835e-017
9396.996997 8.806596e-017
9399.099099 8.403686e-017
9401.201201 7.478432e-017
9403.303303 6.639256e-017
9405.405405 6.325345e-017
9407.507508 6.794826e-017
9409.609610 7.999203e-017
9411.711712 8.103622e-017
9413.813814 6.864248e-017
9415.915916 8.156922e-017
9418.018018 9.564564e-017
9420.120120 7.628691e-017
9422.222222 6.659625e-017
9424.324324 7.404339e-017
9426.426426 7.207437e-017
9428.528529 5.448273e-017
9430.630631 3.902503e-017
9432.732733 6.375844e-017
9434.834835 7.988508e-017
9436.936937 5.257050e-017
9439.039039 4.943228e-017
9441.141141 6.779663e-017
9443.243243 7.071305e-017
9445.345345 6.367743e-017
9447.447447 6.050946e-017
9449.549550 7.304094e-017
9451.651652 8.091597e-017
9453.753754 7.663488e-017
9455.855856 8.423387e-017
9457.957958 9.873777e-017
9460.060060 1.051412e-016
9462.162162 9.467133e-017
9464.264264 7.912831e-017
9466.366366 7.634279e-017
9468.468468 7.178117e-017
9470.570571 6.288998e-017
9472.672673 6.391404e-017
9474.774775 7.468135e-017
9476.876877 8.661213e-017
9478.978979 8.567786e-017
9481.081081 7.347099e-017
9483.183183 5.947949e-017
9485.285285 5.111049e-017
9487.387387 5.205149e-017
9489.489489 6.168889e-017
9491.591592 7.810778e-017
9493.693694 9.134580e-017
9495.795796 8.587713e-017
9497.897898 6.369219e-017
9500.000000 3.967659e-017
9502.102102 3.870978e-017
9504.204204 5.085837e-017
9506.306306 5.605477e-017
9508.408408 6.558057e-017
9510.510511 7.597376e-017
9512.612613 7.411774e-017
9514.714715 7.847429e-017
9516.816817 9.170472e-017
9518.918919 8.850035e-017
9521.021021 7.226157e-017
9523.123123 5.750270e-017
9525.225225 5.746074e-017
9527.327327 6.801236e-017
9529.429429 7.617694e-017
9531.531532 7.690885e-017
9533.633634 7.277447e-017
9535.735736 7.167030e-017
9537.837838 7.840258e-017
9539.939940 8.724805e-017
9542.042042 8.041104e-017
9544.144144 6.357577e-017
9546.246246 5.011794e-017
9548.348348 4.525632e-017
9550.450450 5.067851e-017
9552.552553 6.248293e-017
9554.654655 6.464363e-017
9556.756757 5.590598e-017
9558.858859 5.145891e-017
9560.960961 5.362888e-017
9563.063063 6.002684e-017
9565.165165 6.708823e-017
9567.267267 7.095531e-017
9569.369369 7.071516e-017
9571.471471 7.372115e-017
9573.573574 7.302180e-017
9575.675676 5.710203e-017
9577.777778 4.216178e-017
9579.879880 4.362654e-017
9581.981982 6.539813e-017
9584.084084 8.337696e-017
9586.186186 7.913748e-017
9588.288288 6.316428e-017
9590.390390 5.798142e-017
9592.492492 7.421096e-017
9594.594595 6.861861e-017
9596.696697 4.506816e-017
9598.798799 4.417559e-017
9600.900901 6.291861e-017
9603.003003 8.598326e-017
9605.105105 9.708746e-017
9607.207207 9.008766e-017
9609.309309 7.249941e-017
9611.411411 6.879736e-017
9613.513514 7.471903e-017
9615.615616 7.294755e-017
9617.717718 6.220112e-017
9619.819820 5.919279e-017
9621.921922 8.558912e-017
9624.024024 1.056412e-016
9626.126126 9.535935e-017
9628.228228 7.218574e-017
9630.330330 5.652574e-017
9632.432432 5.866532e-017
9634.534535 6.243637e-017
9636.636637 5.988898e-017
9638.738739 5.414870e-017
9640.840841 6.432070e-017
9642.942943 8.481475e-017
9645.045045 8.656168e-017
9647.147147 8.568601e-017
9649.249249 9.116188e-017
9651.351351 7.935032e-017
9653.453453 5.670268e-017
9655.555556 4.292684e-017
9657.657658 5.446647e-017
9659.759760 8.048002e-017
9661.861862 9.438467e-017
9663.963964 9.109681e-017
9666.066066 7.101568e-017
9668.168168 3.856199e-017
9670.270270 3.505759e-017
9672.372372 7.308203e-017
9674.474474 9.212527e-017
9676.576577 9.675480e-017
9678.678679 1.085336e-016
9680.780781 8.573646e-017
9682.882883 4.451682e-017
9684.984985 4.010658e-017
9687.087087 6.299728e-017
9689.189189 8.586574e-017
9691.291291 8.286669e-017
9693.393393 7.556319e-017
9695.495495 8.284990e-017
9697.597598 7.711080e-017
9699.699700 7.209776e-017
9701.801802 9.055150e-017
9703.903904 1.004243e-016
9706.006006 8.995440e-017
9708.108108 7.349744e-017
9710.210210 6.400478e-017
9712.312312 6.154612e-017
9714.414414 4.856839e-017
9716.516517 4.200088e-017
9718.618619 6.048156e-017
9720.720721 9.420546e-017
9722.822823 1.183652e-016
9724.924925 1.125327e-016
9727.027027 1.030794e-016
9729.129129 1.001601e-016
9731.231231 9.004131e-017
9733.333333 7.793353e-017
9735.435435 7.160353e-017
9737.537538 7.413841e-017
9739.639640 8.144517e-017
9741.741742 8.568822e-017
9743.843844 7.743839e-017
9745.945946 7.018878e-017
9748.048048 8.354899e-017
9750.150150 8.920383e-017
9752.252252 7.933223e-017
9754.354354 7.805825e-017
9756.456456 8.079954e-017
9758.558559 7.436526e-017
9760.660661 4.714563e-017
9762.762763 2.749202e-017
9764.864865 4.688297e-017
9766.966967 8.837368e-017
9769.069069 1.158363e-016
9771.171171 9.785295e-017
9773.273273 7.214589e-017
9775.375375 6.436593e-017
9777.477477 6.126357e-017
9779.579580 5.535010e-017
9781.681682 4.498628e-017
9783.783784 3.691338e-017
9785.885886 4.598844e-017
9787.987988 7.853378e-017
9790.090090 1.030854e-016
9792.192192 9.800064e-017
9794.294294 6.508327e-017
9796.396396 6.020083e-017
9798.498498 9.110586e-017
9800.600601 8.064327e-017
9802.702703 6.260898e-017
9804.804805 7.764954e-017
9806.906907 7.232367e-017
9809.009009 6.005335e-017
9811.111111 8.375283e-017
9813.213213 1.265529e-016
9815.315315 1.479960e-016
9817.417417 1.085642e-016
9819.519520 5.711853e-017
9821.621622 4.573758e-017
9823.723724 8.299799e-017
9825.825826 1.084353e-016
9827.927928 7.606348e-017
9830.030030 6.118879e-017
9832.132132 7.896037e-017
9834.234234 9.474495e-017
9836.336336 8.819652e-017
9838.438438 6.716705e-017
9840.540541 6.577156e-017
9842.642643 7.683115e-017
9844.744745 8.705562e-017
9846.846847 9.847875e-017
9848.948949 1.019602e-016
9851.051051 8.899249e-017
9853.153153 6.566293e-017
9855.255255 4.998861e-017
9857.357357 6.118211e-017
9859.459459 9.327706e-017
9861.561562 1.256089e-016
9863.663664 1.319250e-016
9865.765766 1.137050e-016
9867.867868 9.093634e-017
9869.969970 9.601156e-017
9872.072072 1.101935e-016
9874.174174 9.716052e-017
9876.276276 6.077190e-017
9878.378378 3.129816e-017
9880.480480 4.529071e-017
9882.582583 7.318014e-017
9884.684685 8.910478e-017
9886.786787 9.981945e-017
9888.888889 1.074090e-016
9890.990991 1.124855e-016
9893.093093 1.155495e-016
9895.195195 1.062233e-016
9897.297297 7.709973e-017
9899.399399 5.213550e-017
9901.501502 5.759787e-017
9903.603604 1.048033e-016
9905.705706 1.289019e-016
9907.807808 9.696780e-017
9909.909910 6.237638e-017
9912.012012 5.660964e-017
9914.114114 7.884104e-017
9916.216216 7.303386e-017
9918.318318 5.753472e-017
9920.420420 8.364455e-017
9922.522523 8.770116e-017
9924.624625 5.801981e-017
9926.726727 5.764814e-017
9928.828829 5.800869e-017
9930.930931 4.135262e-017
9933.033033 5.936303e-017
9935.135135 9.448971e-017
9937.237237 1.092586e-016
9939.339339 1.165650e-016
9941.441441 1.144954e-016
9943.543544 9.524650e-017
9945.645646 1.068015e-016
9947.747748 1.449198e-016
9949.849850 1.339276e-016
9951.951952 1.175466e-016
9954.054054 1.340788e-016
9956.156156 1.241025e-016
9958.258258 8.012378e-017
9960.360360 2.910233e-017
9962.462462 -7.051392e-019
9964.564565 1.140180e-017
9966.666667 6.693610e-017
9968.768769 1.196870e-016
9970.870871 1.320855e-016
9972.972973 1.024013e-016
9975.075075 7.685280e-017
9977.177177 9.339811e-017
9979.279279 1.295973e-016
9981.381381 1.306693e-016
9983.483483 6.409069e-017
9985.585586 4.424147e-017
9987.687688 8.316560e-017
9989.789790 8.204129e-017
9991.891892 8.359992e-017
9993.993994 1.218373e-016
9996.096096 1.575230e-016
9998.198198 1.340294e-016
10000.300300 4.376895e-017
10002.402402 1.680385e-017
10004.504505 7.143711e-017
10006.606607 1.340732e-016
10008.708709 1.260140e-016
10010.810811 6.923793e-017
10012.912913 8.356833e-017
10015.015015 1.245736e-016
10017.117117 1.379128e-016
10019.219219 1.498956e-016
10021.321321 1.448730e-016
10023.423423 1.061132e-016
10025.525526 7.095222e-017
10027.627628 5.052555e-017
10029.729730 3.556749e-017
10031.831832 4.859870e-017
10033.933934 9.673911e-017
10036.036036 1.579258e-016
10038.138138 1.579722e-016
10040.240240 6.887354e-017
10042.342342 -1.659912e-017
10044.444444 -2.882526e-017
10046.546547 4.045442e-017
10048.648649 6.576449e-017
10050.750751 4.082538e-017
10052.852853 6.228174e-017
10054.954955 8.279045e-017
10057.057057 7.406814e-017
10059.159159 8.021504e-017
10061.261261 9.685421e-017
10063.363363 1.164535e-016
10065.465465 1.712349e-016
10067.567568 2.016447e-016
10069.669670 1.383582e-016
10071.771772 8.954607e-017
10073.873874 8.525318e-017
10075.975976 5.967855e-017
10078.078078 5.208243e-017
10080.180180 7.119092e-017
10082.282282 4.020035e-017
10084.384384 2.797915e-017
10086.486486 9.954804e-017
10088.588589 1.475173e-016
10090.690691 1.369393e-016
10092.792793 9.868899e-017
10094.894895 7.028565e-017
10096.996997 6.277881e-017
10099.099099 5.454171e-017
10101.201201 4.373004e-017
10103.303303 4.288936e-017
10105.405405 8.006856e-017
10107.507508 8.671735e-017
10109.609610 1.502491e-017
10111.711712 1.435733e-017
10113.813814 8.606721e-017
10115.915916 1.177422e-016
10118.018018 9.845542e-017
10120.120120 6.276315e-017
10122.222222 6.767370e-017
10124.324324 7.122388e-017
10126.426426 4.307659e-017
10128.528529 5.006184e-017
10130.630631 6.292377e-017
10132.732733 3.411792e-017
10134.834835 4.415308e-017
10136.936937 7.396194e-017
10139.039039 3.406744e-017
10141.141141 5.099438e-018
10143.243243 5.875802e-017
10145.345345 1.872980e-016
10147.447447 2.461254e-016
10149.549550 1.535231e-016
10151.651652 8.668754e-017
10153.753754 6.906414e-017
10155.855856 3.295956e-017
10157.957958 -2.100440e-017
10160.060060 -6.250593e-017
10162.162162 -5.177379e-017
10164.264264 -3.865786e-017
10166.366366 -4.332549e-017
10168.468468 -2.989631e-018
10170.570571 4.579002e-017
10172.672673 4.957490e-017
10174.774775 1.924779e-017
10176.876877 1.385534e-017
10178.978979 8.555784e-017
10181.081081 1.426439e-016
10183.183183 1.360188e-016
10185.285285 9.970043e-017
10187.387387 7.563192e-017
10189.489489 9.104013e-017
10191.591592 1.384271e-016
10193.693694 1.563659e-016
10195.795796 9.816964e-017
10197.897898 2.540652e-017
10200.000000 -1.897626e-017
