3625.050290 0.000000e+000
3628.082827 1.432812e-016
3631.115364 1.058914e-016
3634.147901 1.554315e-016
3637.180438 1.870464e-016
3640.212974 1.983027e-016
3643.245511 1.613032e-016
3646.278048 2.398955e-016
3649.310585 2.062823e-016
3652.343122 1.793855e-016
3655.375659 1.286396e-016
3658.408195 1.481217e-016
3661.440732 1.969899e-016
3664.473269 1.577311e-016
3667.505806 1.759745e-016
3670.538343 9.385866e-017
3673.570880 1.714838e-016
3676.603416 1.730820e-016
3679.635953 1.611541e-016
3682.668490 2.066224e-016
3685.701027 1.798959e-016
3688.733564 1.471558e-016
3691.766101 1.418753e-016
3694.798637 1.671964e-016
3697.831174 1.674402e-016
3700.863711 2.209721e-016
3703.896248 1.726304e-016
3706.928785 1.788711e-016
3709.961322 1.727985e-016
3712.993858 1.532386e-016
3716.026395 1.919338e-016
3719.058932 1.546311e-016
3722.091469 1.398276e-016
3725.124006 1.582010e-016
3728.156542 7.030278e-017
3731.189079 7.178576e-017
3734.221616 1.591491e-016
3737.254153 1.273555e-016
3740.286690 1.727555e-016
3743.319227 1.932314e-016
3746.351763 2.117371e-016
3749.384300 2.000348e-016
3752.416837 1.734577e-016
3755.449374 1.691293e-016
3758.481911 1.628267e-016
3761.514448 1.431014e-016
3764.546984 1.891264e-016
3767.579521 1.500302e-016
3770.612058 1.416432e-016
3773.644595 1.850341e-016
3776.677132 1.291896e-016
3779.709669 1.472822e-016
3782.742205 1.505865e-016
3785.774742 1.692182e-016
3788.807279 1.586901e-016
3791.839816 2.214980e-016
3794.872353 2.448695e-016
3797.904890 2.164829e-016
3800.937426 2.215135e-016
3803.969963 1.605475e-016
3807.002500 1.120442e-016
3810.035037 1.452311e-016
3813.067574 1.974217e-016
3816.100111 2.011196e-016
3819.132647 1.943067e-016
3822.165184 1.581971e-016
3825.197721 1.996942e-016
3828.230258 1.942872e-016
3831.262795 1.995965e-016
3834.295331 1.657526e-016
3837.327868 1.992340e-016
3840.360405 1.544064e-016
3843.392942 1.635481e-016
3846.425479 1.851934e-016
3849.458016 2.071729e-016
3852.490552 2.289205e-016
3855.523089 2.265204e-016
3858.555626 1.772008e-016
3861.588163 2.118023e-016
3864.620700 2.047447e-016
3867.653237 1.958672e-016
3870.685773 1.790459e-016
3873.718310 2.389394e-016
3876.750847 2.243681e-016
3879.783384 2.055203e-016
3882.815921 1.946509e-016
3885.848458 2.022695e-016
3888.880994 2.537933e-016
3891.913531 2.259787e-016
3894.946068 2.240147e-016
3897.978605 2.116591e-016
3901.011142 2.605683e-016
3904.043679 2.078490e-016
3907.076215 2.126278e-016
3910.108752 2.870465e-016
3913.141289 2.846079e-016
3916.173826 3.021002e-016
3919.206363 2.885722e-016
3922.238900 2.421940e-016
3925.271436 2.408701e-016
3928.303973 2.511660e-016
3931.336510 2.447025e-016
3934.369047 2.352929e-016
3937.401584 3.026903e-016
3940.434120 4.026250e-016
3943.466657 3.844600e-016
3946.499194 2.956150e-016
3949.531731 2.463531e-016
3952.564268 2.489076e-016
3955.596805 2.360446e-016
3958.629341 2.418023e-016
3961.661878 2.212091e-016
3964.694415 2.401164e-016
3967.726952 2.559412e-016
3970.759489 2.357641e-016
3973.792026 2.457968e-016
3976.824562 2.298147e-016
3979.857099 1.967928e-016
3982.889636 2.155891e-016
3985.922173 1.995073e-016
3988.954710 1.878194e-016
3991.987247 2.222619e-016
3995.019783 1.610609e-016
3998.052320 1.818986e-016
4001.084857 1.791738e-016
4004.117394 1.510393e-016
4007.149931 1.917757e-016
4010.182468 1.772082e-016
4013.215004 1.831368e-016
4016.247541 1.589167e-016
4019.280078 1.891812e-016
4022.312615 1.817408e-016
4025.345152 1.972560e-016
4028.377689 1.997211e-016
4031.410225 1.837967e-016
4034.442762 1.616982e-016
4037.475299 2.093447e-016
4040.507836 2.187540e-016
4043.540373 2.014144e-016
4046.572909 2.386642e-016
4049.605446 2.090368e-016
4052.637983 1.737647e-016
4055.670520 1.760771e-016
4058.703057 1.832245e-016
4061.735594 1.812442e-016
4064.768130 1.819119e-016
4067.800667 1.790891e-016
4070.833204 1.471730e-016
4073.865741 1.823120e-016
4076.898278 1.596084e-016
4079.930815 1.321281e-016
4082.963351 1.387744e-016
4085.995888 1.657879e-016
4089.028425 1.851998e-016
4092.060962 1.862603e-016
4095.093499 1.867242e-016
4098.126036 1.834487e-016
4101.158572 1.999505e-016
4104.191109 2.447053e-016
4107.223646 1.819151e-016
4110.256183 1.738226e-016
4113.288720 1.764295e-016
4116.321257 1.708988e-016
4119.353793 1.753930e-016
4122.386330 1.719757e-016
4125.418867 1.542450e-016
4128.451404 1.593549e-016
4131.483941 1.883641e-016
4134.516477 2.124214e-016
4137.549014 2.058555e-016
4140.581551 1.994001e-016
4143.614088 2.115731e-016
4146.646625 2.676878e-016
4149.679162 2.098795e-016
4152.711698 1.929500e-016
4155.744235 1.969462e-016
4158.776772 2.078689e-016
4161.809309 1.711273e-016
4164.841846 1.814488e-016
4167.874383 1.862303e-016
4170.906919 2.153511e-016
4173.939456 2.087988e-016
4176.971993 1.748127e-016
4180.004530 1.906433e-016
4183.037067 1.788347e-016
4186.069604 2.062111e-016
4189.102140 2.053158e-016
4192.134677 1.850723e-016
4195.167214 1.785553e-016
4198.199751 1.907524e-016
4201.232288 1.918968e-016
4204.264825 1.721171e-016
4207.297361 2.041247e-016
4210.329898 1.984493e-016
4213.362435 1.989486e-016
4216.394972 1.859929e-016
4219.427509 1.978875e-016
4222.460046 1.996191e-016
4225.492582 1.898125e-016
4228.525119 1.833168e-016
4231.557656 2.015387e-016
4234.590193 2.049364e-016
4237.622730 1.932469e-016
4240.655266 2.009411e-016
4243.687803 2.060105e-016
4246.720340 1.880932e-016
4249.752877 1.664363e-016
4252.785414 2.048825e-016
4255.817951 2.166603e-016
4258.850487 2.347095e-016
4261.883024 2.300939e-016
4264.915561 1.778919e-016
4267.948098 1.889746e-016
4270.980635 1.955069e-016
4274.013172 1.742387e-016
4277.045708 1.929804e-016
4280.078245 1.948780e-016
4283.110782 1.982931e-016
4286.143319 2.020777e-016
4289.175856 2.091217e-016
4292.208393 2.018988e-016
4295.240929 2.190182e-016
4298.273466 2.054765e-016
4301.306003 2.222017e-016
4304.338540 2.132692e-016
4307.371077 2.074195e-016
4310.403614 1.904738e-016
4313.436150 2.115099e-016
4316.468687 2.254068e-016
4319.501224 2.051032e-016
4322.533761 2.254380e-016
4325.566298 2.283096e-016
4328.598835 1.994734e-016
4331.631371 2.088092e-016
4334.663908 1.779035e-016
4337.696445 2.129726e-016
4340.728982 2.119701e-016
4343.761519 2.343208e-016
4346.794055 1.887256e-016
4349.826592 1.892221e-016
4352.859129 1.916725e-016
4355.891666 1.885371e-016
4358.924203 2.056421e-016
4361.956740 2.018283e-016
4364.989276 1.960532e-016
4368.021813 2.336128e-016
4371.054350 2.148093e-016
4374.086887 2.342323e-016
4377.119424 2.145914e-016
4380.151961 1.955648e-016
4383.184497 2.207384e-016
4386.217034 2.444438e-016
4389.249571 2.233296e-016
4392.282108 2.138672e-016
4395.314645 2.043029e-016
4398.347182 2.361487e-016
4401.379718 2.020730e-016
4404.412255 2.036050e-016
4407.444792 1.926100e-016
4410.477329 1.775552e-016
4413.509866 2.439790e-016
4416.542403 2.343354e-016
4419.574939 1.925824e-016
4422.607476 1.909480e-016
4425.640013 1.975803e-016
4428.672550 1.957403e-016
4431.705087 2.278426e-016
4434.737624 1.851059e-016
4437.770160 2.278818e-016
4440.802697 2.760239e-016
4443.835234 2.826906e-016
4446.867771 2.691461e-016
4449.900308 2.344952e-016
4452.932844 2.122003e-016
4455.965381 2.033135e-016
4458.997918 1.928276e-016
4462.030455 1.810863e-016
4465.062992 1.905296e-016
4468.095529 2.054168e-016
4471.128065 2.060964e-016
4474.160602 2.057247e-016
4477.193139 1.929491e-016
4480.225676 2.103403e-016
4483.258213 1.834991e-016
4486.290750 2.213070e-016
4489.323286 2.304973e-016
4492.355823 2.168651e-016
4495.388360 2.208050e-016
4498.420897 2.301644e-016
4501.453434 2.185963e-016
4504.485971 2.005725e-016
4507.518507 2.131403e-016
4510.551044 1.961596e-016
4513.583581 2.264935e-016
4516.616118 2.289010e-016
4519.648655 2.160909e-016
4522.681192 2.128890e-016
4525.713728 2.348881e-016
4528.746265 2.039440e-016
4531.778802 2.175071e-016
4534.811339 2.279942e-016
4537.843876 2.492374e-016
4540.876413 2.353859e-016
4543.908949 2.148352e-016
4546.941486 2.091949e-016
4549.974023 2.212989e-016
4553.006560 2.147809e-016
4556.039097 2.362835e-016
4559.071633 2.355181e-016
4562.104170 2.637735e-016
4565.136707 2.643299e-016
4568.169244 2.409486e-016
4571.201781 2.114005e-016
4574.234318 1.945601e-016
4577.266854 2.069705e-016
4580.299391 2.177586e-016
4583.331928 2.070484e-016
4586.364465 1.968857e-016
4589.397002 2.004983e-016
4592.429539 2.085286e-016
4595.462075 2.240781e-016
4598.494612 2.160887e-016
4601.527149 2.419435e-016
4604.559686 2.167157e-016
4607.592223 2.222772e-016
4610.624760 1.886961e-016
4613.657296 1.753090e-016
4616.689833 1.985323e-016
4619.722370 1.843989e-016
4622.754907 2.049391e-016
4625.787444 1.814196e-016
4628.819981 1.876733e-016
4631.852517 1.981092e-016
4634.885054 1.633147e-016
4637.917591 1.901893e-016
4640.950128 1.977903e-016
4643.982665 1.715940e-016
4647.015201 1.740477e-016
4650.047738 1.675257e-016
4653.080275 1.661758e-016
4656.112812 1.555708e-016
4659.145349 1.652781e-016
4662.177886 1.713691e-016
4665.210422 1.923316e-016
4668.242959 1.826581e-016
4671.275496 1.699025e-016
4674.308033 1.489307e-016
4677.340570 1.529754e-016
4680.373107 1.514994e-016
4683.405643 1.678995e-016
4686.438180 1.650520e-016
4689.470717 1.711299e-016
4692.503254 1.411743e-016
4695.535791 1.541955e-016
4698.568328 1.496110e-016
4701.600864 1.472853e-016
4704.633401 1.465833e-016
4707.665938 1.454346e-016
4710.698475 1.557363e-016
4713.731012 1.574912e-016
4716.763549 1.726686e-016
4719.796085 1.919690e-016
4722.828622 1.808285e-016
4725.861159 1.546832e-016
4728.893696 1.558686e-016
4731.926233 1.424549e-016
4734.958770 1.600549e-016
4737.991306 1.539816e-016
4741.023843 1.579320e-016
4744.056380 1.624102e-016
4747.088917 1.460566e-016
4750.121454 1.567485e-016
4753.153990 1.370745e-016
4756.186527 1.501087e-016
4759.219064 1.457765e-016
4762.251601 1.519558e-016
4765.284138 1.548069e-016
4768.316675 1.476721e-016
4771.349211 1.376107e-016
4774.381748 1.605154e-016
4777.414285 1.764842e-016
4780.446822 1.556593e-016
4783.479359 1.535538e-016
4786.511896 1.451442e-016
4789.544432 1.749172e-016
4792.576969 1.772827e-016
4795.609506 1.516164e-016
4798.642043 1.495239e-016
4801.674580 1.569311e-016
4804.707117 1.647971e-016
4807.739653 1.619738e-016
4810.772190 1.782661e-016
4813.804727 1.780472e-016
4816.837264 1.665668e-016
4819.869801 1.662983e-016
4822.902338 1.446815e-016
4825.934874 1.654216e-016
4828.967411 1.674766e-016
4831.999948 1.601920e-016
4835.032485 1.727812e-016
4838.065022 1.573896e-016
4841.097559 1.613879e-016
4844.130095 1.669412e-016
4847.162632 1.651441e-016
4850.195169 1.511830e-016
4853.227706 1.652459e-016
4856.260243 1.483457e-016
4859.292779 1.565600e-016
4862.325316 1.554057e-016
4865.357853 1.586704e-016
4868.390390 1.810148e-016
4871.422927 1.679952e-016
4874.455464 1.728426e-016
4877.488000 1.785233e-016
4880.520537 1.721090e-016
4883.553074 1.745705e-016
4886.585611 1.721706e-016
4889.618148 1.846121e-016
4892.650685 1.909644e-016
4895.683221 2.015468e-016
4898.715758 1.907508e-016
4901.748295 1.709419e-016
4904.780832 2.097243e-016
4907.813369 1.932136e-016
4910.845906 1.774982e-016
4913.878442 1.898319e-016
4916.910979 1.726246e-016
4919.943516 1.862218e-016
4922.976053 1.986282e-016
4926.008590 2.157378e-016
4929.041127 1.995585e-016
4932.073663 2.146626e-016
4935.106200 2.212922e-016
4938.138737 2.040659e-016
4941.171274 2.063804e-016
4944.203811 2.093577e-016
4947.236348 2.315566e-016
4950.268884 2.295204e-016
4953.301421 2.506686e-016
4956.333958 2.542652e-016
4959.366495 2.510124e-016
4962.399032 2.260340e-016
4965.431568 2.068876e-016
4968.464105 2.100707e-016
4971.496642 2.000487e-016
4974.529179 1.750055e-016
4977.561716 1.927474e-016
4980.594253 1.928233e-016
4983.626789 2.148929e-016
4986.659326 2.126604e-016
4989.691863 1.982138e-016
4992.724400 1.903585e-016
4995.756937 2.052414e-016
4998.789474 2.112522e-016
5001.822010 2.051295e-016
5004.854547 1.987454e-016
5007.887084 1.795650e-016
5010.919621 1.943953e-016
5013.952158 1.973859e-016
5016.984695 1.899734e-016
5020.017231 1.866388e-016
5023.049768 1.953635e-016
5026.082305 1.704254e-016
5029.114842 1.854191e-016
5032.147379 1.846398e-016
5035.179916 1.774889e-016
5038.212452 1.747120e-016
5041.244989 1.698127e-016
5044.277526 1.959299e-016
5047.310063 2.039933e-016
5050.342600 2.030894e-016
5053.375136 2.438074e-016
5056.407673 2.145149e-016
5059.440210 1.973901e-016
5062.472747 1.746099e-016
5065.505284 1.800886e-016
5068.537821 1.855510e-016
5071.570357 1.805232e-016
5074.602894 1.741643e-016
5077.635431 1.841181e-016
5080.667968 1.966626e-016
5083.700505 1.919656e-016
5086.733042 1.920244e-016
5089.765578 1.902135e-016
5092.798115 2.045000e-016
5095.830652 2.689789e-016
5098.863189 3.237655e-016
5101.895726 3.808866e-016
5104.928263 3.227724e-016
5107.960799 2.423890e-016
5110.993336 1.997759e-016
5114.025873 1.943259e-016
5117.058410 1.957735e-016
5120.090947 1.993795e-016
5123.123484 2.145996e-016
5126.156020 2.097685e-016
5129.188557 2.073482e-016
5132.221094 1.964662e-016
5135.253631 2.047282e-016
5138.286168 2.182022e-016
5141.318705 2.233846e-016
5144.351241 2.137799e-016
5147.383778 2.018006e-016
5150.416315 2.028925e-016
5153.448852 2.014841e-016
5156.481389 2.089192e-016
5159.513925 2.242878e-016
5162.546462 2.032317e-016
5165.578999 2.289227e-016
5168.611536 2.184534e-016
5171.644073 2.088124e-016
5174.676610 2.168805e-016
5177.709146 1.950575e-016
5180.741683 2.136389e-016
5183.774220 2.220052e-016
5186.806757 2.096609e-016
5189.839294 2.082995e-016
5192.871831 2.052780e-016
5195.904367 2.136874e-016
5198.936904 1.872249e-016
5201.969441 1.932065e-016
5205.001978 2.007606e-016
5208.034515 2.121571e-016
5211.067052 2.150155e-016
5214.099588 1.937315e-016
5217.132125 2.024732e-016
5220.164662 2.114922e-016
5223.197199 1.868694e-016
5226.229736 2.087263e-016
5229.262273 2.022822e-016
5232.294809 2.149037e-016
5235.327346 2.007476e-016
5238.359883 2.031578e-016
5241.392420 2.297326e-016
5244.424957 2.138144e-016
5247.457494 2.150947e-016
5250.490030 2.068788e-016
5253.522567 2.294132e-016
5256.555104 2.203425e-016
5259.587641 2.172190e-016
5262.620178 2.117688e-016
5265.652714 2.188847e-016
5268.685251 1.958681e-016
5271.717788 2.042627e-016
5274.750325 2.226917e-016
5277.782862 1.913706e-016
5280.815399 2.078499e-016
5283.847935 1.867639e-016
5286.880472 1.988312e-016
5289.913009 1.964372e-016
5292.945546 2.083788e-016
5295.978083 2.016721e-016
5299.010620 1.999080e-016
5302.043156 1.755533e-016
5305.075693 1.856543e-016
5308.108230 1.873398e-016
5311.140767 1.892656e-016
5314.173304 1.879663e-016
5317.205841 1.818789e-016
5320.238377 1.913888e-016
5323.270914 2.063661e-016
5326.303451 1.813818e-016
5329.335988 1.806653e-016
5332.368525 1.818322e-016
5335.401062 1.873658e-016
5338.433598 1.909877e-016
5341.466135 1.743637e-016
5344.498672 1.664714e-016
5347.531209 1.858048e-016
5350.563746 1.928588e-016
5353.596283 1.796518e-016
5356.628819 1.788341e-016
5359.661356 1.842884e-016
5362.693893 1.977594e-016
5365.726430 1.875606e-016
5368.758967 1.641324e-016
5371.791503 1.925583e-016
5374.824040 1.994910e-016
5377.856577 1.748666e-016
5380.889114 1.648212e-016
5383.921651 1.698862e-016
5386.954188 1.590172e-016
5389.986724 1.623406e-016
5393.019261 1.672586e-016
5396.051798 1.398330e-016
5399.084335 1.522589e-016
5402.116872 1.471627e-016
5405.149409 1.483610e-016
5408.181945 1.474874e-016
5411.214482 1.689468e-016
5414.247019 1.719326e-016
5417.279556 1.672082e-016
5420.312093 1.488915e-016
5423.344630 1.653952e-016
5426.377166 1.662416e-016
5429.409703 1.579437e-016
5432.442240 1.450767e-016
5435.474777 1.492123e-016
5438.507314 1.559451e-016
5441.539851 1.523248e-016
5444.572387 1.521536e-016
5447.604924 1.395408e-016
5450.637461 1.394633e-016
5453.669998 1.352016e-016
5456.702535 1.693680e-016
5459.735072 1.553381e-016
5462.767608 1.270337e-016
5465.800145 1.442737e-016
5468.832682 1.452018e-016
5471.865219 1.480513e-016
5474.897756 1.312209e-016
5477.930292 1.272439e-016
5480.962829 1.543756e-016
5483.995366 1.411188e-016
5487.027903 1.392225e-016
5490.060440 1.307368e-016
5493.092977 1.285902e-016
5496.125513 1.215364e-016
5499.158050 1.187536e-016
5502.190587 1.320620e-016
5505.223124 1.213325e-016
5508.255661 1.314969e-016
5511.288198 1.352516e-016
5514.320734 1.292179e-016
5517.353271 1.207310e-016
5520.385808 1.297720e-016
5523.418345 1.292381e-016
5526.450882 1.288686e-016
5529.483419 1.348515e-016
5532.515955 1.414499e-016
5535.548492 1.186795e-016
5538.581029 1.108641e-016
5541.613566 9.468169e-017
5544.646103 9.615661e-017
5547.678640 1.192881e-016
5550.711176 1.003256e-016
5553.743713 1.217899e-016
5556.776250 1.062556e-016
5559.808787 1.082453e-016
5562.841324 1.155033e-016
5565.873860 1.041281e-016
5568.906397 9.916442e-017
5571.938934 9.999516e-017
5574.971471 1.008258e-016
5578.004008 1.016561e-016
5581.036545 1.024864e-016
5584.069081 1.033164e-016
5587.101618 1.041465e-016
5590.134155 1.049764e-016
5593.166692 1.087676e-016
5596.199229 1.020654e-016
5599.231766 1.140492e-016
5602.264302 1.019060e-016
5605.296839 1.086018e-016
5608.329376 1.096766e-016
5611.361913 1.007439e-016
5614.394450 9.572206e-017
5617.426987 9.279281e-017
5620.459523 1.080560e-016
5623.492060 1.241866e-016
5626.524597 9.698785e-017
5629.557134 9.955095e-017
5632.589671 8.883126e-017
5635.622208 9.900510e-017
5638.654744 9.209939e-017
5641.687281 1.058568e-016
5644.719818 9.293311e-017
5647.752355 1.142742e-016
5650.784892 9.553018e-017
5653.817429 8.764698e-017
5656.849965 8.671361e-017
5659.882502 9.852198e-017
5662.915039 9.338733e-017
5665.947576 9.199715e-017
5668.980113 8.163342e-017
5672.012649 7.464333e-017
5675.045186 8.902960e-017
5678.077723 8.144797e-017
5681.110260 7.078487e-017
5684.142797 7.649480e-017
5687.175334 9.705601e-017
5690.207870 1.043323e-016
5693.240407 1.125214e-016
5696.272944 8.511966e-017
5699.305481 8.329397e-017
5702.338018 9.333617e-017
5705.370555 9.203510e-017
5708.403091 7.066974e-017
5711.435628 8.202800e-017
5714.468165 7.077724e-017
5717.500702 8.304937e-017
5720.533239 7.145820e-017
5723.565776 6.986577e-017
5726.598312 8.800890e-017
5729.630849 8.796861e-017
5732.663386 9.333940e-017
5735.695923 8.751499e-017
5738.728460 8.718946e-017
5741.760997 7.998764e-017
5744.793533 7.842305e-017
5747.826070 8.379786e-017
5750.858607 8.174933e-017
5753.891144 8.090564e-017
5756.923681 8.118133e-017
5759.956218 8.096016e-017
5762.988754 7.773204e-017
5766.021291 9.722673e-017
5769.053828 9.774098e-017
5772.086365 9.150519e-017
5775.118902 9.829187e-017
5778.151438 8.505530e-017
5781.183975 9.290425e-017
5784.216512 8.252447e-017
5787.249049 7.661823e-017
5790.281586 9.200975e-017
5793.314123 1.067420e-016
5796.346659 8.831381e-017
5799.379196 7.713191e-017
5802.411733 7.656228e-017
5805.444270 1.019609e-016
5808.476807 8.195672e-017
5811.509344 9.447434e-017
5814.541880 9.000272e-017
5817.574417 8.792633e-017
5820.606954 8.657602e-017
5823.639491 9.014710e-017
5826.672028 1.077855e-016
5829.704565 1.100608e-016
5832.737101 9.400347e-017
5835.769638 1.080119e-016
5838.802175 1.086682e-016
5841.834712 9.327348e-017
5844.867249 9.693942e-017
5847.899786 9.236330e-017
5850.932322 1.047420e-016
5853.964859 1.134990e-016
5856.997396 1.348614e-016
5860.029933 1.424906e-016
5863.062470 1.623872e-016
5866.095007 1.395741e-016
5869.127543 1.337707e-016
5872.160080 9.508047e-017
5875.192617 1.058117e-016
5878.225154 9.154495e-017
5881.257691 9.173598e-017
5884.290227 9.995771e-017
5887.322764 1.014314e-016
5890.355301 1.166917e-016
5893.387838 8.265366e-017
5896.420375 8.648276e-017
5899.452912 8.419063e-017
5902.485448 9.037796e-017
5905.517985 9.336060e-017
5908.550522 9.855858e-017
5911.583059 9.961872e-017
5914.615596 1.009248e-016
5917.648133 9.085952e-017
5920.680669 1.104013e-016
5923.713206 1.033191e-016
5926.745743 8.984077e-017
5929.778280 1.032176e-016
5932.810817 8.249760e-017
5935.843354 9.221966e-017
5938.875890 1.050758e-016
5941.908427 9.971190e-017
5944.940964 9.915665e-017
5947.973501 1.172733e-016
5951.006038 1.036541e-016
5954.038575 1.212624e-016
5957.071111 1.144251e-016
5960.103648 1.012211e-016
5963.136185 9.828473e-017
5966.168722 1.020801e-016
5969.201259 9.718331e-017
5972.233796 9.129549e-017
5975.266332 1.272619e-016
5978.298869 1.168939e-016
5981.331406 9.468304e-017
5984.363943 9.902871e-017
5987.396480 1.224689e-016
5990.429016 1.161069e-016
5993.461553 9.057101e-017
5996.494090 8.630863e-017
5999.526627 8.294788e-017
6002.559164 8.723085e-017
6005.591701 1.032836e-016
6008.624237 1.019718e-016
6011.656774 9.996008e-017
6014.689311 9.177442e-017
6017.721848 9.159880e-017
6020.754385 9.625285e-017
6023.786922 7.054138e-017
6026.819458 9.187102e-017
6029.851995 9.857037e-017
6032.884532 7.733107e-017
6035.917069 9.220049e-017
6038.949606 9.189967e-017
6041.982143 9.850945e-017
6045.014679 8.327725e-017
6048.047216 8.439010e-017
6051.079753 8.805473e-017
6054.112290 9.389363e-017
6057.144827 8.576147e-017
6060.177364 9.223152e-017
6063.209900 9.375550e-017
6066.242437 1.037344e-016
6069.274974 9.387190e-017
6072.307511 8.821991e-017
6075.340048 9.584695e-017
6078.372584 1.038122e-016
6081.405121 1.099253e-016
6084.437658 9.905714e-017
6087.470195 1.167614e-016
6090.502732 1.166979e-016
6093.535269 9.891592e-017
6096.567805 1.003037e-016
6099.600342 1.167407e-016
6102.632879 1.293575e-016
6105.665416 1.100271e-016
6108.697953 9.725378e-017
6111.730490 1.059087e-016
6114.763026 9.838903e-017
6117.795563 1.040759e-016
6120.828100 9.847011e-017
6123.860637 8.764801e-017
6126.893174 1.174526e-016
6129.925711 1.253032e-016
6132.958247 1.135053e-016
6135.990784 1.122965e-016
6139.023321 1.087165e-016
6142.055858 1.065910e-016
6145.088395 1.057925e-016
6148.120932 1.146745e-016
6151.153468 1.032952e-016
6154.186005 8.980904e-017
6157.218542 1.023950e-016
6160.251079 9.158954e-017
6163.283616 1.012969e-016
6166.316153 1.033556e-016
6169.348689 1.061110e-016
6172.381226 8.019883e-017
6175.413763 9.771219e-017
6178.446300 1.196430e-016
6181.478837 1.100838e-016
6184.511373 1.102038e-016
6187.543910 1.086208e-016
6190.576447 1.070588e-016
6193.608984 1.068998e-016
6196.641521 1.262758e-016
6199.674058 1.333712e-016
6202.706594 1.151755e-016
6205.739131 1.259681e-016
6208.771668 1.288245e-016
6211.804205 1.200029e-016
6214.836742 1.079187e-016
6217.869279 1.072996e-016
6220.901815 9.713453e-017
6223.934352 1.131859e-016
6226.966889 1.309993e-016
6229.999426 1.363665e-016
6233.031963 1.107195e-016
6236.064500 9.778308e-017
6239.097036 1.075863e-016
6242.129573 1.230280e-016
6245.162110 1.034949e-016
6248.194647 1.259507e-016
6251.227184 1.121619e-016
6254.259721 8.522478e-017
6257.292257 9.652233e-017
6260.324794 9.652095e-017
6263.357331 1.223109e-016
6266.389868 1.230382e-016
6269.422405 1.105988e-016
6272.454942 9.148900e-017
6275.487478 9.777676e-017
6278.520015 1.197926e-016
6281.552552 1.143647e-016
6284.585089 1.081370e-016
6287.617626 1.166513e-016
6290.650162 9.448936e-017
6293.682699 1.185675e-016
6296.715236 1.060676e-016
6299.747773 8.736692e-017
6302.780310 1.194596e-016
6305.812847 1.101892e-016
6308.845383 1.096818e-016
6311.877920 1.082869e-016
6314.910457 1.138984e-016
6317.942994 1.138434e-016
6320.975531 9.204245e-017
6324.008068 9.341055e-017
6327.040604 1.038547e-016
6330.073141 9.363409e-017
6333.105678 1.015387e-016
6336.138215 9.367562e-017
6339.170752 1.140815e-016
6342.203289 1.202094e-016
6345.235825 1.214870e-016
6348.268362 1.132624e-016
6351.300899 1.263106e-016
6354.333436 1.327985e-016
6357.365973 1.155232e-016
6360.398510 1.138229e-016
6363.431046 1.354165e-016
6366.463583 1.284370e-016
6369.496120 1.183685e-016
6372.528657 1.135548e-016
6375.561194 9.995863e-017
6378.593731 1.092598e-016
6381.626267 1.223577e-016
6384.658804 1.295719e-016
6387.691341 1.284593e-016
6390.723878 1.266564e-016
6393.756415 1.196858e-016
6396.788951 1.280905e-016
6399.821488 1.355073e-016
6402.854025 1.321736e-016
6405.886562 1.322843e-016
6408.919099 1.303735e-016
6411.951636 1.446083e-016
6414.984172 1.662134e-016
6418.016709 1.681797e-016
6421.049246 1.743683e-016
6424.081783 1.630090e-016
6427.114320 1.475912e-016
6430.146857 1.415267e-016
6433.179393 1.447129e-016
6436.211930 1.477994e-016
6439.244467 1.490168e-016
6442.277004 1.514603e-016
6445.309541 1.549555e-016
6448.342078 1.527033e-016
6451.374614 1.434663e-016
6454.407151 1.292372e-016
6457.439688 1.467559e-016
6460.472225 1.690662e-016
6463.504762 1.698343e-016
6466.537299 1.512596e-016
6469.569835 1.716527e-016
6472.602372 1.701563e-016
6475.634909 1.571699e-016
6478.667446 1.623564e-016
6481.699983 1.626047e-016
6484.732520 1.631142e-016
6487.765056 1.695514e-016
6490.797593 1.737852e-016
6493.830130 1.566488e-016
6496.862667 1.792222e-016
6499.895204 1.704895e-016
6502.927740 1.860663e-016
6505.960277 1.889705e-016
6508.992814 1.810726e-016
6512.025351 1.827182e-016
6515.057888 1.698094e-016
6518.090425 1.651029e-016
6521.122961 1.529183e-016
6524.155498 1.684151e-016
6527.188035 1.845764e-016
6530.220572 1.594884e-016
6533.253109 1.779505e-016
6536.285646 1.686960e-016
6539.318182 1.799198e-016
6542.350719 1.818956e-016
6545.383256 1.789205e-016
6548.415793 1.823383e-016
6551.448330 1.920236e-016
6554.480867 1.698848e-016
6557.513403 1.877154e-016
6560.545940 1.859028e-016
6563.578477 1.659065e-016
6566.611014 1.583999e-016
6569.643551 1.335302e-016
6572.676088 1.467317e-016
6575.708624 1.485241e-016
6578.741161 1.450897e-016
6581.773698 1.608233e-016
6584.806235 1.322074e-016
6587.838772 1.439644e-016
6590.871308 1.624242e-016
6593.903845 1.325137e-016
6596.936382 1.566304e-016
6599.968919 1.590819e-016
6603.001456 1.542594e-016
6606.033993 1.642563e-016
6609.066529 1.702722e-016
6612.099066 1.600776e-016
6615.131603 1.647192e-016
6618.164140 1.689929e-016
6621.196677 1.580140e-016
6624.229214 1.537735e-016
6627.261750 1.528860e-016
6630.294287 1.444473e-016
6633.326824 1.774561e-016
6636.359361 1.560418e-016
6639.391898 1.774658e-016
6642.424435 1.692351e-016
6645.456971 1.743525e-016
6648.489508 1.854873e-016
6651.522045 2.159467e-016
6654.554582 2.157006e-016
6657.587119 2.105215e-016
6660.619656 2.328261e-016
6663.652192 2.651249e-016
6666.684729 3.071248e-016
6669.717266 3.474821e-016
6672.749803 4.075471e-016
6675.782340 4.355971e-016
6678.814877 5.976567e-016
6681.847413 8.836152e-016
6684.879950 1.064956e-015
6687.912487 1.011843e-015
6690.945024 7.277915e-016
6693.977561 4.047206e-016
6697.010097 2.558902e-016
6700.042634 2.308595e-016
6703.075171 2.131715e-016
6706.107708 2.087726e-016
6709.140245 2.052949e-016
6712.172782 1.532590e-016
6715.205318 1.386919e-016
6718.237855 1.158786e-016
6721.270392 1.208507e-016
6724.302929 1.124219e-016
6727.335466 1.179961e-016
6730.368003 1.420733e-016
6733.400539 1.423041e-016
6736.433076 1.194914e-016
6739.465613 1.061286e-016
6742.498150 1.088025e-016
6745.530687 1.100893e-016
6748.563224 9.493524e-017
6751.595760 9.887684e-017
6754.628297 9.488312e-017
6757.660834 1.040969e-016
6760.693371 9.761382e-017
6763.725908 9.692853e-017
6766.758445 1.057683e-016
6769.790981 8.094170e-017
6772.823518 1.049112e-016
6775.856055 1.131651e-016
6778.888592 9.262845e-017
6781.921129 8.782235e-017
6784.953666 9.537132e-017
6787.986202 6.627719e-017
6791.018739 7.370450e-017
6794.051276 9.350398e-017
6797.083813 8.597276e-017
6800.116350 9.083740e-017
6803.148886 8.898725e-017
6806.181423 8.629844e-017
6809.213960 8.759263e-017
6812.246497 9.278972e-017
6815.279034 8.189463e-017
6818.311571 9.295703e-017
6821.344107 9.430990e-017
6824.376644 1.040700e-016
6827.409181 1.128842e-016
6830.441718 1.136929e-016
6833.474255 9.936628e-017
6836.506792 9.568219e-017
6839.539328 8.132830e-017
6842.571865 1.110229e-016
6845.604402 7.932031e-017
6848.636939 7.619564e-017
6851.669476 8.060023e-017
6854.702013 9.940593e-017
6857.734549 8.253150e-017
6860.767086 1.033247e-016
6863.799623 8.629741e-017
6866.832160 7.478363e-017
6869.864697 8.627370e-017
6872.897234 8.832219e-017
6875.929770 6.599095e-017
6878.962307 5.720200e-017
6881.994844 6.445256e-017
6885.027381 6.368515e-017
6888.059918 5.111020e-017
6891.092455 8.173413e-017
6894.124991 9.969465e-017
6897.157528 6.550865e-017
6900.190065 7.324069e-017
6903.222602 9.085700e-017
6906.255139 7.356445e-017
6909.287675 8.274748e-017
6912.320212 8.025144e-017
6915.352749 8.583691e-017
6918.385286 8.967886e-017
6921.417823 8.818729e-017
6924.450360 9.620592e-017
6927.482896 8.083243e-017
6930.515433 7.761720e-017
6933.547970 7.494987e-017
6936.580507 4.847337e-017
6939.613044 5.447571e-017
6942.645581 5.288595e-017
6945.678117 6.653889e-017
6948.710654 3.600534e-017
6951.743191 5.782471e-017
6954.775728 8.837721e-017
6957.808265 8.543831e-017
6960.840802 1.043144e-016
6963.873338 7.229958e-017
6966.905875 1.027820e-016
6969.938412 8.266296e-017
6972.970949 1.007780e-016
6976.003486 1.074553e-016
6979.036023 8.450392e-017
6982.068559 1.167593e-016
6985.101096 7.841013e-017
6988.133633 7.325145e-017
6991.166170 9.178110e-017
6994.198707 8.368553e-017
6997.231244 7.893308e-017
7000.263780 2.530679e-017
7003.296317 6.330481e-017
7006.328854 7.119220e-017
7009.361391 6.191772e-017
7012.393928 8.396492e-017
7015.426464 1.475409e-016
7018.459001 1.068204e-016
7021.491538 1.090648e-016
7024.524075 7.325673e-017
7027.556612 7.194075e-017
7030.589149 1.018235e-016
7033.621685 9.417671e-017
7036.654222 8.181618e-017
7039.686759 6.859860e-017
7042.719296 1.758910e-017
7045.751833 5.956076e-018
7048.784370 5.054614e-017
7051.816906 6.404917e-017
7054.849443 6.438248e-017
7057.881980 8.179168e-017
7060.914517 7.352032e-017
7063.947054 7.394749e-017
7066.979591 8.320043e-017
7070.012127 1.059090e-016
7073.044664 1.098659e-016
7076.077201 7.684412e-017
7079.109738 7.953143e-017
7082.142275 1.091182e-016
7085.174812 8.318324e-017
7088.207348 9.461197e-017
7091.239885 7.039803e-017
7094.272422 4.714904e-017
7097.304959 8.100092e-017
7100.337496 6.496251e-017
7103.370032 7.221612e-017
7106.402569 7.337033e-017
7109.435106 7.308974e-017
7112.467643 1.033929e-016
7115.500180 9.404557e-017
7118.532717 9.826301e-017
7121.565253 1.075450e-016
7124.597790 8.476686e-017
7127.630327 1.165558e-016
7130.662864 9.738442e-017
7133.695401 7.882988e-017
7136.727938 7.568930e-017
7139.760474 6.730434e-017
7142.793011 5.879230e-017
7145.825548 6.629710e-017
7148.858085 9.181035e-017
7151.890622 8.646827e-017
7154.923159 8.522276e-017
7157.955695 1.067334e-016
7160.988232 1.028881e-016
7164.020769 1.068617e-016
7167.053306 9.724792e-017
7170.085843 8.698235e-017
7173.118380 9.473207e-017
7176.150916 7.851042e-017
7179.183453 7.102730e-017
7182.215990 8.182090e-017
7185.248527 9.470569e-017
7188.281064 8.321867e-017
7191.313601 8.388504e-017
7194.346137 1.137295e-016
7197.378674 1.453508e-016
7200.411211 1.350605e-016
7203.443748 1.101562e-016
7206.476285 1.020387e-016
7209.508821 8.795373e-017
7212.541358 7.643807e-017
7215.573895 7.006365e-017
7218.606432 7.002432e-017
7221.638969 7.377475e-017
7224.671506 7.859647e-017
7227.704042 8.962248e-017
7230.736579 8.872078e-017
7233.769116 1.229207e-016
7236.801653 1.836900e-016
7239.834190 1.858393e-016
7242.866727 1.550898e-016
7245.899263 1.119268e-016
7248.931800 7.824992e-017
7251.964337 9.124260e-017
7254.996874 1.016669e-016
7258.029411 9.637469e-017
7261.061948 1.092479e-016
7264.094484 1.089786e-016
7267.127021 1.080256e-016
7270.159558 1.451028e-016
7273.192095 1.828840e-016
7276.224632 1.398942e-016
7279.257169 8.809921e-017
7282.289705 9.336887e-017
7285.322242 9.469334e-017
7288.354779 1.086644e-016
7291.387316 1.005654e-016
7294.419853 8.412069e-017
7297.452390 1.057637e-016
7300.484926 9.911607e-017
7303.517463 8.251812e-017
7306.550000 9.633770e-017
7309.582537 1.404064e-016
7312.615074 1.278027e-016
7315.647610 1.059354e-016
7318.680147 8.821555e-017
7321.712684 5.431859e-017
7324.745221 9.053870e-017
7327.777758 7.731169e-017
7330.810295 8.579139e-017
7333.842831 1.008074e-016
7336.875368 1.057116e-016
7339.907905 1.106072e-016
7342.940442 1.168122e-016
7345.972979 8.101295e-017
7349.005516 8.747370e-017
7352.038052 9.666874e-017
7355.070589 8.469455e-017
7358.103126 6.592172e-017
7361.135663 6.352679e-017
7364.168200 6.979112e-017
7367.200737 8.780794e-017
7370.233273 9.204923e-017
7373.265810 8.255727e-017
7376.298347 9.582696e-017
7379.330884 8.820554e-017
7382.363421 1.000779e-016
7385.395958 1.071039e-016
7388.428494 1.200250e-016
7391.461031 1.096665e-016
7394.493568 9.867956e-017
7397.526105 9.782139e-017
7400.558642 6.957205e-017
7403.591179 5.696976e-017
7406.623715 7.398807e-017
7409.656252 1.123071e-016
7412.688789 8.196329e-017
7415.721326 7.686918e-017
7418.753863 7.635265e-017
7421.786399 9.490077e-017
7424.818936 9.962361e-017
7427.851473 1.108074e-016
7430.884010 1.086175e-016
7433.916547 1.210346e-016
7436.949084 1.341965e-016
7439.981620 1.231852e-016
7443.014157 1.039534e-016
7446.046694 8.380613e-017
7449.079231 1.115185e-016
7452.111768 1.037277e-016
7455.144305 9.586640e-017
7458.176841 7.781241e-017
7461.209378 7.136735e-017
7464.241915 1.051602e-016
7467.274452 7.698913e-017
7470.306989 6.960027e-017
7473.339526 5.084083e-017
7476.372062 6.906660e-017
7479.404599 7.567989e-017
7482.437136 8.182487e-017
7485.469673 8.785913e-017
7488.502210 7.267276e-017
7491.534747 1.067459e-016
7494.567283 9.174219e-017
7497.599820 8.006478e-017
7500.632357 7.261866e-017
7503.664894 8.483779e-017
7506.697431 7.482399e-017
7509.729968 9.196286e-017
7512.762504 9.233064e-017
7515.795041 7.029813e-017
7518.827578 6.098052e-017
7521.860115 5.387370e-017
7524.892652 4.747021e-017
7527.925188 5.762012e-017
7530.957725 6.228528e-017
7533.990262 5.908858e-017
7537.022799 5.929987e-017
7540.055336 6.213913e-017
7543.087873 6.631471e-017
7546.120409 6.805453e-017
7549.152946 7.991810e-017
7552.185483 6.821265e-017
7555.218020 8.238531e-017
7558.250557 8.723493e-017
7561.283094 7.342497e-017
7564.315630 8.694234e-017
7567.348167 1.190420e-016
7570.380704 1.249034e-016
7573.413241 1.062088e-016
7576.445778 8.127086e-017
7579.478315 6.973645e-017
7582.510851 7.329752e-017
7585.543388 7.166999e-017
7588.575925 8.873537e-017
7591.608462 5.266957e-017
7594.640999 5.656314e-017
7597.673536 6.589403e-017
7600.706072 5.410090e-017
7603.738609 7.924967e-017
7606.771146 1.103830e-016
7609.803683 8.814352e-017
7612.836220 1.144827e-016
7615.868756 8.197908e-017
7618.901293 8.760885e-017
7621.933830 2.122260e-017
7624.966367 3.483660e-017
7627.998904 8.223937e-017
7631.031441 1.071661e-016
7634.063977 8.756164e-017
7637.096514 9.458719e-017
7640.129051 9.095973e-017
7643.161588 9.802746e-017
7646.194125 8.116922e-017
7649.226662 3.672521e-017
7652.259198 6.317470e-017
7655.291735 7.507980e-017
7658.324272 7.271966e-017
7661.356809 8.423717e-017
7664.389346 8.483087e-017
7667.421883 7.436923e-017
7670.454419 7.801853e-017
7673.486956 6.992808e-017
7676.519493 8.683619e-017
7679.552030 6.526299e-017
7682.584567 5.095024e-017
7685.617104 6.030101e-017
7688.649640 6.788388e-017
7691.682177 7.022614e-017
7694.714714 9.442105e-017
7697.747251 9.573431e-017
7700.779788 8.295807e-017
7703.812325 8.280254e-017
7706.844861 1.243836e-016
7709.877398 8.287195e-017
7712.909935 6.167131e-017
7715.942472 1.106234e-016
7718.975009 1.074567e-016
7722.007545 6.758533e-017
7725.040082 5.058136e-017
7728.072619 7.894522e-017
7731.105156 7.623479e-017
7734.137693 4.128909e-017
7737.170230 7.069981e-017
7740.202766 9.025208e-017
7743.235303 9.214057e-017
7746.267840 1.303897e-016
7749.300377 1.532889e-016
7752.332914 1.448907e-016
7755.365451 5.366776e-017
7758.397987 1.103650e-016
7761.430524 8.215055e-017
7764.463061 8.047090e-017
7767.495598 4.967916e-017
7770.528135 4.589507e-017
7773.560672 3.183306e-017
7776.593208 4.671378e-017
7779.625745 5.934326e-017
7782.658282 6.129103e-017
7785.690819 1.094810e-016
7788.723356 9.454640e-017
7791.755893 1.240003e-016
7794.788429 7.765668e-017
7797.820966 5.506536e-017
7800.853503 7.972370e-017
7803.886040 8.768085e-017
7806.918577 9.716002e-017
7809.951114 7.298097e-017
7812.983650 1.005978e-016
7816.016187 5.495744e-017
7819.048724 5.164451e-017
7822.081261 6.787813e-017
7825.113798 8.853313e-017
7828.146334 6.744230e-017
7831.178871 5.853236e-017
7834.211408 5.289074e-017
7837.243945 6.929025e-017
7840.276482 2.599252e-017
7843.309019 8.814902e-017
7846.341555 9.566739e-017
7849.374092 7.660495e-017
7852.406629 4.924489e-017
7855.439166 7.424122e-017
7858.471703 5.115681e-017
7861.504240 5.504580e-017
7864.536776 5.192241e-017
7867.569313 7.941339e-017
7870.601850 6.907402e-017
7873.634387 8.492612e-017
7876.666924 8.316106e-017
7879.699461 7.368330e-017
7882.731997 3.857881e-017
7885.764534 6.179609e-017
7888.797071 5.806714e-017
7891.829608 7.666527e-017
7894.862145 5.532515e-017
7897.894682 5.135551e-017
7900.927218 6.994860e-017
7903.959755 4.626814e-017
7906.992292 4.035984e-017
7910.024829 2.773634e-017
7913.057366 -2.340190e-017
7916.089903 -1.389913e-017
7919.122439 7.999882e-017
7922.154976 3.016851e-017
7925.187513 8.948180e-017
7928.220050 9.415051e-017
7931.252587 7.850278e-017
7934.285123 5.650333e-017
7937.317660 5.721489e-017
7940.350197 1.157849e-016
7943.382734 1.052465e-016
7946.415271 1.156677e-016
7949.447808 9.479416e-017
7952.480344 8.823773e-017
7955.512881 6.393990e-017
7958.545418 3.944803e-017
7961.577955 5.063010e-017
7964.610492 2.103031e-017
7967.643029 4.510307e-017
7970.675565 6.906340e-017
7973.708102 4.168733e-017
7976.740639 2.256357e-018
7979.773176 3.308553e-017
7982.805713 8.045227e-017
7985.838250 4.140454e-017
7988.870786 5.423033e-017
7991.903323 4.426609e-017
7994.935860 4.012107e-017
7997.968397 6.140488e-017
8001.000934 1.015424e-016
8004.033471 8.863839e-017
8007.066007 8.672494e-017
8010.098544 1.230304e-016
8013.131081 1.042320e-016
8016.163618 6.435933e-017
8019.196155 1.050947e-016
8022.228692 1.270202e-016
8025.261228 1.362482e-016
8028.293765 1.009584e-016
8031.326302 1.032059e-016
8034.358839 1.331213e-016
8037.391376 1.008691e-016
8040.423912 7.411218e-017
8043.456449 8.950537e-017
8046.488986 6.478274e-017
8049.521523 6.368221e-017
8052.554060 8.262423e-017
8055.586597 4.841767e-017
8058.619133 8.068078e-017
8061.651670 8.877070e-017
8064.684207 6.733622e-017
8067.716744 7.319979e-017
8070.749281 6.654248e-017
8073.781818 5.601982e-017
8076.814354 5.130872e-017
8079.846891 4.900665e-017
8082.879428 5.718944e-017
8085.911965 4.989039e-017
8088.944502 4.284151e-017
8091.977039 1.649710e-017
8095.009575 5.338653e-017
8098.042112 6.083383e-017
8101.074649 6.434858e-017
8104.107186 5.195894e-017
8107.139723 4.231238e-017
8110.172260 7.197153e-017
8113.204796 5.922951e-017
8116.237333 3.923133e-017
8119.269870 5.680188e-017
8122.302407 4.902525e-017
8125.334944 5.371927e-017
8128.367480 7.290383e-017
8131.400017 7.033910e-017
8134.432554 9.122350e-017
8137.465091 9.183378e-017
8140.497628 7.046278e-017
8143.530165 7.047332e-017
8146.562701 4.992223e-017
8149.595238 4.218596e-017
8152.627775 7.587071e-017
8155.660312 4.782319e-017
8158.692849 4.329069e-017
8161.725386 3.149933e-017
8164.757922 3.821522e-017
8167.790459 5.309053e-017
8170.822996 8.605818e-017
8173.855533 6.218759e-017
8176.888070 7.108527e-017
8179.920607 7.571191e-017
8182.953143 4.542019e-017
8185.985680 8.607667e-017
8189.018217 7.710848e-017
8192.050754 5.542995e-017
8195.083291 3.436866e-017
8198.115828 7.119763e-017
8201.148364 7.453118e-017
8204.180901 7.758209e-017
8207.213438 8.428367e-017
8210.245975 5.607914e-017
8213.278512 6.583958e-017
8216.311049 4.610942e-017
8219.343585 5.014659e-017
8222.376122 6.554127e-017
8225.408659 5.638358e-017
8228.441196 3.207757e-017
8231.473733 3.328156e-017
8234.506269 3.497122e-017
8237.538806 7.380809e-017
8240.571343 8.428002e-017
8243.603880 5.219647e-017
8246.636417 6.811981e-017
8249.668954 7.768589e-017
8252.701490 7.684042e-017
8255.734027 9.329741e-017
8258.766564 8.725644e-017
8261.799101 8.827906e-017
8264.831638 9.580062e-017
8267.864175 9.373331e-017
8270.896711 8.539955e-017
8273.929248 1.221069e-016
8276.961785 1.440498e-016
8279.994322 1.598425e-016
8283.026859 1.282985e-016
8286.059396 9.908614e-017
8289.091932 8.954389e-017
8292.124469 6.597043e-017
8295.157006 4.239232e-017
8298.189543 1.882470e-017
8301.222080 -4.740027e-018
8304.254617 9.191518e-017
8307.287153 1.700183e-017
8310.319690 -6.396266e-019
8313.352227 2.413579e-017
8316.384764 1.225164e-016
8319.417301 1.557817e-016
8322.449838 1.046535e-016
8325.482374 1.154283e-016
8328.514911 1.145598e-016
8331.547448 1.136913e-016
8334.579985 1.128231e-016
8337.612522 1.119550e-016
8340.645058 1.110868e-016
8343.677595 1.102189e-016
8346.710132 1.093512e-016
8349.742669 1.084836e-016
8352.775206 1.455290e-016
8355.807743 1.608157e-016
8358.840279 1.141421e-016
8361.872816 6.718744e-017
8364.905353 7.158887e-017
8367.937890 1.150372e-016
8370.970427 1.298192e-016
8374.002964 1.290159e-016
8377.035500 4.108901e-017
8380.068037 2.165924e-017
8383.100574 1.109065e-016
8386.133111 1.258032e-016
8389.165648 1.406924e-016
8392.198185 1.680660e-016
8395.230721 2.408266e-016
8398.263258 2.325510e-016
8401.295795 1.450057e-016
8404.328332 1.360092e-016
8407.360869 1.589216e-016
8410.393406 1.629380e-016
8413.425942 2.292604e-016
8416.458479 2.626883e-016
8419.491016 1.969097e-016
8422.523553 1.718650e-016
8425.556090 2.942838e-016
8428.588627 2.553566e-016
8431.621163 1.825223e-016
8434.653700 1.995078e-016
8437.686237 2.279597e-016
8440.718774 2.140024e-016
8443.751311 2.087832e-016
8446.783847 1.609258e-016
8449.816384 1.505184e-016
8452.848921 2.142554e-016
8455.881458 1.797660e-016
8458.913995 2.793013e-016
8461.946532 3.829587e-016
8464.979068 2.994066e-016
8468.011605 2.241617e-016
8471.044142 2.831659e-016
8474.076679 2.593103e-016
8477.109216 2.906330e-016
8480.141753 2.799263e-016
8483.174289 2.533605e-016
8486.206826 2.851604e-016
8489.239363 2.927046e-016
8492.271900 2.024555e-016
8495.304437 2.798101e-016
8498.336974 2.358734e-016
8501.369510 1.686853e-016
8504.402047 2.199654e-016
8507.434584 2.629504e-016
8510.467121 3.033745e-016
8513.499658 2.471869e-016
8516.532195 2.390281e-016
8519.564731 3.111930e-016
8522.597268 3.038953e-016
8525.629805 2.867874e-016
8528.662342 2.893678e-016
8531.694879 2.555654e-016
8534.727416 3.037444e-016
8537.759952 2.960034e-016
8540.792489 3.361429e-016
8543.825026 3.192437e-016
8546.857563 3.095843e-016
8549.890100 3.075884e-016
8552.922636 2.156845e-016
8555.955173 9.888788e-017
8558.987710 1.555634e-016
8562.020247 1.854776e-016
8565.052784 2.149020e-016
8568.085321 1.857373e-016
8571.117857 1.829266e-016
8574.150394 1.897410e-016
8577.182931 1.772317e-016
8580.215468 1.666391e-016
8583.248005 1.839293e-016
8586.280542 2.112562e-016
8589.313078 2.189019e-016
8592.345615 2.231873e-016
8595.378152 1.895061e-016
8598.410689 2.473847e-016
8601.443226 2.688121e-016
8604.475763 2.092841e-016
8607.508299 1.918462e-016
8610.540836 2.390042e-016
8613.573373 2.254181e-016
8616.605910 2.646748e-016
8619.638447 1.813057e-016
8622.670984 1.979357e-016
8625.703520 1.294422e-016
8628.736057 1.763434e-016
8631.768594 1.708271e-016
8634.801131 1.783448e-016
8637.833668 1.640306e-016
8640.866204 1.524740e-016
8643.898741 1.449824e-016
8646.931278 1.458951e-016
8649.963815 1.468075e-016
8652.996352 1.477198e-016
8656.028889 1.486323e-016
8659.061425 1.495444e-016
8662.093962 2.539765e-016
8665.126499 2.847624e-016
8668.159036 2.406151e-016
8671.191573 2.323630e-016
8674.224110 2.431807e-016
8677.256646 2.340500e-016
8680.289183 1.803879e-016
8683.321720 1.720684e-016
8686.354257 1.346043e-016
8689.386794 1.434480e-016
8692.419331 1.518522e-016
8695.451867 1.053905e-016
8698.484404 1.082407e-016
8701.516941 1.232749e-016
8704.549478 1.233017e-016
8707.582015 1.045616e-016
8710.614552 1.088284e-016
8713.647088 1.708677e-016
8716.679625 1.633837e-016
8719.712162 1.174625e-016
8722.744699 1.185608e-016
8725.777236 1.226844e-016
8728.809773 1.165320e-016
8731.842309 1.146568e-016
8734.874846 1.059038e-016
8737.907383 8.257194e-017
8740.939920 1.229047e-016
8743.972457 1.003666e-016
8747.004993 6.177866e-017
8750.037530 7.682701e-017
8753.070067 7.569761e-017
8756.102604 7.456867e-017
8759.135141 7.343988e-017
8762.167678 7.231084e-017
8765.200214 7.118226e-017
8768.232751 7.005382e-017
8771.265288 6.892510e-017
8774.297825 6.779687e-017
8777.330362 6.666875e-017
8780.362899 6.554042e-017
8783.395435 6.441255e-017
8786.427972 6.328475e-017
8789.460509 6.215674e-017
8792.493046 6.102922e-017
8795.525583 5.990178e-017
8798.558120 3.794581e-017
8801.590656 7.672594e-017
8804.623193 1.073286e-016
8807.655730 7.423653e-017
8810.688267 6.420867e-017
8813.720804 6.283308e-017
8816.753341 6.145767e-017
8819.785877 6.008190e-017
8822.818414 5.870670e-017
8825.850951 5.733168e-017
8828.883488 5.595631e-017
8831.916025 5.458153e-017
8834.948562 5.320690e-017
8837.981098 5.183195e-017
8841.013635 5.045757e-017
8844.046172 4.908329e-017
8847.078709 1.514594e-017
8850.111246 -1.562937e-017
8853.143782 2.409863e-017
8856.176319 1.861326e-017
8859.208856 7.815226e-017
8862.241393 1.000558e-016
8865.273930 9.854995e-017
8868.306467 9.704479e-017
8871.339003 9.553977e-017
8874.371540 9.403488e-017
8877.404077 9.252968e-017
8880.436614 9.102509e-017
8883.469151 8.952067e-017
8886.501688 8.801586e-017
8889.534224 8.651172e-017
8892.566761 8.500770e-017
8895.599298 8.350335e-017
8898.631835 3.621291e-017
8901.664372 3.035361e-017
8904.696909 2.449294e-017
8907.729445 1.863467e-017
8910.761982 1.277691e-017
8913.794519 6.917775e-018
8916.827056 1.061037e-018
8919.859593 -4.795194e-018
8922.892130 -1.065280e-017
8925.924666 1.413693e-016
8928.957203 1.485530e-016
8931.989740 7.843157e-017
8935.022277 1.032840e-016
8938.054814 9.324803e-017
8941.087351 8.321285e-017
8944.119887 7.317533e-017
8947.152424 6.314190e-017
8950.184961 5.310931e-017
8953.217498 4.307435e-017
8956.250035 3.304348e-017
8959.282571 2.301344e-017
8962.315108 1.298101e-017
8965.347645 2.952645e-018
8968.380182 5.820594e-017
8971.412719 -3.727756e-018
8974.445256 1.100025e-017
8977.477792 3.859908e-017
8980.510329 1.219320e-017
8983.542866 -6.091978e-017
8986.575403 -5.753467e-017
8989.607940 7.936334e-017
8992.640477 1.104355e-016
8995.673013 9.020919e-017
8998.705550 1.078479e-016
9001.738087 1.791738e-016
9004.770624 1.241234e-016
9007.803161 1.228124e-016
9010.835698 6.856207e-017
9013.868234 8.267971e-017
9016.900771 6.926547e-017
9019.933308 5.139189e-017
9022.965845 4.339073e-017
9025.998382 6.652203e-017
9029.030919 9.522893e-017
9032.063455 8.973481e-017
9035.095992 6.595634e-017
9038.128529 5.947535e-017
9041.161066 6.151465e-017
9044.193603 9.894326e-017
9047.226140 1.207524e-017
9050.258676 6.965412e-018
9053.291213 1.229588e-016
9056.323750 7.941542e-017
9059.356287 6.928077e-017
9062.388824 7.083855e-017
9065.421360 1.071166e-016
9068.453897 4.994768e-017
9071.486434 7.614995e-017
9074.518971 1.640123e-016
9077.551508 7.730480e-017
9080.584045 7.349544e-017
9083.616581 2.075292e-017
9086.649118 1.860155e-017
9089.681655 2.180920e-017
9092.714192 7.891859e-017
9095.746729 6.973432e-017
9098.779266 2.777879e-017
9101.811802 9.995912e-018
9104.844339 3.440715e-017
9107.876876 2.043509e-017
9110.909413 4.529346e-017
9113.941950 4.231167e-017
9116.974487 5.556385e-017
9120.007023 5.257869e-017
9123.039560 3.835157e-017
9126.072097 1.122827e-016
9129.104634 9.544395e-017
9132.137171 8.516773e-017
9135.169708 1.054870e-016
9138.202244 7.090092e-017
9141.234781 3.910187e-017
9144.267318 3.994882e-017
9147.299855 1.364606e-016
9150.332392 8.468880e-017
9153.364928 -8.806552e-018
9156.397465 -2.577369e-017
9159.430002 1.639807e-017
9162.462539 -6.456428e-017
9165.495076 -2.418838e-017
9168.527613 -4.160217e-017
9171.560149 1.242156e-017
9174.592686 4.976166e-017
9177.625223 4.678083e-017
9180.657760 -5.575577e-017
9183.690297 1.780892e-017
9186.722834 1.196596e-016
9189.755370 5.823693e-017
9192.787907 7.571575e-017
9195.820444 9.910503e-017
9198.852981 6.462562e-017
9201.885518 1.054177e-016
9204.918055 9.312349e-017
9207.950591 7.782037e-017
9210.983128 9.590403e-017
9214.015665 6.725081e-017
9217.048202 8.415694e-017
9220.080739 8.904809e-017
9223.113276 1.117255e-016
9226.145812 1.205769e-016
9229.178349 6.651323e-017
9232.210886 9.367435e-017
9235.243423 7.804544e-017
9238.275960 7.740679e-017
9241.308497 -3.250332e-018
9244.341033 4.418284e-017
9247.373570 6.056971e-017
9250.406107 6.169517e-017
9253.438644 4.400133e-017
9256.471181 2.103083e-017
9259.503717 -3.446143e-018
9262.536254 4.846123e-018
9265.568791 4.231316e-018
9268.601328 4.977895e-017
9271.633865 2.219947e-018
9274.666402 6.688346e-017
9277.698938 5.011446e-017
9280.731475 -7.668962e-018
9283.764012 3.465282e-017
9286.796549 3.376557e-017
9289.829086 6.863595e-017
9292.861623 1.052612e-016
9295.894159 1.078234e-016
9298.926696 3.539707e-017
9301.959233 3.289762e-017
9304.991770 3.039754e-017
9308.024307 2.789845e-017
9311.056844 2.539955e-017
9314.089380 2.290002e-017
9317.121917 2.040149e-017
9320.154454 1.790314e-017
9323.186991 1.540497e-017
9326.219528 1.290617e-017
9329.252065 1.040837e-017
9332.284601 7.910749e-018
9335.317138 5.412504e-018
9338.349675 -1.029421e-016
9341.382212 -7.790354e-017
9344.414749 2.025787e-017
9347.447286 4.977494e-017
9350.479822 2.525630e-017
9353.512359 8.335041e-018
9356.544896 3.075849e-017
9359.577433 3.528481e-017
9362.609970 3.981226e-017
9365.642506 4.433794e-017
9368.675043 4.886326e-017
9371.707580 5.338976e-017
9374.740117 5.791445e-017
9377.772654 6.243882e-017
9380.805191 6.696432e-017
9383.837727 7.148805e-017
9386.870264 7.601146e-017
9389.902801 9.513407e-017
9392.935338 1.526622e-016
9395.967875 9.971268e-017
9399.000412 8.001263e-017
9402.032948 2.462673e-017
9405.065485 1.343474e-016
9408.098022 7.125581e-017
9411.130559 6.222323e-017
9414.163096 8.564407e-017
9417.195633 1.020609e-016
9420.228169 8.888270e-017
9423.260706 -7.806496e-018
9426.293243 2.443171e-018
9429.325780 2.574061e-017
9432.358317 8.106915e-017
9435.390854 3.493357e-017
9438.423390 3.330464e-017
9441.455927 4.166010e-017
9444.488464 -2.548095e-017
9447.521001 6.116540e-017
9450.553538 9.004050e-017
9453.586075 2.898688e-017
9456.618611 5.102529e-017
9459.651148 -2.368679e-017
9462.683685 -5.096518e-017
9465.716222 9.505771e-017
9468.748759 1.234561e-016
9471.781295 1.179895e-016
9474.813832 -1.650714e-017
9477.846369 -1.812364e-016
9480.878906 -1.347385e-017
9483.911443 2.990898e-017
9486.943980 -5.604967e-017
9489.976516 1.903432e-017
9493.009053 1.154797e-016
9496.041590 8.847257e-017
9499.074127 1.057067e-016
9502.106664 -1.326120e-016
9505.139201 -1.019044e-016
9508.171737 1.214183e-017
9511.204274 7.368600e-017
9514.236811 5.876450e-017
9517.269348 3.122139e-017
9520.301885 6.975036e-017
9523.334422 1.548959e-017
9526.366958 8.759266e-017
9529.399495 9.979082e-017
9532.432032 -4.787200e-018
9535.464569 3.230611e-017
9538.497106 4.704325e-017
9541.529643 7.538205e-017
9544.562179 -7.501445e-018
9547.594716 -4.595564e-018
9550.627253 1.524116e-017
9553.659790 4.771555e-017
9556.692327 1.460881e-016
9559.724864 -1.357813e-017
9562.757400 1.242147e-016
9565.789937 1.640297e-016
9568.822474 -1.615510e-016
9571.855011 -1.542478e-016
9574.887548 -1.586938e-016
9577.920084 -3.510809e-017
9580.952621 -2.528465e-017
9583.985158 6.667397e-017
9587.017695 4.643396e-017
9590.050232 5.546264e-017
9593.082769 7.144322e-017
9596.115305 1.150768e-016
9599.147842 1.783623e-016
9602.180379 2.341789e-017
9605.212916 9.729208e-017
9608.245453 1.707329e-016
9611.277990 1.289394e-016
9614.310526 8.971294e-017
9617.343063 3.517484e-017
9620.375600 4.403182e-017
9623.408137 8.750967e-017
9626.440674 5.432963e-017
9629.473211 3.341764e-017
9632.505747 -2.897578e-017
9635.538284 3.103998e-017
9638.570821 -3.507564e-017
9641.603358 4.465215e-017
9644.635895 1.264373e-017
9647.668432 2.656581e-017
9650.700968 -5.280451e-017
9653.733505 -4.529924e-017
9656.766042 6.248973e-017
9659.798579 6.429046e-017
9662.831116 1.387346e-016
9665.863652 1.601689e-016
9668.896189 2.370646e-016
9671.928726 1.999492e-016
9674.961263 3.873870e-017
9677.993800 3.322077e-017
9681.026337 1.072988e-016
9684.058873 1.544902e-016
9687.091410 4.795816e-018
9690.123947 4.032477e-017
9693.156484 1.351599e-016
9696.189021 9.530461e-018
9699.221558 -2.338440e-017
9702.254094 -1.885985e-017
9705.286631 5.413065e-017
9708.319168 3.184191e-017
9711.351705 3.533962e-017
9714.384242 6.696305e-018
9717.416779 7.323256e-017
9720.449315 1.327855e-016
9723.481852 1.477864e-016
9726.514389 8.374532e-017
9729.546926 5.210062e-017
9732.579463 1.904075e-016
9735.612000 1.119338e-016
9738.644536 4.373000e-017
9741.677073 -4.353294e-017
9744.709610 -1.024166e-016
9747.742147 1.746314e-017
9750.774684 1.317655e-016
9753.807221 1.343303e-016
9756.839757 8.033423e-017
9759.872294 7.645383e-017
9762.904831 1.431239e-016
9765.937368 1.500826e-016
9768.969905 1.771151e-016
9772.002441 1.043014e-016
9775.034978 4.023009e-017
9778.067515 1.122512e-016
9781.100052 8.082345e-017
9784.132589 -1.005137e-018
9787.165126 -4.520172e-017
9790.197662 1.072876e-016
9793.230199 5.167984e-017
9796.262736 -3.182011e-017
9799.295273 -1.954716e-016
9802.327810 8.691710e-018
9805.360347 8.037285e-019
9808.392883 5.092574e-017
9811.425420 1.423888e-016
9814.457957 9.354903e-017
9817.490494 9.979341e-017
9820.523031 8.797503e-017
9823.555568 1.396232e-016
9826.588104 8.850008e-017
9829.620641 6.603990e-017
9832.653178 3.839286e-017
