3660.58447266  0.
3666.10104275125  6.954688E-17
3671.6176128425  6.072988E-17
3677.13418293375  6.526681E-17
3682.650753025  6.333499E-17
3688.16732311625  6.572781E-17
3693.6838932075  8.305042E-17
3699.20046329875  5.041027E-17
3704.71703339  3.947777E-17
3710.23360348125  5.914367E-17
3715.7501735725  7.804546E-17
3721.26674366375  6.256781E-17
3726.783313755  5.120929E-17
3732.29988384625  4.212393E-17
3737.8164539375  7.137820E-17
3743.33302402875  5.424838E-17
3748.84959412  6.504760E-17
3754.36616421125  5.989077E-17
3759.8827343025  5.974919E-17
3765.39930439375  6.923594E-17
3770.915874485  6.060949E-17
3776.43244457625  5.215284E-17
3781.9490146675  5.207242E-17
3787.46558475875  6.346560E-17
3792.98215485  5.038394E-17
3798.49872494125  4.588979E-17
3804.0152950325  5.721893E-17
3809.53186512375  7.199459E-17
3815.048435215  5.311429E-17
3820.56500530625  4.532182E-17
3826.0815753975  5.136984E-17
3831.59814548875  6.070672E-17
3837.11471558  5.340555E-17
3842.63128567125  7.146964E-17
3848.1478557625  6.819256E-17
3853.66442585375  5.913787E-17
3859.180995945  5.753342E-17
3864.69756603625  6.424272E-17
3870.2141361275  6.081907E-17
3875.73070621875  6.581666E-17
3881.24727631  6.207194E-17
3886.76384640125  7.565617E-17
3892.2804164925  6.052175E-17
3897.79698658375  7.624825E-17
3903.313556675  5.517495E-17
3908.83012676625  6.532072E-17
3914.3466968575  6.648279E-17
3919.86326694875  7.129938E-17
3925.37983704  6.046741E-17
3930.89640713125  5.260197E-17
3936.4129772225  6.502819E-17
3941.92954731375  4.560082E-17
3947.446117405  7.109140E-17
3952.96268749625  6.361738E-17
3958.4792575875  4.972139E-17
3963.99582767875  6.850632E-17
3969.51239777  6.087843E-17
3975.02896786125  6.005415E-17
3980.5455379525  5.389614E-17
3986.06210804375  6.269038E-17
3991.578678135  5.299658E-17
3997.09524822625  5.146571E-17
4002.6118183175  4.193392E-17
4008.12838840875  6.988286E-17
4013.6449585  6.202738E-17
4019.16152859125  5.622505E-17
4024.6780986825  6.247771E-17
4030.19466877375  6.405902E-17
4035.711238865  5.755922E-17
4041.22780895625  6.116740E-17
4046.7443790475  4.938389E-17
4052.26094913875  6.358761E-17
4057.77751923  7.215189E-17
4063.29408932125  6.560180E-17
4068.8106594125  6.388090E-17
4074.32722950375  6.438444E-17
4079.843799595  4.540830E-17
4085.36036968625  7.076837E-17
4090.8769397775  6.578359E-17
4096.39350986875  5.397285E-17
4101.91007996  6.101541E-17
4107.42665005125  6.044997E-17
4112.9432201425  5.661019E-17
4118.45979023375  6.117227E-17
4123.976360325  5.248899E-17
4129.49293041625  5.941336E-17
4135.0095005075  5.071382E-17
4140.52607059875  5.864924E-17
4146.04264069  6.499190E-17
4151.55921078125  6.207794E-17
4157.0757808725  6.425141E-17
4162.59235096375  6.302852E-17
4168.108921055  5.925621E-17
4173.62549114625  6.026078E-17
4179.1420612375  6.430233E-17
4184.65863132875  4.571978E-17
4190.17520142  6.277034E-17
4195.69177151125  6.409555E-17
4201.2083416025  6.346476E-17
4206.72491169375  6.635517E-17
4212.241481785  5.610320E-17
4217.75805187625  5.815094E-17
4223.2746219675  5.964214E-17
4228.79119205875  5.452642E-17
4234.30776215  5.456907E-17
4239.82433224125  5.500397E-17
4245.3409023325  6.643731E-17
4250.85747242375  5.405655E-17
4256.374042515  5.275279E-17
4261.89061260625  5.624792E-17
4267.4071826975  5.619967E-17
4272.92375278875  5.264152E-17
4278.44032288  5.814753E-17
4283.95689297125  5.216233E-17
4289.4734630625  5.837311E-17
4294.99003315375  5.834696E-17
4300.506603245  6.237948E-17
4306.02317333625  6.168179E-17
4311.5397434275  6.041790E-17
4317.05631351875  6.181371E-17
4322.57288361  5.642165E-17
4328.08945370125  5.493683E-17
4333.6060237925  5.854121E-17
4339.12259388375  4.912990E-17
4344.639163975  5.302156E-17
4350.15573406625  5.352054E-17
4355.6723041575  6.334075E-17
4361.18887424875  5.094301E-17
4366.70544434  5.713298E-17
4372.22201443125  5.179810E-17
4377.7385845225  5.777372E-17
4383.25515461375  5.541389E-17
4388.771724705  5.710521E-17
4394.28829479625  6.348450E-17
4399.8048648875  5.435386E-17
4405.32143497875  5.656166E-17
4410.83800507  5.696651E-17
4416.35457516125  5.884873E-17
4421.8711452525  5.614971E-17
4427.38771534375  5.473109E-17
4432.904285435  5.357326E-17
4438.42085552625  5.660752E-17
4443.9374256175  6.232351E-17
4449.45399570875  6.339803E-17
4454.9705658  5.844732E-17
4460.48713589125  6.207037E-17
4466.0037059825  6.172007E-17
4471.52027607375  5.776957E-17
4477.036846165  5.287152E-17
4482.55341625625  5.920725E-17
4488.0699863475  6.390666E-17
4493.58655643875  6.494106E-17
4499.10312653  5.885886E-17
4504.61969662125  5.674101E-17
4510.1362667125  5.980650E-17
4515.65283680375  5.969551E-17
4521.169406895  5.772283E-17
4526.68597698625  5.714561E-17
4532.20254707751  6.058803E-17
4537.71911716875  5.852633E-17
4543.23568726  5.146282E-17
4548.75225735125  5.882208E-17
4554.2688274425  5.225458E-17
4559.78539753375  6.048951E-17
4565.301967625  4.724689E-17
4570.81853771626  5.150105E-17
4576.3351078075  5.706812E-17
4581.85167789875  4.958034E-17
4587.36824799  4.848777E-17
4592.88481808125  5.624903E-17
4598.4013881725  5.652874E-17
4603.91795826375  5.411800E-17
4609.434528355  5.292600E-17
4614.95109844625  5.844085E-17
4620.46766853751  6.088072E-17
4625.98423862876  5.795383E-17
4631.50080872  5.404341E-17
4637.01737881125  5.561785E-17
4642.5339489025  4.996698E-17
4648.05051899375  5.390923E-17
4653.567089085  6.315226E-17
4659.08365917625  5.346553E-17
4664.6002292675  5.673963E-17
4670.11679935875  6.259419E-17
4675.63336945  4.511776E-17
4681.14993954125  4.812416E-17
4686.6665096325  4.924844E-17
4692.18307972376  5.429844E-17
4697.699649815  5.741925E-17
4703.21621990625  5.792541E-17
4708.7327899975  5.862347E-17
4714.24936008875  5.213856E-17
4719.76593018001  5.388742E-17
4725.28250027125  5.422534E-17
4730.7990703625  5.713895E-17
4736.31564045375  4.941172E-17
4741.832210545  4.811649E-17
4747.34878063625  5.426034E-17
4752.86535072751  5.707545E-17
4758.38192081875  5.977933E-17
4763.89849091  5.146095E-17
4769.41506100126  5.193329E-17
4774.9316310925  5.253843E-17
4780.44820118375  5.791961E-17
4785.964771275  5.105046E-17
4791.48134136625  5.530550E-17
4796.9979114575  5.610886E-17
4802.51448154875  5.602630E-17
4808.03105164  4.683829E-17
4813.54762173125  4.296068E-17
4819.0641918225  4.961150E-17
4824.58076191375  5.004695E-17
4830.097332005  5.412998E-17
4835.61390209625  5.029055E-17
4841.1304721875  5.266354E-17
4846.64704227875  5.201930E-17
4852.16361237  5.312058E-17
4857.68018246125  5.851022E-17
4863.1967525525  5.053523E-17
4868.71332264376  5.236651E-17
4874.229892735  5.371860E-17
4879.74646282625  5.394489E-17
4885.2630329175  5.247480E-17
4890.77960300875  5.984581E-17
4896.2961731  5.274065E-17
4901.81274319126  5.156191E-17
4907.3293132825  6.497974E-17
4912.84588337376  5.201016E-17
4918.362453465  5.069205E-17
4923.87902355626  5.990326E-17
4929.3955936475  4.992010E-17
4934.91216373875  5.089098E-17
4940.42873383001  5.147621E-17
4945.94530392125  5.350455E-17
4951.4618740125  5.280445E-17
4956.97844410376  5.748643E-17
4962.49501419501  5.095710E-17
4968.01158428625  5.158303E-17
4973.5281543775  4.743136E-17
4979.04472446876  4.778365E-17
4984.56129456  5.432870E-17
4990.07786465125  5.905741E-17
4995.5944347425  5.063508E-17
5001.11100483375  5.010428E-17
5006.627574925  5.360979E-17
5012.14414501626  4.729932E-17
5017.6607151075  5.020508E-17
5023.17728519876  4.997947E-17
5028.69385529001  5.227285E-17
5034.21042538125  4.791373E-17
5039.7269954725  5.675577E-17
5045.24356556375  4.989491E-17
5050.76013565501  5.590173E-17
5056.27670574626  4.863698E-17
5061.79327583751  5.041756E-17
5067.30984592875  5.020365E-17
5072.82641602001  5.664735E-17
5078.34298611125  5.243821E-17
5083.85955620251  5.562020E-17
5089.37612629376  4.896103E-17
5094.89269638501  5.051946E-17
5100.40926647626  4.776461E-17
5105.92583656751  3.872722E-17
5111.44240665876  4.815010E-17
5116.95897675001  4.896322E-17
5122.47554684125  4.541661E-17
5127.99211693251  4.753207E-17
5133.50868702375  5.071863E-17
5139.02525711501  4.914857E-17
5144.54182720626  5.002805E-17
5150.05839729751  5.566687E-17
5155.57496738875  5.114242E-17
5161.09153748  4.945026E-17
5166.60810757126  5.000505E-17
5172.12467766251  4.253464E-17
5177.64124775375  4.502317E-17
5183.157817845  4.738466E-17
5188.67438793626  4.743693E-17
5194.19095802751  4.813426E-17
5199.70752811875  4.767899E-17
5205.22409821001  4.943158E-17
5210.74066830126  4.033240E-17
5216.25723839251  5.187913E-17
5221.77380848376  4.538623E-17
5227.29037857501  4.332357E-17
5232.80694866626  4.482199E-17
5238.3235187575  4.343389E-17
5243.84008884875  5.067909E-17
5249.35665894001  4.543853E-17
5254.87322903125  4.420363E-17
5260.38979912251  3.872180E-17
5265.90636921376  4.511741E-17
5271.42293930501  4.517629E-17
5276.93950939625  4.365446E-17
5282.4560794875  4.661942E-17
5287.97264957875  5.072675E-17
5293.48921967001  4.570688E-17
5299.00578976126  5.649431E-17
5304.52235985251  5.022484E-17
5310.03892994376  4.594151E-17
5315.55550003501  4.219737E-17
5321.07207012625  4.828433E-17
5326.58864021751  4.760350E-17
5332.10521030876  4.514346E-17
5337.6217804  5.008761E-17
5343.13835049125  4.734833E-17
5348.65492058251  4.747915E-17
5354.17149067376  4.787571E-17
5359.68806076501  4.440725E-17
5365.20463085626  4.714820E-17
5370.72120094751  4.480956E-17
5376.23777103876  4.298057E-17
5381.75434113001  4.532547E-17
5387.27091122126  4.943669E-17
5392.78748131251  4.893539E-17
5398.30405140375  4.379273E-17
5403.82062149501  5.074463E-17
5409.33719158626  4.504756E-17
5414.8537616775  4.700172E-17
5420.37033176876  5.632708E-17
5425.88690186001  4.405764E-17
5431.40347195126  4.736740E-17
5436.92004204251  5.481181E-17
5442.43661213376  4.839720E-17
5447.95318222501  5.044206E-17
5453.46975231626  4.943379E-17
5458.98632240751  5.521849E-17
5464.50289249876  6.026280E-17
5470.01946259001  5.168374E-17
5475.53603268126  5.632577E-17
5481.0526027725  5.248768E-17
5486.56917286376  4.722774E-17
5492.08574295501  5.105965E-17
5497.60231304626  5.128241E-17
5503.11888313751  4.984331E-17
5508.63545322876  5.548407E-17
5514.15202332001  4.082056E-17
5519.66859341125  5.110356E-17
5525.1851635025  4.965136E-17
5530.70173359376  5.319433E-17
5536.21830368501  4.628551E-17
5541.73487377626  5.026721E-17
5547.25144386751  5.521350E-17
5552.76801395876  5.173997E-17
5558.28458405  5.422263E-17
5563.80115414126  5.146533E-17
5569.31772423251  4.749597E-17
5574.83429432376  4.316373E-17
5580.35086441501  3.396601E-17
5585.86743450626  4.068996E-17
5591.38400459751  5.565339E-17
5596.90057468876  5.093268E-17
5602.41714478001  4.714594E-17
5607.93371487126  5.960071E-17
5613.45028496251  5.242777E-17
5618.96685505376  4.271995E-17
5624.48342514501  4.519381E-17
5629.99999523626  4.593718E-17
5635.51656532751  4.003637E-17
5641.03313541875  4.798761E-17
5646.54970551  4.725157E-17
5652.06627560126  5.441707E-17
5657.58284569251  4.849617E-17
5663.09941578376  4.837126E-17
5668.61598587501  4.280504E-17
5674.13255596625  4.789953E-17
5679.64912605751  4.332588E-17
5685.16569614876  4.258427E-17
5690.68226624001  5.150384E-17
5696.19883633126  4.314013E-17
5701.71540642251  3.637235E-17
5707.23197651376  4.862386E-17
5712.74854660501  4.348238E-17
5718.26511669625  4.438872E-17
5723.78168678751  4.174331E-17
5729.29825687876  4.558146E-17
5734.81482697001  5.226223E-17
5740.33139706126  3.681042E-17
5745.84796715251  3.740363E-17
5751.36453724376  5.039487E-17
5756.88110733501  4.782162E-17
5762.39767742626  4.562762E-17
5767.91424751751  4.451835E-17
5773.43081760876  3.414904E-17
5778.94738770001  3.825821E-17
5784.46395779126  4.502248E-17
5789.98052788251  4.136924E-17
5795.49709797376  3.697019E-17
5801.01366806501  4.203812E-17
5806.53023815626  4.298012E-17
5812.04680824751  4.827508E-17
5817.56337833876  3.456825E-17
5823.07994843001  4.290120E-17
5828.59651852126  3.994739E-17
5834.11308861251  4.517299E-17
5839.62965870376  5.225503E-17
5845.14622879501  4.219312E-17
5850.66279888626  4.880917E-17
5856.17936897751  4.574935E-17
5861.69593906876  4.112437E-17
5867.21250916001  3.832680E-17
5872.72907925126  4.427520E-17
5878.24564934251  4.943356E-17
5883.76221943376  5.044027E-17
5889.27878952501  3.226025E-17
5894.79535961626  3.752050E-17
5900.31192970751  4.174320E-17
5905.82849979876  4.299816E-17
5911.34506989001  4.237435E-17
5916.86163998125  4.257394E-17
5922.37821007251  3.810660E-17
5927.89478016376  3.632410E-17
5933.41135025501  4.411445E-17
5938.92792034626  3.649838E-17
5944.44449043751  3.897863E-17
5949.96106052876  4.283479E-17
5955.47763062001  3.271679E-17
5960.99420071125  3.686143E-17
5966.51077080251  3.884684E-17
5972.02734089376  3.515068E-17
5977.54391098501  4.160903E-17
5983.06048107626  3.874196E-17
5988.57705116751  4.220149E-17
5994.09362125876  3.562719E-17
5999.61019135001  2.795626E-17
6005.12676144126  3.900912E-17
6010.64333153251  3.267222E-17
6016.15990162376  3.492712E-17
6021.67647171501  4.235700E-17
6027.19304180626  3.841217E-17
6032.70961189751  3.951972E-17
6038.22618198876  4.204217E-17
6043.74275208001  3.599095E-17
6049.25932217126  3.895522E-17
6054.77589226251  4.489652E-17
6060.29246235376  3.798514E-17
6065.80903244501  2.963949E-17
6071.32560253626  3.905096E-17
6076.84217262751  3.707994E-17
6082.35874271876  3.961428E-17
6087.87531281001  4.484560E-17
6093.39188290126  3.725816E-17
6098.90845299251  3.407354E-17
6104.42502308376  3.418889E-17
6109.94159317501  3.107554E-17
6115.45816326626  3.666340E-17
6120.97473335751  3.544120E-17
6126.49130344876  3.300120E-17
6132.00787354001  3.319245E-17
6137.52444363126  3.968138E-17
6143.04101372251  3.899096E-17
6148.55758381376  3.300727E-17
6154.07415390501  3.184150E-17
6159.59072399626  3.649031E-17
6165.10729408751  4.198003E-17
6170.62386417876  3.919731E-17
6176.14043427001  3.541419E-17
6181.65700436126  3.546986E-17
6187.17357445251  3.001909E-17
6192.69014454376  3.291692E-17
6198.206714635  3.849264E-17
6203.72328472626  3.702241E-17
6209.23985481751  3.206330E-17
6214.75642490876  3.784086E-17
6220.27299500001  3.916292E-17
6225.78956509126  3.528753E-17
6231.30613518251  3.601843E-17
6236.82270527376  3.861145E-17
6242.33927536501  3.441407E-17
6247.85584545626  2.973897E-17
6253.37241554751  3.568542E-17
6258.88898563876  2.604163E-17
6264.40555573001  2.605986E-17
6269.92212582126  3.354221E-17
6275.43869591251  2.867006E-17
6280.95526600375  3.113882E-17
6286.47183609501  2.665910E-17
6291.98840618626  2.399901E-17
6297.50497627751  3.002265E-17
6303.02154636876  3.255814E-17
6308.53811646001  3.379625E-17
6314.05468655126  3.468949E-17
6319.57125664251  3.560404E-17
6325.08782673376  3.682015E-17
6330.60439682501  3.228301E-17
6336.12096691626  3.692111E-17
6341.63753700751  3.778134E-17
6347.15410709876  4.589339E-17
6352.67067719001  4.431137E-17
6358.18724728126  3.310480E-17
6363.70381737251  4.448631E-17
6369.22038746376  4.198309E-17
6374.73695755501  3.417391E-17
6380.25352764626  3.743234E-17
6385.77009773751  2.996669E-17
6391.28666782876  3.261123E-17
6396.80323792001  3.444617E-17
6402.31980801126  3.517565E-17
6407.83637810251  2.951935E-17
6413.35294819376  3.886873E-17
6418.86951828501  3.834633E-17
6424.38608837626  3.359482E-17
6429.90265846751  3.792708E-17
6435.41922855876  3.310364E-17
6440.93579865001  3.236352E-17
6446.45236874126  3.356384E-17
6451.96893883251  2.972511E-17
6457.48550892376  3.135894E-17
6463.00207901501  3.579043E-17
6468.51864910626  3.779973E-17
6474.03521919751  3.126484E-17
6479.55178928876  3.101080E-17
6485.06835938001  3.359859E-17
6490.58492947126  3.005970E-17
6496.10149956251  3.282842E-17
6501.61806965376  3.516678E-17
6507.13463974501  3.503735E-17
6512.65120983626  3.443602E-17
6518.16777992751  3.036782E-17
6523.68435001876  3.257872E-17
6529.20092011001  3.588027E-17
6534.71749020126  4.060117E-17
6540.23406029251  3.803602E-17
6545.75063038376  3.181117E-17
6551.26720047501  3.304363E-17
6556.78377056626  3.497904E-17
6562.30034065751  3.408801E-17
6567.81691074876  3.355879E-17
6573.33348084001  3.453060E-17
6578.85005093126  3.849206E-17
6584.36662102251  3.159268E-17
6589.88319111376  3.285385E-17
6595.39976120501  3.583452E-17
6600.91633129626  3.288281E-17
6606.43290138751  3.224572E-17
6611.94947147876  3.015787E-17
6617.46604157001  3.081462E-17
6622.98261166126  3.010193E-17
6628.49918175251  4.169920E-17
6634.01575184376  3.137011E-17
6639.53232193501  3.446628E-17
6645.04889202626  3.609886E-17
6650.56546211751  3.502490E-17
6656.08203220876  3.237843E-17
6661.59860230001  3.317391E-17
6667.11517239126  3.127390E-17
6672.63174248251  3.404847E-17
6678.14831257376  3.367350E-17
6683.66488266501  3.059135E-17
6689.18145275626  3.328357E-17
6694.69802284751  3.745993E-17
6700.21459293876  3.238918E-17
6705.73116303001  3.013815E-17
6711.24773312126  3.938762E-17
6716.76430321251  3.875630E-17
6722.28087330376  3.440009E-17
6727.79744339501  3.507355E-17
6733.31401348626  2.971196E-17
6738.83058357751  3.095859E-17
6744.34715366876  3.522647E-17
6749.86372376001  3.950479E-17
6755.38029385126  3.508219E-17
6760.89686394251  3.168758E-17
6766.41343403376  3.695683E-17
6771.93000412501  3.334242E-17
6777.44657421626  3.952913E-17
6782.96314430751  3.526595E-17
6788.47971439876  3.109679E-17
6793.99628449001  3.395623E-17
6799.51285458126  2.893785E-17
6805.02942467251  3.222170E-17
6810.54599476376  3.937949E-17
6816.06256485501  3.454647E-17
6821.57913494626  3.025467E-17
6827.09570503751  2.959931E-17
6832.61227512876  3.157934E-17
6838.12884522001  2.935255E-17
6843.64541531126  3.105825E-17
6849.16198540251  3.550326E-17
6854.67855549376  2.898762E-17
6860.19512558501  2.094616E-17
6865.71169567626  2.449271E-17
6871.22826576751  3.357668E-17
6876.74483585876  3.046922E-17
6882.26140595001  2.771383E-17
6887.77797604126  3.181288E-17
6893.29454613251  3.323582E-17
6898.81111622376  3.279481E-17
6904.32768631501  2.543472E-17
6909.84425640626  2.991121E-17
6915.36082649751  3.236492E-17
6920.87739658876  3.328030E-17
6926.39396668001  3.870083E-17
6931.91053677126  3.272380E-17
6937.42710686251  4.036365E-17
6942.94367695376  3.187068E-17
6948.46024704501  3.041510E-17
6953.97681713626  2.928662E-17
6959.49338722751  2.762076E-17
6965.00995731876  3.035151E-17
6970.52652741001  2.641983E-17
6976.04309750126  3.457632E-17
6981.55966759251  3.317245E-17
6987.07623768376  2.300799E-17
6992.59280777501  3.603220E-17
6998.10937786626  3.231281E-17
7003.62594795751  3.354316E-17
7009.14251804876  3.614371E-17
7014.65908814001  2.962244E-17
7020.17565823126  3.025765E-17
7025.69222832251  3.115564E-17
7031.20879841376  3.327541E-17
7036.72536850501  3.308316E-17
7042.24193859626  2.650617E-17
7047.75850868751  2.796046E-17
7053.27507877876  3.556108E-17
7058.79164887001  3.587244E-17
7064.30821896126  3.374996E-17
7069.82478905251  3.129005E-17
7075.34135914376  3.460785E-17
7080.85792923501  3.172791E-17
7086.37449932626  3.039304E-17
7091.89106941751  3.621964E-17
7097.40763950876  2.970843E-17
7102.92420960001  3.500855E-17
7108.44077969126  3.533096E-17
7113.95734978251  3.462367E-17
7119.47391987376  4.083557E-17
7124.99048996501  2.938427E-17
7130.50706005626  3.634292E-17
7136.02363014751  4.130112E-17
7141.54020023876  3.200181E-17
7147.05677033001  2.434328E-17
7152.57334042126  3.310647E-17
7158.08991051251  3.399755E-17
7163.60648060376  3.232340E-17
7169.12305069501  3.242902E-17
7174.63962078626  3.102304E-17
7180.15619087751  2.810541E-17
7185.67276096876  3.055755E-17
7191.18933106001  3.082762E-17
7196.70590115126  3.287561E-17
7202.22247124251  3.233680E-17
7207.73904133376  2.798451E-17
7213.25561142501  3.562122E-17
7218.77218151626  3.356575E-17
7224.28875160751  3.432649E-17
7229.80532169876  3.457084E-17
7235.32189179001  3.818605E-17
7240.83846188126  2.598969E-17
7246.35503197251  3.503650E-17
7251.87160206376  2.517773E-17
7257.38817215501  4.012252E-17
7262.90474224626  4.102009E-17
7268.42131233751  4.633062E-17
7273.93788242876  3.587434E-17
7279.45445252001  4.304378E-17
7284.97102261126  4.811868E-17
7290.48759270251  4.111695E-17
7296.00416279376  4.004042E-17
7301.52073288501  3.600262E-17
7307.03730297626  3.586178E-17
7312.55387306751  4.476846E-17
7318.07044315876  3.979212E-17
7323.58701325001  3.517758E-17
7329.10358334126  4.127322E-17
7334.62015343251  3.531348E-17
7340.13672352376  3.685202E-17
7345.65329361501  4.337488E-17
7351.16986370626  3.909416E-17
7356.68643379751  4.281920E-17
7362.20300388876  4.241829E-17
7367.71957398001  3.683490E-17
7373.23614407126  3.797656E-17
7378.75271416251  3.937437E-17
7384.26928425376  5.056321E-17
7389.78585434501  4.118581E-17
7395.30242443626  3.911978E-17
7400.81899452751  4.237835E-17
7406.33556461876  4.005974E-17
7411.85213471001  3.868007E-17
7417.36870480126  3.924794E-17
7422.88527489251  3.598820E-17
7428.40184498376  3.530305E-17
7433.91841507501  3.370628E-17
7439.43498516626  3.242888E-17
7444.95155525751  3.213451E-17
7450.46812534876  4.315403E-17
7455.98469544001  3.416873E-17
7461.50126553126  3.321026E-17
7467.01783562251  3.734230E-17
7472.53440571376  2.914888E-17
7478.05097580501  3.043906E-17
7483.56754589626  3.685243E-17
7489.08411598751  3.310332E-17
7494.60068607876  3.280435E-17
7500.11725617001  3.283840E-17
7505.63382626126  3.155139E-17
7511.15039635251  3.652725E-17
7516.66696644376  2.664393E-17
7522.18353653501  3.590226E-17
7527.70010662626  3.776727E-17
7533.21667671751  2.969446E-17
7538.73324680876  3.512404E-17
7544.24981690001  3.235291E-17
7549.76638699126  3.862827E-17
7555.28295708251  3.496644E-17
7560.79952717376  2.739782E-17
7566.31609726501  2.562691E-17
7571.83266735626  3.169798E-17
7577.34923744751  3.419766E-17
7582.86580753876  3.489453E-17
7588.38237763001  2.614166E-17
7593.89894772126  2.217842E-17
7599.41551781251  2.673008E-17
7604.93208790376  4.394897E-17
7610.44865799501  2.929642E-17
7615.96522808626  2.500532E-17
7621.48179817751  3.251122E-17
7626.99836826876  2.679566E-17
7632.51493836001  3.315352E-17
7638.03150845126  3.189993E-17
7643.54807854251  2.517164E-17
7649.06464863376  2.754464E-17
7654.58121872501  3.219386E-17
7660.09778881626  2.455381E-17
7665.61435890751  2.390121E-17
7671.13092899876  4.076819E-17
7676.64749909001  3.337929E-17
7682.16406918126  3.028101E-17
7687.68063927251  3.206937E-17
7693.19720936376  3.045154E-17
7698.71377945501  2.690512E-17
7704.23034954626  2.576057E-17
7709.74691963751  1.980731E-17
7715.26348972876  2.519514E-17
7720.78005982001  3.546754E-17
7726.29662991126  2.600649E-17
7731.81320000251  3.729097E-17
7737.32977009376  4.376607E-17
7742.84634018501  4.018975E-17
7748.36291027626  3.738460E-17
7753.87948036751  4.479864E-17
7759.39605045876  3.796128E-17
7764.91262055001  3.368591E-17
7770.42919064126  4.156849E-17
7775.94576073251  2.655779E-17
7781.46233082376  2.932867E-17
7786.97890091501  3.824584E-17
7792.49547100626  3.191930E-17
7798.01204109751  2.902864E-17
7803.52861118876  3.198868E-17
7809.04518128001  4.060819E-17
7814.56175137126  3.530274E-17
7820.07832146251  3.464966E-17
7825.59489155376  4.136476E-17
7831.11146164501  1.981371E-17
7836.62803173626  1.866561E-17
7842.14460182751  1.670916E-17
7847.66117191876  3.480377E-17
7853.17774201001  3.004060E-17
7858.69431210126  3.123121E-17
7864.21088219251  2.747331E-17
7869.72745228376  2.256948E-17
7875.24402237501  3.029243E-17
7880.76059246626  2.611672E-17
7886.27716255751  2.390211E-17
7891.79373264876  1.530866E-17
7897.31030274001  1.341427E-17
7902.82687283126  7.341704E-18
7908.34344292251  -3.443734E-18
7913.86001301376  2.254763E-18
7919.37658310501  -3.775375E-18
7924.89315319626  -2.732191E-18
7930.40972328751  1.074996E-17
7935.92629337876  2.639527E-17
7941.44286347001  2.617669E-17
7946.95943356126  2.451741E-17
7952.47600365251  2.867118E-17
7957.99257374376  3.549276E-17
7963.50914383501  2.109601E-17
7969.02571392626  2.873668E-17
7974.54228401751  3.243702E-17
7980.05885410876  1.937946E-17
7985.57542420001  2.234313E-17
7991.09199429126  1.615752E-17
7996.60856438251  1.341323E-17
8002.12513447376  1.549391E-17
8007.64170456501  9.285210E-18
8013.15827465626  1.324509E-17
8018.67484474751  2.405304E-17
8024.19141483876  1.502320E-17
8029.70798493001  1.665863E-17
8035.22455502126  2.047932E-17
8040.74112511251  1.174167E-17
8046.25769520376  1.787738E-17
8051.77426529501  2.277007E-17
8057.29083538626  2.012701E-17
8062.80740547751  1.653869E-17
8068.32397556876  1.501833E-17
8073.84054566001  2.251059E-17
8079.35711575126  2.403710E-17
8084.87368584251  2.726305E-17
8090.39025593376  1.617154E-17
8095.90682602501  2.230678E-17
8101.42339611626  1.944742E-17
8106.93996620751  1.785559E-17
8112.45653629876  1.772959E-17
8117.97310639001  2.157757E-17
8123.48967648126  2.338350E-17
8129.00624657251  1.591011E-17
8134.52281666376  2.075548E-17
8140.03938675501  2.464020E-17
8145.55595684626  2.722696E-17
8151.07252693751  2.834263E-17
8156.58909702876  2.101317E-17
8162.10566712001  2.449399E-17
8167.62223721126  1.446266E-17
8173.13880730251  6.034207E-18
8178.65537739376  2.167188E-17
8184.17194748501  2.405568E-17
8189.68851757626  3.095793E-17
8195.20508766751  3.644691E-17
8200.72165775876  2.293260E-17
8206.23822785001  2.763717E-17
8211.75479794126  2.750579E-17
8217.27136803251  1.792528E-17
8222.78793812376  2.369182E-17
8228.30450821501  2.647011E-17
8233.82107830626  2.269141E-17
8239.33764839751  2.214221E-17
8244.85421848876  2.181328E-17
8250.37078858001  2.351294E-17
8255.88735867126  2.248041E-17
8261.40392876251  1.411402E-17
8266.92049885376  2.311362E-17
8272.43706894501  1.969579E-17
8277.95363903626  6.754577E-18
8283.47020912751  3.197533E-17
8288.98677921876  1.870034E-17
8294.50334931001  2.895052E-17
8300.01991940126  3.654333E-17
8305.53648949251  4.950840E-17
8311.05305958376  6.071103E-17
8316.56962967501  5.404753E-17
8322.08619976626  2.462735E-17
8327.60276985751  1.833262E-17
8333.11933994876  7.705715E-18
8338.63591004001  4.322841E-18
8344.15248013126  1.302649E-17
8349.66905022251  2.925912E-18
8355.18562031376  4.749074E-18
8360.70219040501  -2.156485E-17
8366.21876049626  -6.763152E-18
8371.73533058751  1.693463E-17
8377.25190067876  2.072257E-17
8382.76847077001  1.983410E-17
8388.28504086126  2.940917E-17
8393.80161095251  2.755849E-17
8399.31818104376  1.308980E-17
8404.83475113501  1.923869E-17
8410.35132122626  3.303050E-17
8415.86789131751  3.878833E-17
8421.38446140876  6.551583E-18
8426.90103150001  1.486718E-17
8432.41760159126  8.253358E-18
8437.93417168251  7.198234E-18
8443.45074177376  -6.188601E-18
8448.96731186501  3.082103E-19
8454.48388195626  1.006459E-17
8460.00045204751  8.377815E-18
8465.51702213876  1.409145E-17
8471.03359223001  8.729287E-18
8476.55016232126  1.286054E-18
8482.06673241251  8.612492E-18
8487.58330250376  1.738191E-17
8493.09987259501  2.032095E-17
8498.61644268626  1.872558E-17
8504.13301277751  8.486510E-18
8509.64958286876  -2.752621E-18
8515.16615296001  1.342444E-17
8520.68272305126  7.423810E-18
8526.19929314251  1.363740E-17
8531.71586323376  1.461416E-17
8537.23243332501  2.272990E-17
8542.74900341626  9.772169E-18
8548.26557350751  5.544743E-18
8553.78214359876  2.150951E-17
8559.29871369001  1.939005E-17
8564.81528378126  2.150353E-17
8570.33185387251  2.379986E-17
8575.84842396376  2.745800E-17
8581.36499405501  3.295889E-17
8586.88156414626  1.697721E-17
8592.39813423751  2.395454E-17
8597.91470432876  2.329956E-17
8603.43127442001  1.521099E-17
8608.94784451126  2.300011E-17
8614.46441460251  1.567292E-17
8619.98098469376  2.911320E-17
8625.49755478501  4.719852E-17
8631.01412487626  2.425083E-17
8636.53069496751  2.158165E-17
8642.04726505876  4.584299E-17
8647.56383515001  3.290369E-17
8653.08040524126  2.409300E-17
8658.59697533251  1.103835E-17
8664.11354542376  1.080909E-17
8669.63011551501  2.458647E-17
8675.14668560626  2.098637E-17
8680.66325569751  4.576833E-17
8686.17982578876  5.101938E-17
8691.69639588001  2.023652E-17
8697.21296597126  1.656958E-17
8702.72953606251  1.470443E-17
8708.24610615376  2.114945E-17
8713.76267624501  2.208730E-17
8719.27924633626  2.064301E-17
8724.79581642751  2.319216E-17
8730.31238651876  2.165187E-17
8735.82895661001  1.473233E-17
8741.34552670126  1.471312E-17
8746.86209679251  1.337011E-17
8752.37866688376  8.847175E-18
8757.89523697501  -1.690175E-17
8763.41180706626  -2.099854E-17
8768.92837715751  -3.458055E-17
8774.44494724876  -3.511301E-17
8779.96151734001  -3.229327E-17
8785.47808743126  2.250120E-18
8790.99465752251  3.528079E-17
8796.51122761376  3.563698E-17
8802.02779770501  3.000738E-17
8807.54436779626  5.501885E-17
8813.06093788751  6.971413E-17
8818.57750797876  6.540082E-17
8824.09407807001  7.935463E-17
8829.61064816126  6.975408E-17
8835.12721825251  5.915979E-17
8840.64378834376  7.816636E-17
8846.16035843501  3.571093E-17
8851.67692852626  7.381223E-19
8857.19349861751  4.465120E-18
8862.71006870876  2.991970E-17
8868.22663880001  2.048431E-17
8873.74320889126  1.167132E-17
8879.25977898251  2.401832E-17
8884.77634907376  1.977063E-19
8890.29291916501  8.520836E-18
8895.80948925626  7.091429E-18
8901.32605934751  2.180818E-17
8906.84262943876  1.940091E-17
8912.35919953001  -9.795048E-18
8917.87576962126  -2.349847E-17
8923.39233971251  -1.309250E-17
8928.90890980376  -2.051649E-17
8934.42547989501  7.007873E-18
8939.94204998626  1.399857E-17
8945.45862007751  2.506143E-17
8950.97519016876  9.742625E-18
8956.49176026001  -6.223728E-18
8962.00833035126  -3.719906E-18
8967.52490044251  6.430135E-18
8973.04147053376  2.051318E-17
8978.55804062501  2.899357E-17
8984.07461071626  2.323896E-17
8989.59118080751  6.305548E-18
8995.10775089876  1.838104E-17
9000.62432099001  4.047349E-17
9006.14089108126  3.915427E-17
9011.65746117251  4.470978E-17
9017.17403126376  4.417683E-17
9022.69060135501  3.340252E-17
9028.20717144626  1.771795E-17
9033.72374153751  2.538063E-17
9039.24031162876  3.711157E-17
9044.75688172001  3.000576E-17
9050.27345181126  3.324983E-17
9055.79002190251  1.900986E-17
9061.30659199376  5.719788E-18
9066.82316208501  1.386511E-17
9072.33973217626  1.263576E-17
9077.85630226751  6.310450E-18
9083.37287235876  2.213614E-17
9088.88944245001  6.987171E-18
9094.40601254126  2.725668E-17
9099.92258263251  2.270546E-17
9105.43915272376  2.384784E-17
9110.95572281501  3.101276E-17
9116.47229290626  1.555477E-17
9121.98886299751  1.587776E-17
9127.50543308876  1.376567E-17
9133.02200318001  1.915183E-17
9138.53857327126  7.672763E-18
9144.05514336251  1.004873E-18
9149.57171345376  8.771279E-18
9155.08828354501  1.241760E-17
9160.60485363626  1.958481E-17
9166.12142372751  2.942721E-17
9171.63799381876  3.772337E-17
9177.15456391001  2.532548E-17
9182.67113400126  2.185804E-17
9188.18770409251  2.515167E-17
9193.70427418376  1.178951E-17
9199.22084427501  4.139092E-18
9204.73741436626  2.009209E-17
9210.25398445751  2.475358E-17
9215.77055454876  1.249315E-17
9221.28712464001  8.186674E-18
9226.80369473126  3.677732E-18
9232.32026482251  2.684587E-17
9237.83683491376  1.173669E-17
9243.35340500501  1.757295E-17
9248.86997509626  2.360661E-17
9254.38654518751  7.063428E-18
