3760.00	3.6304e-16
3761.50	2.80703e-16
3763.00	3.77292e-17
3764.50	3.95994e-17
3766.00	7.55314e-17
3767.50	1.17568e-16
3769.00	3.47844e-16
3770.50	3.15426e-16
3772.00	1.74914e-16
3773.50	-2.90877e-17
3775.00	3.11855e-16
3776.50	7.15574e-16
3778.00	1.08099e-15
3779.50	1.28194e-15
3781.00	1.12104e-15
3782.50	8.00803e-16
3784.00	5.00641e-16
3785.50	3.33436e-16
3787.00	3.3091e-16
3788.50	2.69375e-16
3790.00	2.63329e-16
3791.50	2.67091e-16
3793.00	3.30923e-16
3794.50	2.3248e-16
3796.00	5.1239e-16
3797.50	4.48944e-16
3799.00	2.09942e-16
3800.50	2.74595e-16
3802.00	1.26959e-16
3803.50	1.36317e-16
3805.00	1.49814e-16
3806.50	3.65293e-16
3808.00	5.3432e-16
3809.50	3.49311e-16
3811.00	2.6339e-16
3812.50	3.08433e-16
3814.00	3.29643e-16
3815.50	2.24853e-16
3817.00	2.79499e-16
3818.50	3.64771e-16
3820.00	1.52346e-16
3821.50	2.51579e-16
3823.00	4.35199e-16
3824.50	4.27242e-16
3826.00	3.79732e-16
3827.50	3.47063e-16
3829.00	3.21979e-16
3830.50	3.33228e-16
3832.00	3.48438e-16
3833.50	3.56351e-16
3835.00	2.61747e-16
3836.50	2.89559e-16
3838.00	3.235e-16
3839.50	3.27705e-16
3841.00	3.17299e-16
3842.50	4.40391e-16
3844.00	2.3621e-16
3845.50	2.36919e-16
3847.00	3.997e-16
3848.50	1.92191e-16
3850.00	2.31513e-16
3851.50	2.96465e-16
3853.00	2.92696e-16
3854.50	3.89734e-16
3856.00	2.16684e-16
3857.50	1.33727e-16
3859.00	2.61514e-16
3860.50	2.03653e-16
3862.00	4.39614e-16
3863.50	3.73074e-16
3865.00	2.93692e-16
3866.50	2.73962e-16
3868.00	4.61375e-16
3869.50	3.12251e-16
3871.00	2.91435e-16
3872.50	4.55173e-16
3874.00	5.58632e-16
3875.50	4.44542e-16
3877.00	4.16261e-16
3878.50	4.74839e-16
3880.00	3.9155e-16
3881.50	3.28534e-16
3883.00	3.6161e-16
3884.50	4.48946e-16
3886.00	4.29053e-16
3887.50	3.27742e-16
3889.00	2.77005e-16
3890.50	2.79095e-16
3892.00	2.1849e-16
3893.50	3.02694e-16
3895.00	3.34123e-16
3896.50	3.65041e-16
3898.00	2.96488e-16
3899.50	2.85593e-16
3901.00	3.77161e-16
3902.50	4.41668e-16
3904.00	6.31237e-16
3905.50	5.39082e-16
3907.00	1.70581e-16
3908.50	1.52445e-16
3910.00	2.27506e-16
3911.50	3.19612e-16
3913.00	3.86883e-16
3914.50	3.36741e-16
3916.00	2.58373e-16
3917.50	4.39801e-16
3919.00	4.76982e-16
3920.50	3.97571e-16
3922.00	4.66014e-16
3923.50	3.05914e-16
3925.00	2.8067e-16
3926.50	3.60611e-16
3928.00	2.63428e-16
3929.50	3.98972e-16
3931.00	4.30509e-16
3932.50	3.25404e-16
3934.00	2.7129e-16
3935.50	4.33034e-16
3937.00	1.25093e-16
3938.50	1.5335e-16
3940.00	2.67243e-16
3941.50	3.57613e-16
3943.00	1.74423e-16
3944.50	2.15186e-16
3946.00	2.67979e-16
3947.50	2.53578e-16
3949.00	2.78902e-16
3950.50	4.78846e-16
3952.00	4.84248e-16
3953.50	3.91499e-16
3955.00	1.41295e-16
3956.50	1.71572e-16
3958.00	4.02423e-16
3959.50	3.23919e-16
3961.00	2.29143e-16
3962.50	3.20711e-16
3964.00	4.88878e-16
3965.50	5.67887e-16
3967.00	4.93141e-16
3968.50	3.44202e-16
3970.00	2.35357e-16
3971.50	2.85845e-16
3973.00	3.8508e-16
3974.50	3.66199e-16
3976.00	4.18459e-16
3977.50	4.06193e-16
3979.00	3.20117e-16
3980.50	3.9196e-16
3982.00	4.33535e-16
3983.50	3.52662e-16
3985.00	3.3328e-16
3986.50	3.56481e-16
3988.00	3.19063e-16
3989.50	4.04203e-16
3991.00	3.86645e-16
3992.50	3.09661e-16
3994.00	4.01368e-16
3995.50	4.83288e-16
3997.00	3.19003e-16
3998.50	3.29537e-16
4000.00	3.67441e-16
4001.50	4.43698e-16
4003.00	4.95698e-16
4004.50	4.92054e-16
4006.00	4.26671e-16
4007.50	5.53678e-16
4009.00	4.89571e-16
4010.50	2.49339e-16
4012.00	4.29635e-16
4013.50	5.31057e-16
4015.00	4.78298e-16
4016.50	4.33836e-16
4018.00	5.01555e-16
4019.50	4.12247e-16
4021.00	3.63505e-16
4022.50	3.94282e-16
4024.00	4.07357e-16
4025.50	3.34876e-16
4027.00	4.75706e-16
4028.50	5.45406e-16
4030.00	4.49288e-16
4031.50	3.99111e-16
4033.00	3.81757e-16
4034.50	3.92459e-16
4036.00	4.22273e-16
4037.50	4.5747e-16
4039.00	3.89403e-16
4040.50	4.21192e-16
4042.00	4.63821e-16
4043.50	4.68531e-16
4045.00	4.6179e-16
4046.50	4.45887e-16
4048.00	4.80807e-16
4049.50	5.85872e-16
4051.00	5.87021e-16
4052.50	4.07615e-16
4054.00	3.43566e-16
4055.50	4.40796e-16
4057.00	3.19068e-16
4058.50	3.60986e-16
4060.00	5.15085e-16
4061.50	4.64543e-16
4063.00	5.2199e-16
4064.50	4.56209e-16
4066.00	3.85876e-16
4067.50	4.80837e-16
4069.00	4.49894e-16
4070.50	3.86081e-16
4072.00	5.55966e-16
4073.50	5.2735e-16
4075.00	4.62619e-16
4076.50	4.71426e-16
4078.00	4.73991e-16
4079.50	4.0047e-16
4081.00	4.4843e-16
4082.50	4.69363e-16
4084.00	3.84473e-16
4085.50	5.12586e-16
4087.00	4.44491e-16
4088.50	4.39707e-16
4090.00	5.38375e-16
4091.50	3.90576e-16
4093.00	3.03688e-16
4094.50	2.90776e-16
4096.00	3.69461e-16
4097.50	4.11596e-16
4099.00	2.9109e-16
4100.50	3.54741e-16
4102.00	5.23034e-16
4103.50	5.53088e-16
4105.00	4.72641e-16
4106.50	4.55314e-16
4108.00	5.26529e-16
4109.50	4.08621e-16
4111.00	3.64834e-16
4112.50	3.97348e-16
4114.00	4.48232e-16
4115.50	4.34572e-16
4117.00	3.18596e-16
4118.50	3.72906e-16
4120.00	3.60988e-16
4121.50	3.89946e-16
4123.00	4.23176e-16
4124.50	4.85013e-16
4126.00	4.85851e-16
4127.50	4.70485e-16
4129.00	5.09835e-16
4130.50	5.11247e-16
4132.00	4.1202e-16
4133.50	4.16612e-16
4135.00	4.32494e-16
4136.50	4.25107e-16
4138.00	4.60491e-16
4139.50	4.07531e-16
4141.00	3.29258e-16
4142.50	3.80446e-16
4144.00	5.02804e-16
4145.50	5.14707e-16
4147.00	3.82008e-16
4148.50	5.61158e-16
4150.00	5.92248e-16
4151.50	5.16027e-16
4153.00	5.37246e-16
4154.50	5.44724e-16
4156.00	4.15567e-16
4157.50	5.0561e-16
4159.00	5.29697e-16
4160.50	4.22163e-16
4162.00	3.5577e-16
4163.50	4.36365e-16
4165.00	5.09782e-16
4166.50	4.75583e-16
4168.00	4.00792e-16
4169.50	4.3931e-16
4171.00	4.72037e-16
4172.50	3.96654e-16
4174.00	3.90195e-16
4175.50	4.28926e-16
4177.00	4.35506e-16
4178.50	4.68427e-16
4180.00	4.4439e-16
4181.50	4.05973e-16
4183.00	4.44458e-16
4184.50	3.98155e-16
4186.00	3.29696e-16
4187.50	4.07625e-16
4189.00	5.33388e-16
4190.50	4.95122e-16
4192.00	4.18014e-16
4193.50	3.41473e-16
4195.00	3.1015e-16
4196.50	3.9258e-16
4198.00	4.06353e-16
4199.50	4.23908e-16
4201.00	4.24066e-16
4202.50	3.69813e-16
4204.00	4.41002e-16
4205.50	4.69858e-16
4207.00	5.57277e-16
4208.50	4.00776e-16
4210.00	4.26545e-16
4211.50	4.62443e-16
4213.00	4.13377e-16
4214.50	4.88149e-16
4216.00	5.3336e-16
4217.50	5.59945e-16
4219.00	5.63529e-16
4220.50	5.48326e-16
4222.00	4.56395e-16
4223.50	4.42145e-16
4225.00	4.20876e-16
4226.50	4.12159e-16
4228.00	2.59611e-16
4229.50	3.68984e-16
4231.00	4.61973e-16
4232.50	3.4594e-16
4234.00	4.572e-16
4235.50	4.64394e-16
4237.00	3.36176e-16
4238.50	2.86044e-16
4240.00	3.77185e-16
4241.50	4.21418e-16
4243.00	4.1927e-16
4244.50	3.52447e-16
4246.00	3.18932e-16
4247.50	3.86595e-16
4249.00	4.2249e-16
4250.50	4.72422e-16
4252.00	4.40657e-16
4253.50	3.84784e-16
4255.00	4.03379e-16
4256.50	4.83558e-16
4258.00	4.79016e-16
4259.50	3.40808e-16
4261.00	3.18369e-16
4262.50	3.79596e-16
4264.00	3.87444e-16
4265.50	3.60484e-16
4267.00	4.00099e-16
4268.50	4.20219e-16
4270.00	3.84777e-16
4271.50	3.9132e-16
4273.00	4.21383e-16
4274.50	4.60687e-16
4276.00	4.14696e-16
4277.50	4.29866e-16
4279.00	3.75753e-16
4280.50	3.70011e-16
4282.00	3.87034e-16
4283.50	3.87896e-16
4285.00	4.19319e-16
4286.50	4.11717e-16
4288.00	4.35628e-16
4289.50	3.89179e-16
4291.00	4.02991e-16
4292.50	3.81146e-16
4294.00	3.58981e-16
4295.50	4.00071e-16
4297.00	4.31123e-16
4298.50	4.19842e-16
4300.00	3.66023e-16
4301.50	4.18193e-16
4303.00	3.44352e-16
4304.50	3.05313e-16
4306.00	3.19853e-16
4307.50	2.80569e-16
4309.00	3.17538e-16
4310.50	3.17866e-16
4312.00	3.29398e-16
4313.50	3.37803e-16
4315.00	3.69483e-16
4316.50	3.56135e-16
4318.00	2.65811e-16
4319.50	3.15465e-16
4321.00	3.92888e-16
4322.50	3.54339e-16
4324.00	3.40471e-16
4325.50	4.13383e-16
4327.00	3.26555e-16
4328.50	2.67242e-16
4330.00	3.25234e-16
4331.50	3.61744e-16
4333.00	3.70513e-16
4334.50	3.85533e-16
4336.00	4.05247e-16
4337.50	3.17159e-16
4339.00	2.82763e-16
4340.50	2.17725e-16
4342.00	7.92052e-17
4343.50	1.535e-16
4345.00	2.91006e-16
4346.50	2.82372e-16
4348.00	3.11984e-16
4349.50	3.01497e-16
4351.00	2.80989e-16
4352.50	3.04691e-16
4354.00	4.05269e-16
4355.50	3.92375e-16
4357.00	2.61806e-16
4358.50	2.79864e-16
4360.00	3.61592e-16
4361.50	3.13409e-16
4363.00	3.7789e-16
4364.50	3.68766e-16
4366.00	3.43137e-16
4367.50	4.06562e-16
4369.00	3.66047e-16
4370.50	3.03615e-16
4372.00	4.00089e-16
4373.50	3.79197e-16
4375.00	3.64471e-16
4376.50	4.34244e-16
4378.00	3.83547e-16
4379.50	4.09954e-16
4381.00	5.04716e-16
4382.50	4.32162e-16
4384.00	3.56341e-16
4385.50	4.17676e-16
4387.00	4.20592e-16
4388.50	3.66951e-16
4390.00	3.92118e-16
4391.50	4.11344e-16
4393.00	4.33917e-16
4394.50	4.52423e-16
4396.00	4.0546e-16
4397.50	4.92229e-16
4399.00	5.84548e-16
4400.50	5.46132e-16
4402.00	4.36027e-16
4403.50	4.09193e-16
4405.00	4.09343e-16
4406.50	3.83835e-16
4408.00	4.12728e-16
4409.50	4.17315e-16
4411.00	4.36201e-16
4412.50	3.2231e-16
4414.00	2.19282e-16
4415.50	3.44651e-16
4417.00	3.71078e-16
4418.50	3.70618e-16
4420.00	3.59433e-16
4421.50	4.09275e-16
4423.00	4.05337e-16
4424.50	3.78334e-16
4426.00	3.99599e-16
4427.50	3.78726e-16
4429.00	3.98758e-16
4430.50	4.06533e-16
4432.00	4.0284e-16
4433.50	3.52749e-16
4435.00	3.81677e-16
4436.50	3.7489e-16
4438.00	3.66335e-16
4439.50	4.37735e-16
4441.00	4.25652e-16
4442.50	3.73436e-16
4444.00	3.0933e-16
4445.50	3.86893e-16
4447.00	3.82714e-16
4448.50	3.92442e-16
4450.00	3.64547e-16
4451.50	3.7851e-16
4453.00	3.34991e-16
4454.50	4.32541e-16
4456.00	4.08656e-16
4457.50	3.44613e-16
4459.00	3.94055e-16
4460.50	4.28795e-16
4462.00	4.34641e-16
4463.50	4.50211e-16
4465.00	4.01697e-16
4466.50	3.28214e-16
4468.00	3.59294e-16
4469.50	4.0455e-16
4471.00	3.5684e-16
4472.50	3.80111e-16
4474.00	4.07671e-16
4475.50	4.19531e-16
4477.00	3.69292e-16
4478.50	3.424e-16
4480.00	3.94958e-16
4481.50	3.98507e-16
4483.00	4.03303e-16
4484.50	3.63848e-16
4486.00	3.70192e-16
4487.50	4.38104e-16
4489.00	3.949e-16
4490.50	3.57107e-16
4492.00	4.25548e-16
4493.50	4.33743e-16
4495.00	4.08665e-16
4496.50	4.48035e-16
4498.00	4.8037e-16
4499.50	4.69044e-16
4501.00	4.49187e-16
4502.50	4.25993e-16
4504.00	3.87426e-16
4505.50	4.05338e-16
4507.00	4.09488e-16
4508.50	4.09892e-16
4510.00	4.36297e-16
4511.50	3.93298e-16
4513.00	3.87906e-16
4514.50	4.17262e-16
4516.00	4.45044e-16
4517.50	3.94984e-16
4519.00	3.51392e-16
4520.50	3.89167e-16
4522.00	3.63055e-16
4523.50	3.93992e-16
4525.00	3.69031e-16
4526.50	3.36445e-16
4528.00	3.52831e-16
4529.50	4.08158e-16
4531.00	4.08129e-16
4532.50	3.94231e-16
4534.00	4.47931e-16
4535.50	4.21794e-16
4537.00	4.02483e-16
4538.50	3.75989e-16
4540.00	3.42774e-16
4541.50	3.77284e-16
4543.00	4.08502e-16
4544.50	3.6316e-16
4546.00	3.68972e-16
4547.50	4.21202e-16
4549.00	3.90804e-16
4550.50	4.1826e-16
4552.00	3.89339e-16
4553.50	3.30145e-16
4555.00	3.31827e-16
4556.50	3.50206e-16
4558.00	4.16557e-16
4559.50	4.30246e-16
4561.00	3.85405e-16
4562.50	4.10665e-16
4564.00	4.14428e-16
4565.50	4.16204e-16
4567.00	4.495e-16
4568.50	4.32308e-16
4570.00	3.93239e-16
4571.50	3.58145e-16
4573.00	3.60503e-16
4574.50	3.43963e-16
4576.00	3.43977e-16
4577.50	4.06617e-16
4579.00	4.07966e-16
4580.50	4.64125e-16
4582.00	3.33064e-16
4583.50	3.84513e-16
4585.00	4.21217e-16
4586.50	4.03474e-16
4588.00	4.20251e-16
4589.50	3.71157e-16
4591.00	3.60424e-16
4592.50	4.17341e-16
4594.00	3.60872e-16
4595.50	3.63879e-16
4597.00	4.00258e-16
4598.50	3.99788e-16
4600.00	4.12188e-16
4601.50	3.88741e-16
4603.00	3.45754e-16
4604.50	3.7789e-16
4606.00	3.85665e-16
4607.50	3.58276e-16
4609.00	3.69374e-16
4610.50	4.03988e-16
4612.00	4.01446e-16
4613.50	4.12143e-16
4615.00	4.568e-16
4616.50	4.02645e-16
4618.00	3.73725e-16
4619.50	4.07755e-16
4621.00	4.32593e-16
4622.50	3.86809e-16
4624.00	3.87367e-16
4625.50	4.55643e-16
4627.00	4.59129e-16
4628.50	4.30984e-16
4630.00	4.70827e-16
4631.50	4.99683e-16
4633.00	4.45726e-16
4634.50	4.64009e-16
4636.00	5.12754e-16
4637.50	4.86285e-16
4639.00	4.35529e-16
4640.50	4.17482e-16
4642.00	4.62137e-16
4643.50	4.32702e-16
4645.00	4.49893e-16
4646.50	4.18153e-16
4648.00	4.28973e-16
4649.50	4.07773e-16
4651.00	3.96163e-16
4652.50	3.76539e-16
4654.00	4.2191e-16
4655.50	4.06433e-16
4657.00	3.59607e-16
4658.50	4.39839e-16
4660.00	3.98586e-16
4661.50	3.80078e-16
4663.00	4.89113e-16
4664.50	4.96572e-16
4666.00	4.44726e-16
4667.50	4.23646e-16
4669.00	4.39755e-16
4670.50	4.82996e-16
4672.00	4.18011e-16
4673.50	4.38235e-16
4675.00	4.12015e-16
4676.50	4.10505e-16
4678.00	4.54263e-16
4679.50	4.21212e-16
4681.00	4.2201e-16
4682.50	4.18546e-16
4684.00	4.4236e-16
4685.50	4.06056e-16
4687.00	3.65119e-16
4688.50	4.13211e-16
4690.00	4.24967e-16
4691.50	4.47833e-16
4693.00	4.40572e-16
4694.50	4.33675e-16
4696.00	4.63161e-16
4697.50	4.95426e-16
4699.00	4.80502e-16
4700.50	4.5832e-16
4702.00	4.52116e-16
4703.50	4.16874e-16
4705.00	3.74885e-16
4706.50	4.14245e-16
4708.00	4.05939e-16
4709.50	4.47976e-16
4711.00	4.5745e-16
4712.50	4.13085e-16
4714.00	4.56252e-16
4715.50	4.47774e-16
4717.00	3.44312e-16
4718.50	3.78483e-16
4720.00	4.17023e-16
4721.50	4.11026e-16
4723.00	4.7363e-16
4724.50	4.80713e-16
4726.00	3.8761e-16
4727.50	3.56351e-16
4729.00	3.63577e-16
4730.50	4.12264e-16
4732.00	4.30641e-16
4733.50	3.84342e-16
4735.00	4.02081e-16
4736.50	4.57731e-16
4738.00	4.43539e-16
4739.50	4.16386e-16
4741.00	4.0682e-16
4742.50	4.39396e-16
4744.00	4.00861e-16
4745.50	3.3582e-16
4747.00	3.51831e-16
4748.50	3.96181e-16
4750.00	4.84354e-16
4751.50	5.01074e-16
4753.00	4.67941e-16
4754.50	4.56898e-16
4756.00	3.99845e-16
4757.50	3.99227e-16
4759.00	4.05984e-16
4760.50	4.45455e-16
4762.00	4.46907e-16
4763.50	3.87247e-16
4765.00	4.5643e-16
4766.50	4.27622e-16
4768.00	3.94088e-16
4769.50	4.15699e-16
4771.00	3.9538e-16
4772.50	4.23998e-16
4774.00	4.26393e-16
4775.50	3.95924e-16
4777.00	3.58345e-16
4778.50	4.12723e-16
4780.00	4.27678e-16
4781.50	4.02657e-16
4783.00	4.05774e-16
4784.50	3.58133e-16
4786.00	3.94182e-16
4787.50	3.98985e-16
4789.00	4.12147e-16
4790.50	4.63833e-16
4792.00	3.66479e-16
4793.50	3.43893e-16
4795.00	4.05387e-16
4796.50	3.93816e-16
4798.00	3.77971e-16
4799.50	4.86874e-16
4801.00	4.92646e-16
4802.50	3.90952e-16
4804.00	3.47221e-16
4805.50	3.96301e-16
4807.00	4.39141e-16
4808.50	3.69524e-16
4810.00	3.70714e-16
4811.50	3.31095e-16
4813.00	3.83977e-16
4814.50	4.27236e-16
4816.00	3.88526e-16
4817.50	3.26902e-16
4819.00	3.54946e-16
4820.50	3.22593e-16
4822.00	3.08212e-16
4823.50	3.57861e-16
4825.00	3.85049e-16
4826.50	3.75968e-16
4828.00	3.28906e-16
4829.50	3.34228e-16
4831.00	3.07852e-16
4832.50	2.70151e-16
4834.00	2.69533e-16
4835.50	3.03482e-16
4837.00	3.25284e-16
4838.50	3.7119e-16
4840.00	3.64727e-16
4841.50	3.52189e-16
4843.00	3.7554e-16
4844.50	3.37039e-16
4846.00	3.46966e-16
4847.50	3.32818e-16
4849.00	3.2595e-16
4850.50	3.25643e-16
4852.00	3.3628e-16
4853.50	3.43868e-16
4855.00	3.09733e-16
4856.50	3.05385e-16
4858.00	3.5153e-16
4859.50	3.39607e-16
4861.00	3.75525e-16
4862.50	3.13254e-16
4864.00	2.45338e-16
4865.50	2.86364e-16
4867.00	3.36932e-16
4868.50	3.16266e-16
4870.00	3.29991e-16
4871.50	4.31793e-16
4873.00	3.75909e-16
4874.50	3.42949e-16
4876.00	3.03584e-16
4877.50	3.03262e-16
4879.00	3.66474e-16
4880.50	3.84e-16
4882.00	3.53911e-16
4883.50	3.80051e-16
4885.00	3.74869e-16
4886.50	4.02547e-16
4888.00	4.10312e-16
4889.50	4.27911e-16
4891.00	3.83271e-16
4892.50	3.51308e-16
4894.00	3.73708e-16
4895.50	3.90742e-16
4897.00	4.14804e-16
4898.50	4.1852e-16
4900.00	4.62924e-16
4901.50	4.25064e-16
4903.00	3.78012e-16
4904.50	4.01489e-16
4906.00	3.92521e-16
4907.50	4.00068e-16
4909.00	4.41277e-16
4910.50	4.52954e-16
4912.00	4.42672e-16
4913.50	4.06801e-16
4915.00	4.01915e-16
4916.50	4.43251e-16
4918.00	4.40501e-16
4919.50	3.86879e-16
4921.00	3.86281e-16
4922.50	4.34198e-16
4924.00	5.11711e-16
4925.50	6.85744e-16
4927.00	8.95402e-16
4928.50	9.10031e-16
4930.00	8.31635e-16
4931.50	6.31676e-16
4933.00	4.68048e-16
4934.50	3.76886e-16
4936.00	3.69385e-16
4937.50	3.69523e-16
4939.00	3.70546e-16
4940.50	4.03973e-16
4942.00	4.52567e-16
4943.50	4.19575e-16
4945.00	3.89882e-16
4946.50	3.69511e-16
4948.00	3.82079e-16
4949.50	4.08469e-16
4951.00	4.52351e-16
4952.50	4.2219e-16
4954.00	3.90411e-16
4955.50	3.80318e-16
4957.00	3.95086e-16
4958.50	3.87505e-16
4960.00	3.90624e-16
4961.50	4.53842e-16
4963.00	4.30116e-16
4964.50	3.9129e-16
4966.00	4.06173e-16
4967.50	4.38299e-16
4969.00	4.57239e-16
4970.50	3.88609e-16
4972.00	4.17466e-16
4973.50	5.00428e-16
4975.00	4.75389e-16
4976.50	4.32226e-16
4978.00	4.28103e-16
4979.50	4.04314e-16
4981.00	4.09647e-16
4982.50	4.41171e-16
4984.00	4.24186e-16
4985.50	3.95573e-16
4987.00	3.87729e-16
4988.50	3.97053e-16
4990.00	4.05767e-16
4991.50	3.86033e-16
4993.00	4.52725e-16
4994.50	4.71138e-16
4996.00	4.14875e-16
4997.50	4.06622e-16
4999.00	4.35811e-16
5000.50	4.9752e-16
5002.00	3.79047e-16
5003.50	3.53647e-16
5005.00	3.47067e-16
5006.50	3.89765e-16
5008.00	3.79512e-16
5009.50	4.10351e-16
5011.00	4.24321e-16
5012.50	4.12135e-16
5014.00	3.93188e-16
5015.50	4.27751e-16
5017.00	4.04334e-16
5018.50	3.92942e-16
5020.00	3.70534e-16
5021.50	3.47076e-16
5023.00	4.30567e-16
5024.50	4.0807e-16
5026.00	4.05893e-16
5027.50	4.74696e-16
5029.00	4.70827e-16
5030.50	4.20408e-16
5032.00	3.71926e-16
5033.50	3.52269e-16
5035.00	3.29656e-16
5036.50	3.02044e-16
5038.00	3.51106e-16
5039.50	3.75466e-16
5041.00	3.38512e-16
5042.50	3.63483e-16
5044.00	3.64114e-16
5045.50	3.49665e-16
5047.00	3.35641e-16
5048.50	3.65392e-16
5050.00	3.9524e-16
5051.50	4.00803e-16
5053.00	3.84055e-16
5054.50	4.11618e-16
5056.00	4.11747e-16
5057.50	3.57617e-16
5059.00	3.61008e-16
5060.50	3.53355e-16
5062.00	3.51895e-16
5063.50	3.58789e-16
5065.00	3.8227e-16
5066.50	3.37379e-16
5068.00	3.41789e-16
5069.50	3.29875e-16
5071.00	4.1347e-16
5072.50	5.07295e-16
5074.00	6.22913e-16
5075.50	7.39073e-16
5077.00	7.60298e-16
5078.50	5.70231e-16
5080.00	4.62582e-16
5081.50	4.46894e-16
5083.00	4.70265e-16
5084.50	4.46842e-16
5086.00	4.29314e-16
5087.50	3.75151e-16
5089.00	4.00101e-16
5090.50	4.03485e-16
5092.00	3.94039e-16
5093.50	3.81394e-16
5095.00	3.84991e-16
5096.50	3.7825e-16
5098.00	4.22481e-16
5099.50	4.13551e-16
5101.00	3.6965e-16
5102.50	3.85254e-16
5104.00	3.46873e-16
5105.50	3.89804e-16
5107.00	4.13755e-16
5108.50	3.74086e-16
5110.00	3.80706e-16
5111.50	3.76889e-16
5113.00	3.49488e-16
5114.50	3.73511e-16
5116.00	3.90334e-16
5117.50	3.9292e-16
5119.00	3.69378e-16
5120.50	3.91245e-16
5122.00	4.08537e-16
5123.50	3.79072e-16
5125.00	3.89335e-16
5126.50	4.22029e-16
5128.00	4.53367e-16
5129.50	4.20588e-16
5131.00	3.97319e-16
5132.50	3.32373e-16
5134.00	3.23061e-16
5135.50	3.57003e-16
5137.00	3.39245e-16
5138.50	3.39232e-16
5140.00	4.06427e-16
5141.50	3.83118e-16
5143.00	3.7764e-16
5144.50	3.01911e-16
5146.00	3.21411e-16
5147.50	3.31872e-16
5149.00	3.26098e-16
5150.50	3.53953e-16
5152.00	3.75593e-16
5153.50	3.33283e-16
5155.00	3.40187e-16
5156.50	3.62243e-16
5158.00	3.78222e-16
5159.50	3.57778e-16
5161.00	3.34372e-16
5162.50	3.60841e-16
5164.00	3.8979e-16
5165.50	3.87243e-16
5167.00	3.58156e-16
5168.50	3.54751e-16
5170.00	3.31518e-16
5171.50	3.16391e-16
5173.00	3.22945e-16
5174.50	3.44887e-16
5176.00	3.41866e-16
5177.50	3.17142e-16
5179.00	2.99319e-16
5180.50	2.75862e-16
5182.00	3.47528e-16
5183.50	3.58519e-16
5185.00	3.24557e-16
5186.50	3.42788e-16
5188.00	3.26315e-16
5189.50	3.22602e-16
5191.00	3.24114e-16
5192.50	3.01273e-16
5194.00	2.72904e-16
5195.50	2.77183e-16
5197.00	3.03536e-16
5198.50	3.69384e-16
5200.00	3.73088e-16
5201.50	3.38849e-16
5203.00	3.41487e-16
5204.50	3.1052e-16
5206.00	3.41767e-16
5207.50	3.35086e-16
5209.00	3.40909e-16
5210.50	3.31251e-16
5212.00	3.23601e-16
5213.50	3.65644e-16
5215.00	3.90282e-16
5216.50	3.83758e-16
5218.00	3.50698e-16
5219.50	3.36514e-16
5221.00	3.22467e-16
5222.50	3.90961e-16
5224.00	3.65414e-16
5225.50	3.29674e-16
5227.00	3.60905e-16
5228.50	3.70164e-16
5230.00	4.12025e-16
5231.50	3.82475e-16
5233.00	3.67275e-16
5234.50	3.36173e-16
5236.00	3.97757e-16
5237.50	3.93766e-16
5239.00	3.2828e-16
5240.50	3.70884e-16
5242.00	3.85718e-16
5243.50	3.59244e-16
5245.00	3.35811e-16
5246.50	3.33848e-16
5248.00	3.7164e-16
5249.50	3.82365e-16
5251.00	3.49022e-16
5252.50	3.38315e-16
5254.00	4.1596e-16
5255.50	4.0384e-16
5257.00	3.28438e-16
5258.50	3.78754e-16
5260.00	4.06107e-16
5261.50	3.4171e-16
5263.00	3.45351e-16
5264.50	3.66533e-16
5266.00	3.74441e-16
5267.50	3.68182e-16
5269.00	3.84653e-16
5270.50	3.99638e-16
5272.00	3.7195e-16
5273.50	3.69647e-16
5275.00	3.49759e-16
5276.50	3.7646e-16
5278.00	3.8212e-16
5279.50	4.08007e-16
5281.00	3.84176e-16
5282.50	3.6884e-16
5284.00	4.0649e-16
5285.50	3.89275e-16
5287.00	3.74326e-16
5288.50	3.49972e-16
5290.00	3.73035e-16
5291.50	4.07732e-16
5293.00	3.91253e-16
5294.50	4.06816e-16
5296.00	3.47549e-16
5297.50	4.19901e-16
5299.00	4.08637e-16
5300.50	4.16811e-16
5302.00	3.65388e-16
5303.50	3.78357e-16
5305.00	3.88372e-16
5306.50	3.14747e-16
5308.00	3.94049e-16
5309.50	4.17129e-16
5311.00	4.01778e-16
5312.50	3.52034e-16
5314.00	3.20742e-16
5315.50	3.21498e-16
5317.00	4.01315e-16
5318.50	4.12363e-16
5320.00	3.78155e-16
5321.50	3.75689e-16
5323.00	3.63659e-16
5324.50	3.98932e-16
5326.00	4.048e-16
5327.50	3.73124e-16
5329.00	3.81908e-16
5330.50	3.96858e-16
5332.00	3.71079e-16
5333.50	3.39522e-16
5335.00	3.30809e-16
5336.50	3.35831e-16
5338.00	3.18024e-16
5339.50	3.29533e-16
5341.00	3.37321e-16
5342.50	3.41787e-16
5344.00	3.8891e-16
5345.50	3.67672e-16
5347.00	3.50657e-16
5348.50	3.7593e-16
5350.00	3.28537e-16
5351.50	3.60376e-16
5353.00	3.53974e-16
5354.50	3.25403e-16
5356.00	3.86069e-16
5357.50	3.68818e-16
5359.00	3.12025e-16
5360.50	3.8028e-16
5362.00	4.23051e-16
5363.50	3.73178e-16
5365.00	3.57696e-16
5366.50	3.69071e-16
5368.00	3.73206e-16
5369.50	3.3688e-16
5371.00	3.24213e-16
5372.50	3.5698e-16
5374.00	4.01735e-16
5375.50	3.69533e-16
5377.00	3.70609e-16
5378.50	3.91206e-16
5380.00	3.53702e-16
5381.50	3.52337e-16
5383.00	3.60421e-16
5384.50	3.75884e-16
5386.00	3.66852e-16
5387.50	3.47876e-16
5389.00	3.64982e-16
5390.50	3.82135e-16
5392.00	3.52242e-16
5393.50	3.57302e-16
5395.00	4.20161e-16
5396.50	4.18443e-16
5398.00	3.46205e-16
5399.50	3.04548e-16
5401.00	3.57311e-16
5402.50	3.79387e-16
5404.00	3.70965e-16
5405.50	3.86469e-16
5407.00	3.98369e-16
5408.50	3.56246e-16
5410.00	3.4566e-16
5411.50	3.5548e-16
5413.00	3.33995e-16
5414.50	3.61389e-16
5416.00	3.80563e-16
5417.50	4.21243e-16
5419.00	4.15688e-16
5420.50	3.90175e-16
5422.00	4.24947e-16
5423.50	3.93246e-16
5425.00	3.28474e-16
5426.50	3.69066e-16
5428.00	3.74471e-16
5429.50	3.93583e-16
5431.00	3.85899e-16
5432.50	3.78676e-16
5434.00	3.53793e-16
5435.50	3.6459e-16
5437.00	3.65977e-16
5438.50	4.02288e-16
5440.00	4.84913e-16
5441.50	4.27644e-16
5443.00	4.21442e-16
5444.50	3.31739e-16
5446.00	3.83858e-16
5447.50	4.05279e-16
5449.00	4.25625e-16
5450.50	3.60946e-16
5452.00	3.51753e-16
5453.50	3.79963e-16
5455.00	3.77413e-16
5456.50	3.57959e-16
5458.00	3.586e-16
5459.50	4.30512e-16
5461.00	4.54806e-16
5462.50	4.04978e-16
5464.00	3.70316e-16
5465.50	3.50817e-16
5467.00	3.97822e-16
5468.50	3.49595e-16
5470.00	3.35724e-16
5471.50	3.95079e-16
5473.00	4.03413e-16
5474.50	3.82557e-16
5476.00	3.72481e-16
5477.50	3.55276e-16
5479.00	3.38918e-16
5480.50	3.65784e-16
5482.00	3.71061e-16
5483.50	3.61611e-16
5485.00	3.85956e-16
5486.50	3.64416e-16
5488.00	3.64054e-16
5489.50	3.37076e-16
5491.00	3.24753e-16
5492.50	3.66423e-16
5494.00	3.85012e-16
5495.50	3.46254e-16
5497.00	3.07977e-16
5498.50	3.26274e-16
5500.00	3.36746e-16
5501.50	3.2714e-16
5503.00	3.57378e-16
5504.50	3.47974e-16
5506.00	3.70252e-16
5507.50	4.26598e-16
5509.00	3.43855e-16
5510.50	3.3841e-16
5512.00	3.33422e-16
5513.50	3.39847e-16
5515.00	3.13363e-16
5516.50	3.23648e-16
5518.00	3.45578e-16
5519.50	3.41372e-16
5521.00	3.99142e-16
5522.50	4.061e-16
5524.00	3.66254e-16
5525.50	3.40288e-16
5527.00	3.628e-16
5528.50	3.60851e-16
5530.00	3.36774e-16
5531.50	2.93541e-16
5533.00	3.2375e-16
5534.50	3.28715e-16
5536.00	3.56496e-16
5537.50	3.59353e-16
5539.00	3.17569e-16
5540.50	3.34619e-16
5542.00	3.50053e-16
5543.50	3.60166e-16
5545.00	3.59697e-16
5546.50	3.34166e-16
5548.00	3.53825e-16
5549.50	3.94923e-16
5551.00	3.46473e-16
5552.50	3.51379e-16
5554.00	3.46674e-16
5555.50	3.42756e-16
5557.00	3.67539e-16
5558.50	3.72808e-16
5560.00	3.33991e-16
5561.50	3.21428e-16
5563.00	3.58538e-16
5564.50	3.59088e-16
5566.00	3.38534e-16
5567.50	3.42618e-16
5569.00	2.95096e-16
5570.50	3.04421e-16
5572.00	3.61603e-16
5573.50	4.34258e-16
5575.00	4.25443e-16
5576.50	3.72772e-16
5578.00	4.14101e-16
5579.50	5.2323e-16
5581.00	3.21398e-16
5582.50	3.3316e-16
5584.00	3.96789e-16
5585.50	3.99122e-16
5587.00	3.50833e-16
5588.50	2.91956e-16
5590.00	3.68435e-16
5591.50	3.93413e-16
5593.00	3.6546e-16
5594.50	3.68753e-16
5596.00	4.13013e-16
5597.50	3.92713e-16
5599.00	3.5962e-16
5600.50	3.19375e-16
5602.00	3.50453e-16
5603.50	4.00182e-16
5605.00	3.67728e-16
5606.50	3.57056e-16
5608.00	3.72406e-16
5609.50	3.46593e-16
5611.00	3.68758e-16
5612.50	4.09506e-16
5614.00	4.04412e-16
5615.50	3.7e-16
5617.00	3.64316e-16
5618.50	3.96061e-16
5620.00	3.88234e-16
5621.50	3.36007e-16
5623.00	3.65472e-16
5624.50	3.31007e-16
5626.00	2.91274e-16
5627.50	3.41878e-16
5629.00	3.74237e-16
5630.50	4.00923e-16
5632.00	4.01477e-16
5633.50	3.77671e-16
5635.00	3.72142e-16
5636.50	3.42165e-16
5638.00	3.30667e-16
5639.50	3.90545e-16
5641.00	3.58528e-16
5642.50	3.77702e-16
5644.00	3.47372e-16
5645.50	3.07859e-16
5647.00	3.06882e-16
5648.50	3.109e-16
5650.00	2.95541e-16
5651.50	3.46227e-16
5653.00	3.57033e-16
5654.50	3.09981e-16
5656.00	3.12161e-16
5657.50	3.24988e-16
5659.00	3.40989e-16
5660.50	3.20747e-16
5662.00	2.93261e-16
5663.50	3.08169e-16
5665.00	3.16819e-16
5666.50	3.37535e-16
5668.00	3.61915e-16
5669.50	3.5824e-16
5671.00	3.33288e-16
5672.50	3.05523e-16
5674.00	3.18708e-16
5675.50	3.80735e-16
5677.00	4.16572e-16
5678.50	3.77635e-16
5680.00	3.0172e-16
5681.50	3.12976e-16
5683.00	3.47524e-16
5684.50	3.61195e-16
5686.00	4.35026e-16
5687.50	5.21449e-16
5689.00	5.23335e-16
5690.50	4.84272e-16
5692.00	4.34247e-16
5693.50	3.59759e-16
5695.00	3.03458e-16
5696.50	3.3072e-16
5698.00	3.22041e-16
5699.50	3.25118e-16
5701.00	3.12827e-16
5702.50	3.0903e-16
5704.00	3.05234e-16
5705.50	3.01438e-16
5708.50	3.67099e-16
5710.00	3.36595e-16
5711.50	3.3152e-16
5713.00	3.71473e-16
5714.50	3.75972e-16
5716.00	3.37719e-16
5717.50	2.82251e-16
5719.00	2.94016e-16
5720.50	3.75055e-16
5722.00	3.85285e-16
5723.50	3.14512e-16
5725.00	3.11475e-16
5726.50	3.45624e-16
5728.00	3.35161e-16
5729.50	3.3005e-16
5731.00	3.29345e-16
5732.50	3.49389e-16
5734.00	3.46983e-16
5735.50	3.15353e-16
5737.00	3.20174e-16
5738.50	3.2049e-16
5740.00	3.59562e-16
5741.50	3.45938e-16
5743.00	3.36844e-16
5744.50	3.39666e-16
5746.00	2.94791e-16
5747.50	2.84444e-16
5749.00	3.65978e-16
5750.50	3.86523e-16
5752.00	3.65141e-16
5753.50	3.25087e-16
5755.00	2.99086e-16
5756.50	3.30807e-16
5758.00	3.54681e-16
5759.50	3.46956e-16
5761.00	3.39772e-16
5762.50	3.68924e-16
5764.00	3.57717e-16
5765.50	3.61587e-16
5767.00	3.60095e-16
5768.50	3.3421e-16
5770.00	3.61594e-16
5771.50	3.72874e-16
5773.00	4.05054e-16
5774.50	3.62471e-16
5776.00	3.10038e-16
5777.50	2.99948e-16
5779.00	2.99337e-16
5780.50	2.70824e-16
5782.00	2.64996e-16
5783.50	3.40272e-16
5785.00	3.19369e-16
5786.50	2.98466e-16
5788.00	2.77563e-16
5789.50	2.5666e-16
5792.50	3.53471e-16
5794.00	3.43121e-16
5795.50	3.25447e-16
5797.00	3.63535e-16
5798.50	3.60221e-16
5800.00	3.52798e-16
5801.50	3.35616e-16
5803.00	3.19529e-16
5804.50	3.41035e-16
5806.00	3.23546e-16
5807.50	3.06052e-16
5809.00	3.17548e-16
5810.50	3.04538e-16
5812.00	3.24211e-16
5813.50	3.55705e-16
5815.00	3.59486e-16
5816.50	3.64147e-16
5818.00	3.4674e-16
5819.50	3.62093e-16
5821.00	3.75948e-16
5822.50	3.13952e-16
5824.00	3.34374e-16
5825.50	3.17404e-16
5827.00	2.85705e-16
5828.50	2.99943e-16
5830.00	3.01063e-16
5831.50	3.18304e-16
5833.00	3.47979e-16
5834.50	3.45206e-16
5836.00	3.4381e-16
5837.50	3.1237e-16
5839.00	2.94122e-16
5840.50	2.99167e-16
5842.00	3.14007e-16
5843.50	3.26272e-16
5845.00	3.09064e-16
5846.50	3.28295e-16
5848.00	3.70341e-16
5849.50	3.23584e-16
5851.00	3.08767e-16
5852.50	3.09035e-16
5854.00	3.50536e-16
5855.50	3.17809e-16
5857.00	4.01618e-16
5858.50	3.95464e-16
5860.00	3.34258e-16
5861.50	3.30105e-16
5863.00	3.57178e-16
5864.50	3.31157e-16
5866.00	3.32374e-16
5867.50	3.17998e-16
5869.00	3.37957e-16
5870.50	3.86789e-16
5872.00	3.68326e-16
5873.50	3.56252e-16
5875.00	3.20233e-16
5876.50	3.7248e-16
5878.00	4.0662e-16
5879.50	3.83823e-16
5881.00	3.7026e-16
5882.50	3.50794e-16
5884.00	3.69113e-16
5885.50	3.81547e-16
5887.00	3.98841e-16
5888.50	3.90621e-16
5890.00	3.98971e-16
5891.50	3.58873e-16
5893.00	2.67161e-16
5894.50	2.8653e-16
5896.00	3.55638e-16
5897.50	3.88176e-16
5899.00	3.15881e-16
5900.50	2.92939e-16
5902.00	3.16448e-16
5903.50	3.12547e-16
5905.00	3.58115e-16
5906.50	3.43959e-16
5908.00	2.92131e-16
5909.50	2.97478e-16
5911.00	3.08106e-16
5912.50	3.02123e-16
5914.00	3.14779e-16
5915.50	3.26286e-16
5917.00	2.94452e-16
5918.50	2.76694e-16
5920.00	3.52361e-16
5921.50	3.83321e-16
5923.00	3.49896e-16
5924.50	3.88314e-16
5926.00	3.46545e-16
5927.50	3.1524e-16
5929.00	3.64427e-16
5930.50	3.05944e-16
5932.00	2.73864e-16
5933.50	3.61337e-16
5935.00	3.6005e-16
5936.50	3.26437e-16
5938.00	3.23054e-16
5939.50	3.37762e-16
5941.00	2.85718e-16
5942.50	2.52926e-16
5944.00	3.67167e-16
5945.50	4.20148e-16
5947.00	4.02345e-16
5948.50	3.52218e-16
5950.00	3.84754e-16
5951.50	4.13081e-16
5953.00	3.69767e-16
5954.50	3.63888e-16
5956.00	3.72124e-16
5957.50	3.42433e-16
5959.00	3.50697e-16
5960.50	3.85249e-16
5962.00	4.02151e-16
5963.50	3.68437e-16
5965.00	3.3302e-16
5966.50	3.08565e-16
5968.00	3.47305e-16
5969.50	3.5031e-16
5971.00	2.94909e-16
5972.50	2.94581e-16
5974.00	3.32549e-16
5975.50	3.45205e-16
5977.00	3.25773e-16
5978.50	3.17367e-16
5980.00	3.23823e-16
5981.50	3.1649e-16
5983.00	3.71256e-16
5984.50	3.29017e-16
5986.00	2.79049e-16
5987.50	3.08164e-16
5989.00	3.49508e-16
5990.50	3.61733e-16
5992.00	3.16975e-16
5993.50	3.28284e-16
5995.00	2.96243e-16
5996.50	3.15363e-16
5998.00	3.7754e-16
5999.50	3.12449e-16
6001.00	3.11873e-16
6002.50	3.49377e-16
6004.00	2.93345e-16
6005.50	3.61136e-16
6007.00	3.59331e-16
6008.50	3.45334e-16
6010.00	3.18886e-16
6011.50	3.26546e-16
6013.00	3.25021e-16
6014.50	3.35542e-16
6016.00	2.91412e-16
6017.50	2.89852e-16
6019.00	3.60428e-16
6020.50	3.44628e-16
6022.00	2.9316e-16
6023.50	3.30432e-16
6025.00	3.99595e-16
6026.50	3.99597e-16
6028.00	3.20438e-16
6029.50	3.20664e-16
6031.00	3.26025e-16
6032.50	2.86828e-16
6034.00	3.12735e-16
6035.50	3.63602e-16
6037.00	3.67971e-16
6038.50	3.82241e-16
6040.00	3.56947e-16
6041.50	3.01824e-16
6043.00	2.6529e-16
6044.50	2.7396e-16
6046.00	3.11836e-16
6047.50	3.27125e-16
6049.00	3.13679e-16
6050.50	2.00936e-16
6052.00	2.42192e-16
6053.50	3.661e-16
6055.00	3.52419e-16
6056.50	3.22998e-16
6058.00	3.31403e-16
6059.50	3.01097e-16
6061.00	2.97468e-16
6062.50	3.22865e-16
6064.00	3.27954e-16
6065.50	3.18717e-16
6067.00	3.16856e-16
6068.50	2.79948e-16
6070.00	3.04483e-16
6071.50	3.34362e-16
6073.00	3.71197e-16
6074.50	3.49098e-16
6076.00	3.05899e-16
6077.50	2.96653e-16
6079.00	3.3676e-16
6080.50	2.88849e-16
6082.00	2.98343e-16
6083.50	3.45412e-16
6085.00	3.41633e-16
6086.50	3.30014e-16
6088.00	3.30234e-16
6089.50	2.87159e-16
6091.00	3.31944e-16
6092.50	3.40385e-16
6094.00	2.79025e-16
6095.50	2.89451e-16
6097.00	2.97951e-16
6098.50	2.86204e-16
6100.00	2.85437e-16
6101.50	3.44687e-16
6103.00	3.83707e-16
6104.50	3.32478e-16
6106.00	2.92081e-16
6107.50	3.26703e-16
6109.00	3.34694e-16
6110.50	2.84194e-16
6112.00	2.70627e-16
6113.50	3.06086e-16
6115.00	3.29333e-16
6116.50	3.1573e-16
6118.00	2.93945e-16
6119.50	3.00267e-16
6121.00	3.25774e-16
6122.50	3.25764e-16
6124.00	3.27393e-16
6125.50	3.46347e-16
6127.00	3.57084e-16
6128.50	3.15484e-16
6130.00	3.04371e-16
6131.50	3.59164e-16
6133.00	3.4131e-16
6134.50	3.23155e-16
6136.00	3.52539e-16
6137.50	3.80219e-16
6139.00	3.46487e-16
6140.50	3.23834e-16
6142.00	3.55797e-16
6143.50	3.35687e-16
6145.00	2.65118e-16
6146.50	2.59858e-16
6148.00	2.91183e-16
6149.50	3.47222e-16
6151.00	3.20527e-16
6152.50	2.8274e-16
6154.00	3.44729e-16
6155.50	3.4048e-16
6157.00	3.10659e-16
6158.50	3.42541e-16
6160.00	3.4135e-16
6161.50	3.46622e-16
6163.00	3.1479e-16
6164.50	3.15702e-16
6166.00	2.85979e-16
6167.50	2.62782e-16
6169.00	2.88975e-16
6170.50	3.32973e-16
6172.00	3.36221e-16
6173.50	3.15348e-16
6175.00	3.12223e-16
6176.50	3.03044e-16
6178.00	2.92535e-16
6179.50	3.28385e-16
6181.00	3.4657e-16
6182.50	3.22049e-16
6184.00	3.12402e-16
6185.50	3.14532e-16
6187.00	3.09362e-16
6188.50	3.15402e-16
6190.00	3.4651e-16
6191.50	3.45868e-16
6193.00	3.25466e-16
6194.50	3.17906e-16
6196.00	3.196e-16
6197.50	3.19834e-16
6199.00	2.83738e-16
6200.50	2.92319e-16
6202.00	3.05785e-16
6203.50	3.16822e-16
6205.00	3.54309e-16
6206.50	3.00221e-16
6208.00	3.33216e-16
6209.50	3.48896e-16
6211.00	3.54576e-16
6212.50	3.47398e-16
6214.00	3.11515e-16
6215.50	3.20604e-16
6217.00	3.28863e-16
6218.50	3.72998e-16
6220.00	3.17319e-16
6221.50	2.74719e-16
6223.00	2.56531e-16
6224.50	2.57269e-16
6226.00	3.16915e-16
6227.50	2.89299e-16
6229.00	2.63823e-16
6230.50	3.36734e-16
6232.00	3.2322e-16
6233.50	3.23211e-16
6235.00	2.7171e-16
6236.50	2.73877e-16
6238.00	3.09939e-16
6239.50	3.52354e-16
6241.00	3.38586e-16
6242.50	3.23879e-16
6244.00	3.42651e-16
6245.50	3.18277e-16
6247.00	2.88324e-16
6248.50	3.41026e-16
6250.00	3.31555e-16
6251.50	2.82686e-16
6253.00	2.8731e-16
6254.50	2.63402e-16
6256.00	2.53338e-16
6257.50	2.71668e-16
6259.00	3.14362e-16
6260.50	3.25754e-16
6262.00	3.08837e-16
6263.50	3.09279e-16
6265.00	2.47816e-16
6266.50	2.29072e-16
6268.00	2.9209e-16
6269.50	3.02668e-16
6271.00	2.8338e-16
6272.50	2.8816e-16
6274.00	2.9617e-16
6275.50	2.92022e-16
6277.00	2.51425e-16
6278.50	2.79846e-16
6280.00	3.0782e-16
6281.50	2.87647e-16
6283.00	3.11166e-16
6284.50	3.557e-16
6286.00	2.88961e-16
6287.50	2.98854e-16
6289.00	2.82572e-16
6290.50	2.85059e-16
6292.00	2.59412e-16
6293.50	2.69654e-16
6295.00	2.98821e-16
6296.50	2.89273e-16
6298.00	1.57558e-16
6299.50	2.00594e-16
6301.00	3.52245e-16
6302.50	3.52586e-16
6304.00	2.73167e-16
6305.50	2.89365e-16
6307.00	2.96376e-16
6308.50	2.81085e-16
6310.00	2.9533e-16
6311.50	2.92811e-16
6313.00	3.01792e-16
6314.50	3.43792e-16
6316.00	3.18808e-16
6317.50	2.7896e-16
6319.00	3.08016e-16
6320.50	3.1856e-16
6322.00	2.74884e-16
6323.50	2.92584e-16
6325.00	3.39848e-16
6326.50	3.35833e-16
6328.00	2.81841e-16
6329.50	2.66029e-16
6331.00	3.02528e-16
6332.50	2.93693e-16
6334.00	2.8275e-16
6335.50	2.82308e-16
6337.00	3.0186e-16
6338.50	3.05444e-16
6340.00	2.67066e-16
6341.50	2.73996e-16
6343.00	2.67707e-16
6344.50	2.78069e-16
6346.00	3.39038e-16
6347.50	3.25941e-16
6349.00	2.92661e-16
6350.50	2.95739e-16
6352.00	2.79403e-16
6353.50	2.50456e-16
6355.00	2.69366e-16
6356.50	3.20446e-16
6358.00	3.23961e-16
6359.50	3.06018e-16
6361.00	3.08809e-16
6362.50	3.12359e-16
6364.00	3.23289e-16
6365.50	2.84646e-16
6367.00	2.90631e-16
6368.50	3.25392e-16
6370.00	3.23748e-16
6371.50	2.52719e-16
6373.00	2.76787e-16
6374.50	3.02251e-16
6376.00	3.29373e-16
6377.50	2.98336e-16
6379.00	2.6093e-16
6380.50	3.09996e-16
6382.00	3.39657e-16
6383.50	3.21545e-16
6385.00	3.1995e-16
6386.50	3.27484e-16
6388.00	3.10286e-16
6389.50	3.23067e-16
6391.00	2.82464e-16
6392.50	2.43904e-16
6394.00	2.60645e-16
6395.50	2.71722e-16
6397.00	2.90767e-16
6398.50	3.39121e-16
6400.00	3.4486e-16
6401.50	2.95203e-16
6403.00	2.94168e-16
6404.50	3.00236e-16
6406.00	2.69019e-16
6407.50	2.75815e-16
6409.00	2.96376e-16
6410.50	2.73682e-16
6412.00	2.8993e-16
6413.50	3.11345e-16
6415.00	2.74987e-16
6416.50	2.75062e-16
6418.00	3.13296e-16
6419.50	2.84132e-16
6421.00	2.8519e-16
6422.50	2.81274e-16
6424.00	2.67866e-16
6425.50	2.55606e-16
6427.00	2.70509e-16
6428.50	3.06286e-16
6430.00	3.23888e-16
6431.50	3.33405e-16
6433.00	3.11103e-16
6434.50	2.94472e-16
6436.00	3.00876e-16
6437.50	2.61849e-16
6439.00	3.00947e-16
6440.50	3.34562e-16
6442.00	2.88295e-16
6443.50	2.72809e-16
6445.00	2.61925e-16
6446.50	2.7572e-16
6448.00	2.81221e-16
6449.50	2.91195e-16
6451.00	2.99194e-16
6452.50	2.661e-16
6454.00	2.51953e-16
6455.50	2.93045e-16
6457.00	3.22999e-16
6458.50	2.91823e-16
6460.00	2.7723e-16
6461.50	2.88053e-16
6463.00	2.671e-16
6464.50	2.89717e-16
6466.00	3.24577e-16
6467.50	2.91599e-16
6469.00	2.46864e-16
6470.50	2.45801e-16
6472.00	2.53003e-16
6473.50	2.82278e-16
6475.00	3.04086e-16
6476.50	3.00007e-16
6478.00	2.98274e-16
6479.50	2.92177e-16
6481.00	2.50833e-16
6482.50	2.62812e-16
6484.00	2.61296e-16
6485.50	2.25834e-16
6487.00	2.31355e-16
6488.50	2.64318e-16
6490.00	2.72094e-16
6491.50	2.77527e-16
6493.00	3.01898e-16
6494.50	2.27539e-16
6496.00	2.37425e-16
6497.50	2.53868e-16
6499.00	2.57714e-16
6500.50	2.73564e-16
6502.00	2.76605e-16
6503.50	2.57932e-16
6505.00	2.24394e-16
6506.50	2.6817e-16
6508.00	2.74598e-16
6509.50	2.10189e-16
6511.00	2.15314e-16
6512.50	2.14151e-16
6514.00	2.03089e-16
6515.50	2.45827e-16
6517.00	2.38038e-16
6518.50	2.32497e-16
6520.00	2.30194e-16
6521.50	2.49127e-16
6523.00	1.89801e-16
6524.50	2.01668e-16
6526.00	2.13536e-16
6527.50	2.25404e-16
6530.50	2.41292e-16
6532.00	2.8008e-16
6533.50	2.99749e-16
6535.00	2.46243e-16
6536.50	2.19943e-16
6538.00	2.1477e-16
6539.50	2.26765e-16
6541.00	2.57619e-16
6542.50	2.60816e-16
6544.00	2.51368e-16
6545.50	2.58476e-16
6547.00	2.48505e-16
6548.50	2.69195e-16
6550.00	2.92576e-16
6551.50	2.73288e-16
6553.00	2.56175e-16
6554.50	2.37429e-16
6556.00	2.61763e-16
6557.50	2.55274e-16
6559.00	2.36446e-16
6560.50	2.22658e-16
6562.00	2.52863e-16
6563.50	2.67142e-16
6565.00	2.57649e-16
6566.50	2.58065e-16
6568.00	2.53311e-16
6569.50	2.19637e-16
6571.00	2.17465e-16
6572.50	2.45436e-16
6574.00	2.44758e-16
6575.50	2.87112e-16
6577.00	3.45975e-16
6578.50	2.70967e-16
6580.00	3.00346e-16
6581.50	3.34945e-16
6583.00	2.9154e-16
6584.50	2.77997e-16
6586.00	3.19165e-16
6587.50	3.29518e-16
6589.00	3.19343e-16
6590.50	3.27477e-16
6592.00	3.51284e-16
6593.50	3.41097e-16
6595.00	3.30792e-16
6596.50	3.10807e-16
6598.00	3.24646e-16
6599.50	3.40915e-16
6601.00	3.54593e-16
6602.50	3.56448e-16
6604.00	3.63601e-16
6605.50	3.4923e-16
6607.00	3.5012e-16
6608.50	3.79349e-16
6610.00	3.86353e-16
6611.50	3.6519e-16
6613.00	3.84942e-16
6614.50	3.88896e-16
6616.00	3.81037e-16
6617.50	3.8416e-16
6619.00	3.90443e-16
6620.50	4.18976e-16
6622.00	4.07883e-16
6623.50	3.64676e-16
6625.00	3.90627e-16
6626.50	4.22685e-16
6628.00	4.4412e-16
6629.50	4.2663e-16
6631.00	4.12584e-16
6632.50	4.10197e-16
6634.00	4.31756e-16
6635.50	5.11109e-16
6637.00	5.58654e-16
6638.50	5.61074e-16
6640.00	5.64519e-16
6641.50	5.5173e-16
6643.00	4.32167e-16
6644.50	4.37259e-16
6646.00	4.58248e-16
6647.50	5.39168e-16
6649.00	7.87901e-16
6650.50	1.5494e-15
6652.00	2.2965e-15
6653.50	2.20295e-15
6655.00	1.9184e-15
6656.50	1.21152e-15
6658.00	6.927e-16
6659.50	4.52142e-16
6661.00	4.11493e-16
6662.50	4.36334e-16
6664.00	4.1774e-16
6665.50	3.9796e-16
6667.00	4.11113e-16
6668.50	4.35134e-16
6670.00	4.60501e-16
6671.50	6.92253e-16
6673.00	8.96815e-16
6674.50	9.04859e-16
6676.00	8.01453e-16
6677.50	6.62341e-16
6679.00	4.87967e-16
6680.50	3.71777e-16
6682.00	3.65378e-16
6683.50	3.85218e-16
6685.00	3.68731e-16
6686.50	3.47556e-16
6688.00	3.13287e-16
6689.50	3.36633e-16
6691.00	4.05518e-16
6692.50	4.53733e-16
6694.00	4.66525e-16
6695.50	4.23135e-16
6697.00	3.72305e-16
6698.50	3.70989e-16
6700.00	3.78565e-16
6701.50	3.62982e-16
6703.00	3.61712e-16
6704.50	3.61668e-16
6706.00	3.57576e-16
6707.50	3.66098e-16
6709.00	3.66365e-16
6710.50	3.30377e-16
6712.00	3.1537e-16
6713.50	3.16077e-16
6715.00	3.39901e-16
6716.50	3.30376e-16
6718.00	3.61073e-16
6719.50	3.34446e-16
6721.00	3.49314e-16
6722.50	3.18805e-16
6724.00	3.19159e-16
6725.50	3.53924e-16
6727.00	3.01893e-16
6728.50	2.93548e-16
6730.00	3.33304e-16
6731.50	3.42316e-16
6733.00	3.17481e-16
6734.50	3.12355e-16
6736.00	2.94857e-16
6737.50	2.87973e-16
6739.00	3.17187e-16
6740.50	2.93212e-16
6742.00	2.78403e-16
6743.50	2.96984e-16
6745.00	2.91669e-16
6746.50	2.90918e-16
6748.00	3.0394e-16
6749.50	3.24151e-16
6751.00	3.32081e-16
6752.50	3.2963e-16
6754.00	3.31132e-16
6755.50	3.2142e-16
6757.00	2.98223e-16
6758.50	2.66309e-16
6760.00	2.8941e-16
6761.50	2.93216e-16
6763.00	2.82835e-16
6764.50	3.04837e-16
6766.00	3.24045e-16
6767.50	3.50663e-16
6769.00	3.48188e-16
6770.50	3.58739e-16
6772.00	3.58578e-16
6773.50	3.08556e-16
6775.00	2.77615e-16
6776.50	2.71162e-16
6778.00	3.19625e-16
6779.50	3.18044e-16
6781.00	3.20773e-16
6782.50	3.39408e-16
6784.00	3.24719e-16
6785.50	2.88531e-16
6787.00	2.64777e-16
6788.50	2.92595e-16
6790.00	3.25783e-16
6791.50	3.20982e-16
6793.00	3.12341e-16
6794.50	2.9767e-16
6796.00	2.88567e-16
6797.50	3.00558e-16
6799.00	2.74619e-16
6800.50	3.10439e-16
6802.00	3.25247e-16
6803.50	3.19603e-16
6805.00	4.11014e-16
6806.50	5.79044e-16
6808.00	6.90799e-16
6809.50	6.57758e-16
6811.00	5.63705e-16
6812.50	4.62774e-16
6814.00	3.555e-16
6815.50	2.91815e-16
6817.00	2.88116e-16
6818.50	2.95443e-16
6820.00	4.04857e-16
6821.50	5.20626e-16
6823.00	5.85427e-16
6824.50	5.63298e-16
6826.00	4.95056e-16
6827.50	4.04612e-16
6829.00	3.36277e-16
6830.50	2.84586e-16
6832.00	2.69107e-16
6833.50	3.18674e-16
6835.00	3.12384e-16
6836.50	2.9428e-16
6838.00	3.22592e-16
6839.50	2.96298e-16
6841.00	2.89337e-16
6842.50	2.86259e-16
6844.00	2.72506e-16
6845.50	2.79207e-16
6847.00	2.76508e-16
6848.50	2.78023e-16
6850.00	3.14876e-16
6851.50	2.74473e-16
6853.00	2.91745e-16
6854.50	2.86659e-16
6856.00	3.02157e-16
6857.50	2.81109e-16
6859.00	3.10662e-16
6860.50	3.21955e-16
6862.00	2.10511e-16
6863.50	2.28255e-16
6865.00	2.31803e-16
6866.50	2.22317e-16
6868.00	2.75016e-16
6869.50	2.57228e-16
6871.00	2.2357e-16
6872.50	2.56206e-16
6874.00	2.83026e-16
6875.50	2.98947e-16
6877.00	3.40052e-16
6878.50	2.7901e-16
6880.00	2.80276e-16
6881.50	2.82384e-16
6883.00	2.35396e-16
6884.50	3.07857e-16
6886.00	3.42992e-16
6887.50	3.30142e-16
6889.00	2.775e-16
6890.50	2.67082e-16
6892.00	2.56663e-16
6893.50	2.46245e-16
6896.50	3.05284e-16
6898.00	3.13576e-16
6899.50	2.62595e-16
6901.00	3.20259e-16
6902.50	2.86009e-16
6904.00	2.69638e-16
6905.50	3.08665e-16
6907.00	2.60824e-16
6908.50	2.7133e-16
6910.00	2.78449e-16
6911.50	2.72447e-16
6913.00	2.55602e-16
6914.50	2.69948e-16
6916.00	2.38833e-16
6917.50	2.94908e-16
6919.00	2.93833e-16
6920.50	3.12118e-16
6922.00	3.24737e-16
6923.50	3.23613e-16
6925.00	3.21241e-16
6926.50	3.28248e-16
6928.00	3.26425e-16
6929.50	3.0162e-16
6931.00	3.37029e-16
6932.50	3.10179e-16
6934.00	2.70401e-16
6935.50	2.79229e-16
6937.00	2.21668e-16
6938.50	2.3907e-16
6940.00	2.91527e-16
6941.50	2.4437e-16
6943.00	2.66849e-16
6944.50	2.78868e-16
6946.00	2.91972e-16
6947.50	2.79031e-16
6949.00	2.62106e-16
6950.50	2.63574e-16
6952.00	3.01425e-16
6953.50	3.01327e-16
6955.00	3.15127e-16
6956.50	2.88502e-16
6958.00	2.76841e-16
6959.50	2.90291e-16
6961.00	2.92665e-16
6962.50	2.51112e-16
6964.00	2.26291e-16
6965.50	2.59379e-16
6967.00	2.66695e-16
6968.50	2.3361e-16
6970.00	2.70813e-16
6971.50	3.05353e-16
6973.00	2.56996e-16
6974.50	2.22271e-16
6976.00	2.06272e-16
6977.50	2.45704e-16
6979.00	2.89405e-16
6980.50	2.69561e-16
6982.00	2.77726e-16
6983.50	2.9929e-16
6985.00	2.71832e-16
6986.50	2.57819e-16
6988.00	3.03043e-16
6989.50	3.20252e-16
6991.00	2.92694e-16
6992.50	3.05412e-16
6994.00	2.91643e-16
6995.50	2.59061e-16
6997.00	2.08393e-16
6998.50	2.15635e-16
7000.00	2.95687e-16
7001.50	2.53979e-16
7003.00	2.57805e-16
7004.50	2.78408e-16
7006.00	2.64723e-16
7007.50	2.54894e-16
7009.00	3.05919e-16
7010.50	3.1677e-16
7012.00	2.73643e-16
7013.50	3.06452e-16
7015.00	2.66718e-16
7016.50	2.5233e-16
7018.00	2.61623e-16
7019.50	2.61731e-16
7021.00	2.71642e-16
7022.50	2.8453e-16
7024.00	2.6317e-16
7025.50	2.4862e-16
7027.00	2.54109e-16
7028.50	2.51526e-16
7030.00	2.6713e-16
7031.50	2.83704e-16
7033.00	2.92634e-16
7034.50	3.08505e-16
7036.00	2.9636e-16
7037.50	2.71906e-16
7039.00	2.57462e-16
7040.50	2.52509e-16
7042.00	2.49345e-16
7043.50	2.32305e-16
7045.00	2.62893e-16
7046.50	2.79904e-16
7048.00	2.59317e-16
7049.50	2.82664e-16
7051.00	2.94393e-16
7052.50	2.76026e-16
7054.00	2.31955e-16
7055.50	2.43605e-16
7057.00	2.56204e-16
7058.50	2.48126e-16
7060.00	2.51793e-16
7061.50	2.92925e-16
7063.00	3.09445e-16
7064.50	2.63998e-16
7066.00	3.01271e-16
7067.50	2.71658e-16
7069.00	2.85168e-16
7070.50	2.87254e-16
7072.00	2.74823e-16
7073.50	2.56664e-16
7075.00	2.53322e-16
7076.50	2.51604e-16
7078.00	2.94872e-16
7079.50	3.12985e-16
7081.00	2.79108e-16
7082.50	2.7004e-16
7084.00	2.84241e-16
7085.50	2.62775e-16
7087.00	2.50412e-16
7088.50	2.61679e-16
7090.00	2.95602e-16
7091.50	3.01534e-16
7093.00	2.80534e-16
7094.50	2.67326e-16
7096.00	2.70305e-16
7097.50	3.11164e-16
7099.00	2.82338e-16
7100.50	2.48362e-16
7102.00	2.71301e-16
7103.50	3.00405e-16
7105.00	2.8086e-16
7106.50	2.44807e-16
7108.00	2.41891e-16
7109.50	2.31331e-16
7111.00	2.75155e-16
7112.50	2.84054e-16
7114.00	2.89437e-16
7115.50	2.61796e-16
7117.00	2.48828e-16
7118.50	2.72072e-16
7120.00	2.6598e-16
7121.50	2.55078e-16
7123.00	2.96075e-16
7124.50	2.81297e-16
7126.00	2.74618e-16
7127.50	3.06603e-16
7129.00	2.90856e-16
7130.50	2.34206e-16
7132.00	2.91367e-16
7133.50	2.71467e-16
7135.00	2.81837e-16
7136.50	2.48956e-16
7138.00	2.70048e-16
7139.50	3.23529e-16
7141.00	2.65317e-16
7142.50	2.70005e-16
7144.00	2.47093e-16
7145.50	2.26239e-16
7147.00	2.38057e-16
7148.50	2.70815e-16
7150.00	2.38512e-16
7151.50	2.63021e-16
7153.00	2.74471e-16
7154.50	3.01485e-16
7156.00	3.44391e-16
7157.50	2.97608e-16
7159.00	2.37611e-16
7160.50	2.08456e-16
7162.00	2.6838e-16
7163.50	2.80828e-16
7165.00	2.71812e-16
7166.50	2.71286e-16
7168.00	2.65624e-16
7169.50	3.00928e-16
7171.00	2.6774e-16
7172.50	2.71369e-16
7174.00	2.9009e-16
7175.50	2.52705e-16
7177.00	2.559e-16
7178.50	2.48446e-16
7180.00	2.40993e-16
7181.50	2.33539e-16
7184.50	2.249e-16
7186.00	2.17123e-16
7187.50	2.68516e-16
7189.00	2.84682e-16
7190.50	2.16602e-16
7192.00	2.38391e-16
7193.50	2.78919e-16
7195.00	2.66906e-16
7196.50	2.84652e-16
7198.00	2.69786e-16
7199.50	2.27972e-16
7201.00	2.63653e-16
7202.50	2.9705e-16
7204.00	3.22852e-16
7205.50	2.72551e-16
7207.00	2.66132e-16
7208.50	2.53809e-16
7210.00	2.67397e-16
7211.50	2.5821e-16
7213.00	2.40666e-16
7214.50	2.40345e-16
7216.00	3.09171e-16
7217.50	2.90274e-16
7219.00	2.61992e-16
7220.50	2.77473e-16
7222.00	2.43151e-16
7223.50	2.84123e-16
7225.00	2.69327e-16
7226.50	2.6503e-16
7228.00	2.35372e-16
7229.50	2.38455e-16
7231.00	2.6962e-16
7232.50	2.68844e-16
7234.00	2.82837e-16
7235.50	3.36835e-16
7237.00	3.61116e-16
7238.50	3.63594e-16
7240.00	3.71057e-16
7241.50	2.7268e-16
7243.00	2.06084e-16
7244.50	2.55202e-16
7246.00	2.84348e-16
7247.50	3.28988e-16
7249.00	3.17713e-16
7250.50	2.48403e-16
7252.00	2.33606e-16
7253.50	2.82363e-16
7255.00	2.6292e-16
7256.50	2.38338e-16
7258.00	2.363e-16
7259.50	2.43742e-16
7261.00	2.48269e-16
7262.50	2.49278e-16
7264.00	2.79162e-16
7265.50	2.56873e-16
7267.00	2.39482e-16
7268.50	2.58232e-16
7270.00	2.83595e-16
7271.50	3.10019e-16
7273.00	2.69955e-16
7274.50	2.3797e-16
7276.00	2.31502e-16
7277.50	3.08912e-16
7279.00	2.50544e-16
7280.50	2.16572e-16
7282.00	2.63592e-16
7283.50	2.85086e-16
7285.00	2.5611e-16
7286.50	2.16728e-16
7288.00	2.59708e-16
7289.50	2.54689e-16
7291.00	2.23804e-16
7292.50	2.14671e-16
7294.00	1.91269e-16
7295.50	2.58541e-16
7297.00	2.61357e-16
7298.50	2.46144e-16
7300.00	2.8131e-16
7301.50	2.72837e-16
7303.00	2.36448e-16
7304.50	2.76973e-16
7306.00	2.80685e-16
7307.50	2.06598e-16
7309.00	2.10328e-16
7310.50	2.55047e-16
7312.00	2.87554e-16
7313.50	2.85665e-16
7315.00	2.37186e-16
7316.50	2.18716e-16
7318.00	2.59685e-16
7319.50	2.42132e-16
7321.00	2.35491e-16
7322.50	2.30223e-16
7324.00	2.1613e-16
7325.50	2.83749e-16
7327.00	3.23959e-16
7328.50	2.64872e-16
7330.00	2.19209e-16
7331.50	2.3677e-16
7333.00	2.90515e-16
7334.50	2.74791e-16
7336.00	2.72659e-16
7337.50	2.89143e-16
7339.00	2.54775e-16
7340.50	2.59403e-16
7342.00	2.70559e-16
7343.50	2.55529e-16
7345.00	2.52212e-16
7346.50	2.51356e-16
7348.00	2.38981e-16
7349.50	2.82942e-16
7351.00	2.8989e-16
7352.50	2.59296e-16
7354.00	2.74864e-16
7355.50	3.28783e-16
7357.00	2.70949e-16
7358.50	2.06263e-16
7360.00	2.29715e-16
7361.50	2.44826e-16
7363.00	1.9876e-16
7364.50	2.60553e-16
7366.00	2.96191e-16
7367.50	2.92893e-16
7369.00	3.21316e-16
7370.50	2.64962e-16
7372.00	2.64209e-16
7373.50	2.26321e-16
7375.00	2.37562e-16
7376.50	2.16042e-16
7378.00	2.34838e-16
7379.50	2.24295e-16
7381.00	2.27332e-16
7382.50	2.26962e-16
7384.00	2.52697e-16
7385.50	2.73431e-16
7387.00	2.44168e-16
7388.50	2.29057e-16
7390.00	2.81154e-16
7391.50	3.00304e-16
7393.00	2.92129e-16
7394.50	3.0604e-16
7396.00	3.15053e-16
7397.50	2.53437e-16
7399.00	2.3157e-16
7400.50	2.34194e-16
7402.00	2.28772e-16
7403.50	2.57372e-16
7405.00	2.48726e-16
7406.50	2.60416e-16
7408.00	2.4678e-16
7409.50	2.38112e-16
7411.00	2.62015e-16
7412.50	2.84659e-16
7414.00	2.81336e-16
7415.50	2.55575e-16
7417.00	2.52463e-16
7418.50	2.87622e-16
7420.00	2.85538e-16
7421.50	2.12415e-16
7423.00	2.41847e-16
7424.50	2.58952e-16
7426.00	2.5983e-16
7427.50	2.36746e-16
7429.00	2.22171e-16
7430.50	2.10082e-16
7432.00	2.4267e-16
7433.50	2.91441e-16
7435.00	2.63999e-16
7436.50	2.6067e-16
7438.00	2.22663e-16
7439.50	1.72435e-16
7441.00	1.31948e-16
7442.50	2.09933e-16
7444.00	2.42734e-16
7445.50	2.57347e-16
7447.00	2.30161e-16
7448.50	2.5578e-16
7450.00	2.8282e-16
7451.50	2.43021e-16
7453.00	2.48151e-16
7454.50	2.78651e-16
7456.00	2.64196e-16
7457.50	2.36301e-16
7459.00	2.41388e-16
7460.50	2.54396e-16
7462.00	2.52262e-16
7463.50	2.7405e-16
7465.00	2.69797e-16
7466.50	2.38172e-16
7468.00	2.21726e-16
7469.50	2.1523e-16
7471.00	2.63721e-16
7472.50	2.80549e-16
7474.00	2.45378e-16
7475.50	2.81728e-16
7477.00	2.90627e-16
7478.50	2.66887e-16
7480.00	2.74799e-16
7481.50	2.45412e-16
7483.00	2.27458e-16
7484.50	2.41679e-16
7486.00	2.69073e-16
7487.50	2.14868e-16
7489.00	1.9963e-16
7490.50	2.33838e-16
7492.00	2.17175e-16
7493.50	2.46002e-16
7495.00	3.06994e-16
7496.50	2.38492e-16
7498.00	2.5513e-16
7499.50	2.17856e-16
7501.00	2.0775e-16
7502.50	2.62223e-16
7504.00	2.14464e-16
7505.50	2.12171e-16
7507.00	2.48414e-16
7508.50	2.14897e-16
7510.00	2.73075e-16
7511.50	2.92264e-16
7513.00	2.50884e-16
7514.50	2.09505e-16
7516.00	1.68125e-16
7519.00	1.94061e-16
7520.50	2.18185e-16
7522.00	2.14138e-16
7523.50	2.52213e-16
7525.00	2.5833e-16
7526.50	2.45604e-16
7528.00	2.67164e-16
7529.50	2.55736e-16
7531.00	1.86559e-16
7532.50	1.80403e-16
7534.00	2.20677e-16
7535.50	2.68958e-16
7537.00	2.39364e-16
7538.50	2.05399e-16
7540.00	2.08529e-16
