5996.89746094001  1.868047E-15
6001.10586500418  1.798356E-15
6005.31426906837  1.744183E-15
6009.52267313254  1.754877E-15
6013.73107719672  1.771921E-15
6017.93948126091  1.782541E-15
6022.14788532509  1.774816E-15
6026.35628938927  1.794068E-15
6030.56469345344  1.757107E-15
6034.77309751763  1.751215E-15
6038.9815015818  1.736021E-15
6043.18990564598  1.747635E-15
6047.39830971016  1.757954E-15
6051.60671377435  1.752996E-15
6055.81511783852  1.777623E-15
6060.02352190271  1.752262E-15
6064.23192596689  1.726974E-15
6068.44033003106  1.738482E-15
6072.64873409524  1.760202E-15
6076.85713815942  1.752408E-15
6081.06554222361  1.777072E-15
6085.27394628778  1.757202E-15
6089.48235035196  1.793270E-15
6093.69075441615  1.813490E-15
6097.89915848033  1.820626E-15
6102.1075625445  1.831010E-15
6106.31596660869  1.843493E-15
6110.52437067287  1.836346E-15
6114.73277473704  1.828670E-15
6118.94117880123  1.834084E-15
6123.14958286541  1.844948E-15
6127.35798692959  1.819820E-15
6131.56639099376  1.810856E-15
6135.77479505794  1.768197E-15
6139.98319912212  1.774152E-15
6144.1916031863  1.741738E-15
6148.40000725049  1.672885E-15
6152.60841131467  1.622452E-15
6156.81681537885  1.573100E-15
6161.02521944302  1.486599E-15
6165.2336235072  1.413602E-15
6169.44202757139  1.377993E-15
6173.65043163557  1.332755E-15
6177.85883569974  1.279613E-15
6182.06723976393  1.211152E-15
6186.27564382811  1.158802E-15
6190.48404789229  1.115695E-15
6194.69245195646  1.052190E-15
6198.90085602064  1.009979E-15
6203.10926008483  9.731015E-16
6207.317664149  9.532669E-16
6211.52606821318  9.564619E-16
6215.73447227737  9.447725E-16
6219.94287634155  9.307929E-16
6224.15128040572  9.032695E-16
6228.35968446991  9.227627E-16
6232.56808853409  9.292366E-16
6236.77649259827  9.476527E-16
6240.98489666245  9.374280E-16
6245.19330072662  9.614379E-16
6249.40170479081  9.999325E-16
6253.61010885498  1.004617E-15
6257.81851291916  1.036300E-15
6262.02691698335  1.028047E-15
6266.23532104752  1.041667E-15
6270.44372511171  1.031455E-15
6274.65212917589  1.039993E-15
6278.86053324007  1.074637E-15
6283.06893730425  1.098100E-15
6287.27734136842  1.182731E-15
6291.4857454326  1.241969E-15
6295.69414949679  1.289332E-15
6299.90255356096  1.323989E-15
6304.11095762515  1.345485E-15
6308.31936168933  1.372669E-15
6312.52776575351  1.397885E-15
6316.73616981768  1.440886E-15
6320.94457388187  1.486934E-15
6325.15297794605  1.500347E-15
6329.36138201023  1.603216E-15
6333.5697860744  1.652497E-15
6337.77819013859  1.678202E-15
6341.98659420277  1.737880E-15
6346.19499826694  1.778557E-15
6350.40340233113  1.803002E-15
6354.61180639531  1.815939E-15
6358.82021045949  1.868727E-15
6363.02861452367  1.899148E-15
6367.23701858785  1.875461E-15
6371.44542265203  1.913588E-15
6375.6538267162  1.930832E-15
6379.86223078039  1.947580E-15
6384.07063484456  2.013063E-15
6388.27903890874  2.042612E-15
6392.48744297293  2.091934E-15
6396.69584703711  2.133086E-15
6400.90425110129  2.159059E-15
6405.11265516547  2.182461E-15
6409.32105922964  2.206208E-15
6413.52946329383  2.243198E-15
6417.73786735801  2.252437E-15
6421.94627142218  2.255572E-15
6426.15467548636  2.249181E-15
6430.36307955055  2.247772E-15
6434.57148361473  2.241828E-15
6438.77988767891  2.255387E-15
6442.98829174308  2.252961E-15
6447.19669580727  2.217954E-15
6451.40509987145  2.239708E-15
6455.61350393563  2.213579E-15
6459.82190799981  2.216721E-15
6464.03031206399  2.227004E-15
6468.23871612816  2.244260E-15
6472.44712019235  2.257049E-15
6476.65552425653  2.260845E-15
6480.8639283207  2.249485E-15
6485.07233238489  2.230017E-15
6489.28073644907  2.236897E-15
6493.48914051325  2.246788E-15
6497.69754457742  2.296898E-15
6501.90594864161  2.266726E-15
6506.11435270579  2.293065E-15
6510.32275676996  2.282898E-15
6514.53116083415  2.311886E-15
6518.73956489833  2.307162E-15
6522.94796896251  2.300512E-15
6527.15637302669  2.302482E-15
6531.36477709086  2.328639E-15
6535.57318115504  2.370952E-15
6539.78158521923  2.399695E-15
6543.98998928341  2.415526E-15
6548.19839334759  2.435317E-15
6552.40679741177  2.494502E-15
6556.61520147595  2.495966E-15
6560.82360554013  2.497225E-15
6565.03200960431  2.536577E-15
6569.24041366849  2.515031E-15
6573.44881773267  2.586439E-15
6577.65722179685  2.736312E-15
6581.86562586103  2.738080E-15
6586.07402992521  2.746445E-15
6590.28243398938  2.714145E-15
6594.49083805357  2.602885E-15
6598.69924211775  2.663486E-15
6602.90764618192  2.647907E-15
6607.11605024611  2.642429E-15
6611.32445431029  2.596460E-15
6615.53285837447  2.614003E-15
6619.74126243864  2.632230E-15
6623.94966650283  2.647762E-15
6628.15807056701  2.658186E-15
6632.36647463119  2.639207E-15
6636.57487869537  2.645824E-15
6640.78328275955  2.667546E-15
6644.99168682373  2.645209E-15
6649.20009088791  2.634326E-15
6653.40849495208  2.578076E-15
6657.61689901627  2.572567E-15
6661.82530308045  2.543821E-15
6666.03370714463  2.530056E-15
6670.24211120881  2.544857E-15
6674.45051527299  2.528118E-15
6678.65891933717  2.484397E-15
6682.86732340135  2.449977E-15
6687.07572746552  2.423413E-15
6691.28413152971  2.382625E-15
6695.49253559389  2.345702E-15
6699.70093965807  2.357885E-15
6703.90934372225  2.295833E-15
6708.11774778643  2.283140E-15
6712.3261518506  2.249642E-15
6716.53455591479  2.229554E-15
6720.74295997897  2.219295E-15
6724.95136404315  2.164452E-15
6729.15976810733  2.126215E-15
6733.36817217151  2.131337E-15
6737.57657623569  2.104058E-15
6741.78498029986  2.037902E-15
6745.99338436405  2.035745E-15
6750.20178842823  1.989524E-15
6754.41019249241  1.975151E-15
6758.61859655659  1.952959E-15
6762.82700062077  1.932183E-15
6767.03540468495  1.923222E-15
6771.24380874913  1.912516E-15
6775.4522128133  1.894212E-15
6779.66061687748  1.882661E-15
6783.86902094167  1.871910E-15
6788.07742500585  1.851314E-15
6792.28582907003  1.859152E-15
6796.49423313421  1.842869E-15
6800.70263719839  1.856265E-15
6804.91104126257  1.839764E-15
6809.11944532675  1.847229E-15
6813.32784939093  1.834390E-15
6817.53625345511  1.812229E-15
6821.74465751929  1.816698E-15
6825.95306158347  1.816174E-15
6830.16146564765  1.799386E-15
6834.36986971182  1.791923E-15
6838.57827377601  1.778873E-15
6842.78667784019  1.777458E-15
6846.99508190437  1.797402E-15
6851.20348596855  1.832074E-15
6855.41189003273  1.867254E-15
6859.6202940969  1.810683E-15
6863.82869816108  1.730644E-15
6868.03710222527  1.697523E-15
6872.24550628945  1.771917E-15
6876.45391035363  1.929422E-15
6880.66231441781  1.940368E-15
6884.87071848199  1.952313E-15
6889.07912254617  1.936225E-15
6893.28752661035  1.909216E-15
6897.49593067453  1.979378E-15
6901.70433473871  2.026303E-15
6905.91273880289  2.024792E-15
6910.12114286707  2.070777E-15
6914.32954693125  2.092012E-15
6918.53795099543  2.077758E-15
6922.74635505961  2.114224E-15
6926.95475912379  2.141610E-15
6931.16316318797  2.161470E-15
6935.37156725215  2.171428E-15
6939.57997131633  2.179884E-15
6943.78837538051  2.198625E-15
6947.99677944469  2.215104E-15
6952.20518350887  2.240974E-15
6956.41358757304  2.247457E-15
6960.62199163723  2.272623E-15
6964.83039570141  2.295673E-15
6969.03879976559  2.292740E-15
6973.24720382977  2.294713E-15
6977.45560789395  2.335198E-15
6981.66401195813  2.380923E-15
6985.87241602231  2.421567E-15
6990.08082008649  2.414014E-15
6994.28922415067  2.455485E-15
6998.49762821485  2.464118E-15
7002.70603227903  2.486801E-15
7006.91443634321  2.495424E-15
7011.12284040739  2.478487E-15
7015.33124447157  2.481632E-15
7019.53964853575  2.433250E-15
7023.74805259993  2.446129E-15
7027.95645666411  2.401261E-15
7032.16486072829  2.374901E-15
7036.37326479246  2.348444E-15
7040.58166885665  2.331876E-15
7044.79007292083  2.303256E-15
7048.99847698501  2.298085E-15
7053.20688104919  2.286907E-15
7057.41528511337  2.224823E-15
7061.62368917755  2.216946E-15
7065.83209324173  2.217586E-15
7070.04049730591  2.182661E-15
7074.24890137009  2.184154E-15
7078.45730543427  2.139256E-15
7082.66570949845  2.115322E-15
7086.87411356263  2.125899E-15
7091.0825176268  2.142898E-15
7095.29092169099  2.136989E-15
7099.49932575517  2.164191E-15
7103.70772981935  2.141658E-15
7107.91613388353  2.135189E-15
7112.12453794771  2.119102E-15
7116.33294201189  2.120570E-15
7120.54134607607  2.137441E-15
7124.74975014025  2.156786E-15
7128.95815420443  2.151786E-15
7133.16655826861  2.149073E-15
7137.37496233279  2.147562E-15
7141.58336639697  2.140788E-15
7145.79177046115  2.149932E-15
7150.00017452533  2.136367E-15
7154.20857858951  2.146027E-15
7158.41698265369  2.172278E-15
7162.62538671787  2.153505E-15
7166.83379078205  2.136614E-15
7171.04219484623  2.122568E-15
7175.25059891041  2.139878E-15
7179.45900297459  2.170991E-15
7183.66740703877  2.186448E-15
7187.87581110295  2.185394E-15
7192.08421516713  2.231566E-15
7196.29261923131  2.223963E-15
7200.50102329549  2.233261E-15
7204.70942735967  2.291767E-15
7208.91783142385  2.324215E-15
7213.12623548802  2.324440E-15
7217.33463955221  2.310863E-15
7221.54304361639  2.286551E-15
7225.75144768057  2.243652E-15
7229.95985174475  2.222860E-15
7234.16825580893  2.250824E-15
7238.37665987311  2.265588E-15
7242.58506393729  2.270547E-15
7246.79346800147  2.249542E-15
7251.00187206565  2.227162E-15
7255.21027612983  2.225360E-15
7259.41868019401  2.226933E-15
7263.62708425819  2.200988E-15
7267.83548832237  2.215164E-15
7272.04389238655  2.216879E-15
7276.25229645073  2.227617E-15
7280.46070051491  2.234483E-15
7284.66910457909  2.258278E-15
7288.87750864327  2.274017E-15
7293.08591270745  2.271574E-15
7297.29431677163  2.306559E-15
7301.50272083581  2.309082E-15
7305.71112489999  2.328466E-15
7309.91952896417  2.307784E-15
7314.12793302835  2.285842E-15
7318.33633709253  2.254612E-15
7322.5447411567  2.234429E-15
7326.75314522089  2.178069E-15
7330.96154928507  2.148194E-15
7335.16995334925  2.113813E-15
7339.37835741343  2.106835E-15
7343.58676147761  2.077734E-15
7347.79516554179  2.031620E-15
7352.00356960597  1.987538E-15
7356.21197367015  1.978134E-15
7360.42037773433  1.931712E-15
7364.62878179851  1.909698E-15
7368.83718586269  1.873674E-15
7373.04558992687  1.886826E-15
7377.25399399105  1.878078E-15
7381.46239805523  1.875531E-15
7385.67080211941  1.852942E-15
7389.87920618359  1.838392E-15
7394.08761024777  1.833741E-15
7398.29601431195  1.819378E-15
7402.50441837613  1.815285E-15
7406.71282244031  1.798857E-15
7410.92122650449  1.773139E-15
7415.12963056867  1.771438E-15
7419.33803463285  1.772565E-15
7423.54643869703  1.774534E-15
7427.75484276121  1.787007E-15
7431.96324682539  1.761307E-15
7436.17165088957  1.763884E-15
7440.38005495375  1.745289E-15
7444.58845901792  1.764603E-15
7448.79686308211  1.811965E-15
7453.00526714629  1.804229E-15
7457.21367121047  1.796889E-15
7461.42207527465  1.808776E-15
7465.63047933883  1.802974E-15
7469.83888340301  1.791461E-15
7474.04728746719  1.822616E-15
7478.25569153137  1.799061E-15
7482.46409559555  1.807475E-15
7486.67249965973  1.788402E-15
7490.88090372391  1.771414E-15
7495.08930778809  1.748554E-15
7499.29771185227  1.797157E-15
7503.50611591645  1.808351E-15
7507.71451998063  1.821376E-15
7511.92292404481  1.825210E-15
7516.13132810899  1.809335E-15
7520.33973217317  1.822925E-15
7524.54813623735  1.825092E-15
7528.75654030153  1.811950E-15
7532.96494436571  1.836329E-15
7537.17334842989  1.882634E-15
7541.38175249407  1.857899E-15
7545.59015655825  1.867829E-15
7549.79856062243  1.892468E-15
7554.00696468661  1.908484E-15
7558.21536875079  1.866127E-15
7562.42377281497  1.890998E-15
7566.63217687914  1.888201E-15
7570.84058094333  1.922823E-15
7575.04898500751  1.955534E-15
7579.25738907169  1.948469E-15
7583.46579313587  1.961673E-15
7587.67419720005  1.880255E-15
7591.88260126423  1.701988E-15
7596.09100532841  1.459406E-15
7600.29940939259  1.414556E-15
7604.50781345677  1.665188E-15
7608.71621752095  2.165794E-15
7612.92462158513  2.359519E-15
7617.13302564931  2.207018E-15
7621.34142971349  2.036781E-15
7625.54983377767  1.851304E-15
7629.75823784185  1.819096E-15
7633.96664190603  1.891846E-15
7638.17504597021  1.960920E-15
7642.38345003439  2.016064E-15
7646.59185409857  2.039790E-15
7650.80025816275  2.002295E-15
7655.00866222693  2.000354E-15
7659.21706629111  1.997920E-15
7663.42547035529  1.981503E-15
7667.63387441947  2.017745E-15
7671.84227848365  2.053429E-15
7676.05068254783  2.065696E-15
7680.25908661201  2.049165E-15
7684.46749067619  2.058840E-15
7688.67589474037  2.057507E-15
7692.88429880455  2.080947E-15
7697.09270286873  2.058879E-15
7701.30110693291  2.118894E-15
7705.50951099709  2.091710E-15
7709.71791506127  2.144711E-15
7713.92631912545  2.191230E-15
7718.13472318963  2.229234E-15
7722.34312725381  2.222083E-15
7726.55153131799  2.263603E-15
7730.75993538217  2.235007E-15
7734.96833944635  2.246199E-15
7739.17674351053  2.226633E-15
7743.38514757471  2.220378E-15
7747.59355163889  2.292194E-15
7751.80195570307  2.281250E-15
7756.01035976725  2.306847E-15
7760.21876383143  2.288577E-15
7764.42716789561  2.318174E-15
7768.63557195979  2.304663E-15
7772.84397602397  2.256088E-15
7777.05238008815  2.262854E-15
7781.26078415233  2.256025E-15
7785.46918821651  2.267240E-15
7789.67759228069  2.231557E-15
7793.88599634487  2.229612E-15
7798.09440040905  2.227904E-15
7802.30280447323  2.196416E-15
7806.51120853741  2.227651E-15
7810.71961260159  2.169042E-15
7814.92801666577  2.193940E-15
7819.13642072995  2.156333E-15
7823.34482479413  2.150266E-15
7827.55322885831  2.166597E-15
7831.76163292249  2.166158E-15
7835.97003698667  2.097769E-15
7840.17844105085  2.101772E-15
7844.38684511503  2.118548E-15
7848.59524917921  2.104231E-15
7852.80365324339  2.103108E-15
7857.01205730757  2.114129E-15
7861.22046137175  2.085396E-15
7865.42886543593  2.052510E-15
7869.63726950011  2.024983E-15
7873.84567356429  2.010158E-15
7878.05407762847  1.998506E-15
7882.26248169265  2.005369E-15
7886.47088575683  2.012415E-15
7890.67928982101  1.992613E-15
7894.88769388519  1.955971E-15
7899.09609794937  1.948980E-15
7903.30450201355  1.915080E-15
7907.51290607773  1.903196E-15
7911.72131014191  1.905654E-15
7915.92971420609  1.888501E-15
7920.13811827027  1.863287E-15
7924.34652233445  1.863731E-15
7928.55492639863  1.859927E-15
7932.76333046281  1.846279E-15
7936.97173452699  1.844033E-15
7941.18013859117  1.847937E-15
7945.38854265535  1.836512E-15
7949.59694671953  1.829385E-15
7953.80535078371  1.820329E-15
7958.01375484789  1.781967E-15
7962.22215891207  1.779324E-15
7966.43056297625  1.792222E-15
7970.63896704043  1.775679E-15
7974.84737110461  1.754159E-15
7979.05577516879  1.727735E-15
7983.26417923297  1.713211E-15
7987.47258329715  1.689985E-15
7991.68098736133  1.677856E-15
7995.88939142551  1.700445E-15
8000.09779548969  1.685157E-15
8004.30619955387  1.664796E-15
8008.51460361805  1.659223E-15
8012.72300768223  1.647675E-15
8016.93141174641  1.631628E-15
8021.13981581059  1.598752E-15
8025.34821987477  1.604545E-15
8029.55662393895  1.607493E-15
8033.76502800313  1.590563E-15
8037.97343206731  1.592548E-15
8042.18183613149  1.611320E-15
8046.39024019567  1.583090E-15
8050.59864425985  1.584464E-15
8054.80704832403  1.590884E-15
8059.01545238821  1.551893E-15
8063.22385645239  1.562002E-15
8067.43226051657  1.537781E-15
8071.64066458075  1.531974E-15
8075.84906864493  1.541586E-15
8080.05747270911  1.537565E-15
8084.26587677329  1.523428E-15
8088.47428083747  1.518422E-15
8092.68268490165  1.549502E-15
8096.89108896583  1.534510E-15
8101.09949303001  1.524720E-15
8105.30789709419  1.493712E-15
8109.51630115837  1.483795E-15
8113.72470522255  1.452480E-15
8117.93310928673  1.382705E-15
8122.14151335091  1.334268E-15
8126.34991741509  1.253852E-15
8130.55832147927  1.229072E-15
8134.76672554345  1.189221E-15
8138.97512960763  1.179060E-15
8143.18353367181  1.149135E-15
8147.39193773599  1.131059E-15
8151.60034180017  1.107920E-15
8155.80874586435  1.112756E-15
8160.01714992853  1.068358E-15
8164.22555399271  1.053741E-15
8168.43395805689  1.068707E-15
8172.64236212107  1.059773E-15
8176.85076618525  1.061324E-15
8181.05917024943  1.028659E-15
8185.26757431361  1.049330E-15
8189.47597837779  1.040423E-15
8193.68438244197  1.069363E-15
8197.89278650615  1.063242E-15
8202.10119057033  1.051332E-15
8206.30959463451  1.093806E-15
8210.51799869869  1.095606E-15
8214.72640276287  1.072542E-15
8218.93480682705  1.084170E-15
8223.14321089123  1.087291E-15
8227.35161495541  1.103548E-15
8231.56001901959  1.140950E-15
8235.76842308377  1.165271E-15
8239.97682714795  1.174118E-15
8244.18523121213  1.164199E-15
8248.39363527631  1.153555E-15
8252.60203934049  1.160672E-15
8256.81044340467  1.162173E-15
8261.01884746885  1.167024E-15
8265.22725153303  1.175662E-15
8269.43565559721  1.175119E-15
8273.64405966139  1.168284E-15
8277.85246372557  1.130939E-15
8282.06086778975  1.101225E-15
8286.26927185393  1.083248E-15
8290.47767591811  1.051007E-15
8294.68607998229  1.035489E-15
8298.89448404647  1.025904E-15
8303.10288811065  1.026545E-15
8307.31129217483  1.019196E-15
8311.51969623901  9.982793E-16
8315.72810030319  9.877764E-16
8319.93650436737  9.802346E-16
8324.14490843155  9.924181E-16
8328.35331249573  1.024788E-15
8332.56171655991  9.945433E-16
8336.77012062409  1.014397E-15
8340.97852468827  1.063315E-15
8345.18692875245  1.026515E-15
8349.39533281663  1.070629E-15
8353.60373688081  1.062854E-15
8357.81214094499  1.112611E-15
8362.02054500917  1.106612E-15
8366.22894907335  1.106981E-15
8370.43735313753  1.147994E-15
8374.64575720171  1.186067E-15
8378.85416126589  1.190077E-15
8383.06256533007  1.237965E-15
8387.27096939425  1.297831E-15
8391.47937345843  1.321097E-15
8395.68777752261  1.379613E-15
8399.89618158679  1.397319E-15
8404.10458565097  1.446558E-15
8408.31298971515  1.473642E-15
8412.52139377933  1.511385E-15
8416.72979784351  1.540495E-15
8420.93820190769  1.584890E-15
8425.14660597186  1.623902E-15
8429.35501003605  1.672015E-15
8433.56341410023  1.702979E-15
8437.77181816441  1.744402E-15
8441.98022222859  1.815548E-15
8446.18862629277  1.883589E-15
8450.39703035695  1.926975E-15
8454.60543442113  1.954022E-15
8458.81383848531  2.002087E-15
8463.02224254949  2.054337E-15
8467.23064661367  2.103276E-15
8471.43905067785  2.174650E-15
8475.64745474203  2.234620E-15
8479.85585880621  2.267669E-15
8484.06426287039  2.322643E-15
8488.27266693457  2.405101E-15
8492.48107099875  2.465527E-15
8496.68947506293  2.553506E-15
8500.89787912711  2.625042E-15
8505.10628319129  2.695021E-15
8509.31468725547  2.778804E-15
8513.52309131965  2.857136E-15
8517.73149538383  2.873165E-15
8521.93989944801  2.906648E-15
8526.14830351219  3.027242E-15
8530.35670757637  3.059033E-15
8534.56511164055  3.060160E-15
8538.77351570473  3.119603E-15
8542.98191976891  3.154683E-15
8547.19032383309  3.138089E-15
8551.39872789727  3.147550E-15
8555.60713196145  3.192750E-15
8559.81553602563  3.180508E-15
8564.02394008981  3.199173E-15
8568.23234415399  3.193320E-15
8572.44074821817  3.178315E-15
8576.64915228235  3.209191E-15
8580.85755634653  3.226682E-15
8585.06596041071  3.219687E-15
8589.27436447489  3.291215E-15
8593.48276853907  3.285359E-15
8597.69117260325  3.268201E-15
8601.89957666743  3.277406E-15
8606.10798073161  3.301381E-15
8610.31638479579  3.294005E-15
8614.52478885997  3.292494E-15
8618.73319292415  3.305412E-15
8622.94159698833  3.295684E-15
8627.15000105251  3.351038E-15
8631.35840511669  3.410785E-15
8635.56680918087  3.424915E-15
8639.77521324505  3.429499E-15
8643.98361730923  3.433160E-15
8648.19202137341  3.459750E-15
8652.40042543759  3.471141E-15
8656.60882950177  3.485193E-15
8660.81723356595  3.508541E-15
8665.02563763013  3.519238E-15
8669.23404169431  3.518214E-15
8673.44244575849  3.512675E-15
8677.65084982267  3.492322E-15
8681.85925388685  3.485496E-15
8686.06765795103  3.419062E-15
8690.27606201521  3.384188E-15
8694.48446607939  3.340360E-15
8698.69287014357  3.247323E-15
8702.90127420775  3.274872E-15
8707.10967827193  3.223170E-15
8711.31808233611  3.195500E-15
8715.52648640029  3.110828E-15
8719.73489046447  3.142297E-15
8723.94329452865  3.041634E-15
8728.15169859283  2.975641E-15
8732.36010265701  2.975145E-15
8736.56850672119  2.951352E-15
8740.77691078537  2.936674E-15
8744.98531484955  2.913438E-15
8749.19371891373  2.844353E-15
8753.40212297791  2.856310E-15
8757.61052704209  2.842733E-15
8761.81893110627  2.809837E-15
8766.02733517045  2.794025E-15
8770.23573923463  2.788408E-15
8774.44414329881  2.758135E-15
8778.65254736299  2.731753E-15
8782.86095142717  2.724155E-15
8787.06935549135  2.705190E-15
8791.27775955553  2.703701E-15
8795.48616361971  2.679101E-15
8799.69456768389  2.656026E-15
8803.90297174807  2.652219E-15
8808.11137581225  2.589001E-15
8812.31977987643  2.551638E-15
8816.52818394061  2.502047E-15
8820.73658800479  2.448823E-15
8824.94499206897  2.463387E-15
8829.15339613315  2.446477E-15
8833.36180019733  2.382408E-15
8837.57020426151  2.338190E-15
8841.77860832569  2.331527E-15
8845.98701238987  2.327429E-15
8850.19541645405  2.283219E-15
8854.40382051823  2.247799E-15
8858.61222458241  2.193768E-15
8862.82062864659  2.204744E-15
8867.02903271077  2.143764E-15
8871.23743677495  2.104572E-15
8875.44584083913  2.125267E-15
8879.65424490331  2.093264E-15
8883.86264896749  2.040833E-15
8888.07105303167  2.007455E-15
8892.27945709585  1.981080E-15
8896.48786116003  1.961139E-15
8900.69626522421  1.975252E-15
8904.90466928839  1.937753E-15
8909.11307335257  1.893353E-15
8913.32147741675  1.886817E-15
8917.52988148093  1.861377E-15
8921.73828554511  1.809010E-15
8925.94668960929  1.781144E-15
8930.15509367347  1.812408E-15
8934.36349773765  1.818507E-15
8938.57190180183  1.836914E-15
8942.78030586601  1.794733E-15
8946.98870993019  1.739736E-15
8951.19711399437  1.789439E-15
8955.40551805855  1.801406E-15
8959.61392212273  1.813094E-15
8963.82232618691  1.797410E-15
8968.03073025109  1.770262E-15
8972.23913431527  1.799167E-15
8976.44753837945  1.798235E-15
8980.65594244363  1.771322E-15
8984.86434650781  1.761965E-15
8989.07275057199  1.825144E-15
8993.28115463617  1.870643E-15
8997.48955870035  1.845111E-15
9001.69796276453  1.818437E-15
9005.90636682871  1.882005E-15
9010.11477089289  1.874949E-15
9014.32317495707  1.840981E-15
9018.53157902125  1.835710E-15
9022.73998308543  1.808843E-15
9026.94838714961  1.866452E-15
9031.15679121379  1.904843E-15
9035.36519527797  1.914440E-15
9039.57359934215  1.937247E-15
9043.78200340633  1.906987E-15
9047.99040747051  1.937216E-15
9052.19881153469  1.933487E-15
9056.40721559887  1.931477E-15
9060.61561966305  1.920120E-15
9064.82402372723  1.873507E-15
9069.03242779141  1.847449E-15
9073.24083185559  1.881131E-15
9077.44923591977  1.903045E-15
9081.65763998395  1.900084E-15
9085.86604404813  1.935700E-15
9090.07444811231  1.967025E-15
9094.28285217649  1.979764E-15
9098.49125624067  2.016924E-15
9102.69966030485  1.998616E-15
9106.90806436903  1.965159E-15
9111.11646843321  1.962424E-15
9115.32487249739  1.966607E-15
9119.53327656157  1.951149E-15
9123.74168062575  1.940951E-15
9127.95008468993  1.914005E-15
9132.15848875411  1.965348E-15
9136.36689281829  1.990742E-15
9140.57529688247  2.023196E-15
9144.78370094665  2.020549E-15
9148.99210501083  1.940976E-15
9153.20050907501  1.954118E-15
9157.40891313919  2.002487E-15
9161.61731720337  2.042124E-15
9165.82572126755  2.005483E-15
9170.03412533173  1.967962E-15
9174.24252939591  1.965603E-15
9178.45093346009  1.996224E-15
9182.65933752427  2.006929E-15
9186.86774158845  1.999340E-15
9191.07614565263  2.003695E-15
9195.28454971681  2.028505E-15
9199.49295378099  2.039450E-15
9203.70135784517  2.026030E-15
9207.90976190935  1.974776E-15
9212.11816597353  1.998169E-15
9216.32657003771  2.020238E-15
9220.53497410189  2.009119E-15
9224.74337816607  2.031813E-15
9228.95178223025  2.007671E-15
9233.16018629443  2.039175E-15
9237.36859035861  2.045382E-15
9241.57699442279  2.080270E-15
9245.78539848697  2.107121E-15
9249.99380255115  2.060141E-15
9254.20220661533  2.115198E-15
9258.41061067951  2.085955E-15
9262.61901474369  2.095572E-15
9266.82741880787  2.077216E-15
9271.03582287205  2.027008E-15
9275.24422693623  2.021563E-15
9279.45263100041  2.013872E-15
9283.66103506459  2.040527E-15
9287.86943912877  1.985362E-15
9292.07784319295  1.948816E-15
9296.28624725713  1.956189E-15
9300.49465132131  1.941069E-15
9304.70305538549  1.929417E-15
9308.91145944967  1.842792E-15
9313.11986351385  1.876304E-15
9317.32826757803  1.782595E-15
9321.53667164221  1.822584E-15
9325.74507570639  1.911670E-15
9329.95347977057  1.905857E-15
9334.16188383475  1.789474E-15
9338.37028789893  1.731846E-15
9342.57869196311  1.940216E-15
9346.78709602729  2.016743E-15
9350.99550009147  1.925479E-15
9355.20390415565  1.987239E-15
9359.41230821983  2.054978E-15
9363.62071228401  1.979800E-15
9367.82911634819  1.970781E-15
9372.03752041237  1.925829E-15
9376.24592447655  1.951552E-15
9380.45432854073  2.015570E-15
9384.66273260491  2.059504E-15
9388.87113666909  2.064580E-15
9393.07954073327  2.083748E-15
9397.28794479745  1.989157E-15
9401.49634886163  1.974896E-15
9405.70475292581  1.932199E-15
9409.91315698999  1.936251E-15
9414.12156105417  1.960909E-15
9418.32996511835  1.881347E-15
9422.53836918253  1.797368E-15
9426.74677324671  1.817312E-15
9430.95517731089  1.866383E-15
9435.16358137507  1.737403E-15
9439.37198543925  1.734488E-15
9443.58038950343  1.829050E-15
9447.78879356761  1.909794E-15
9451.99719763179  1.799315E-15
9456.20560169597  1.740733E-15
9460.41400576015  1.814697E-15
9464.62240982433  1.814874E-15
9468.83081388851  1.770388E-15
9473.03921795269  1.665493E-15
9477.24762201687  1.639691E-15
9481.45602608105  1.726385E-15
9485.66443014523  1.681608E-15
9489.87283420941  1.623228E-15
9494.08123827359  1.535322E-15
9498.28964233777  1.554847E-15
9502.49804640195  1.677940E-15
9506.70645046613  1.746611E-15
9510.91485453031  1.596599E-15
9515.12325859449  1.543514E-15
9519.33166265867  1.496409E-15
9523.54006672285  1.601365E-15
9527.74847078703  1.627318E-15
9531.95687485121  1.625193E-15
9536.16527891539  1.582870E-15
9540.37368297957  1.592334E-15
9544.58208704375  1.535668E-15
9548.79049110793  1.552074E-15
9552.99889517211  1.606902E-15
9557.20729923629  1.546993E-15
9561.41570330047  1.602582E-15
9565.62410736465  1.617181E-15
9569.83251142883  1.616472E-15
9574.04091549301  1.577913E-15
9578.24931955719  1.535675E-15
9582.45772362137  1.480549E-15
9586.66612768555  1.437388E-15
9590.87453174973  1.459543E-15
9595.08293581391  1.524830E-15
9599.29133987809  1.554258E-15
9603.49974394227  1.527378E-15
9607.70814800645  1.543150E-15
9611.91655207063  1.520658E-15
9616.12495613481  1.466009E-15
9620.33336019899  1.514480E-15
9624.54176426317  1.575663E-15
9628.75016832735  1.546078E-15
9632.95857239153  1.500761E-15
9637.16697645571  1.443849E-15
9641.37538051989  1.487998E-15
9645.58378458407  1.492027E-15
9649.79218864825  1.481058E-15
9654.00059271243  1.484377E-15
9658.20899677661  1.472704E-15
9662.41740084079  1.462574E-15
9666.62580490497  1.531810E-15
9670.83420896915  1.469098E-15
9675.04261303333  1.536377E-15
9679.25101709751  1.544260E-15
9683.45942116169  1.489126E-15
9687.66782522587  1.486670E-15
9691.87622929005  1.479905E-15
9696.08463335423  1.513135E-15
9700.29303741841  1.527622E-15
9704.50144148259  1.533013E-15
9708.70984554677  1.526888E-15
9712.91824961095  1.519320E-15
9717.12665367513  1.486848E-15
9721.33505773931  1.488329E-15
9725.54346180349  1.498115E-15
9729.75186586767  1.457278E-15
9733.96026993185  1.507083E-15
9738.16867399603  1.515535E-15
9742.37707806021  1.520970E-15
9746.58548212439  1.485610E-15
9750.79388618857  1.553752E-15
9755.00229025275  1.583570E-15
9759.21069431693  1.592419E-15
9763.41909838111  1.600471E-15
9767.62750244529  1.579855E-15
9771.83590650947  1.594747E-15
9776.04431057365  1.597867E-15
9780.25271463783  1.608741E-15
9784.46111870201  1.621617E-15
9788.66952276619  1.559251E-15
9792.87792683037  1.538610E-15
9797.08633089455  1.580143E-15
9801.29473495873  1.565440E-15
9805.50313902291  1.657359E-15
9809.71154308709  1.602606E-15
9813.91994715127  1.695437E-15
9818.12835121545  1.690189E-15
9822.33675527963  1.648813E-15
9826.54515934381  1.669765E-15
9830.75356340799  1.624657E-15
9834.96196747217  1.626501E-15
9839.17037153635  1.609313E-15
9843.37877560053  1.602804E-15
9847.58717966471  1.639938E-15
9851.79558372889  1.665447E-15
9856.00398779307  1.646145E-15
9860.21239185725  1.656242E-15
9864.42079592143  1.687278E-15
9868.62919998561  1.639346E-15
9872.83760404979  1.638180E-15
9877.04600811397  1.556005E-15
9881.25441217815  1.595743E-15
9885.46281624233  1.567349E-15
9889.67122030651  1.629103E-15
9893.87962437069  1.560964E-15
9898.08802843487  1.590216E-15
9902.29643249905  1.606177E-15
9906.50483656323  1.552858E-15
9910.71324062741  1.621678E-15
9914.92164469159  1.612669E-15
9919.13004875577  1.460644E-15
9923.33845281995  1.446818E-15
9927.54685688413  1.470033E-15
9931.75526094831  1.523069E-15
9935.96366501249  1.449234E-15
9940.17206907667  1.466720E-15
9944.38047314085  1.467264E-15
9948.58887720503  1.470568E-15
9952.79728126921  1.544662E-15
9957.00568533339  1.507649E-15
9961.21408939757  1.438702E-15
9965.42249346175  1.369248E-15
9969.63089752593  1.302361E-15
9973.83930159011  1.282247E-15
9978.04770565429  1.271660E-15
9982.25610971847  1.275823E-15
9986.46451378265  1.240492E-15
9990.67291784683  1.244698E-15
