3720.00	1.05392e-15
3721.50	9.11769e-16
3723.00	9.22179e-16
3724.50	9.29485e-16
3726.00	1.32166e-15
3727.50	1.0243e-15
3729.00	9.17626e-16
3730.50	1.16161e-15
3732.00	7.34245e-16
3733.50	6.74184e-16
3735.00	9.26727e-16
3736.50	1.00036e-15
3738.00	9.61263e-16
3739.50	8.28605e-16
3741.00	6.66527e-16
3742.50	7.27853e-16
3744.00	4.43838e-16
3745.50	6.45898e-16
3747.00	6.56434e-16
3748.50	7.33453e-16
3750.00	1.01718e-15
3751.50	8.07524e-16
3753.00	6.71681e-16
3754.50	5.93252e-16
3756.00	6.36257e-16
3757.50	6.05179e-16
3759.00	6.71157e-16
3760.50	6.74248e-16
3762.00	7.85426e-16
3763.50	9.02436e-16
3765.00	8.45569e-16
3766.50	7.49646e-16
3768.00	7.9556e-16
3769.50	7.96672e-16
3771.00	7.3925e-16
3772.50	7.61731e-16
3774.00	8.12224e-16
3775.50	7.21827e-16
3777.00	6.6103e-16
3778.50	8.47968e-16
3780.00	7.30067e-16
3781.50	7.82604e-16
3783.00	8.73486e-16
3784.50	7.90091e-16
3786.00	6.91784e-16
3787.50	5.60096e-16
3789.00	5.57877e-16
3790.50	7.31331e-16
3792.00	7.63472e-16
3793.50	7.31789e-16
3795.00	7.58026e-16
3796.50	7.51165e-16
3798.00	6.30862e-16
3799.50	6.67129e-16
3801.00	6.10271e-16
3802.50	9.32335e-16
3804.00	8.62669e-16
3805.50	6.76146e-16
3807.00	4.92826e-16
3808.50	4.43374e-16
3810.00	5.82409e-16
3811.50	7.82669e-16
3813.00	8.29591e-16
3814.50	6.13689e-16
3816.00	5.8908e-16
3817.50	7.20404e-16
3819.00	7.54353e-16
3820.50	7.18494e-16
3822.00	8.21189e-16
3823.50	7.30594e-16
3825.00	5.63835e-16
3826.50	7.84378e-16
3828.00	8.77247e-16
3829.50	7.79429e-16
3831.00	8.25574e-16
3832.50	7.97227e-16
3834.00	6.3689e-16
3835.50	6.93036e-16
3837.00	7.40767e-16
3838.50	6.65231e-16
3840.00	6.58136e-16
3841.50	9.11269e-16
3843.00	8.69418e-16
3844.50	9.07997e-16
3846.00	8.03621e-16
3847.50	7.09765e-16
3849.00	6.80987e-16
3850.50	7.66415e-16
3852.00	7.57222e-16
3853.50	8.0665e-16
3855.00	6.99355e-16
3856.50	6.02695e-16
3858.00	5.23464e-16
3859.50	6.73708e-16
3861.00	8.46722e-16
3862.50	7.04335e-16
3864.00	7.26711e-16
3865.50	7.3945e-16
3867.00	6.86071e-16
3868.50	8.15843e-16
3870.00	7.58699e-16
3871.50	7.16719e-16
3873.00	8.56329e-16
3874.50	9.58987e-16
3876.00	7.47561e-16
3877.50	8.02638e-16
3879.00	7.90043e-16
3880.50	6.43838e-16
3882.00	8.28757e-16
3883.50	1.11212e-15
3885.00	8.06853e-16
3886.50	8.31064e-16
3888.00	7.50861e-16
3889.50	5.49386e-16
3891.00	4.82253e-16
3892.50	8.16584e-16
3894.00	9.96018e-16
3895.50	1.02281e-15
3897.00	8.2334e-16
3898.50	6.56956e-16
3900.00	7.16072e-16
3901.50	7.47337e-16
3903.00	7.92768e-16
3904.50	8.66346e-16
3906.00	8.21416e-16
3907.50	6.73447e-16
3909.00	8.18755e-16
3910.50	9.15458e-16
3912.00	8.97511e-16
3913.50	8.08614e-16
3915.00	6.62012e-16
3916.50	5.81465e-16
3918.00	5.12382e-16
3919.50	6.78068e-16
3921.00	8.64439e-16
3922.50	7.77991e-16
3924.00	7.45332e-16
3925.50	8.56039e-16
3927.00	8.24033e-16
3928.50	8.53018e-16
3930.00	7.95873e-16
3931.50	8.8408e-16
3933.00	7.77953e-16
3934.50	7.74033e-16
3936.00	7.53145e-16
3937.50	7.6857e-16
3939.00	8.19609e-16
3940.50	1.02944e-15
3942.00	9.97493e-16
3943.50	1.00065e-15
3945.00	1.01436e-15
3946.50	7.31459e-16
3948.00	6.60743e-16
3949.50	5.68909e-16
3951.00	7.49063e-16
3952.50	8.12281e-16
3954.00	8.13478e-16
3955.50	8.41871e-16
3957.00	6.83323e-16
3958.50	7.02616e-16
3960.00	6.83196e-16
3961.50	7.07358e-16
3963.00	5.42714e-16
3964.50	6.69732e-16
3966.00	6.56562e-16
3967.50	9.07908e-16
3969.00	7.55058e-16
3970.50	7.40713e-16
3972.00	9.05798e-16
3973.50	9.8555e-16
3975.00	9.40392e-16
3976.50	9.56765e-16
3978.00	9.52068e-16
3979.50	8.28622e-16
3981.00	7.64815e-16
3982.50	8.01065e-16
3984.00	7.59935e-16
3985.50	8.55639e-16
3987.00	9.35626e-16
3988.50	7.69321e-16
3990.00	7.01149e-16
3991.50	7.67504e-16
3993.00	8.18349e-16
3994.50	7.88802e-16
3996.00	7.70673e-16
3997.50	8.35751e-16
3999.00	8.51106e-16
4000.50	6.68252e-16
4002.00	6.44756e-16
4003.50	8.07929e-16
4005.00	8.09877e-16
4006.50	7.28151e-16
4008.00	8.26907e-16
4009.50	8.60927e-16
4011.00	6.30235e-16
4012.50	6.06044e-16
4014.00	6.41192e-16
4015.50	7.34632e-16
4017.00	8.2566e-16
4018.50	9.27321e-16
4020.00	7.89412e-16
4021.50	8.53669e-16
4023.00	9.41993e-16
4024.50	7.87368e-16
4026.00	8.36714e-16
4027.50	8.2211e-16
4029.00	7.14389e-16
4030.50	7.09739e-16
4032.00	8.13761e-16
4033.50	7.66377e-16
4035.00	7.78063e-16
4036.50	8.64828e-16
4038.00	8.44155e-16
4039.50	7.72019e-16
4041.00	8.14472e-16
4042.50	8.21322e-16
4044.00	6.71814e-16
4045.50	7.11678e-16
4047.00	7.62978e-16
4048.50	6.90356e-16
4050.00	7.72588e-16
4051.50	7.38358e-16
4053.00	7.25506e-16
4054.50	8.24234e-16
4056.00	8.54258e-16
4057.50	7.05565e-16
4059.00	6.70747e-16
4060.50	7.30735e-16
4062.00	8.18596e-16
4063.50	8.76875e-16
4065.00	9.83251e-16
4066.50	8.79605e-16
4068.00	7.97475e-16
4069.50	8.25026e-16
4071.00	7.96844e-16
4072.50	8.13998e-16
4074.00	8.40977e-16
4075.50	8.5092e-16
4077.00	7.4598e-16
4078.50	8.09631e-16
4080.00	8.82667e-16
4081.50	8.6577e-16
4083.00	9.6112e-16
4084.50	8.16883e-16
4086.00	8.88968e-16
4087.50	8.89201e-16
4089.00	7.8755e-16
4090.50	8.64086e-16
4092.00	7.87152e-16
4093.50	8.36957e-16
4095.00	7.9199e-16
4096.50	9.1068e-16
4098.00	9.02787e-16
4099.50	6.70513e-16
4101.00	6.51602e-16
4102.50	7.95134e-16
4104.00	8.25648e-16
4105.50	8.34218e-16
4107.00	7.52209e-16
4108.50	7.66974e-16
4110.00	8.86008e-16
4111.50	8.92268e-16
4113.00	9.07962e-16
4114.50	7.46689e-16
4116.00	6.65658e-16
4117.50	8.10944e-16
4119.00	8.49746e-16
4120.50	8.78104e-16
4122.00	8.59585e-16
4123.50	6.9805e-16
4125.00	7.64578e-16
4126.50	9.64978e-16
4128.00	8.52972e-16
4129.50	7.68761e-16
4131.00	7.47048e-16
4132.50	7.36587e-16
4134.00	6.9325e-16
4135.50	7.03198e-16
4137.00	8.53917e-16
4138.50	1.03629e-15
4140.00	9.25915e-16
4141.50	7.93988e-16
4143.00	7.87165e-16
4144.50	8.48924e-16
4146.00	9.0292e-16
4147.50	7.73388e-16
4149.00	8.39102e-16
4150.50	8.67542e-16
4152.00	7.59969e-16
4153.50	7.9406e-16
4155.00	9.80376e-16
4156.50	8.9684e-16
4158.00	7.87926e-16
4159.50	8.90066e-16
4161.00	7.72408e-16
4162.50	7.96035e-16
4164.00	7.63138e-16
4165.50	7.90351e-16
4167.00	7.44685e-16
4168.50	7.91007e-16
4170.00	8.62727e-16
4171.50	7.07334e-16
4173.00	8.37926e-16
4174.50	9.05252e-16
4176.00	8.58045e-16
4177.50	7.10954e-16
4179.00	6.09299e-16
4180.50	6.89484e-16
4182.00	7.38304e-16
4183.50	8.76865e-16
4185.00	9.1477e-16
4186.50	8.55231e-16
4188.00	8.21422e-16
4189.50	7.74762e-16
4191.00	8.84734e-16
4192.50	9.07198e-16
4194.00	8.67854e-16
4195.50	7.66705e-16
4197.00	8.3801e-16
4198.50	8.99167e-16
4200.00	8.99015e-16
4201.50	8.11901e-16
4203.00	7.87883e-16
4204.50	8.72747e-16
4206.00	8.43827e-16
4207.50	7.36643e-16
4209.00	6.89581e-16
4210.50	7.40356e-16
4212.00	8.08268e-16
4213.50	7.23194e-16
4215.00	7.39683e-16
4216.50	8.42772e-16
4218.00	7.94565e-16
4219.50	7.41381e-16
4221.00	7.79581e-16
4222.50	7.34904e-16
4224.00	6.76066e-16
4225.50	7.65897e-16
4227.00	7.47456e-16
4228.50	6.7581e-16
4230.00	8.3737e-16
4231.50	9.26539e-16
4233.00	9.55067e-16
4234.50	7.26414e-16
4236.00	7.55768e-16
4237.50	9.11782e-16
4239.00	8.36301e-16
4240.50	7.1465e-16
4242.00	7.90839e-16
4243.50	8.00341e-16
4245.00	8.28271e-16
4246.50	7.40461e-16
4248.00	9.48168e-16
4249.50	8.69263e-16
4251.00	8.64889e-16
4252.50	7.59038e-16
4254.00	7.86981e-16
4255.50	8.10257e-16
4257.00	6.97071e-16
4258.50	8.36107e-16
4260.00	9.0284e-16
4261.50	7.52354e-16
4263.00	7.15758e-16
4264.50	7.09334e-16
4266.00	7.69057e-16
4267.50	7.50737e-16
4269.00	8.09381e-16
4270.50	9.1525e-16
4272.00	8.31861e-16
4273.50	6.74362e-16
4275.00	6.86987e-16
4276.50	7.00482e-16
4278.00	7.13778e-16
4279.50	7.70862e-16
4281.00	8.07987e-16
4282.50	7.48484e-16
4284.00	7.46784e-16
4285.50	8.11746e-16
4287.00	7.97638e-16
4288.50	7.87573e-16
4290.00	7.5513e-16
4291.50	6.59478e-16
4293.00	6.15178e-16
4294.50	7.25904e-16
4296.00	7.47778e-16
4297.50	7.26577e-16
4299.00	6.89536e-16
4300.50	7.27204e-16
4302.00	7.36257e-16
4303.50	7.52669e-16
4305.00	7.66906e-16
4306.50	8.26006e-16
4308.00	8.08442e-16
4309.50	7.52161e-16
4311.00	7.00438e-16
4312.50	8.0721e-16
4314.00	8.6499e-16
4315.50	8.10814e-16
4317.00	8.10041e-16
4318.50	6.65627e-16
4320.00	6.77164e-16
4321.50	7.36211e-16
4323.00	7.92251e-16
4324.50	7.94994e-16
4326.00	8.98973e-16
4327.50	8.25965e-16
4329.00	7.15147e-16
4330.50	7.86239e-16
4332.00	7.88623e-16
4333.50	7.73593e-16
4335.00	7.90563e-16
4336.50	7.94717e-16
4338.00	8.00712e-16
4339.50	8.33291e-16
4341.00	8.59278e-16
4342.50	8.09965e-16
4344.00	7.43147e-16
4345.50	7.69914e-16
4347.00	8.28212e-16
4348.50	8.62775e-16
4350.00	8.20636e-16
4351.50	7.50523e-16
4353.00	7.61855e-16
4354.50	7.56559e-16
4356.00	7.07709e-16
4357.50	7.59743e-16
4359.00	8.09826e-16
4360.50	7.92109e-16
4362.00	7.73163e-16
4363.50	7.95426e-16
4365.00	8.33234e-16
4366.50	8.12848e-16
4368.00	6.56041e-16
4369.50	6.57779e-16
4371.00	7.25372e-16
4372.50	6.75449e-16
4374.00	7.09414e-16
4375.50	8.57992e-16
4377.00	8.1448e-16
4378.50	8.25655e-16
4380.00	9.33283e-16
4381.50	7.88049e-16
4383.00	7.13863e-16
4384.50	6.73054e-16
4386.00	7.18307e-16
4387.50	8.22833e-16
4389.00	7.94429e-16
4390.50	8.07607e-16
4392.00	7.69292e-16
4393.50	8.0931e-16
4395.00	7.88525e-16
4396.50	8.70385e-16
4398.00	8.2014e-16
4399.50	6.84576e-16
4401.00	7.03432e-16
4402.50	7.73764e-16
4404.00	8.5731e-16
4405.50	8.38547e-16
4407.00	7.72921e-16
4408.50	7.65677e-16
4410.00	7.69979e-16
4411.50	8.75561e-16
4413.00	8.40229e-16
4414.50	7.34231e-16
4416.00	8.02391e-16
4417.50	8.78551e-16
4419.00	7.84889e-16
4420.50	8.04963e-16
4422.00	7.98092e-16
4423.50	7.84889e-16
4425.00	7.81355e-16
4426.50	6.67164e-16
4428.00	6.69907e-16
4429.50	7.15791e-16
4431.00	6.5773e-16
4432.50	7.39391e-16
4434.00	7.21451e-16
4435.50	7.9247e-16
4437.00	8.54786e-16
4438.50	7.86002e-16
4440.00	8.08909e-16
4441.50	7.93623e-16
4443.00	7.75131e-16
4444.50	7.41517e-16
4446.00	8.34988e-16
4447.50	8.19027e-16
4449.00	7.09527e-16
4450.50	7.59777e-16
4452.00	7.1208e-16
4453.50	7.85392e-16
4455.00	7.43265e-16
4456.50	7.27407e-16
4458.00	7.6494e-16
4459.50	8.42969e-16
4461.00	9.09159e-16
4462.50	8.81808e-16
4464.00	9.31541e-16
4465.50	1.03137e-15
4467.00	8.54668e-16
4468.50	6.24274e-16
4470.00	6.14718e-16
4471.50	7.55266e-16
4473.00	7.89946e-16
4474.50	6.92717e-16
4476.00	7.56046e-16
4477.50	7.29391e-16
4479.00	7.08618e-16
4480.50	7.88202e-16
4482.00	8.60452e-16
4483.50	7.61704e-16
4485.00	6.71063e-16
4486.50	7.2141e-16
4488.00	7.42641e-16
4489.50	7.83477e-16
4491.00	7.59279e-16
4492.50	8.40765e-16
4494.00	8.65165e-16
4495.50	8.24696e-16
4497.00	7.67305e-16
4498.50	6.60092e-16
4500.00	5.80635e-16
4501.50	7.00973e-16
4503.00	7.82392e-16
4504.50	6.70893e-16
4506.00	6.8613e-16
4507.50	8.42201e-16
4509.00	7.68265e-16
4510.50	7.36813e-16
4512.00	6.94311e-16
4513.50	6.10008e-16
4515.00	7.87441e-16
4516.50	7.86322e-16
4518.00	7.96035e-16
4519.50	7.41147e-16
4521.00	6.94537e-16
4522.50	7.70925e-16
4524.00	9.27126e-16
4525.50	7.73103e-16
4527.00	7.23483e-16
4528.50	8.36656e-16
4530.00	8.47174e-16
4531.50	8.30358e-16
4533.00	8.34635e-16
4534.50	8.23809e-16
4536.00	7.93588e-16
4537.50	8.01072e-16
4539.00	8.24132e-16
4540.50	7.96878e-16
4542.00	7.65284e-16
4543.50	7.57368e-16
4545.00	7.26099e-16
4546.50	6.7895e-16
4548.00	7.27956e-16
4549.50	7.92965e-16
4551.00	8.02006e-16
4552.50	8.32719e-16
4554.00	7.7024e-16
4555.50	7.13537e-16
4557.00	8.80292e-16
4558.50	9.12679e-16
4560.00	8.93426e-16
4561.50	8.97943e-16
4563.00	8.32919e-16
4564.50	8.306e-16
4566.00	7.92672e-16
4567.50	6.76953e-16
4569.00	7.62875e-16
4570.50	8.74509e-16
4572.00	7.76151e-16
4573.50	7.46437e-16
4575.00	8.9146e-16
4576.50	9.11488e-16
4578.00	7.72179e-16
4579.50	7.46302e-16
4581.00	7.43348e-16
4582.50	7.69755e-16
4584.00	8.48081e-16
4585.50	8.08943e-16
4587.00	7.32102e-16
4588.50	7.29045e-16
4590.00	7.81486e-16
4591.50	8.33436e-16
4593.00	7.55272e-16
4594.50	7.74472e-16
4596.00	8.42036e-16
4597.50	8.16344e-16
4599.00	7.67493e-16
4600.50	7.62886e-16
4602.00	8.11867e-16
4603.50	7.35656e-16
4605.00	7.48322e-16
4606.50	8.03041e-16
4608.00	7.84814e-16
4609.50	7.58243e-16
4611.00	7.93642e-16
4612.50	7.86709e-16
4614.00	7.44033e-16
4615.50	7.37139e-16
4617.00	7.62119e-16
4618.50	8.29382e-16
4620.00	8.23915e-16
4621.50	8.00566e-16
4623.00	7.84868e-16
4624.50	7.63838e-16
4626.00	7.94834e-16
4627.50	7.75515e-16
4629.00	7.64962e-16
4630.50	7.82572e-16
4632.00	7.49447e-16
4633.50	7.48836e-16
4635.00	7.47784e-16
4636.50	8.07278e-16
4638.00	8.12682e-16
4639.50	7.90729e-16
4641.00	7.46914e-16
4642.50	7.2517e-16
4644.00	8.0835e-16
4645.50	8.64953e-16
4647.00	8.7248e-16
4648.50	7.55646e-16
4650.00	6.57203e-16
4651.50	7.00009e-16
4653.00	7.95638e-16
4654.50	7.90562e-16
4656.00	7.42352e-16
4657.50	8.03756e-16
4659.00	7.99905e-16
4660.50	7.97761e-16
4662.00	7.3946e-16
4663.50	7.13686e-16
4665.00	7.5923e-16
4666.50	7.90878e-16
4668.00	8.59448e-16
4669.50	8.708e-16
4671.00	7.45189e-16
4672.50	7.3981e-16
4674.00	6.74303e-16
4675.50	7.78952e-16
4677.00	7.98591e-16
4678.50	8.5162e-16
4680.00	8.44192e-16
4681.50	7.66313e-16
4683.00	6.80156e-16
4684.50	7.20652e-16
4686.00	8.0035e-16
4687.50	8.37588e-16
4689.00	7.60501e-16
4690.50	6.97151e-16
4692.00	7.13229e-16
4693.50	7.80212e-16
4695.00	8.04582e-16
4696.50	7.77039e-16
4698.00	7.30887e-16
4699.50	8.34932e-16
4701.00	7.89355e-16
4702.50	7.51196e-16
4704.00	8.89991e-16
4705.50	8.76578e-16
4707.00	7.51687e-16
4708.50	7.15015e-16
4710.00	7.71466e-16
4711.50	7.5295e-16
4713.00	7.64449e-16
4714.50	7.92896e-16
4716.00	7.02824e-16
4717.50	7.01937e-16
4719.00	7.06199e-16
4720.50	6.70386e-16
4722.00	6.94687e-16
4723.50	7.40741e-16
4725.00	7.86985e-16
4726.50	8.25191e-16
4728.00	7.15263e-16
4729.50	7.30507e-16
4731.00	7.68951e-16
4732.50	7.48091e-16
4734.00	7.5103e-16
4735.50	7.54514e-16
4737.00	7.7984e-16
4738.50	7.06409e-16
4740.00	7.11798e-16
4741.50	7.05742e-16
4743.00	7.71708e-16
4744.50	6.58554e-16
4746.00	6.4241e-16
4747.50	6.72544e-16
4749.00	7.05824e-16
4750.50	7.55498e-16
4752.00	7.14897e-16
4753.50	6.73238e-16
4755.00	7.48593e-16
4756.50	7.2727e-16
4758.00	7.30228e-16
4759.50	6.41677e-16
4761.00	6.86718e-16
4762.50	7.50751e-16
4764.00	7.32154e-16
4765.50	7.06572e-16
4767.00	7.09811e-16
4768.50	6.95869e-16
4770.00	6.85492e-16
4771.50	7.39352e-16
4773.00	7.98563e-16
4774.50	7.3413e-16
4776.00	7.12236e-16
4777.50	7.2043e-16
4779.00	6.81938e-16
4780.50	6.11381e-16
4782.00	6.79335e-16
4783.50	7.10647e-16
4785.00	7.21726e-16
4786.50	7.32805e-16
4788.00	7.43885e-16
4791.00	7.43508e-16
4792.50	7.10923e-16
4794.00	7.08135e-16
4795.50	6.128e-16
4797.00	6.5536e-16
4798.50	6.72442e-16
4800.00	6.95947e-16
4801.50	7.30656e-16
4803.00	6.80931e-16
4804.50	7.40381e-16
4806.00	7.69955e-16
4807.50	7.08535e-16
4809.00	7.10353e-16
4810.50	6.75213e-16
4812.00	7.35355e-16
4813.50	7.08279e-16
4815.00	7.26972e-16
4816.50	7.48509e-16
4818.00	8.03568e-16
4819.50	7.13859e-16
4821.00	7.68699e-16
4822.50	8.30765e-16
4824.00	7.37634e-16
4825.50	7.11381e-16
4827.00	6.97461e-16
4828.50	7.68002e-16
4830.00	7.33952e-16
4831.50	7.03233e-16
4833.00	7.17916e-16
4834.50	7.36135e-16
4836.00	7.09348e-16
4837.50	7.11663e-16
4839.00	7.05581e-16
4840.50	7.23381e-16
4842.00	7.78103e-16
4843.50	7.31893e-16
4845.00	7.16761e-16
4846.50	7.1447e-16
4848.00	7.14233e-16
4849.50	6.76274e-16
4851.00	7.0405e-16
4852.50	7.17778e-16
4854.00	7.39778e-16
4855.50	7.45634e-16
4857.00	7.41134e-16
4858.50	7.58959e-16
4860.00	7.44274e-16
4861.50	7.39125e-16
4863.00	7.84144e-16
4864.50	7.20828e-16
4866.00	7.78292e-16
4867.50	7.57059e-16
4869.00	7.35485e-16
4870.50	7.2029e-16
4872.00	6.94524e-16
4873.50	7.00457e-16
4875.00	7.51749e-16
4876.50	6.63777e-16
4878.00	6.93598e-16
4879.50	7.09433e-16
4881.00	8.0597e-16
4882.50	7.96358e-16
4884.00	7.41801e-16
4885.50	7.07432e-16
4887.00	7.35865e-16
4888.50	7.75731e-16
4890.00	6.46392e-16
4891.50	6.59046e-16
4893.00	7.37511e-16
4894.50	7.13849e-16
4896.00	7.9921e-16
4897.50	8.4199e-16
4899.00	7.92483e-16
4900.50	7.92067e-16
4902.00	7.40507e-16
4903.50	7.33569e-16
4905.00	8.04978e-16
4906.50	8.04256e-16
4908.00	7.8737e-16
4909.50	9.3029e-16
4911.00	9.81019e-16
4912.50	1.01097e-15
4914.00	9.97969e-16
4915.50	8.70542e-16
4917.00	7.73777e-16
4918.50	7.18453e-16
4920.00	7.46324e-16
4921.50	7.25392e-16
4923.00	6.8434e-16
4924.50	7.37735e-16
4926.00	7.7973e-16
4927.50	6.8503e-16
4929.00	7.16678e-16
4930.50	7.2824e-16
4932.00	7.0935e-16
4933.50	7.50806e-16
4935.00	6.83136e-16
4936.50	6.96104e-16
4938.00	7.69832e-16
4939.50	7.78114e-16
4941.00	7.73043e-16
4942.50	7.58236e-16
4944.00	7.24112e-16
4945.50	8.20122e-16
4947.00	7.93517e-16
4948.50	7.80341e-16
4950.00	7.52284e-16
4951.50	6.56278e-16
4953.00	7.09253e-16
4954.50	6.90995e-16
4956.00	6.92531e-16
4957.50	6.93859e-16
4959.00	6.20916e-16
4960.50	7.25692e-16
4962.00	6.81269e-16
4963.50	6.22841e-16
4965.00	7.14922e-16
4966.50	6.87151e-16
4968.00	7.17807e-16
4969.50	7.06863e-16
4971.00	6.71425e-16
4972.50	7.046e-16
4974.00	6.94144e-16
4975.50	6.91261e-16
4977.00	6.92942e-16
4978.50	6.53351e-16
4980.00	6.4856e-16
4981.50	7.26627e-16
4983.00	7.03887e-16
4984.50	6.35044e-16
4986.00	6.62243e-16
4987.50	6.46667e-16
4989.00	6.4855e-16
4990.50	6.2796e-16
4992.00	6.73959e-16
4993.50	6.97411e-16
4995.00	6.45656e-16
4996.50	7.13507e-16
4998.00	7.79331e-16
4999.50	7.47125e-16
5001.00	6.20383e-16
5002.50	6.87385e-16
5004.00	7.16086e-16
5005.50	7.13606e-16
5007.00	7.05232e-16
5008.50	7.05627e-16
5010.00	7.237e-16
5011.50	6.94971e-16
5013.00	7.33652e-16
5014.50	7.05091e-16
5016.00	6.63895e-16
5017.50	6.82919e-16
5019.00	7.43566e-16
5020.50	7.05346e-16
5022.00	7.04703e-16
5023.50	7.22134e-16
5025.00	6.88527e-16
5026.50	6.54121e-16
5028.00	6.54561e-16
5029.50	7.06447e-16
5031.00	7.69462e-16
5032.50	7.58546e-16
5034.00	6.83507e-16
5035.50	6.56845e-16
5037.00	6.85229e-16
5038.50	7.10673e-16
5040.00	7.27021e-16
5041.50	7.07259e-16
5043.00	7.49546e-16
5044.50	7.67057e-16
5046.00	7.55543e-16
5047.50	6.68506e-16
5049.00	7.02696e-16
5050.50	6.8506e-16
5052.00	6.59115e-16
5053.50	7.27621e-16
5055.00	7.12444e-16
5056.50	6.48409e-16
5058.00	6.56257e-16
5059.50	7.19103e-16
5061.00	7.26857e-16
5062.50	7.45332e-16
5064.00	7.15766e-16
5065.50	6.8701e-16
5067.00	7.55708e-16
5068.50	7.41129e-16
5070.00	6.69994e-16
5071.50	6.76283e-16
5073.00	6.85376e-16
5074.50	6.96857e-16
5076.00	7.3218e-16
5077.50	7.10592e-16
5079.00	6.69126e-16
5080.50	7.21901e-16
5082.00	7.16855e-16
5083.50	7.3356e-16
5085.00	7.0673e-16
5086.50	6.3609e-16
5088.00	7.11642e-16
5089.50	6.55406e-16
5091.00	6.55715e-16
5092.50	6.26608e-16
5094.00	6.84256e-16
5095.50	7.3311e-16
5097.00	6.91201e-16
5098.50	6.86477e-16
5100.00	7.94624e-16
5101.50	8.36597e-16
5103.00	7.31037e-16
5104.50	7.41948e-16
5106.00	6.77238e-16
5107.50	7.05346e-16
5109.00	7.40834e-16
5110.50	6.07811e-16
5112.00	5.6143e-16
5113.50	6.33747e-16
5115.00	6.77797e-16
5116.50	7.46143e-16
5118.00	6.75382e-16
5119.50	6.25616e-16
5121.00	6.75487e-16
5122.50	6.31611e-16
5124.00	6.67172e-16
5125.50	7.91687e-16
5127.00	8.01646e-16
5128.50	7.14529e-16
5130.00	6.86682e-16
5131.50	7.1243e-16
5133.00	7.21942e-16
5134.50	6.73198e-16
5136.00	6.3075e-16
5137.50	6.42162e-16
5139.00	6.56089e-16
5140.50	6.48735e-16
5142.00	6.5866e-16
5143.50	6.34756e-16
5145.00	6.77676e-16
5146.50	7.39478e-16
5148.00	7.23224e-16
5149.50	6.4756e-16
5151.00	6.6075e-16
5152.50	6.5235e-16
5154.00	6.76072e-16
5155.50	6.6702e-16
5157.00	6.25528e-16
5158.50	7.20113e-16
5160.00	7.16431e-16
5161.50	6.52238e-16
5163.00	7.52211e-16
5164.50	6.9044e-16
5166.00	6.74032e-16
5167.50	7.28984e-16
5169.00	7.61622e-16
5170.50	6.79436e-16
5172.00	6.98896e-16
5173.50	7.27803e-16
5175.00	7.19705e-16
5176.50	6.45524e-16
5178.00	6.46856e-16
5179.50	6.40476e-16
5181.00	6.29604e-16
5182.50	6.73168e-16
5184.00	6.87075e-16
5185.50	7.17882e-16
5187.00	6.98641e-16
5188.50	7.0191e-16
5190.00	7.02107e-16
5191.50	6.85708e-16
5193.00	6.71773e-16
5194.50	7.33825e-16
5196.00	7.42225e-16
5197.50	7.04627e-16
5199.00	6.77618e-16
5200.50	6.81467e-16
5202.00	6.98953e-16
5203.50	6.25024e-16
5205.00	6.17576e-16
5206.50	6.32331e-16
5208.00	6.34334e-16
5209.50	6.53974e-16
5211.00	6.56906e-16
5212.50	7.3549e-16
5214.00	6.92907e-16
5215.50	6.20848e-16
5217.00	7.19147e-16
5218.50	7.13224e-16
5220.00	6.7916e-16
5221.50	7.63051e-16
5223.00	7.30567e-16
5224.50	6.81505e-16
5226.00	7.37168e-16
5227.50	6.75987e-16
5229.00	7.63874e-16
5230.50	7.19406e-16
5232.00	7.00377e-16
5233.50	6.50659e-16
5235.00	6.91442e-16
5236.50	7.70923e-16
5238.00	7.13536e-16
5239.50	6.6597e-16
5241.00	6.79725e-16
5242.50	6.49878e-16
5244.00	6.57599e-16
5245.50	7.02558e-16
5247.00	6.84138e-16
5248.50	6.63797e-16
5250.00	6.29071e-16
5251.50	6.57533e-16
5253.00	6.78605e-16
5254.50	6.39385e-16
5256.00	5.95101e-16
5257.50	6.11124e-16
5259.00	6.5653e-16
5260.50	6.73631e-16
5262.00	6.99932e-16
5263.50	7.42496e-16
5265.00	7.19347e-16
5266.50	6.28409e-16
5268.00	6.56195e-16
5269.50	7.69922e-16
5271.00	7.63117e-16
5272.50	6.61217e-16
5274.00	6.31509e-16
5275.50	6.5233e-16
5277.00	6.71041e-16
5278.50	7.21731e-16
5280.00	6.95312e-16
5281.50	6.43454e-16
5283.00	6.95369e-16
5284.50	6.81588e-16
5286.00	6.86736e-16
5287.50	6.82422e-16
5289.00	7.03633e-16
5290.50	7.11993e-16
5292.00	7.29823e-16
5293.50	7.18652e-16
5295.00	7.2193e-16
5296.50	6.58969e-16
5298.00	6.98143e-16
5299.50	6.74697e-16
5301.00	6.17264e-16
5302.50	7.12517e-16
5304.00	6.59349e-16
5305.50	6.69074e-16
5307.00	7.31367e-16
5308.50	7.11398e-16
5310.00	6.50028e-16
5311.50	6.98826e-16
5313.00	6.84803e-16
5314.50	7.37925e-16
5316.00	7.13702e-16
5317.50	6.93312e-16
5319.00	6.17719e-16
5320.50	6.27396e-16
5322.00	7.12243e-16
5323.50	6.5623e-16
5325.00	6.40727e-16
5326.50	6.6193e-16
5328.00	6.20611e-16
5329.50	6.73998e-16
5331.00	6.79192e-16
5332.50	6.53683e-16
5334.00	7.08248e-16
5335.50	7.25977e-16
5337.00	6.80428e-16
5338.50	6.69448e-16
5340.00	6.88035e-16
5341.50	6.46238e-16
5343.00	6.07548e-16
5344.50	6.78705e-16
5346.00	6.91053e-16
5347.50	6.28697e-16
5349.00	6.32441e-16
5350.50	6.59256e-16
5352.00	6.33822e-16
5353.50	6.72356e-16
5355.00	7.35113e-16
5356.50	7.15624e-16
5358.00	6.59666e-16
5359.50	6.38878e-16
5361.00	6.89265e-16
5362.50	6.81208e-16
5364.00	6.60413e-16
5365.50	6.66574e-16
5367.00	6.85329e-16
5368.50	6.95129e-16
5370.00	6.90784e-16
5371.50	6.65689e-16
5373.00	6.38305e-16
5374.50	6.47012e-16
5376.00	6.02896e-16
5377.50	6.23527e-16
5379.00	6.68852e-16
5380.50	7.03903e-16
5382.00	7.18882e-16
5383.50	6.56137e-16
5385.00	6.72243e-16
5386.50	6.80891e-16
5388.00	6.50263e-16
5389.50	6.76996e-16
5391.00	7.14099e-16
5392.50	6.58897e-16
5394.00	6.21628e-16
5395.50	6.17805e-16
5397.00	6.08189e-16
5398.50	6.88806e-16
5400.00	6.83962e-16
5401.50	6.19162e-16
5403.00	6.87141e-16
5404.50	7.57488e-16
5406.00	7.24326e-16
5407.50	6.83414e-16
5409.00	7.00815e-16
5410.50	7.0031e-16
5412.00	6.93203e-16
5413.50	6.93003e-16
5415.00	6.48026e-16
5416.50	6.26585e-16
5418.00	6.12901e-16
5419.50	6.35532e-16
5421.00	6.83288e-16
5422.50	6.717e-16
5424.00	6.40326e-16
5425.50	6.78818e-16
5427.00	6.97344e-16
5428.50	7.38273e-16
5430.00	7.23734e-16
5431.50	7.02372e-16
5433.00	7.44873e-16
5434.50	7.36796e-16
5436.00	7.21785e-16
5437.50	7.07632e-16
5439.00	6.64853e-16
5440.50	7.37859e-16
5442.00	6.40338e-16
5443.50	5.85904e-16
5445.00	6.98417e-16
5446.50	7.69282e-16
5448.00	7.74018e-16
5449.50	7.06538e-16
5451.00	6.72829e-16
5452.50	6.51277e-16
5454.00	6.7045e-16
5455.50	6.92831e-16
5457.00	6.66372e-16
5458.50	6.96658e-16
5460.00	6.83409e-16
5461.50	6.60851e-16
5463.00	6.24495e-16
5464.50	7.09003e-16
5466.00	7.1748e-16
5467.50	6.79591e-16
5469.00	6.76185e-16
5470.50	7.07629e-16
5472.00	7.16085e-16
5473.50	7.11727e-16
5475.00	6.61844e-16
5476.50	5.98733e-16
5478.00	6.60907e-16
5479.50	7.2036e-16
5481.00	6.82899e-16
5482.50	6.73837e-16
5484.00	7.01721e-16
5485.50	7.536e-16
5487.00	7.3088e-16
5488.50	6.79912e-16
5490.00	7.10308e-16
5491.50	6.06153e-16
5493.00	5.66413e-16
5494.50	7.0499e-16
5496.00	7.05929e-16
5497.50	7.10649e-16
5499.00	7.07383e-16
5500.50	6.77019e-16
5502.00	6.99268e-16
5503.50	6.93824e-16
5505.00	6.79259e-16
5506.50	7.60827e-16
5508.00	6.63607e-16
5509.50	5.97108e-16
5511.00	6.17711e-16
5512.50	6.67632e-16
5514.00	7.11871e-16
5515.50	6.6665e-16
5517.00	6.522e-16
5518.50	7.01198e-16
5520.00	6.29599e-16
5521.50	6.2464e-16
5523.00	6.51066e-16
5524.50	6.77278e-16
5526.00	5.98036e-16
5527.50	6.51894e-16
5529.00	6.79381e-16
5530.50	6.68324e-16
5532.00	6.3542e-16
5533.50	6.74871e-16
5535.00	6.69253e-16
5536.50	6.75881e-16
5538.00	7.4238e-16
5539.50	6.8898e-16
5541.00	6.14219e-16
5542.50	6.2572e-16
5544.00	6.40277e-16
5545.50	7.00096e-16
5547.00	6.8325e-16
5548.50	6.71426e-16
5550.00	6.41757e-16
5551.50	5.61666e-16
5553.00	5.85819e-16
5554.50	6.70107e-16
5556.00	6.1282e-16
5557.50	6.02257e-16
5559.00	6.79514e-16
5560.50	6.29577e-16
5562.00	6.17087e-16
5563.50	6.82441e-16
5565.00	7.05236e-16
5566.50	6.57257e-16
5568.00	6.81523e-16
5569.50	6.53916e-16
5571.00	6.30514e-16
5572.50	6.75414e-16
5574.00	7.20314e-16
5577.00	6.71367e-16
5578.50	6.23845e-16
5580.00	7.76572e-16
5581.50	7.41195e-16
5583.00	7.4045e-16
5584.50	6.60373e-16
5586.00	6.69846e-16
5587.50	7.01594e-16
5589.00	5.91519e-16
5590.50	6.37488e-16
5592.00	6.27104e-16
5593.50	6.40364e-16
5595.00	6.25254e-16
5596.50	6.45206e-16
5598.00	7.30694e-16
5599.50	6.76536e-16
5601.00	6.93872e-16
5602.50	6.65236e-16
5604.00	6.24143e-16
5605.50	6.90447e-16
5607.00	6.77338e-16
5608.50	6.44711e-16
5610.00	5.82837e-16
5611.50	6.35526e-16
5613.00	6.28144e-16
5614.50	6.68149e-16
5616.00	6.98858e-16
5617.50	6.63783e-16
5619.00	6.1116e-16
5620.50	6.43264e-16
5622.00	6.74513e-16
5623.50	6.77574e-16
5625.00	6.69997e-16
5626.50	6.60648e-16
5628.00	6.37729e-16
5629.50	6.43639e-16
5631.00	6.51313e-16
5632.50	6.54102e-16
5634.00	6.65751e-16
5635.50	7.14813e-16
5637.00	6.78295e-16
5638.50	6.41133e-16
5640.00	6.27186e-16
5641.50	6.54941e-16
5643.00	6.83987e-16
5644.50	6.24265e-16
5646.00	6.35668e-16
5647.50	6.21216e-16
5649.00	6.34701e-16
5650.50	6.68027e-16
5652.00	6.54979e-16
5653.50	6.66379e-16
5655.00	6.35e-16
5656.50	6.82091e-16
5658.00	7.09879e-16
5659.50	6.99008e-16
5661.00	6.75444e-16
5662.50	6.48418e-16
5664.00	6.15273e-16
5665.50	6.17497e-16
5667.00	6.34756e-16
5668.50	6.50428e-16
5670.00	6.69131e-16
5671.50	6.45595e-16
5673.00	6.37365e-16
5674.50	6.97576e-16
5676.00	6.83286e-16
5677.50	6.26093e-16
5679.00	6.14753e-16
5680.50	6.92493e-16
5682.00	7.16965e-16
5683.50	6.47345e-16
5685.00	5.75908e-16
5686.50	5.69248e-16
5688.00	6.16188e-16
5689.50	6.16351e-16
5691.00	6.35391e-16
5692.50	6.62585e-16
5694.00	6.5239e-16
5695.50	6.81318e-16
5697.00	7.07402e-16
5698.50	6.61355e-16
5700.00	6.69231e-16
5701.50	6.56729e-16
5703.00	6.15391e-16
5704.50	6.29395e-16
5706.00	6.35282e-16
5707.50	6.25665e-16
5709.00	6.20542e-16
5710.50	6.33972e-16
5712.00	6.58197e-16
5713.50	7.12927e-16
5715.00	7.41529e-16
5716.50	7.10554e-16
5718.00	6.5534e-16
5719.50	6.73473e-16
5721.00	7.08275e-16
5722.50	6.80298e-16
5724.00	6.01213e-16
5725.50	6.44014e-16
5727.00	6.51345e-16
5728.50	6.325e-16
5730.00	6.51655e-16
5731.50	6.27494e-16
5733.00	6.68876e-16
5734.50	6.8352e-16
5736.00	6.65249e-16
5737.50	6.5675e-16
5739.00	6.69853e-16
5740.50	6.09439e-16
5742.00	6.82574e-16
5743.50	7.15775e-16
5745.00	7.03456e-16
5746.50	6.94089e-16
5748.00	6.77769e-16
5749.50	7.02621e-16
5751.00	7.15712e-16
5752.50	6.55377e-16
5754.00	5.84019e-16
5755.50	6.13386e-16
5757.00	6.59526e-16
5758.50	6.42938e-16
5760.00	6.7541e-16
5761.50	6.62381e-16
5763.00	6.35059e-16
5764.50	6.51765e-16
5766.00	6.5319e-16
5767.50	6.34021e-16
5769.00	6.43666e-16
5770.50	6.39105e-16
5772.00	6.28997e-16
5773.50	6.50516e-16
5775.00	6.55068e-16
5776.50	5.86419e-16
5778.00	6.17209e-16
5779.50	6.39587e-16
5781.00	6.95435e-16
5782.50	6.79394e-16
5784.00	6.0567e-16
5785.50	6.09412e-16
5787.00	6.00698e-16
5788.50	6.20481e-16
5790.00	6.48007e-16
5791.50	6.30424e-16
5793.00	6.29889e-16
5794.50	6.08893e-16
5796.00	6.20457e-16
5797.50	6.23704e-16
5799.00	5.51494e-16
5800.50	6.80927e-16
5802.00	6.05347e-16
5803.50	5.5428e-16
5805.00	6.43551e-16
5806.50	6.21186e-16
5808.00	5.61861e-16
5809.50	6.15728e-16
5811.00	6.21573e-16
5812.50	5.86205e-16
5814.00	6.77403e-16
5815.50	7.28329e-16
5817.00	6.60892e-16
5818.50	6.58015e-16
5820.00	6.42398e-16
5821.50	5.58164e-16
5823.00	5.39299e-16
5824.50	5.82071e-16
5826.00	6.5178e-16
5827.50	6.4628e-16
5829.00	5.81327e-16
5830.50	6.04216e-16
5832.00	6.38441e-16
5833.50	6.62808e-16
5835.00	6.79905e-16
5836.50	6.18572e-16
5838.00	5.76157e-16
5839.50	6.07543e-16
5841.00	6.90252e-16
5842.50	6.37691e-16
5844.00	6.03296e-16
5845.50	6.59818e-16
5847.00	6.71009e-16
5848.50	6.69492e-16
5850.00	6.17544e-16
5851.50	6.66594e-16
5853.00	6.52508e-16
5854.50	6.15733e-16
5856.00	6.76945e-16
5857.50	6.22023e-16
5859.00	5.54588e-16
5860.50	6.21752e-16
5862.00	6.41639e-16
5863.50	6.07542e-16
5865.00	6.47968e-16
5866.50	6.95458e-16
5868.00	6.23891e-16
5869.50	6.90391e-16
5871.00	6.66556e-16
5872.50	5.43425e-16
5874.00	5.83895e-16
5875.50	6.91052e-16
5877.00	6.02148e-16
5878.50	6.71501e-16
5880.00	6.55802e-16
5881.50	6.22407e-16
5883.00	6.31719e-16
5884.50	6.64832e-16
5886.00	6.92533e-16
5887.50	6.2742e-16
5889.00	6.12668e-16
5890.50	6.47661e-16
5892.00	5.71545e-16
5893.50	6.07907e-16
5895.00	6.74444e-16
5896.50	6.36558e-16
5898.00	5.63518e-16
5899.50	5.56648e-16
5901.00	6.70025e-16
5902.50	7.18328e-16
5904.00	6.46534e-16
5905.50	6.16136e-16
5907.00	6.27606e-16
5908.50	6.3306e-16
5910.00	6.65684e-16
5911.50	6.48938e-16
5913.00	6.25702e-16
5914.50	5.98941e-16
5916.00	5.87872e-16
5917.50	6.46547e-16
5919.00	7.19796e-16
5920.50	7.29471e-16
5922.00	6.47593e-16
5923.50	6.66288e-16
5925.00	7.19394e-16
5926.50	6.81579e-16
5928.00	7.02508e-16
5929.50	6.97582e-16
5931.00	6.6247e-16
5932.50	6.88016e-16
5934.00	7.17698e-16
5935.50	6.68271e-16
5937.00	5.99898e-16
5938.50	6.25516e-16
5940.00	6.22045e-16
5941.50	6.23951e-16
5943.00	6.3101e-16
5944.50	6.24102e-16
5946.00	6.45817e-16
5947.50	6.47742e-16
5949.00	6.67512e-16
5950.50	6.87098e-16
5952.00	6.60294e-16
5953.50	6.4332e-16
5955.00	6.74435e-16
5956.50	6.52868e-16
5958.00	6.25357e-16
5959.50	6.14857e-16
5961.00	6.30716e-16
5962.50	6.46629e-16
5964.00	5.90328e-16
5965.50	6.02703e-16
5967.00	6.59521e-16
5968.50	6.44561e-16
5970.00	6.27165e-16
5971.50	6.65551e-16
5973.00	7.00112e-16
5974.50	7.24813e-16
5976.00	6.91556e-16
5977.50	6.44569e-16
5979.00	6.78119e-16
5980.50	6.49329e-16
5982.00	5.87511e-16
5983.50	6.11506e-16
5985.00	6.51256e-16
5986.50	6.50724e-16
5988.00	6.57576e-16
5989.50	6.49379e-16
5991.00	6.1104e-16
5992.50	5.98699e-16
5994.00	6.09107e-16
5995.50	5.9638e-16
5997.00	6.11985e-16
5998.50	5.87458e-16
6000.00	5.79005e-16
6001.50	6.08411e-16
6003.00	6.54105e-16
6004.50	6.03477e-16
6006.00	5.8624e-16
6007.50	6.02546e-16
6009.00	6.52902e-16
6010.50	6.11329e-16
6012.00	6.56206e-16
6013.50	6.63675e-16
6015.00	6.91767e-16
6016.50	6.20431e-16
6018.00	6.00884e-16
6019.50	5.50235e-16
6021.00	5.42887e-16
6022.50	5.49833e-16
6024.00	5.5678e-16
6025.50	5.63726e-16
6027.00	5.70672e-16
6028.50	5.77618e-16
6030.00	5.84565e-16
6031.50	5.91511e-16
6033.00	5.98457e-16
6036.00	5.87997e-16
6037.50	5.51117e-16
6039.00	5.92556e-16
6040.50	6.10568e-16
6042.00	6.12849e-16
6043.50	6.40803e-16
6045.00	6.44831e-16
6046.50	6.52134e-16
6048.00	6.71653e-16
6049.50	6.54738e-16
6051.00	6.17507e-16
6052.50	5.35455e-16
6054.00	5.4809e-16
6055.50	5.9204e-16
6057.00	6.25298e-16
6058.50	6.48037e-16
6060.00	6.10277e-16
6061.50	6.09134e-16
6063.00	6.48492e-16
6064.50	6.49878e-16
6066.00	6.63609e-16
6067.50	6.62073e-16
6069.00	6.5641e-16
6070.50	6.50747e-16
6072.00	6.45085e-16
6075.00	6.50172e-16
6076.50	6.27617e-16
6078.00	5.61969e-16
6079.50	5.63004e-16
6081.00	5.93546e-16
6082.50	5.53118e-16
6084.00	5.9838e-16
6085.50	6.12049e-16
6087.00	6.4661e-16
6088.50	6.24343e-16
6090.00	6.07371e-16
6091.50	6.05898e-16
6093.00	5.73809e-16
6094.50	6.04551e-16
6096.00	5.994e-16
6097.50	6.2644e-16
6099.00	6.49182e-16
6100.50	5.87168e-16
6102.00	5.85958e-16
6103.50	5.7858e-16
6105.00	5.85346e-16
6106.50	6.13519e-16
6108.00	5.98889e-16
6109.50	6.02296e-16
6111.00	6.42008e-16
6112.50	6.28644e-16
6114.00	6.62988e-16
6115.50	6.7129e-16
6117.00	6.12337e-16
6118.50	5.90314e-16
6120.00	5.99534e-16
6121.50	5.85789e-16
6123.00	5.88523e-16
6124.50	6.01806e-16
6126.00	5.75368e-16
6127.50	5.6415e-16
6129.00	6.08815e-16
6130.50	6.07045e-16
6132.00	5.99393e-16
6133.50	6.14927e-16
6135.00	5.80995e-16
6136.50	6.01791e-16
6138.00	6.14361e-16
6139.50	5.4708e-16
6141.00	5.45725e-16
6142.50	6.14638e-16
6144.00	5.94603e-16
6145.50	5.2323e-16
6147.00	5.51649e-16
6148.50	5.99605e-16
6150.00	5.91196e-16
6151.50	6.09615e-16
6153.00	6.19128e-16
6154.50	6.11324e-16
6156.00	6.17564e-16
6157.50	6.15051e-16
6159.00	5.9707e-16
6160.50	6.00211e-16
6162.00	6.15381e-16
6163.50	6.4417e-16
6165.00	6.90852e-16
6166.50	6.66552e-16
6168.00	6.31876e-16
6169.50	6.50561e-16
6171.00	5.74329e-16
6172.50	6.02336e-16
6174.00	6.23029e-16
6175.50	6.20625e-16
6177.00	5.98506e-16
6178.50	5.89353e-16
6180.00	6.34385e-16
6181.50	6.13813e-16
6183.00	6.33261e-16
6184.50	6.21234e-16
6186.00	5.44693e-16
6187.50	5.93234e-16
6189.00	5.78693e-16
6190.50	5.66005e-16
6192.00	6.22243e-16
6193.50	6.00263e-16
6195.00	5.72632e-16
6196.50	5.98692e-16
6198.00	5.87458e-16
6199.50	5.60157e-16
6201.00	6.1431e-16
6202.50	6.23966e-16
6204.00	6.24822e-16
6205.50	5.72213e-16
6207.00	5.06037e-16
6208.50	5.38753e-16
6210.00	5.6473e-16
6211.50	5.18114e-16
6213.00	5.71437e-16
6214.50	5.88304e-16
6216.00	5.59298e-16
6217.50	5.2725e-16
6219.00	5.712e-16
6220.50	6.24288e-16
6222.00	5.45166e-16
6223.50	5.66971e-16
6225.00	6.29498e-16
6226.50	5.58678e-16
6228.00	4.75098e-16
6229.50	5.50399e-16
6231.00	6.14291e-16
6232.50	6.21141e-16
6234.00	5.42204e-16
6235.50	5.39534e-16
6237.00	5.27283e-16
6238.50	5.55275e-16
6240.00	5.1311e-16
6241.50	5.29343e-16
6243.00	5.70871e-16
6244.50	5.48619e-16
6246.00	5.39378e-16
6247.50	5.84621e-16
6249.00	5.99549e-16
6250.50	5.51892e-16
6252.00	5.31289e-16
6253.50	5.4225e-16
6255.00	5.12726e-16
6256.50	5.00069e-16
6258.00	5.35409e-16
6259.50	5.49881e-16
6261.00	5.47435e-16
6262.50	5.76579e-16
6264.00	6.06151e-16
6265.50	5.88629e-16
6267.00	6.08045e-16
6268.50	5.8512e-16
6270.00	5.44342e-16
6271.50	5.32818e-16
6273.00	5.29764e-16
6274.50	5.27723e-16
6276.00	5.17655e-16
6277.50	5.67599e-16
6279.00	5.4576e-16
6280.50	5.45402e-16
6282.00	5.67939e-16
6283.50	5.41475e-16
6285.00	5.53856e-16
6286.50	6.28857e-16
6288.00	6.0375e-16
6289.50	5.75298e-16
6291.00	5.78774e-16
6292.50	5.72908e-16
6294.00	6.22822e-16
6295.50	6.19531e-16
6297.00	6.13787e-16
6298.50	6.08043e-16
6300.00	6.023e-16
6301.50	5.96556e-16
6303.00	5.90812e-16
6306.00	5.26504e-16
6307.50	5.72763e-16
6309.00	5.61424e-16
6310.50	5.40792e-16
6312.00	5.45912e-16
6313.50	5.74167e-16
6315.00	6.23417e-16
6316.50	6.18574e-16
6318.00	5.95868e-16
6319.50	5.69393e-16
6321.00	5.30371e-16
6322.50	5.81546e-16
6324.00	6.08479e-16
6325.50	5.35167e-16
6327.00	4.93354e-16
6328.50	5.35484e-16
6330.00	5.83954e-16
6331.50	5.39453e-16
6333.00	5.20323e-16
6334.50	6.03735e-16
6336.00	6.44161e-16
6337.50	5.96534e-16
6339.00	5.33935e-16
6340.50	5.45286e-16
6342.00	5.99186e-16
6343.50	5.94629e-16
6345.00	5.7047e-16
6346.50	5.51482e-16
6348.00	5.3958e-16
6349.50	6.39738e-16
6351.00	6.50769e-16
6352.50	5.89009e-16
6354.00	5.18467e-16
6355.50	5.29993e-16
6357.00	5.55985e-16
6358.50	4.84558e-16
6360.00	5.01251e-16
6361.50	5.3705e-16
6363.00	5.45007e-16
6364.50	6.82465e-16
6366.00	7.20755e-16
6367.50	5.84635e-16
6369.00	5.76684e-16
6370.50	4.72289e-16
6372.00	4.77738e-16
6373.50	5.14066e-16
6375.00	5.29946e-16
6376.50	5.16137e-16
6378.00	5.43008e-16
6379.50	5.81931e-16
6381.00	5.5993e-16
6382.50	5.08277e-16
6384.00	5.28063e-16
6385.50	5.015e-16
6387.00	5.15053e-16
6388.50	5.26214e-16
6390.00	5.07708e-16
6391.50	5.95872e-16
6393.00	5.39111e-16
6394.50	5.16807e-16
6396.00	5.66225e-16
6397.50	5.43351e-16
6399.00	5.10895e-16
6400.50	5.05819e-16
6402.00	5.25794e-16
6403.50	5.51611e-16
6405.00	5.53983e-16
6406.50	5.5099e-16
6408.00	5.86866e-16
6409.50	5.83796e-16
6411.00	5.79684e-16
6412.50	5.84552e-16
6414.00	5.71382e-16
6415.50	5.78081e-16
6417.00	5.95394e-16
6418.50	5.6074e-16
6420.00	5.57575e-16
6421.50	5.03449e-16
6423.00	5.3073e-16
6424.50	5.6387e-16
6426.00	5.38924e-16
6427.50	5.79998e-16
6429.00	5.81074e-16
6430.50	5.62465e-16
6432.00	5.03619e-16
6433.50	5.52464e-16
6435.00	5.70302e-16
6436.50	5.03152e-16
6438.00	5.94211e-16
6439.50	5.45779e-16
6441.00	5.38018e-16
6442.50	6.09771e-16
6444.00	4.95229e-16
6445.50	5.07861e-16
6447.00	5.63314e-16
6448.50	5.46447e-16
6450.00	5.10858e-16
6451.50	5.18464e-16
6453.00	5.65723e-16
6454.50	5.22516e-16
6456.00	5.61627e-16
6457.50	5.77511e-16
6459.00	5.35497e-16
6460.50	5.0283e-16
6462.00	4.87172e-16
6463.50	5.35498e-16
6465.00	5.75564e-16
6466.50	5.58589e-16
6468.00	4.87515e-16
6469.50	5.00281e-16
6471.00	5.39264e-16
6472.50	4.73108e-16
6474.00	4.21115e-16
6475.50	4.71918e-16
6477.00	5.24985e-16
6478.50	5.71298e-16
6480.00	5.73472e-16
6481.50	5.41129e-16
6483.00	5.50073e-16
6484.50	5.43268e-16
6486.00	5.36859e-16
6487.50	5.63784e-16
6489.00	5.35445e-16
6490.50	5.18853e-16
6492.00	5.12845e-16
6493.50	5.56779e-16
6495.00	5.6649e-16
6496.50	5.76278e-16
6498.00	5.55323e-16
6499.50	5.14475e-16
6501.00	5.07852e-16
6502.50	5.52941e-16
6504.00	5.16415e-16
6505.50	5.17847e-16
6507.00	5.47007e-16
6508.50	5.39704e-16
6510.00	6.05851e-16
6511.50	5.38239e-16
6513.00	5.02674e-16
6514.50	5.75995e-16
6516.00	5.50645e-16
6517.50	5.05346e-16
6519.00	5.70312e-16
6520.50	5.86345e-16
6522.00	5.70073e-16
6523.50	5.33723e-16
6525.00	5.36755e-16
6526.50	6.3247e-16
6528.00	5.63265e-16
6529.50	5.19228e-16
6531.00	5.47137e-16
6532.50	5.37609e-16
6534.00	5.67188e-16
6535.50	5.61706e-16
6537.00	5.35492e-16
6538.50	5.55198e-16
6540.00	5.93102e-16
6541.50	5.92495e-16
6543.00	5.66615e-16
6544.50	5.96449e-16
6546.00	5.98719e-16
6547.50	5.48506e-16
6549.00	5.45633e-16
6550.50	5.63922e-16
6552.00	5.43572e-16
6553.50	5.06052e-16
6555.00	5.178e-16
6556.50	5.88028e-16
6558.00	5.92819e-16
6559.50	5.31831e-16
6561.00	5.43331e-16
6562.50	6.05809e-16
6564.00	6.58815e-16
6565.50	6.16945e-16
6567.00	5.36247e-16
6568.50	5.27193e-16
6570.00	5.47167e-16
6571.50	5.75804e-16
6573.00	5.62859e-16
6574.50	5.32739e-16
6576.00	4.98991e-16
6577.50	4.98037e-16
6579.00	5.62397e-16
6580.50	5.61856e-16
6582.00	5.67477e-16
6583.50	5.39858e-16
6585.00	5.77089e-16
6586.50	5.62378e-16
6588.00	5.95037e-16
6589.50	5.53761e-16
6591.00	5.305e-16
6592.50	5.70631e-16
6594.00	5.80887e-16
6595.50	5.81885e-16
6597.00	5.69735e-16
6598.50	6.43986e-16
6600.00	5.96323e-16
6601.50	5.6432e-16
6603.00	6.27548e-16
6604.50	6.37541e-16
6606.00	5.84378e-16
6607.50	5.37427e-16
6609.00	5.74471e-16
6610.50	5.6295e-16
6612.00	5.87319e-16
6613.50	6.29895e-16
6615.00	5.95633e-16
6616.50	5.6113e-16
6618.00	5.77106e-16
6619.50	6.34787e-16
6621.00	6.02254e-16
6622.50	5.58496e-16
6624.00	5.98129e-16
6625.50	6.21136e-16
6627.00	6.44413e-16
6628.50	6.3301e-16
6630.00	5.9515e-16
6631.50	5.88123e-16
6633.00	5.8382e-16
6634.50	5.37496e-16
6636.00	5.50916e-16
6637.50	6.00314e-16
6639.00	5.48614e-16
6640.50	5.62484e-16
6642.00	6.42792e-16
6643.50	6.01421e-16
6645.00	6.01026e-16
6646.50	6.27503e-16
6648.00	5.92136e-16
6649.50	5.51795e-16
6651.00	6.13721e-16
6652.50	5.30753e-16
6654.00	5.64148e-16
6655.50	5.87626e-16
6657.00	5.72141e-16
6658.50	5.97386e-16
6660.00	6.06918e-16
6661.50	5.93318e-16
6663.00	6.49204e-16
6664.50	6.42539e-16
6666.00	5.92914e-16
6667.50	5.56658e-16
6669.00	6.07926e-16
6670.50	5.64928e-16
6672.00	5.28753e-16
6673.50	5.96044e-16
6675.00	6.70653e-16
6676.50	8.07809e-16
6678.00	8.9392e-16
6679.50	9.20272e-16
6681.00	8.15313e-16
6682.50	6.71813e-16
6684.00	6.24828e-16
6685.50	5.78538e-16
6687.00	6.08397e-16
6688.50	5.63915e-16
6690.00	5.33225e-16
6691.50	5.74241e-16
6693.00	6.05889e-16
6694.50	6.47524e-16
6696.00	5.94613e-16
6697.50	6.69638e-16
6699.00	6.89282e-16
6700.50	6.18883e-16
6702.00	6.48079e-16
6703.50	6.29779e-16
6705.00	5.65846e-16
6706.50	5.00416e-16
6708.00	5.54952e-16
6709.50	5.74536e-16
6711.00	5.552e-16
6712.50	5.85255e-16
6714.00	5.209e-16
6715.50	5.42145e-16
6717.00	5.97845e-16
6718.50	6.02288e-16
6720.00	5.54649e-16
6721.50	4.94509e-16
6723.00	5.35645e-16
6724.50	5.7851e-16
6726.00	5.66133e-16
6727.50	5.66518e-16
6729.00	6.14601e-16
6730.50	5.75258e-16
6732.00	5.45927e-16
6733.50	5.9238e-16
6735.00	5.50903e-16
6736.50	5.42038e-16
6738.00	5.95187e-16
6739.50	5.60099e-16
6741.00	5.55356e-16
6742.50	6.00955e-16
6744.00	5.79282e-16
6745.50	5.61217e-16
6747.00	5.60296e-16
6748.50	5.5883e-16
6750.00	5.47083e-16
6751.50	5.62755e-16
6753.00	5.67024e-16
6754.50	5.64885e-16
6756.00	5.79057e-16
6757.50	5.30682e-16
6759.00	5.10286e-16
6760.50	5.4949e-16
6762.00	5.39589e-16
6763.50	4.9197e-16
6765.00	5.09829e-16
6766.50	5.63055e-16
6768.00	5.6444e-16
6769.50	5.49585e-16
6771.00	5.67373e-16
6772.50	5.64571e-16
6774.00	5.44144e-16
6775.50	5.44192e-16
6777.00	5.30867e-16
6778.50	5.30467e-16
6780.00	5.36882e-16
6781.50	5.14827e-16
6783.00	5.42558e-16
6784.50	5.92897e-16
6786.00	5.52042e-16
6787.50	5.29779e-16
6789.00	5.70391e-16
6790.50	5.24577e-16
6792.00	5.12541e-16
6793.50	5.28181e-16
6795.00	5.58076e-16
6796.50	6.04479e-16
6798.00	5.72199e-16
6799.50	5.19162e-16
6801.00	5.10319e-16
6802.50	5.26075e-16
6804.00	5.62806e-16
6805.50	5.09999e-16
6807.00	5.015e-16
6808.50	5.10421e-16
6810.00	5.36659e-16
6811.50	5.75083e-16
6813.00	5.22146e-16
6814.50	5.09685e-16
6816.00	5.55958e-16
6817.50	5.43133e-16
6819.00	5.89878e-16
6820.50	5.72391e-16
6822.00	5.00819e-16
6823.50	5.4243e-16
6825.00	5.76201e-16
6826.50	5.60987e-16
6828.00	5.32302e-16
6829.50	5.32572e-16
6831.00	5.42963e-16
6832.50	5.70403e-16
6834.00	5.83512e-16
6835.50	5.88941e-16
6837.00	5.81594e-16
6838.50	5.67489e-16
6840.00	5.12207e-16
6841.50	5.17318e-16
6843.00	4.74296e-16
6844.50	4.73843e-16
6846.00	5.82637e-16
6847.50	5.95857e-16
6849.00	5.75831e-16
6850.50	5.76703e-16
6852.00	5.43934e-16
6853.50	5.26194e-16
6855.00	5.29727e-16
6856.50	5.68643e-16
6858.00	4.75551e-16
6859.50	4.9169e-16
6861.00	5.2242e-16
6862.50	5.49622e-16
6864.00	5.70313e-16
6865.50	5.12909e-16
6867.00	4.33799e-16
6868.50	5.96419e-16
6870.00	5.64303e-16
6871.50	4.73197e-16
6873.00	4.85766e-16
6874.50	5.67788e-16
6876.00	5.26089e-16
6877.50	5.72316e-16
6879.00	5.3055e-16
6880.50	5.69582e-16
6882.00	5.32481e-16
6883.50	5.61325e-16
6885.00	4.72305e-16
6886.50	4.89546e-16
6888.00	4.71013e-16
6889.50	5.03917e-16
6891.00	5.00642e-16
6892.50	5.5864e-16
6894.00	5.95759e-16
6895.50	5.25293e-16
6897.00	5.11335e-16
6898.50	5.41771e-16
6900.00	5.03486e-16
6901.50	5.14851e-16
6903.00	5.85888e-16
6904.50	5.27902e-16
6906.00	4.88791e-16
6907.50	5.33027e-16
6909.00	5.54596e-16
6910.50	5.44939e-16
6912.00	5.00645e-16
6913.50	4.58936e-16
6915.00	4.75845e-16
6916.50	4.70859e-16
6918.00	4.97238e-16
6919.50	5.81486e-16
6921.00	5.53075e-16
6922.50	5.31195e-16
6924.00	5.47319e-16
6925.50	5.4002e-16
6927.00	5.12443e-16
6928.50	5.11915e-16
6930.00	5.24771e-16
6931.50	5.60027e-16
6933.00	5.90954e-16
6934.50	5.36734e-16
6936.00	5.41892e-16
6937.50	5.94967e-16
6939.00	5.77258e-16
6940.50	5.51244e-16
6942.00	5.2751e-16
6943.50	5.50393e-16
6945.00	4.97099e-16
6946.50	4.94695e-16
6948.00	5.57715e-16
6949.50	5.69618e-16
6951.00	4.98724e-16
6952.50	4.95223e-16
6954.00	5.09256e-16
6955.50	5.21973e-16
6957.00	4.962e-16
6958.50	4.57797e-16
6960.00	4.79816e-16
6961.50	5.37021e-16
6963.00	5.10747e-16
6964.50	5.03691e-16
6966.00	5.16912e-16
6967.50	5.33157e-16
6969.00	5.57492e-16
6970.50	5.45133e-16
6972.00	5.43821e-16
6973.50	5.40443e-16
6975.00	4.95932e-16
6976.50	5.21578e-16
6978.00	5.51945e-16
6979.50	5.31648e-16
6981.00	5.66752e-16
6982.50	5.78596e-16
6984.00	5.33157e-16
6985.50	5.53335e-16
6987.00	5.50466e-16
6988.50	5.43171e-16
6990.00	5.34851e-16
6991.50	5.03792e-16
6993.00	5.19879e-16
6994.50	5.13455e-16
6996.00	5.0374e-16
6997.50	5.21062e-16
6999.00	5.23693e-16
7000.50	5.20559e-16
7002.00	5.13979e-16
7003.50	5.3729e-16
7005.00	5.49462e-16
7006.50	5.21137e-16
7008.00	5.34457e-16
7009.50	5.92572e-16
7011.00	5.3461e-16
7012.50	5.05739e-16
7014.00	5.1492e-16
7015.50	4.74363e-16
7017.00	5.3002e-16
7018.50	5.77039e-16
7020.00	5.59176e-16
7021.50	4.95578e-16
7023.00	5.2138e-16
7024.50	5.27213e-16
7026.00	4.76791e-16
7027.50	4.60193e-16
7029.00	4.95241e-16
7030.50	5.00692e-16
7032.00	4.94453e-16
7033.50	5.08856e-16
7035.00	4.89352e-16
7036.50	5.05784e-16
7038.00	5.35637e-16
7039.50	5.39838e-16
7041.00	5.18961e-16
7042.50	4.97055e-16
7044.00	5.13533e-16
7045.50	5.43715e-16
7047.00	5.15502e-16
7048.50	4.96168e-16
7050.00	5.10237e-16
7051.50	4.65248e-16
7053.00	4.4504e-16
7054.50	4.9365e-16
7056.00	5.1269e-16
7057.50	5.46937e-16
7059.00	5.14121e-16
7060.50	4.78152e-16
7062.00	5.05221e-16
7063.50	4.66891e-16
7065.00	4.67859e-16
7066.50	5.44173e-16
7068.00	5.62344e-16
7069.50	5.09349e-16
7071.00	5.68456e-16
7072.50	6.23932e-16
7074.00	5.32166e-16
7075.50	4.74589e-16
7077.00	5.16168e-16
7078.50	5.23647e-16
7080.00	5.28474e-16
7081.50	4.67607e-16
7083.00	5.18653e-16
7084.50	5.5465e-16
7086.00	5.15997e-16
7087.50	5.16703e-16
7089.00	5.14939e-16
7090.50	5.44771e-16
7092.00	5.29956e-16
7093.50	5.19807e-16
7095.00	4.71023e-16
7096.50	4.41391e-16
7098.00	5.06083e-16
7099.50	4.90661e-16
7101.00	4.94965e-16
7102.50	5.49087e-16
7104.00	5.31222e-16
7105.50	5.04927e-16
7107.00	4.74665e-16
7108.50	4.72248e-16
7110.00	5.31665e-16
7111.50	5.60218e-16
7113.00	5.29143e-16
7114.50	4.71102e-16
7116.00	4.52325e-16
7117.50	5.25306e-16
7119.00	5.4224e-16
7120.50	4.95959e-16
7122.00	5.36465e-16
7123.50	5.37172e-16
7125.00	5.08128e-16
7126.50	4.92972e-16
7128.00	4.75249e-16
7129.50	4.71964e-16
7131.00	5.11711e-16
7132.50	5.39882e-16
7134.00	4.78583e-16
7135.50	4.99397e-16
7137.00	4.95791e-16
7138.50	5.21929e-16
7140.00	5.33657e-16
7141.50	5.35603e-16
7143.00	4.81642e-16
7144.50	5.00979e-16
7146.00	4.52094e-16
7147.50	4.29249e-16
7149.00	4.99373e-16
7150.50	5.22483e-16
7152.00	5.07301e-16
7153.50	4.20125e-16
7155.00	4.75719e-16
7156.50	5.36694e-16
7158.00	5.32894e-16
7159.50	5.41765e-16
7161.00	5.88996e-16
7162.50	5.5079e-16
7164.00	4.93768e-16
7165.50	5.42438e-16
7167.00	5.09455e-16
7168.50	5.05591e-16
7170.00	4.75133e-16
7171.50	4.86368e-16
7173.00	4.88064e-16
7174.50	4.7042e-16
7176.00	4.99984e-16
7177.50	5.02199e-16
7179.00	4.93699e-16
7180.50	5.04754e-16
7182.00	5.05114e-16
7183.50	4.84732e-16
7185.00	4.40669e-16
7186.50	4.26268e-16
7188.00	4.77789e-16
7189.50	5.22842e-16
7191.00	5.01555e-16
7192.50	4.69291e-16
7194.00	4.78826e-16
7195.50	4.79229e-16
7197.00	4.89446e-16
7198.50	4.87756e-16
7200.00	4.86066e-16
7201.50	4.84376e-16
7204.50	5.00826e-16
7206.00	4.97193e-16
7207.50	4.74363e-16
7209.00	5.09399e-16
7210.50	4.83739e-16
7212.00	5.18879e-16
7213.50	5.06792e-16
7215.00	4.95764e-16
7216.50	4.88196e-16
7218.00	5.40242e-16
7219.50	4.98084e-16
7221.00	5.36333e-16
7222.50	4.80236e-16
7224.00	4.81481e-16
7225.50	5.26918e-16
7227.00	4.86312e-16
7228.50	4.41804e-16
7230.00	4.75523e-16
7231.50	5.45178e-16
7233.00	5.45887e-16
7234.50	5.62272e-16
7236.00	5.54966e-16
7237.50	5.39633e-16
7239.00	5.76159e-16
7240.50	6.00797e-16
7242.00	5.43401e-16
7243.50	4.83429e-16
7245.00	4.91096e-16
7246.50	4.81794e-16
7248.00	5.09395e-16
7249.50	5.08986e-16
7251.00	5.24857e-16
7252.50	4.96452e-16
7254.00	5.21811e-16
7255.50	5.57258e-16
7257.00	4.79508e-16
7258.50	4.50318e-16
7260.00	4.30391e-16
7261.50	4.42565e-16
7263.00	4.81375e-16
7264.50	4.62829e-16
7266.00	4.52725e-16
7267.50	4.14567e-16
7269.00	4.26338e-16
7270.50	4.69769e-16
7272.00	5.1423e-16
7273.50	5.40747e-16
7275.00	4.65806e-16
7276.50	5.11527e-16
7278.00	5.22089e-16
7279.50	4.51221e-16
7281.00	4.77741e-16
7282.50	5.045e-16
7284.00	4.6481e-16
7285.50	4.13128e-16
7287.00	4.69029e-16
7288.50	4.92852e-16
7290.00	4.90865e-16
7291.50	4.80478e-16
7293.00	5.15443e-16
7294.50	4.76399e-16
7296.00	4.47881e-16
7297.50	4.7403e-16
7299.00	4.71272e-16
7300.50	5.00335e-16
7302.00	4.36854e-16
7303.50	4.34989e-16
7305.00	5.00707e-16
7306.50	5.17568e-16
7308.00	4.91072e-16
7309.50	4.35124e-16
7311.00	4.79803e-16
7312.50	5.20438e-16
7314.00	5.18498e-16
7315.50	4.9303e-16
7317.00	4.85538e-16
7318.50	4.81488e-16
7320.00	4.76263e-16
7321.50	5.21202e-16
7323.00	5.19743e-16
7324.50	4.4568e-16
7326.00	4.17339e-16
7327.50	5.04536e-16
7329.00	5.38772e-16
7330.50	5.15454e-16
7332.00	4.93218e-16
7333.50	4.35183e-16
7335.00	4.31075e-16
7336.50	4.69027e-16
7338.00	4.91232e-16
7339.50	5.13971e-16
7341.00	4.56751e-16
7342.50	4.15404e-16
7344.00	4.57848e-16
7345.50	4.88883e-16
7347.00	4.64136e-16
7348.50	4.4581e-16
7350.00	4.57731e-16
7351.50	4.60837e-16
7353.00	4.68985e-16
7354.50	4.664e-16
7356.00	5.05661e-16
7357.50	5.00732e-16
7359.00	5.29779e-16
7360.50	4.85275e-16
7362.00	5.18955e-16
7363.50	5.1626e-16
7365.00	5.16026e-16
7366.50	5.26579e-16
7368.00	4.9074e-16
7369.50	5.02371e-16
7371.00	4.87056e-16
7372.50	4.8979e-16
7374.00	4.75953e-16
7375.50	4.71355e-16
7377.00	4.71369e-16
7378.50	4.73975e-16
7380.00	4.9457e-16
7381.50	5.26898e-16
7383.00	4.77471e-16
7384.50	4.41387e-16
7386.00	4.23043e-16
7387.50	4.29269e-16
7389.00	5.15061e-16
7390.50	5.52498e-16
7392.00	5.00051e-16
7393.50	4.51926e-16
7395.00	4.24019e-16
7396.50	4.13615e-16
7398.00	4.71309e-16
7399.50	5.38803e-16
7401.00	5.49415e-16
7402.50	4.75086e-16
7404.00	4.97292e-16
7405.50	5.25642e-16
7407.00	4.86187e-16
7408.50	4.62965e-16
7410.00	4.76623e-16
7411.50	4.69799e-16
7413.00	4.494e-16
7414.50	4.5785e-16
7416.00	4.69799e-16
7417.50	4.34291e-16
7419.00	4.2435e-16
7420.50	4.64757e-16
7422.00	4.7598e-16
7423.50	4.68354e-16
7425.00	3.79888e-16
7426.50	3.79497e-16
7428.00	4.44197e-16
7429.50	4.45924e-16
7431.00	5.02795e-16
7432.50	4.77075e-16
7434.00	4.27041e-16
7435.50	5.01471e-16
7437.00	4.66305e-16
7438.50	4.18759e-16
7440.00	4.26514e-16
7441.50	4.62002e-16
7443.00	4.57173e-16
7444.50	4.42482e-16
7446.00	4.38719e-16
7447.50	4.58696e-16
7449.00	4.2951e-16
7450.50	4.16897e-16
7452.00	4.0688e-16
7453.50	4.28047e-16
7455.00	4.27951e-16
7456.50	5.29229e-16
7458.00	5.19685e-16
7459.50	4.80597e-16
7461.00	4.66652e-16
7462.50	4.03702e-16
7464.00	4.17827e-16
7465.50	4.95633e-16
7467.00	4.97516e-16
7468.50	5.13604e-16
7470.00	4.93455e-16
7471.50	4.82326e-16
7473.00	4.84042e-16
7474.50	4.86521e-16
7476.00	4.7188e-16
7477.50	5.02857e-16
7479.00	5.00603e-16
7480.50	4.53392e-16
7482.00	4.81089e-16
7483.50	4.79343e-16
7485.00	4.40541e-16
7486.50	4.85907e-16
7488.00	4.5112e-16
7489.50	4.17217e-16
7491.00	4.04472e-16
7492.50	4.16595e-16
7494.00	4.4109e-16
7495.50	5.00845e-16
7497.00	4.50623e-16
7498.50	4.0118e-16
7500.00	4.03658e-16
7501.50	4.12589e-16
7503.00	4.9417e-16
7504.50	4.7091e-16
7506.00	4.01391e-16
7507.50	4.51829e-16
7509.00	4.41083e-16
7510.50	4.04399e-16
7512.00	4.43693e-16
7513.50	3.94422e-16
7515.00	4.44384e-16
7516.50	4.36574e-16
7518.00	4.18996e-16
7519.50	4.09105e-16
7521.00	4.66305e-16
7522.50	4.38226e-16
7524.00	3.46768e-16
7525.50	4.09714e-16
7527.00	4.40939e-16
7528.50	3.85574e-16
7530.00	4.33855e-16
7531.50	4.17872e-16
7533.00	4.29254e-16
7534.50	4.47505e-16
7536.00	3.99384e-16
7537.50	3.99355e-16
7539.00	4.63845e-16
7540.50	4.55269e-16
