3357.83839107     6.31469e-17     
3361.92541712     6.13478e-17     
3366.01244317     1.52576e-18     
3370.09946923     6.04998e-17     
3374.18649528     2.20717e-17     
3378.27352133     2.22914e-17     
3382.36054738     4.91083e-18     
3386.44757343     -1.32227e-17    
3390.53459948     1.64537e-18     
3394.62162554     5.54814e-17     
3398.70865159     6.65662e-18     
3402.79567764     -4.07285e-18    
3406.88270369     8.01002e-18     
3410.96972974     -2.89223e-18    
3415.05675579     2.59476e-17     
3419.14378185     1.15321e-17     
3423.2308079      -7.49941e-18    
3427.31783395     5.18279e-17     
3431.40486        3.55657e-18     
3435.49188605     3.36238e-17     
3439.5789121      4.45203e-17     
3443.66593816     -4.76679e-18    
3447.75296421     -9.93182e-19    
3451.83999026     1.94123e-17     
3455.92701631     2.61252e-17     
3460.01404236     3.51247e-17     
3464.10106841     1.78829e-17     
3468.18809447     2.87537e-17     
3472.27512052     1.60914e-17     
3476.36214657     -8.75919e-18    
3480.44917262     7.52471e-18     
3484.53619867     -2.77557e-17    
3488.62322472     1.78327e-17     
3492.71025078     3.28878e-17     
3496.79727683     7.57572e-18     
3500.88430288     -3.30664e-19    
3504.97132893     1.94667e-17     
3509.05835498     2.87933e-17     
3513.14538104     3.81572e-17     
3517.23240709     1.12743e-17     
3521.31943314     2.61938e-17     
3525.40645919     -5.1738e-18     
3529.49348524     -1.22547e-17    
3533.58051129     2.62834e-17     
3537.66753735     -7.36835e-18    
3541.7545634      -1.3168e-17     
3545.84158945     -1.32934e-17    
3549.9286155      3.72831e-18     
3554.01564155     4.13449e-18     
3558.1026676      2.88351e-17     
3562.18969366     1.58673e-17     
3566.27671971     1.06586e-17     
3570.36374576     1.50871e-17     
3574.45077181     1.38879e-17     
3578.53779786     3.24749e-17     
3582.62482391     -4.92869e-18    
3586.71184997     1.11576e-17     
3590.79887602     2.55903e-17     
3594.88590207     9.51291e-19     
3598.97292812     1.73547e-17     
3603.05995417     8.59688e-18     
3607.14698022     2.16753e-17     
3611.23400628     2.51623e-17     
3615.32103233     1.02809e-17     
3619.40805838     2.53245e-17     
3623.49508443     2.87829e-17     
3627.58211048     1.34183e-17     
3631.66913653     1.55121e-17     
3635.75616259     1.99867e-17     
3639.84318864     1.69012e-17     
3643.93021469     2.05255e-17     
3648.01724074     1.64924e-17     
3652.10426679     1.61007e-17     
3656.19129285     1.74627e-17     
3660.2783189      8.26797e-18     
3664.36534495     2.20325e-17     
3668.452371       3.87814e-18     
3672.53939705     1.87831e-17     
3676.6264231      1.28579e-17     
3680.71344916     8.76737e-18     
3684.80047521     3.64629e-17     
3688.88750126     8.64874e-18     
3692.97452731     1.97463e-17     
3697.06155336     2.77398e-17     
3701.14857941     1.74658e-17     
3705.23560547     1.72802e-17     
3709.32263152     2.6252e-17      
3713.40965757     2.4418e-17      
3717.49668362     1.55003e-17     
3721.58370967     -6.19468e-19    
3725.67073572     2.43015e-17     
3729.75776178     9.52815e-18     
3733.84478783     1.82086e-17     
3737.93181388     1.11574e-17     
3742.01883993     1.61584e-17     
3746.10586598     1.82625e-17     
3750.19289203     1.43729e-17     
3754.27991809     1.13949e-17     
3758.36694414     1.21364e-17     
3762.45397019     5.31361e-18     
3766.54099624     8.31971e-18     
3770.62802229     1.55362e-17     
3774.71504834     1.57514e-17     
3778.8020744      1.96696e-17     
3782.88910045     7.5948e-18      
3786.9761265      1.21651e-17     
3791.06315255     6.32335e-18     
3795.1501786      1.94106e-17     
3799.23720465     1.38627e-17     
3803.32423071     7.90452e-18     
3807.41125676     1.34817e-17     
3811.49828281     1.58559e-17     
3815.58530886     1.15159e-17     
3819.67233491     1.53258e-17     
3823.75936097     1.56586e-17     
3827.84638702     2.69378e-17     
3831.93341307     1.28934e-17     
3836.02043912     1.32084e-17     
3840.10746517     1.15719e-17     
3844.19449122     1.43774e-17     
3848.28151728     2.09242e-17     
3852.36854333     1.93729e-17     
3856.45556938     2.21833e-17     
3860.54259543     1.15051e-17     
3864.62962148     9.79279e-18     
3868.71664753     2.41027e-17     
3872.80367359     1.82923e-17     
3876.89069964     8.08398e-18     
3880.97772569     1.60844e-17     
3885.06475174     2.34487e-17     
3889.15177779     2.04111e-17     
3893.23880384     1.66333e-17     
3897.3258299      1.78222e-17     
3901.41285595     1.9062e-17      
3905.499882       2.71938e-17     
3909.58690805     2.08521e-17     
3913.6739341      2.18381e-17     
3917.76096015     1.41014e-17     
3921.84798621     1.69013e-17     
3925.93501226     1.41122e-17     
3930.02203831     1.96249e-17     
3934.10906436     1.35632e-17     
3938.19609041     2.12362e-17     
3942.28311646     1.27601e-17     
3946.37014252     1.3939e-17      
3950.45716857     2.58818e-17     
3954.54419462     2.21579e-17     
3958.63122067     1.21044e-17     
3962.71824672     1.10254e-17     
3966.80527278     1.90353e-17     
3970.89229883     1.70927e-17     
3974.97932488     1.49541e-17     
3979.06635093     1.59655e-17     
3983.15337698     1.0758e-17      
3987.24040303     2.93376e-17     
3991.32742909     9.76813e-18     
3995.41445514     6.55973e-18     
3999.50148119     1.79734e-17     
4003.58850724     1.27823e-17     
4007.67553329     2.02448e-17     
4011.76255934     2.64672e-17     
4015.8495854      2.49766e-17     
4019.93661145     2.09975e-17     
4024.0236375      1.71439e-17     
4028.11066355     3.11439e-17     
4032.1976896      2.21734e-17     
4036.28471565     1.52942e-17     
4040.37174171     1.19167e-17     
4044.45876776     2.50759e-17     
4048.54579381     3.02801e-17     
4052.63281986     1.54186e-17     
4056.71984591     1.62572e-17     
4060.80687196     7.10253e-18     
4064.89389802     1.27033e-17     
4068.98092407     2.1965e-17      
4073.06795012     2.18897e-17     
4077.15497617     2.11307e-17     
4081.24200222     2.33783e-17     
4085.32902827     2.91729e-17     
4089.41605433     2.3002e-17      
4093.50308038     3.30757e-17     
4097.59010643     2.72642e-17     
4101.67713248     2.71078e-17     
4105.76415853     1.50295e-17     
4109.85118459     1.39518e-17     
4113.93821064     2.15951e-17     
4118.02523669     1.74004e-17     
4122.11226274     1.04531e-17     
4126.19928879     2.99978e-17     
4130.28631484     2.03921e-17     
4134.3733409      2.80404e-17     
4138.46036695     2.5615e-17      
4142.547393       1.10137e-17     
4146.63441905     2.2332e-17      
4150.7214451      1.34586e-17     
4154.80847115     2.1707e-17      
4158.89549721     1.5914e-17      
4162.98252326     7.33032e-18     
4167.06954931     1.69736e-17     
4171.15657536     1.06574e-17     
4175.24360141     6.73366e-18     
4179.33062746     1.96583e-17     
4183.41765352     7.45526e-18     
4187.50467957     1.27563e-17     
4191.59170562     9.64209e-18     
4195.67873167     1.67879e-17     
4199.76575772     1.28307e-17     
4203.85278377     1.93509e-17     
4207.93980983     3.1134e-17      
4212.02683588     3.03748e-17     
4216.11386193     1.99693e-17     
4220.20088798     1.40687e-17     
4224.28791403     5.9996e-18      
4228.37494008     1.42309e-17     
4232.46196614     2.00926e-17     
4236.54899219     9.91705e-18     
4240.63601824     1.76895e-17     
4244.72304429     1.77506e-17     
4248.81007034     2.01195e-17     
4252.8970964      1.7551e-17      
4256.98412245     1.90542e-17     
4261.0711485      2.12549e-17     
4265.15817455     1.27756e-17     
4269.2452006      1.3629e-17      
4273.33222665     2.03167e-17     
4277.41925271     1.4062e-17      
4281.50627876     1.8527e-17      
4285.59330481     2.25556e-17     
4289.68033086     9.38217e-18     
4293.76735691     1.85963e-17     
4297.85438296     1.51103e-17     
4301.94140902     2.05692e-17     
4306.02843507     1.42741e-17     
4310.11546112     1.04244e-17     
4314.20248717     1.60636e-17     
4318.28951322     1.74353e-17     
4322.37653927     1.90731e-17     
4326.46356533     2.26534e-17     
4330.55059138     1.21528e-17     
4334.63761743     1.44274e-17     
4338.72464348     9.09699e-18     
4342.81166953     1.02598e-17     
4346.89869558     2.36514e-17     
4350.98572164     2.72137e-17     
4355.07274769     1.74518e-17     
4359.15977374     1.96143e-17     
4363.24679979     1.99611e-17     
4367.33382584     8.19647e-18     
4371.42085189     2.09107e-17     
4375.50787795     2.05207e-17     
4379.594904       1.27003e-17     
4383.68193005     1.28942e-17     
4387.7689561      2.78802e-17     
4391.85598215     7.95085e-18     
4395.94300821     7.65328e-18     
4400.03003426     2.05738e-17     
4404.11706031     1.65974e-17     
4408.20408636     1.12609e-17     
4412.29111241     1.97877e-17     
4416.37813846     2.7242e-17      
4420.46516452     1.05389e-17     
4424.55219057     1.38358e-17     
4428.63921662     1.8621e-17      
4432.72624267     2.1891e-17      
4436.81326872     1.49804e-17     
4440.90029477     1.13111e-17     
4444.98732083     8.26462e-18     
4449.07434688     1.86992e-17     
4453.16137293     1.88886e-17     
4457.24839898     1.45035e-17     
4461.33542503     1.96948e-17     
4465.42245108     1.56453e-17     
4469.50947714     7.8459e-18      
4473.59650319     1.39115e-17     
4477.68352924     1.9864e-17      
4481.77055529     2.06072e-17     
4485.85758134     4.13733e-18     
4489.94460739     2.10969e-17     
4494.03163345     2.47754e-17     
4498.1186595      1.62074e-17     
4502.20568555     2.74946e-17     
4506.2927116      1.8825e-17      
4510.37973765     2.17291e-17     
4514.4667637      2.45784e-17     
4518.55378976     1.26409e-17     
4522.64081581     1.64729e-17     
4526.72784186     1.25835e-17     
4530.81486791     1.49272e-17     
4534.90189396     1.76892e-17     
4538.98892002     2.05487e-17     
4543.07594607     2.2603e-17      
4547.16297212     1.86813e-17     
4551.24999817     1.65138e-17     
4555.33702422     2.29952e-17     
4559.42405027     2.42494e-17     
4563.51107633     1.64158e-17     
4567.59810238     1.70264e-17     
4571.68512843     2.09602e-17     
4575.77215448     1.12929e-17     
4579.85918053     1.24918e-17     
4583.94620658     9.02864e-18     
4588.03323264     1.39444e-17     
4592.12025869     2.23988e-17     
4596.20728474     8.9961e-18      
4600.29431079     1.13203e-17     
4604.38133684     2.20892e-17     
4608.46836289     1.1934e-17      
4612.55538895     1.68394e-17     
4616.642415       1.3152e-17      
4620.72944105     1.76298e-17     
4624.8164671      1.46403e-17     
4628.90349315     1.80274e-17     
4632.9905192      2.04967e-17     
4637.07754526     1.89615e-17     
4641.16457131     1.18445e-17     
4645.25159736     1.62332e-17     
4649.33862341     1.09991e-17     
4653.42564946     1.5183e-17      
4657.51267551     1.35896e-17     
4661.59970157     9.156e-18       
4665.68672762     1.48531e-17     
4669.77375367     5.63961e-18     
4673.86077972     1.43441e-17     
4677.94780577     2.19057e-17     
4682.03483182     2.72156e-17     
4686.12185788     1.50667e-18     
4690.20888393     1.22845e-17     
4694.29590998     1.60112e-17     
4698.38293603     1.30396e-17     
4702.46996208     1.25411e-17     
4706.55698814     1.66545e-17     
4710.64401419     1.7293e-17      
4714.73104024     2.19958e-17     
4718.81806629     2.28618e-17     
4722.90509234     1.61858e-17     
4726.99211839     1.08874e-17     
4731.07914445     1.58437e-17     
4735.1661705      1.10844e-17     
4739.25319655     1.63268e-17     
4743.3402226      2.04921e-17     
4747.42724865     1.4846e-17      
4751.5142747      1.42639e-17     
4755.60130076     1.38835e-17     
4759.68832681     1.94952e-17     
4763.77535286     4.99423e-18     
4767.86237891     1.35149e-17     
4771.94940496     2.3397e-17      
4776.03643101     1.23203e-17     
4780.12345707     8.11668e-18     
4784.21048312     1.2941e-17      
4788.29750917     1.50881e-17     
4792.38453522     9.56985e-18     
4796.47156127     1.38221e-17     
4800.55858732     2.13624e-17     
4804.64561338     2.31197e-17     
4808.73263943     1.54967e-17     
4812.81966548     2.03786e-17     
4816.90669153     1.73296e-17     
4820.99371758     1.83713e-17     
4825.08074363     1.12028e-17     
4829.16776969     2.35166e-17     
4833.25479574     8.84756e-18     
4837.34182179     8.21001e-18     
4841.42884784     1.74875e-17     
4845.51587389     1.39946e-17     
4849.60289995     1.16665e-17     
4853.689926       2.00311e-17     
4857.77695205     8.79305e-18     
4861.8639781      1.56743e-17     
4865.95100415     1.29971e-17     
4870.0380302      1.6235e-17      
4874.12505626     1.55891e-17     
4878.21208231     1.93671e-17     
4882.29910836     1.73037e-17     
4886.38613441     2.30907e-17     
4890.47316046     9.93113e-18     
4894.56018651     1.20034e-17     
4898.64721257     1.41923e-17     
4902.73423862     1.13055e-17     
4906.82126467     8.33394e-18     
4910.90829072     1.22777e-17     
4914.99531677     1.69908e-17     
4919.08234282     2.12658e-17     
4923.16936888     1.22535e-17     
4927.25639493     1.64703e-17     
4931.34342098     1.25756e-17     
4935.43044703     3.34188e-18     
4939.51747308     7.83393e-18     
4943.60449913     9.97616e-18     
4947.69152519     1.4738e-17      
4951.77855124     1.28802e-17     
4955.86557729     1.41303e-17     
4959.95260334     7.1431e-18      
4964.03962939     8.43868e-18     
4968.12665544     1.53502e-17     
4972.2136815      1.94664e-17     
4976.30070755     1.52807e-17     
4980.3877336      1.38538e-17     
4984.47475965     1.39512e-17     
4988.5617857      7.4289e-18      
4992.64881176     2.7967e-17      
4996.73583781     1.72958e-17     
5000.82286386     1.6769e-17      
5004.90988991     1.57084e-17     
5008.99691596     1.58901e-17     
5013.08394201     1.49802e-17     
5017.17096807     1.17907e-17     
5021.25799412     2.35247e-17     
5025.34502017     1.82816e-17     
5029.43204622     2.04454e-17     
5033.51907227     2.82531e-17     
5037.60609832     2.46931e-17     
5041.69312438     1.83556e-17     
5045.78015043     1.4306e-17      
5049.86717648     1.50243e-17     
5053.95420253     2.00126e-17     
5058.04122858     2.19795e-17     
5062.12825463     2.31478e-17     
5066.21528069     1.0853e-17      
5070.30230674     1.71974e-17     
5074.38933279     2.29241e-17     
5078.47635884     2.06831e-17     
5082.56338489     2.04542e-17     
5086.65041094     1.76575e-17     
5090.737437       2.30756e-17     
5094.82446305     2.45633e-17     
5098.9114891      2.38889e-17     
5102.99851515     2.61124e-17     
5107.0855412      2.13001e-17     
5111.17256725     2.0451e-17      
5115.25959331     2.10016e-17     
5119.34661936     1.83447e-17     
5123.43364541     1.87003e-17     
5127.52067146     1.49706e-17     
5131.60769751     1.55493e-17     
5135.69472357     1.49739e-17     
5139.78174962     1.51911e-17     
5143.86877567     2.5409e-17      
5147.95580172     1.11642e-17     
5152.04282777     1.58836e-17     
5156.12985382     1.53937e-17     
5160.21687988     1.66517e-17     
5164.30390593     2.80019e-17     
5168.39093198     2.02213e-17     
5172.47795803     1.62534e-17     
5176.56498408     1.361e-17       
5180.65201013     2.52161e-17     
5184.73903619     1.7604e-17      
5188.82606224     1.58074e-17     
5192.91308829     2.17926e-17     
5197.00011434     2.19026e-17     
5201.08714039     2.03708e-17     
5205.17416644     1.08744e-17     
5209.2611925      1.71824e-17     
5213.34821855     1.60309e-17     
5217.4352446      2.21069e-17     
5221.52227065     2.17562e-17     
5225.6092967      1.46831e-17     
5229.69632275     1.63663e-17     
5233.78334881     2.26282e-17     
5237.87037486     1.41416e-17     
5241.95740091     1.6208e-17      
5246.04442696     2.00925e-17     
5250.13145301     1.29406e-17     
5254.21847906     1.23102e-17     
5258.30550512     1.77434e-17     
5262.39253117     1.80762e-17     
5266.47955722     1.95335e-17     
5270.56658327     1.5185e-17      
5274.65360932     1.55745e-17     
5278.74063538     1.89245e-17     
5282.82766143     1.27928e-17     
5286.91468748     1.29254e-17     
5291.00171353     2.2118e-17      
5295.08873958     1.63759e-17     
5299.17576563     1.54402e-17     
5303.26279169     1.82913e-17     
5307.34981774     1.66698e-17     
5311.43684379     1.17199e-17     
5315.52386984     1.30146e-17     
5319.61089589     2.22303e-17     
5323.69792194     1.4095e-17      
5327.784948       1.46238e-17     
5331.87197405     1.56116e-17     
5335.9590001      1.68126e-17     
5340.04602615     1.02385e-17     
5344.1330522      1.23339e-17     
5348.22007825     1.14444e-17     
5352.30710431     1.79927e-17     
5356.39413036     1.92913e-17     
5360.48115641     1.81239e-17     
5364.56818246     1.11749e-17     
5368.65520851     1.22897e-17     
5372.74223456     1.78237e-17     
5376.82926062     1.53401e-17     
5380.91628667     1.25805e-17     
5385.00331272     1.51092e-17     
5389.09033877     2.0276e-17      
5393.17736482     1.67317e-17     
5397.26439087     1.01387e-17     
5401.35141693     1.07875e-17     
5405.43844298     1.65692e-17     
5409.52546903     1.29791e-17     
5413.61249508     1.54504e-17     
5417.69952113     1.58597e-17     
5421.78654719     1.77512e-17     
5425.87357324     1.51671e-17     
5429.96059929     2.37575e-17     
5434.04762534     1.60134e-17     
5438.13465139     7.65476e-18     
5442.22167744     1.38216e-17     
5446.3087035      1.32411e-17     
5450.39572955     7.68154e-18     
5454.4827556      1.66844e-17     
5458.56978165     1.00861e-17     
5462.6568077      1.28767e-17     
5466.74383375     2.12228e-17     
5470.83085981     1.74301e-17     
5474.91788586     1.19425e-17     
5479.00491191     1.39761e-17     
5483.09193796     1.4447e-17      
5487.17896401     1.17195e-17     
5491.26599006     1.35464e-17     
5495.35301612     1.25373e-17     
5499.44004217     7.00297e-18     
5503.52706822     1.35874e-17     
5507.61409427     1.56562e-17     
5511.70112032     1.15478e-17     
5515.78814637     1.75314e-17     
5519.87517243     1.53399e-17     
5523.96219848     1.3708e-17      
5528.04922453     5.95012e-18     
5532.13625058     1.77801e-17     
5536.22327663     7.78289e-18     
5540.31030268     1.38196e-17     
5544.39732874     1.32111e-17     
5548.48435479     1.48892e-17     
5552.57138084     1.37231e-17     
5556.65840689     1.53178e-17     
5560.74543294     1.62987e-17     
5564.83245899     1.35174e-17     
5568.91948505     7.06508e-18     
5573.0065111      9.73645e-18     
5577.09353715     1.44336e-17     
5581.1805632      1.25043e-17     
5585.26758925     9.74295e-18     
5589.35461531     8.7008e-18      
5593.44164136     1.30271e-17     
5597.52866741     1.29785e-17     
5601.61569346     1.58915e-17     
5605.70271951     1.6241e-17      
5609.78974556     1.25857e-17     
5613.87677162     5.42724e-18     
5617.96379767     1.28137e-17     
5622.05082372     1.27291e-17     
5626.13784977     1.04262e-17     
5630.22487582     1.78978e-17     
5634.31190187     1.61559e-17     
5638.39892793     1.47154e-17     
5642.48595398     1.81326e-17     
5646.57298003     1.23596e-17     
5650.66000608     1.28645e-17     
5654.74703213     1.2734e-17      
5658.83405818     8.81201e-18     
5662.92108424     8.15721e-18     
5667.00811029     9.42195e-18     
5671.09513634     1.29534e-17     
5675.18216239     1.21903e-17     
5679.26918844     1.21745e-17     
5683.35621449     1.79463e-17     
5687.44324055     1.1962e-17      
5691.5302666      1.46973e-17     
5695.61729265     1.01605e-17     
5699.7043187      9.00279e-18     
5703.79134475     1.61787e-17     
5707.8783708      1.70464e-17     
5711.96539686     8.39255e-18     
5716.05242291     1.29855e-17     
5720.13944896     9.88853e-18     
5724.22647501     1.3449e-17      
5728.31350106     1.02883e-17     
5732.40052712     7.20012e-18     
5736.48755317     1.08811e-17     
5740.57457922     1.1383e-17      
5744.66160527     1.75156e-17     
5748.74863132     1.0528e-17      
5752.83565737     1.53807e-17     
5756.92268343     2.09338e-17     
5761.00970948     1.84404e-17     
5765.09673553     1.08501e-17     
5769.18376158     1.48564e-17     
5773.27078763     2.09552e-17     
5777.35781368     1.29135e-17     
5781.44483974     9.48004e-18     
5785.53186579     1.29464e-17     
5789.61889184     1.55668e-17     
5793.70591789     1.93533e-17     
5797.79294394     1.77371e-17     
5801.87996999     1.22998e-17     
5805.96699605     1.3618e-17      
5810.0540221      1.34881e-17     
5814.14104815     1.28599e-17     
5818.2280742      1.54441e-17     
5822.31510025     1.69138e-17     
5826.4021263      6.72256e-18     
5830.48915236     5.36521e-18     
5834.57617841     1.40796e-17     
5838.66320446     8.41593e-18     
5842.75023051     1.72406e-17     
5846.83725656     1.53564e-17     
5850.92428261     1.87994e-17     
5855.01130867     1.56339e-17     
5859.09833472     7.32318e-18     
5863.18536077     6.70892e-18     
5867.27238682     1.1012e-17      
5871.35941287     1.30363e-17     
5875.44643893     8.25652e-18     
5879.53346498     6.90668e-18     
5883.62049103     1.34052e-17     
5887.70751708     1.67559e-17     
5891.79454313     1.62903e-17     
5895.88156918     8.46728e-18     
5899.96859524     8.18848e-18     
5904.05562129     4.01412e-18     
5908.14264734     9.55958e-18     
5912.22967339     1.51286e-17     
5916.31669944     7.77847e-18     
5920.40372549     1.93367e-17     
5924.49075155     1.85453e-17     
5928.5777776      1.46279e-17     
5932.66480365     8.48228e-19     
5936.7518297      -1.17573e-18    
5940.83885575     6.94366e-18     
5944.9258818      1.13553e-17     
5949.01290786     1.75319e-17     
5953.09993391     1.36011e-17     
5957.18695996     1.08803e-17     
5961.27398601     1.53462e-17     
5965.36101206     8.30555e-18     
5969.44803811     1.79494e-17     
5973.53506417     1.00682e-17     
5977.62209022     1.03959e-17     
5981.70911627     1.27643e-17     
5985.79614232     1.39447e-17     
5989.88316837     1.56976e-17     
5993.97019442     1.13556e-17     
5998.05722048     1.3702e-17      
6002.14424653     1.75695e-17     
6006.23127258     1.23992e-17     
6010.31829863     1.27204e-17     
6014.40532468     1.3817e-17      
6018.49235074     5.72729e-18     
6022.57937679     1.28179e-17     
6026.66640284     1.44258e-17     
6030.75342889     1.04304e-17     
6034.84045494     6.42995e-18     
6038.92748099     7.2939e-18      
6043.01450705     1.18522e-17     
6047.1015331      1.21877e-17     
6051.18855915     1.5233e-17      
6055.2755852      1.79706e-17     
6059.36261125     1.88588e-17     
6063.4496373      1.59489e-17     
6067.53666336     1.50002e-17     
6071.62368941     1.72685e-17     
6075.71071546     1.67721e-17     
6079.79774151     1.46311e-17     
6083.88476756     1.76035e-17     
6087.97179361     1.83015e-17     
6092.05881967     2.10758e-17     
6096.14584572     1.7016e-17      
6100.23287177     1.97357e-17     
6104.31989782     1.59821e-17     
6108.40692387     2.00971e-17     
6112.49394992     1.79272e-17     
6116.58097598     2.11773e-17     
6120.66800203     2.16568e-17     
6124.75502808     1.4893e-17      
6128.84205413     1.31353e-17     
6132.92908018     1.93672e-17     
6137.01610623     2.49801e-17     
6141.10313229     1.78733e-17     
6145.19015834     1.27772e-17     
6149.27718439     1.33414e-17     
6153.36421044     6.69288e-18     
6157.45123649     1.27063e-17     
6161.53826255     1.44561e-17     
6165.6252886      1.80868e-17     
6169.71231465     2.23765e-17     
6173.7993407      1.23399e-17     
6177.88636675     2.27254e-17     
6181.9733928      2.31572e-17     
6186.06041886     1.5543e-17      
6190.14744491     1.59173e-17     
6194.23447096     1.58396e-17     
6198.32149701     1.3282e-17      
6202.40852306     1.62132e-17     
6206.49554911     1.68417e-17     
6210.58257517     1.21244e-17     
6214.66960122     1.3238e-17      
6218.75662727     1.54536e-17     
6222.84365332     7.53605e-18     
6226.93067937     1.19764e-17     
6231.01770542     1.41212e-17     
6235.10473148     1.47507e-17     
6239.19175753     1.65724e-17     
6243.27878358     1.54516e-17     
6247.36580963     1.10292e-17     
6251.45283568     1.23536e-17     
6255.53986173     1.60964e-17     
6259.62688779     1.75483e-17     
6263.71391384     1.72179e-17     
6267.80093989     1.88991e-17     
6271.88796594     1.92777e-17     
6275.97499199     2.15456e-17     
6280.06201804     1.52889e-17     
6284.1490441      1.53514e-17     
6288.23607015     1.01537e-17     
6292.3230962      1.51662e-17     
6296.41012225     1.86302e-17     
6300.4971483      1.68152e-17     
6304.58417435     2.07636e-17     
6308.67120041     2.68814e-17     
6312.75822646     1.7592e-17      
6316.84525251     9.76015e-18     
6320.93227856     1.23018e-17     
6325.01930461     1.42022e-17     
6329.10633067     6.00837e-18     
6333.19335672     1.11531e-17     
6337.28038277     1.14871e-17     
6341.36740882     1.36335e-17     
6345.45443487     1.01486e-17     
6349.54146092     1.56973e-17     
6353.62848698     1.32172e-17     
6357.71551303     7.70083e-18     
6361.80253908     9.92292e-18     
6365.88956513     2.06666e-17     
6369.97659118     1.90272e-17     
6374.06361723     9.36064e-18     
6378.15064329     8.69136e-18     
6382.23766934     1.65036e-17     
6386.32469539     9.35607e-18     
6390.41172144     1.8933e-17      
6394.49874749     1.546e-17       
6398.58577354     1.66506e-17     
6402.6727996      2.04514e-17     
6406.75982565     1.87847e-17     
6410.8468517      6.50268e-18     
6414.93387775     4.73402e-18     
6419.0209038      1.66387e-17     
6423.10792985     2.10438e-17     
6427.19495591     1.39906e-17     
6431.28198196     5.83818e-18     
6435.36900801     1.35132e-17     
6439.45603406     2.08309e-17     
6443.54306011     1.10878e-17     
6447.63008616     1.64935e-17     
6451.71711222     1.12986e-17     
6455.80413827     1.13036e-17     
6459.89116432     1.68974e-17     
6463.97819037     1.12498e-17     
6468.06521642     8.52234e-18     
6472.15224248     1.48646e-17     
6476.23926853     1.38148e-17     
6480.32629458     1.43978e-17     
6484.41332063     1.57691e-17     
6488.50034668     7.74616e-18     
6492.58737273     4.53967e-18     
6496.67439879     8.83683e-18     
6500.76142484     1.75201e-17     
6504.84845089     1.04063e-17     
6508.93547694     1.26528e-17     
6513.02250299     1.49416e-17     
6517.10952904     8.79236e-18     
6521.1965551      3.901e-18       
6525.28358115     1.18338e-17     
6529.3706072      1.46322e-17     
6533.45763325     9.52006e-18     
6537.5446593      1.23938e-17     
6541.63168535     1.00837e-17     
6545.71871141     1.17573e-17     
6549.80573746     1.10078e-17     
6553.89276351     1.82318e-18     
6557.97978956     1.40591e-17     
6562.06681561     1.14094e-17     
6566.15384166     3.29094e-18     
6570.24086772     7.06831e-18     
6574.32789377     1.80392e-17     
6578.41491982     1.48006e-17     
6582.50194587     1.09712e-17     
6586.58897192     9.71013e-18     
6590.67599797     1.22383e-17     
6594.76302403     1.70951e-17     
6598.85005008     1.72207e-17     
6602.93707613     7.39374e-18     
6607.02410218     1.22188e-17     
6611.11112823     1.01962e-17     
6615.19815429     8.68389e-18     
6619.28518034     1.64016e-17     
6623.37220639     1.40965e-17     
6627.45923244     5.46506e-18     
6631.54625849     4.68117e-18     
6635.63328454     1.47052e-17     
6639.7203106      1.31566e-17     
6643.80733665     6.29379e-18     
6647.8943627      1.3038e-17      
6651.98138875     1.02637e-17     
6656.0684148      1.0241e-17      
6660.15544085     1.37138e-17     
6664.24246691     8.92545e-18     
6668.32949296     7.94402e-18     
6672.41651901     1.74902e-17     
6676.50354506     7.41768e-18     
6680.59057111     9.3295e-18      
6684.67759716     1.16506e-17     
6688.76462322     1.27791e-17     
6692.85164927     1.67396e-17     
6696.93867532     1.55184e-17     
6701.02570137     1.68758e-17     
6705.11272742     1.79332e-17     
6709.19975347     1.8325e-17      
6713.28677953     9.00803e-18     
6717.37380558     1.76349e-17     
6721.46083163     2.2772e-17      
6725.54785768     2.76779e-17     
6729.63488373     1.99904e-17     
6733.72190978     1.97652e-17     
6737.80893584     2.09431e-17     
6741.89596189     2.63499e-17     
6745.98298794     3.43903e-17     
6750.07001399     2.7717e-17      
6754.15704004     2.41211e-17     
6758.2440661      3.48089e-17     
6762.33109215     3.35544e-17     
6766.4181182      3.04286e-17     
6770.50514425     2.6245e-17      
6774.5921703      3.62107e-17     
6778.67919635     3.96453e-17     
6782.76622241     3.51143e-17     
6786.85324846     3.68396e-17     
6790.94027451     3.19874e-17     
6795.02730056     2.93672e-17     
6799.11432661     3.33896e-17     
6803.20135266     3.55306e-17     
6807.28837872     3.61164e-17     
6811.37540477     3.3221e-17      
6815.46243082     3.59352e-17     
6819.54945687     4.07537e-17     
6823.63648292     3.95794e-17     
6827.72350897     3.3868e-17      
6831.81053503     3.19284e-17     
6835.89756108     3.61827e-17     
6839.98458713     2.99739e-17     
6844.07161318     3.15154e-17     
6848.15863923     3.51667e-17     
6852.24566528     3.27878e-17     
6856.33269134     3.0755e-17      
6860.41971739     3.28418e-17     
6864.50674344     3.37846e-17     
6868.59376949     2.24911e-17     
6872.68079554     1.48576e-17     
6876.76782159     2.80499e-17     
6880.85484765     2.26069e-17     
6884.9418737      3.48381e-17     
6889.02889975     2.81843e-17     
6893.1159258      3.08251e-17     
6897.20295185     3.07083e-17     
6901.28997791     2.82364e-17     
6905.37700396     2.90502e-17     
6909.46403001     2.97881e-17     
6913.55105606     2.18849e-17     
6917.63808211     2.52407e-17     
6921.72510816     3.72291e-17     
6925.81213422     2.44728e-17     
6929.89916027     2.33581e-17     
6933.98618632     1.62879e-17     
6938.07321237     3.29664e-17     
6942.16023842     3.02997e-17     
6946.24726447     2.41218e-17     
6950.33429053     3.23002e-17     
6954.42131658     2.48964e-17     
6958.50834263     1.65282e-17     
6962.59536868     2.32998e-17     
6966.68239473     2.24053e-17     
6970.76942078     1.51608e-17     
6974.85644684     1.66807e-17     
6978.94347289     2.41635e-17     
6983.03049894     2.46049e-17     
6987.11752499     2.58947e-17     
6991.20455104     2.62533e-17     
6995.29157709     2.10079e-17     
6999.37860315     1.66149e-17     
7003.4656292      1.91281e-17     
7007.55265525     2.86193e-17     
7011.6396813      2.66814e-17     
7015.72670735     1.59683e-17     
7019.8137334      2.2158e-17      
7023.90075946     2.64128e-17     
7027.98778551     2.12049e-17     
7032.07481156     2.05708e-17     
7036.16183761     1.68376e-17     
7040.24886366     2.22233e-17     
7044.33588972     1.15261e-17     
7048.42291577     1.33128e-17     
7052.50994182     1.94583e-17     
7056.59696787     1.73705e-17     
7060.68399392     2.01137e-17     
7064.77101997     1.47299e-17     
7068.85804603     1.28177e-17     
7072.94507208     2.11829e-17     
7077.03209813     1.88e-17        
7081.11912418     1.54552e-17     
7085.20615023     1.5644e-17      
7089.29317628     2.70867e-17     
7093.38020234     2.37347e-17     
7097.46722839     1.81863e-17     
7101.55425444     1.939e-17       
7105.64128049     1.68368e-17     
7109.72830654     1.54618e-17     
7113.81533259     1.25036e-17     
7117.90235865     1.18827e-17     
7121.9893847      2.41639e-17     
7126.07641075     1.52519e-17     
7130.1634368      3.85538e-18     
7134.25046285     1.32569e-17     
7138.3374889      1.19978e-17     
7142.42451496     1.72741e-17     
7146.51154101     1.56535e-17     
7150.59856706     1.47631e-17     
7154.68559311     1.21851e-17     
7158.77261916     1.22955e-17     
7162.85964521     1.47008e-17     
7166.94667127     9.13549e-18     
7171.03369732     1.78084e-17     
7175.12072337     1.0491e-17      
7179.20774942     5.90155e-18     
7183.29477547     1.40488e-17     
7187.38180152     6.85279e-18     
7191.46882758     1.45343e-17     
7195.55585363     1.73213e-17     
7199.64287968     6.46816e-18     
7203.72990573     1.03547e-17     
7207.81693178     1.51087e-17     
7211.90395784     1.71383e-17     
7215.99098389     1.38626e-17     
7220.07800994     8.76787e-18     
7224.16503599     1.26433e-17     
7228.25206204     1.57706e-17     
7232.33908809     7.9741e-18      
7236.42611415     6.64398e-18     
7240.5131402      1.17703e-17     
7244.60016625     5.64351e-18     
7248.6871923      8.52517e-18     
7252.77421835     9.98181e-18     
7256.8612444      9.15452e-18     
7260.94827046     1.16348e-17     
7265.03529651     1.08219e-17     
7269.12232256     1.27941e-17     
7273.20934861     1.73759e-17     
7277.29637466     1.10403e-17     
7281.38340071     8.07434e-18     
7285.47042677     1.45722e-17     
7289.55745282     1.80155e-17     
7293.64447887     1.48687e-17     
7297.73150492     1.40245e-17     
7301.81853097     1.76214e-17     
7305.90555702     2.04488e-17     
7309.99258308     1.96467e-17     
7314.07960913     1.32056e-17     
7318.16663518     1.43881e-17     
7322.25366123     2.55469e-17     
7326.34068728     1.33068e-17     
7330.42771333     1.93807e-17     
7334.51473939     1.96402e-17     
7338.60176544     1.75662e-17     
7342.68879149     1.34371e-17     
7346.77581754     1.30274e-17     
7350.86284359     1.72802e-17     
7354.94986965     1.55071e-17     
7359.0368957      1.64444e-17     
7363.12392175     1.893e-17       
7367.2109478      2.16072e-17     
7371.29797385     1.30032e-17     
7375.3849999      1.10605e-17     
7379.47202596     1.52669e-17     
7383.55905201     1.81764e-17     
7387.64607806     1.93151e-17     
7391.73310411     1.38034e-17     
7395.82013016     8.98285e-18     
7399.90715621     9.44872e-18     
7403.99418227     1.58699e-17     
7408.08120832     1.89563e-17     
7412.16823437     1.25452e-17     
7416.25526042     1.15872e-17     
7420.34228647     6.73216e-18     
7424.42931252     1.89236e-17     
7428.51633858     1.06502e-17     
7432.60336463     1.07412e-17     
7436.69039068     1.57388e-17     
7440.77741673     2.14583e-17     
7444.86444278     1.06976e-17     
7448.95146883     1.02834e-17     
7453.03849489     1.69729e-17     
7457.12552094     1.55983e-17     
7461.21254699     1.58087e-17     
7465.29957304     8.28271e-18     
7469.38659909     -2.1318e-18     
7473.47362514     3.50312e-18     
7477.5606512      1.29579e-17     
7481.64767725     2.1344e-17      
7485.7347033      1.50997e-17     
