3720.00	2.48978e-16
3721.50	3.0145e-16
3723.00	3.13237e-16
3724.50	3.14142e-16
3726.00	4.1627e-16
3727.50	5.47383e-16
3729.00	4.15521e-16
3730.50	3.5197e-16
3732.00	4.11795e-16
3733.50	3.56252e-16
3735.00	4.11107e-16
3736.50	4.6576e-16
3738.00	4.16979e-16
3739.50	4.76087e-16
3741.00	4.71739e-16
3742.50	1.99649e-16
3744.00	3.14779e-16
3745.50	3.76498e-16
3747.00	1.87637e-16
3748.50	2.00561e-16
3750.00	2.64919e-16
3751.50	1.55193e-16
3753.00	4.03178e-16
3754.50	3.97292e-16
3756.00	5.09098e-16
3757.50	6.85882e-16
3759.00	5.49618e-16
3760.50	4.74742e-16
3762.00	5.7688e-16
3763.50	5.56437e-16
3765.00	5.00649e-16
3766.50	4.21524e-16
3768.00	3.52597e-16
3769.50	3.18165e-16
3771.00	2.36165e-16
3772.50	2.71782e-16
3774.00	2.30104e-16
3775.50	2.98899e-16
3777.00	3.83462e-16
3778.50	3.40766e-16
3780.00	3.36264e-16
3781.50	3.01249e-16
3783.00	4.57706e-16
3784.50	4.78259e-16
3786.00	3.84199e-16
3787.50	3.365e-16
3789.00	2.89457e-16
3790.50	2.58701e-16
3792.00	3.01341e-16
3793.50	3.6028e-16
3795.00	4.10972e-16
3796.50	2.9063e-16
3798.00	2.62249e-16
3799.50	4.45308e-16
3801.00	4.84453e-16
3802.50	3.56684e-16
3804.00	3.01008e-16
3805.50	3.58041e-16
3807.00	4.05833e-16
3808.50	3.80223e-16
3810.00	3.641e-16
3811.50	4.02484e-16
3813.00	4.76873e-16
3814.50	4.90781e-16
3816.00	3.75144e-16
3817.50	2.73342e-16
3819.00	3.28988e-16
3820.50	2.7354e-16
3822.00	2.75272e-16
3823.50	5.09471e-16
3825.00	5.16644e-16
3826.50	3.1748e-16
3828.00	2.73585e-16
3829.50	5.64857e-16
3831.00	5.29459e-16
3832.50	2.65288e-16
3834.00	2.31745e-16
3835.50	4.08206e-16
3837.00	4.11275e-16
3838.50	5.00661e-16
3840.00	3.88275e-16
3841.50	3.37328e-16
3843.00	3.25578e-16
3844.50	4.00191e-16
3846.00	4.32759e-16
3847.50	4.34271e-16
3849.00	3.69361e-16
3850.50	3.40606e-16
3852.00	3.15169e-16
3853.50	4.23812e-16
3855.00	4.00654e-16
3856.50	3.7863e-16
3858.00	4.62019e-16
3859.50	4.22289e-16
3861.00	4.2934e-16
3862.50	5.09372e-16
3864.00	5.38341e-16
3865.50	3.95848e-16
3867.00	3.91723e-16
3868.50	4.29803e-16
3870.00	4.54413e-16
3871.50	2.91575e-16
3873.00	2.88853e-16
3874.50	3.61835e-16
3876.00	2.91757e-16
3877.50	3.12911e-16
3879.00	4.04695e-16
3880.50	4.46404e-16
3882.00	5.50301e-16
3883.50	4.72975e-16
3885.00	2.54392e-16
3886.50	3.78013e-16
3888.00	3.28207e-16
3889.50	2.67962e-16
3891.00	4.61667e-16
3892.50	4.5721e-16
3894.00	4.02867e-16
3895.50	3.67539e-16
3897.00	4.12758e-16
3898.50	4.53104e-16
3900.00	5.05898e-16
3901.50	5.24083e-16
3903.00	5.13241e-16
3904.50	4.73736e-16
3906.00	3.69513e-16
3907.50	4.31311e-16
3909.00	4.6453e-16
3910.50	4.88966e-16
3912.00	5.68713e-16
3913.50	5.66347e-16
3915.00	4.29288e-16
3916.50	3.20291e-16
3918.00	4.13308e-16
3919.50	3.76222e-16
3921.00	3.47669e-16
3922.50	3.60501e-16
3924.00	3.61625e-16
3925.50	3.22721e-16
3927.00	3.48372e-16
3928.50	4.05678e-16
3930.00	5.38662e-16
3931.50	5.47102e-16
3933.00	3.56518e-16
3934.50	3.22581e-16
3936.00	4.0188e-16
3937.50	3.67654e-16
3939.00	4.25217e-16
3940.50	4.88313e-16
3942.00	4.92908e-16
3943.50	4.31437e-16
3945.00	3.31627e-16
3946.50	3.57182e-16
3948.00	4.33268e-16
3949.50	4.22202e-16
3951.00	5.01277e-16
3952.50	3.8671e-16
3954.00	3.22491e-16
3955.50	3.87209e-16
3957.00	4.55819e-16
3958.50	3.96858e-16
3960.00	3.71316e-16
3961.50	3.9231e-16
3963.00	3.36576e-16
3964.50	3.13504e-16
3966.00	4.4462e-16
3967.50	2.76246e-16
3969.00	3.4139e-16
3970.50	4.32287e-16
3972.00	4.04973e-16
3973.50	4.36189e-16
3975.00	4.73006e-16
3976.50	3.20626e-16
3978.00	3.3769e-16
3979.50	4.65412e-16
3981.00	4.37534e-16
3982.50	3.98213e-16
3984.00	3.69317e-16
3985.50	3.60184e-16
3987.00	3.71675e-16
3988.50	4.81818e-16
3990.00	4.49613e-16
3991.50	3.52426e-16
3993.00	4.2248e-16
3994.50	4.09031e-16
3996.00	4.42744e-16
3997.50	4.78954e-16
3999.00	4.06313e-16
4000.50	3.72261e-16
4002.00	4.15705e-16
4003.50	4.29455e-16
4005.00	4.28166e-16
4006.50	4.11137e-16
4008.00	3.60937e-16
4009.50	3.84572e-16
4011.00	3.72112e-16
4012.50	4.25727e-16
4014.00	4.14702e-16
4015.50	3.52276e-16
4017.00	4.33947e-16
4018.50	3.85299e-16
4020.00	4.40743e-16
4021.50	5.32162e-16
4023.00	4.49414e-16
4024.50	3.69317e-16
4026.00	3.91329e-16
4027.50	3.76612e-16
4029.00	2.55756e-16
4030.50	2.97456e-16
4032.00	3.0471e-16
4033.50	3.63587e-16
4035.00	4.03921e-16
4036.50	4.65958e-16
4038.00	4.40375e-16
4039.50	4.25596e-16
4041.00	3.92029e-16
4042.50	4.76538e-16
4044.00	3.9153e-16
4045.50	2.99283e-16
4047.00	3.62716e-16
4048.50	3.97731e-16
4050.00	3.81557e-16
4051.50	3.07214e-16
4053.00	4.05189e-16
4054.50	2.40491e-16
4056.00	3.04079e-16
4057.50	4.69043e-16
4059.00	3.67403e-16
4060.50	4.35158e-16
4062.00	4.46144e-16
4063.50	3.70387e-16
4065.00	3.98506e-16
4066.50	3.06648e-16
4068.00	4.16863e-16
4069.50	4.20557e-16
4071.00	3.09732e-16
4072.50	3.37056e-16
4074.00	4.03709e-16
4075.50	3.7523e-16
4077.00	2.90197e-16
4078.50	3.11944e-16
4080.00	3.70953e-16
4081.50	4.07865e-16
4083.00	4.45185e-16
4084.50	4.74966e-16
4086.00	4.38633e-16
4087.50	4.32143e-16
4089.00	4.10368e-16
4090.50	3.71715e-16
4092.00	3.24164e-16
4093.50	2.41877e-16
4095.00	3.46756e-16
4096.50	3.56416e-16
4098.00	2.79342e-16
4099.50	3.1123e-16
4101.00	2.94165e-16
4102.50	2.49663e-16
4104.00	3.51638e-16
4105.50	3.50418e-16
4107.00	2.90377e-16
4108.50	3.12694e-16
4110.00	4.03515e-16
4111.50	3.99219e-16
4113.00	3.55651e-16
4114.50	3.51142e-16
4116.00	4.40457e-16
4117.50	4.72307e-16
4119.00	3.50167e-16
4120.50	3.21338e-16
4122.00	4.53768e-16
4123.50	3.92565e-16
4125.00	4.01261e-16
4126.50	3.96548e-16
4128.00	3.69808e-16
4129.50	3.40768e-16
4131.00	3.16932e-16
4132.50	3.3294e-16
4134.00	4.31788e-16
4135.50	5.14064e-16
4137.00	5.14363e-16
4138.50	5.66551e-16
4140.00	4.37684e-16
4141.50	3.33885e-16
4143.00	3.21886e-16
4144.50	3.58891e-16
4146.00	4.27929e-16
4147.50	4.36816e-16
4149.00	3.96189e-16
4150.50	3.69827e-16
4152.00	3.61897e-16
4153.50	3.73805e-16
4155.00	3.95695e-16
4156.50	3.33151e-16
4158.00	3.17293e-16
4159.50	3.37284e-16
4161.00	3.33459e-16
4162.50	2.92196e-16
4164.00	3.44315e-16
4165.50	3.46535e-16
4167.00	3.09629e-16
4168.50	3.50354e-16
4170.00	3.47297e-16
4171.50	3.7083e-16
4173.00	3.60398e-16
4174.50	3.7426e-16
4176.00	4.13732e-16
4177.50	3.40939e-16
4179.00	2.83918e-16
4180.50	2.94965e-16
4182.00	3.64011e-16
4183.50	3.6491e-16
4185.00	3.14256e-16
4186.50	3.49896e-16
4188.00	3.92725e-16
4189.50	3.18444e-16
4191.00	2.68264e-16
4192.50	3.61171e-16
4194.00	3.41534e-16
4195.50	3.70069e-16
4197.00	4.32985e-16
4198.50	3.22293e-16
4200.00	3.80274e-16
4201.50	4.48985e-16
4203.00	3.47202e-16
4204.50	3.53212e-16
4206.00	4.20506e-16
4207.50	4.46688e-16
4209.00	4.04662e-16
4210.50	3.62302e-16
4212.00	3.40306e-16
4213.50	3.64817e-16
4215.00	4.16859e-16
4216.50	4.13646e-16
4218.00	3.45153e-16
4219.50	3.50656e-16
4221.00	3.82253e-16
4222.50	3.45191e-16
4224.00	3.29377e-16
4225.50	3.38683e-16
4227.00	3.47491e-16
4228.50	3.57199e-16
4230.00	3.74976e-16
4231.50	3.36816e-16
4233.00	3.07533e-16
4234.50	3.12422e-16
4236.00	2.95942e-16
4237.50	3.22493e-16
4239.00	3.93104e-16
4240.50	4.30033e-16
4242.00	4.5598e-16
4243.50	4.05054e-16
4245.00	3.78644e-16
4246.50	3.88523e-16
4248.00	3.79382e-16
4249.50	4.18884e-16
4251.00	3.49552e-16
4252.50	3.03784e-16
4254.00	3.58924e-16
4255.50	4.44988e-16
4257.00	3.56149e-16
4258.50	3.4746e-16
4260.00	4.13539e-16
4261.50	3.54947e-16
4263.00	4.62269e-16
4264.50	4.9484e-16
4266.00	3.97286e-16
4267.50	4.0542e-16
4269.00	4.04092e-16
4270.50	4.7595e-16
4272.00	3.97722e-16
4273.50	3.56195e-16
4275.00	3.63616e-16
4276.50	3.59346e-16
4278.00	3.55655e-16
4279.50	4.29273e-16
4281.00	3.82419e-16
4282.50	3.5706e-16
4284.00	3.28218e-16
4285.50	3.65626e-16
4287.00	3.7364e-16
4288.50	3.78366e-16
4290.00	3.85002e-16
4291.50	3.84467e-16
4293.00	3.2346e-16
4294.50	3.70397e-16
4296.00	4.58237e-16
4297.50	4.58542e-16
4299.00	4.23466e-16
4300.50	3.16684e-16
4302.00	2.89473e-16
4303.50	2.87304e-16
4305.00	2.87362e-16
4306.50	3.32995e-16
4308.00	3.61661e-16
4309.50	4.00063e-16
4311.00	4.1816e-16
4312.50	4.21874e-16
4314.00	4.13248e-16
4315.50	3.54491e-16
4317.00	3.70352e-16
4318.50	4.24156e-16
4320.00	4.35983e-16
4321.50	4.41076e-16
4323.00	4.51823e-16
4324.50	3.93375e-16
4326.00	4.30906e-16
4327.50	4.14151e-16
4329.00	4.43271e-16
4330.50	4.55505e-16
4332.00	4.21085e-16
4333.50	4.46698e-16
4335.00	4.40014e-16
4336.50	3.76442e-16
4338.00	4.6151e-16
4339.50	4.64052e-16
4341.00	4.08985e-16
4342.50	3.89662e-16
4344.00	4.36096e-16
4345.50	4.82275e-16
4347.00	4.66456e-16
4348.50	4.16948e-16
4350.00	4.64511e-16
4351.50	4.56415e-16
4353.00	4.07906e-16
4354.50	4.75354e-16
4356.00	4.31462e-16
4357.50	4.15871e-16
4359.00	4.62837e-16
4360.50	4.67753e-16
4362.00	4.89471e-16
4363.50	4.6314e-16
4365.00	4.78307e-16
4366.50	4.81367e-16
4368.00	5.53396e-16
4369.50	6.14649e-16
4371.00	6.47479e-16
4372.50	6.47431e-16
4374.00	6.1563e-16
4375.50	5.9482e-16
4377.00	5.87505e-16
4378.50	5.83207e-16
4380.00	5.58118e-16
4381.50	5.29324e-16
4383.00	4.77048e-16
4384.50	4.16617e-16
4386.00	4.46742e-16
4387.50	4.38862e-16
4389.00	4.29402e-16
4390.50	5.37845e-16
4392.00	5.25634e-16
4393.50	4.7502e-16
4395.00	4.84651e-16
4396.50	4.71085e-16
4398.00	4.44742e-16
4399.50	4.12945e-16
4401.00	4.19203e-16
4402.50	4.23761e-16
4404.00	3.98773e-16
4405.50	3.41964e-16
4407.00	3.53095e-16
4408.50	4.12373e-16
4410.00	3.52847e-16
4411.50	3.27842e-16
4413.00	3.57618e-16
4414.50	4.52973e-16
4416.00	5.01661e-16
4417.50	4.93451e-16
4419.00	4.46345e-16
4420.50	4.02509e-16
4422.00	3.78458e-16
4423.50	3.60309e-16
4425.00	3.58506e-16
4426.50	3.30411e-16
4428.00	3.92987e-16
4429.50	3.68668e-16
4431.00	4.1446e-16
4432.50	4.41724e-16
4434.00	4.15187e-16
4435.50	4.31837e-16
4437.00	4.58187e-16
4438.50	4.05431e-16
4440.00	3.47623e-16
4441.50	3.93533e-16
4443.00	3.79707e-16
4444.50	3.34484e-16
4446.00	4.02841e-16
4447.50	4.27635e-16
4449.00	4.05928e-16
4450.50	4.3768e-16
4452.00	4.64338e-16
4453.50	3.92105e-16
4455.00	3.56523e-16
4456.50	3.86861e-16
4458.00	4.08579e-16
4459.50	4.3356e-16
4461.00	4.2014e-16
4462.50	4.36647e-16
4464.00	4.23743e-16
4465.50	4.10697e-16
4467.00	4.11146e-16
4468.50	4.38076e-16
4470.00	4.51535e-16
4471.50	4.07653e-16
4473.00	4.6635e-16
4474.50	4.57636e-16
4476.00	4.58843e-16
4477.50	4.86806e-16
4479.00	4.46974e-16
4480.50	5.07907e-16
4482.00	4.88672e-16
4483.50	4.24169e-16
4485.00	4.30184e-16
4486.50	4.81406e-16
4488.00	4.34583e-16
4489.50	4.37886e-16
4491.00	4.5998e-16
4492.50	4.35506e-16
4494.00	3.92727e-16
4495.50	4.57048e-16
4497.00	4.4331e-16
4498.50	4.92949e-16
4500.00	4.63621e-16
4501.50	4.9286e-16
4503.00	5.2552e-16
4504.50	4.9511e-16
4506.00	4.50242e-16
4507.50	4.9482e-16
4509.00	4.8665e-16
4510.50	4.43351e-16
4512.00	4.83198e-16
4513.50	4.98575e-16
4515.00	4.70874e-16
4516.50	4.9044e-16
4518.00	4.64841e-16
4519.50	4.74931e-16
4521.00	4.60003e-16
4522.50	4.49676e-16
4524.00	4.36942e-16
4525.50	3.91313e-16
4527.00	4.28814e-16
4528.50	4.51214e-16
4530.00	4.32255e-16
4531.50	4.48964e-16
4533.00	4.37305e-16
4534.50	4.51289e-16
4536.00	4.69187e-16
4537.50	4.5667e-16
4539.00	5.00385e-16
4540.50	4.97629e-16
4542.00	4.37158e-16
4543.50	4.37209e-16
4545.00	4.16461e-16
4546.50	5.34652e-16
4548.00	5.21358e-16
4549.50	4.93717e-16
4551.00	5.2e-16
4552.50	4.65314e-16
4554.00	5.12154e-16
4555.50	4.73675e-16
4557.00	4.42727e-16
4558.50	4.35537e-16
4560.00	4.83716e-16
4561.50	4.48836e-16
4563.00	4.65718e-16
4564.50	4.79722e-16
4566.00	5.07292e-16
4567.50	4.50127e-16
4569.00	4.67319e-16
4570.50	5.08833e-16
4572.00	4.50027e-16
4573.50	4.83931e-16
4575.00	4.87759e-16
4576.50	4.35522e-16
4578.00	4.50915e-16
4579.50	4.48858e-16
4581.00	4.91292e-16
4582.50	5.08452e-16
4584.00	4.87626e-16
4585.50	4.51288e-16
4587.00	4.40848e-16
4588.50	4.6518e-16
4590.00	4.6463e-16
4591.50	4.27401e-16
4593.00	4.33391e-16
4594.50	4.68659e-16
4596.00	5.00166e-16
4597.50	5.06989e-16
4599.00	5.07571e-16
4600.50	4.87945e-16
4602.00	4.71728e-16
4603.50	4.4271e-16
4605.00	4.18113e-16
4606.50	4.24955e-16
4608.00	4.63255e-16
4609.50	4.65566e-16
4611.00	4.29344e-16
4612.50	4.52045e-16
4614.00	4.72736e-16
4615.50	4.68952e-16
4617.00	4.69409e-16
4618.50	4.53434e-16
4620.00	5.02632e-16
4621.50	4.90942e-16
4623.00	4.42246e-16
4624.50	4.78202e-16
4626.00	5.00283e-16
4627.50	4.37162e-16
4629.00	4.45345e-16
4630.50	4.51814e-16
4632.00	4.37772e-16
4633.50	4.17952e-16
4635.00	4.09031e-16
4636.50	4.22241e-16
4638.00	4.40752e-16
4639.50	4.43145e-16
4641.00	4.29631e-16
4642.50	4.34564e-16
4644.00	4.12175e-16
4645.50	4.09687e-16
4647.00	4.09586e-16
4648.50	4.48163e-16
4650.00	4.92028e-16
4651.50	4.30511e-16
4653.00	3.89385e-16
4654.50	4.07329e-16
4656.00	4.1535e-16
4657.50	3.96683e-16
4659.00	3.63048e-16
4660.50	3.99791e-16
4662.00	4.4056e-16
4663.50	4.16471e-16
4665.00	4.30327e-16
4666.50	5.01036e-16
4668.00	4.59799e-16
4669.50	4.27666e-16
4671.00	4.31493e-16
4672.50	3.98557e-16
4674.00	4.21964e-16
4675.50	4.17542e-16
4677.00	4.30106e-16
4678.50	4.67382e-16
4680.00	4.32171e-16
4681.50	4.16887e-16
4683.00	4.65431e-16
4684.50	4.61958e-16
4686.00	4.23734e-16
4687.50	3.96451e-16
4689.00	4.00167e-16
4690.50	3.7673e-16
4692.00	3.65514e-16
4693.50	3.4116e-16
4695.00	3.67885e-16
4696.50	3.82001e-16
4698.00	3.53952e-16
4699.50	3.77412e-16
4701.00	3.89013e-16
4702.50	3.56651e-16
4704.00	3.3614e-16
4705.50	3.43631e-16
4707.00	4.33043e-16
4708.50	4.38423e-16
4710.00	3.77249e-16
4711.50	4.18973e-16
4713.00	4.6854e-16
4714.50	4.33253e-16
4716.00	4.57404e-16
4717.50	4.32323e-16
4719.00	4.22726e-16
4720.50	3.91558e-16
4722.00	3.72086e-16
4723.50	4.01648e-16
4725.00	3.79686e-16
4726.50	3.55295e-16
4728.00	4.20828e-16
4729.50	4.15021e-16
4731.00	3.70429e-16
4732.50	4.22781e-16
4734.00	3.98687e-16
4735.50	3.34228e-16
4737.00	3.78175e-16
4738.50	3.8609e-16
4740.00	3.63308e-16
4741.50	3.90218e-16
4743.00	4.12702e-16
4744.50	3.65516e-16
4746.00	3.18948e-16
4747.50	3.05788e-16
4749.00	3.37407e-16
4750.50	4.00294e-16
4752.00	4.16101e-16
4753.50	3.86602e-16
4755.00	3.36745e-16
4756.50	3.83777e-16
4758.00	4.07871e-16
4759.50	3.72194e-16
4761.00	3.88732e-16
4762.50	4.2023e-16
4764.00	4.11362e-16
4765.50	4.04806e-16
4767.00	3.51084e-16
4768.50	3.25732e-16
4770.00	3.85356e-16
4771.50	3.80331e-16
4773.00	3.89457e-16
4774.50	3.84673e-16
4776.00	3.01582e-16
4777.50	2.7701e-16
4779.00	3.64119e-16
4780.50	3.31648e-16
4782.00	2.86726e-16
4783.50	2.99281e-16
4785.00	3.10002e-16
4786.50	3.2654e-16
4788.00	3.89209e-16
4789.50	3.86186e-16
4791.00	3.28078e-16
4792.50	3.72553e-16
4794.00	3.74921e-16
4795.50	3.87102e-16
4797.00	3.84865e-16
4798.50	3.58008e-16
4800.00	3.00034e-16
4801.50	2.69619e-16
4803.00	3.23897e-16
4804.50	3.89392e-16
4806.00	3.94857e-16
4807.50	3.67734e-16
4809.00	3.77485e-16
4810.50	4.04403e-16
4812.00	3.87765e-16
4813.50	4.17541e-16
4815.00	4.26295e-16
4816.50	3.55857e-16
4818.00	3.30942e-16
4819.50	3.53662e-16
4821.00	3.39966e-16
4822.50	3.67169e-16
4824.00	4.07543e-16
4825.50	4.02892e-16
4827.00	3.68846e-16
4828.50	3.76626e-16
4830.00	3.96412e-16
4831.50	3.91524e-16
4833.00	4.32618e-16
4834.50	4.36344e-16
4836.00	3.89587e-16
4837.50	4.10624e-16
4839.00	3.89309e-16
4840.50	3.6346e-16
4842.00	3.72829e-16
4843.50	4.38171e-16
4845.00	4.09376e-16
4846.50	3.79966e-16
4848.00	3.96637e-16
4849.50	4.69397e-16
4851.00	4.1457e-16
4852.50	3.62117e-16
4854.00	4.14751e-16
4855.50	4.24947e-16
4857.00	4.24148e-16
4858.50	4.73585e-16
4860.00	4.51615e-16
4861.50	4.13876e-16
4863.00	4.52842e-16
4864.50	4.57586e-16
4866.00	4.91989e-16
4867.50	5.43391e-16
4869.00	5.18594e-16
4870.50	5.35549e-16
4872.00	5.36622e-16
4873.50	5.47192e-16
4875.00	5.61602e-16
4876.50	5.65939e-16
4878.00	5.85072e-16
4879.50	6.24828e-16
4881.00	6.21841e-16
4882.50	6.36198e-16
4884.00	6.66952e-16
4885.50	6.54464e-16
4887.00	6.61316e-16
4888.50	7.32494e-16
4890.00	7.78886e-16
4891.50	8.12649e-16
4893.00	7.96554e-16
4894.50	7.59864e-16
4896.00	8.36039e-16
4897.50	9.87947e-16
4899.00	1.06935e-15
4900.50	1.0909e-15
4902.00	1.07549e-15
4903.50	1.09134e-15
4905.00	1.03168e-15
4906.50	8.85405e-16
4908.00	8.65875e-16
4909.50	7.89065e-16
4911.00	7.54334e-16
4912.50	7.17365e-16
4914.00	6.76094e-16
4915.50	6.46455e-16
4917.00	6.28565e-16
4918.50	6.31069e-16
4920.00	5.7835e-16
4921.50	4.96288e-16
4923.00	5.49549e-16
4924.50	5.77766e-16
4926.00	5.02135e-16
4927.50	4.92001e-16
4929.00	4.66793e-16
4930.50	4.8951e-16
4932.00	5.17739e-16
4933.50	4.95025e-16
4935.00	5.0369e-16
4936.50	4.79515e-16
4938.00	4.13329e-16
4939.50	3.95817e-16
4941.00	4.2716e-16
4942.50	4.27147e-16
4944.00	4.27707e-16
4945.50	4.39596e-16
4947.00	4.78887e-16
4948.50	5.10583e-16
4950.00	5.24683e-16
4951.50	4.66738e-16
4953.00	4.15418e-16
4954.50	4.12391e-16
4956.00	4.61294e-16
4957.50	4.59632e-16
4959.00	4.87421e-16
4960.50	5.12633e-16
4962.00	4.85449e-16
4963.50	4.60997e-16
4965.00	4.78599e-16
4966.50	4.96873e-16
4968.00	4.86059e-16
4969.50	4.78154e-16
4971.00	4.67091e-16
4972.50	4.67248e-16
4974.00	4.71308e-16
4975.50	4.5606e-16
4977.00	4.51246e-16
4978.50	4.35896e-16
4980.00	4.28531e-16
4981.50	4.67893e-16
4983.00	4.39997e-16
4984.50	4.08256e-16
4986.00	4.38288e-16
4987.50	4.14105e-16
4989.00	4.12086e-16
4990.50	3.7522e-16
4992.00	3.93058e-16
4993.50	4.06738e-16
4995.00	4.28756e-16
4996.50	3.96388e-16
4998.00	4.2168e-16
4999.50	4.5966e-16
5001.00	4.35329e-16
5002.50	4.20038e-16
5004.00	4.17339e-16
5005.50	4.21877e-16
5007.00	4.81243e-16
5008.50	4.65855e-16
5010.00	4.26711e-16
5011.50	4.40374e-16
5013.00	3.74459e-16
5014.50	3.90728e-16
5016.00	4.31413e-16
5017.50	4.04052e-16
5019.00	4.00422e-16
5020.50	4.5595e-16
5022.00	4.42498e-16
5023.50	3.8627e-16
5025.00	4.0423e-16
5026.50	4.17319e-16
5028.00	4.10196e-16
5029.50	4.28268e-16
5031.00	4.7841e-16
5032.50	4.42001e-16
5034.00	4.2244e-16
5035.50	4.16624e-16
5037.00	4.40504e-16
5038.50	4.62421e-16
5040.00	4.36512e-16
5041.50	4.03732e-16
5043.00	4.53321e-16
5044.50	5.26724e-16
5046.00	5.72732e-16
5047.50	5.42596e-16
5049.00	5.21473e-16
5050.50	5.42217e-16
5052.00	5.34812e-16
5053.50	4.45815e-16
5055.00	4.11487e-16
5056.50	4.37702e-16
5058.00	4.35355e-16
5059.50	4.86169e-16
5061.00	4.95856e-16
5062.50	4.57469e-16
5064.00	3.92957e-16
5065.50	3.59968e-16
5067.00	3.97121e-16
5068.50	4.18334e-16
5070.00	4.03879e-16
5071.50	4.46873e-16
5073.00	4.89532e-16
5074.50	4.71618e-16
5076.00	4.65159e-16
5077.50	3.97712e-16
5079.00	3.80801e-16
5080.50	3.64943e-16
5082.00	3.83485e-16
5083.50	4.01366e-16
5085.00	4.10772e-16
5086.50	4.41589e-16
5088.00	3.75256e-16
5089.50	3.70755e-16
5091.00	3.95621e-16
5092.50	3.79099e-16
5094.00	3.70167e-16
5095.50	3.62646e-16
5097.00	3.82645e-16
5098.50	3.96337e-16
5100.00	3.67618e-16
5101.50	3.67298e-16
5103.00	3.76608e-16
5104.50	3.6651e-16
5106.00	3.46521e-16
5107.50	3.56352e-16
5109.00	3.49791e-16
5110.50	3.13181e-16
5112.00	3.20918e-16
5113.50	3.17569e-16
5115.00	3.21194e-16
5116.50	3.56869e-16
5118.00	3.3674e-16
5119.50	3.49158e-16
5121.00	3.7253e-16
5122.50	3.34505e-16
5124.00	3.03709e-16
5125.50	2.96886e-16
5127.00	3.18175e-16
5128.50	3.0969e-16
5130.00	2.60418e-16
5131.50	3.22554e-16
5133.00	3.64536e-16
5134.50	3.46696e-16
5136.00	3.6484e-16
5137.50	3.55552e-16
5139.00	3.64334e-16
5140.50	3.6413e-16
5142.00	3.31287e-16
5143.50	3.49421e-16
5145.00	3.58375e-16
5146.50	3.45296e-16
5148.00	2.98531e-16
5149.50	3.35951e-16
5151.00	3.50399e-16
5152.50	3.17841e-16
5154.00	3.15114e-16
5155.50	3.54646e-16
5157.00	3.49469e-16
5158.50	3.97426e-16
5160.00	3.77419e-16
5161.50	3.35871e-16
5163.00	3.34445e-16
5164.50	3.47529e-16
5166.00	3.2216e-16
5167.50	3.24831e-16
5169.00	3.3195e-16
5170.50	3.42039e-16
5172.00	3.43739e-16
5173.50	3.48512e-16
5175.00	3.64429e-16
5176.50	3.879e-16
5178.00	3.60432e-16
5179.50	3.35262e-16
5181.00	3.6684e-16
5182.50	3.95523e-16
5184.00	3.60751e-16
5185.50	3.32186e-16
5187.00	3.48372e-16
5188.50	3.7526e-16
5190.00	4.10551e-16
5191.50	4.44484e-16
5193.00	4.41321e-16
5194.50	4.10543e-16
5196.00	4.01803e-16
5197.50	4.24478e-16
5199.00	4.18474e-16
5200.50	4.10863e-16
5202.00	4.27717e-16
5203.50	4.55243e-16
5205.00	4.36773e-16
5206.50	4.06122e-16
5208.00	3.61793e-16
5209.50	3.81935e-16
5211.00	4.32328e-16
5212.50	4.64186e-16
5214.00	4.50759e-16
5215.50	4.38989e-16
5217.00	4.32576e-16
5218.50	4.45642e-16
5220.00	4.98388e-16
5221.50	4.3592e-16
5223.00	3.67649e-16
5224.50	4.42261e-16
5226.00	4.74792e-16
5227.50	4.30975e-16
5229.00	4.25552e-16
5230.50	4.15855e-16
5232.00	4.11433e-16
5233.50	4.39892e-16
5235.00	4.43282e-16
5236.50	4.18067e-16
5238.00	4.56622e-16
5239.50	4.90565e-16
5241.00	4.78217e-16
5242.50	4.54124e-16
5244.00	4.16352e-16
5245.50	4.16707e-16
5247.00	4.35768e-16
5248.50	4.42932e-16
5250.00	4.61168e-16
5251.50	4.38582e-16
5253.00	4.02321e-16
5254.50	4.1294e-16
5256.00	4.17457e-16
5257.50	4.22834e-16
5259.00	4.54528e-16
5260.50	4.64918e-16
5262.00	4.26259e-16
5263.50	3.99838e-16
5265.00	4.16422e-16
5266.50	4.10495e-16
5268.00	3.90709e-16
5269.50	3.57991e-16
5271.00	3.3142e-16
5272.50	3.82441e-16
5274.00	4.25583e-16
5275.50	4.13476e-16
5277.00	4.00125e-16
5278.50	4.42134e-16
5280.00	4.4437e-16
5281.50	4.21836e-16
5283.00	4.70816e-16
5284.50	4.55278e-16
5286.00	3.97864e-16
5287.50	3.42927e-16
5289.00	4.44492e-16
5290.50	4.58548e-16
5292.00	4.17926e-16
5293.50	4.3954e-16
5295.00	4.08449e-16
5296.50	4.53539e-16
5298.00	4.493e-16
5299.50	4.23638e-16
5301.00	4.15083e-16
5302.50	4.36068e-16
5304.00	4.34968e-16
5305.50	4.36179e-16
5307.00	3.9291e-16
5308.50	4.02032e-16
5310.00	3.88352e-16
5311.50	3.85866e-16
5313.00	4.21139e-16
5314.50	4.32386e-16
5316.00	4.41806e-16
5317.50	4.26958e-16
5319.00	4.07163e-16
5320.50	4.04948e-16
5322.00	3.93766e-16
5323.50	4.2214e-16
5325.00	4.23153e-16
5326.50	4.20559e-16
5328.00	4.30636e-16
5329.50	4.2057e-16
5331.00	4.21263e-16
5332.50	4.01803e-16
5334.00	3.6382e-16
5335.50	3.68373e-16
5337.00	3.8738e-16
5338.50	3.8425e-16
5340.00	3.84679e-16
5341.50	3.65626e-16
5343.00	3.8852e-16
5344.50	4.27354e-16
5346.00	4.04628e-16
5347.50	3.76891e-16
5349.00	4.03207e-16
5350.50	4.47854e-16
5352.00	4.18445e-16
5353.50	4.28674e-16
5355.00	4.47144e-16
5356.50	4.5117e-16
5358.00	4.5919e-16
5359.50	4.21269e-16
5361.00	4.26699e-16
5362.50	4.45117e-16
5364.00	4.37217e-16
5365.50	4.40792e-16
5367.00	4.12562e-16
5368.50	3.87408e-16
5370.00	4.00819e-16
5371.50	3.5405e-16
5373.00	3.62738e-16
5374.50	3.71e-16
5376.00	4.10218e-16
5377.50	4.45483e-16
5379.00	4.46389e-16
5380.50	3.96491e-16
5382.00	3.81101e-16
5383.50	4.05571e-16
5385.00	4.0277e-16
5386.50	3.55765e-16
5388.00	3.18204e-16
5389.50	3.1917e-16
5391.00	3.52498e-16
5392.50	3.5782e-16
5394.00	3.47217e-16
5395.50	3.66815e-16
5397.00	3.7173e-16
5398.50	4.06446e-16
5400.00	3.98684e-16
5401.50	3.75532e-16
5403.00	3.9607e-16
5404.50	3.7655e-16
5406.00	3.58251e-16
5407.50	3.69905e-16
5409.00	4.088e-16
5410.50	3.94776e-16
5412.00	3.52069e-16
5413.50	3.32886e-16
5415.00	3.45719e-16
5416.50	3.28347e-16
5418.00	2.86641e-16
5419.50	3.28232e-16
5421.00	3.65964e-16
5422.50	3.49172e-16
5424.00	3.88268e-16
5425.50	3.6712e-16
5427.00	3.7694e-16
5428.50	3.79536e-16
5430.00	3.71156e-16
5431.50	3.60277e-16
5433.00	3.50228e-16
5434.50	3.97446e-16
5436.00	3.98908e-16
5437.50	3.25139e-16
5439.00	2.91511e-16
5440.50	3.25405e-16
5442.00	3.20468e-16
5443.50	3.15434e-16
5445.00	3.02776e-16
5446.50	3.19497e-16
5448.00	3.37377e-16
5449.50	3.20867e-16
5451.00	3.14513e-16
5452.50	3.23543e-16
5454.00	3.13666e-16
5455.50	3.16867e-16
5457.00	3.13983e-16
5458.50	3.47791e-16
5460.00	4.12585e-16
5461.50	4.40772e-16
5463.00	4.32021e-16
5464.50	4.14076e-16
5466.00	3.49852e-16
5467.50	3.00502e-16
5469.00	3.35339e-16
5470.50	3.68063e-16
5472.00	3.47655e-16
5473.50	3.03553e-16
5475.00	3.19576e-16
5476.50	3.28898e-16
5478.00	3.33451e-16
5479.50	3.12837e-16
5481.00	2.92512e-16
5482.50	3.35114e-16
5484.00	3.6053e-16
5485.50	3.80744e-16
5487.00	3.87761e-16
5488.50	3.64174e-16
5490.00	3.46965e-16
5491.50	3.02376e-16
5493.00	3.12386e-16
5494.50	3.48941e-16
5496.00	3.61109e-16
5497.50	3.72156e-16
5499.00	4.1893e-16
5500.50	3.61702e-16
5502.00	3.02556e-16
5503.50	3.48219e-16
5505.00	3.75395e-16
5506.50	3.29758e-16
5508.00	3.6365e-16
5509.50	3.38292e-16
5511.00	3.92853e-16
5512.50	2.55841e-16
5514.00	2.6712e-16
5515.50	3.34488e-16
5517.00	3.09786e-16
5518.50	3.61198e-16
5520.00	4.01728e-16
5521.50	3.48541e-16
5523.00	3.61278e-16
5524.50	3.2342e-16
5526.00	3.34247e-16
5527.50	3.21031e-16
5529.00	3.34133e-16
5530.50	3.00103e-16
5532.00	3.2451e-16
5533.50	3.78277e-16
5535.00	3.29732e-16
5536.50	3.32069e-16
5538.00	3.6115e-16
5539.50	3.52901e-16
5541.00	3.14455e-16
5542.50	3.72772e-16
5544.00	3.98764e-16
5545.50	3.70462e-16
5547.00	3.27762e-16
5548.50	3.56758e-16
5550.00	3.77705e-16
5551.50	3.24264e-16
5553.00	3.15565e-16
5554.50	3.31537e-16
5556.00	3.62344e-16
5557.50	3.72392e-16
5559.00	3.29036e-16
5560.50	3.22952e-16
5562.00	3.17464e-16
5563.50	3.49661e-16
5565.00	3.52611e-16
5566.50	3.84992e-16
5568.00	4.22568e-16
5569.50	3.80067e-16
5571.00	3.23505e-16
5572.50	3.47786e-16
5574.00	3.89424e-16
5575.50	3.4265e-16
5577.00	3.03731e-16
5578.50	4.10334e-16
5580.00	4.13453e-16
5581.50	3.68981e-16
5583.00	3.59712e-16
5584.50	3.45982e-16
5586.00	3.20338e-16
5587.50	3.38968e-16
5589.00	3.95598e-16
5590.50	3.9351e-16
5592.00	3.60216e-16
5593.50	3.70088e-16
5595.00	3.39259e-16
5596.50	3.30275e-16
5598.00	3.73972e-16
5599.50	3.59735e-16
5601.00	3.65878e-16
5602.50	3.83696e-16
5604.00	3.08825e-16
5605.50	3.18109e-16
5607.00	4.3202e-16
5608.50	4.10976e-16
5610.00	3.57375e-16
5611.50	3.26979e-16
5613.00	3.08716e-16
5614.50	3.11669e-16
5616.00	3.12009e-16
5617.50	3.25849e-16
5619.00	3.12625e-16
5620.50	3.0982e-16
5622.00	2.87462e-16
5623.50	2.77143e-16
5625.00	2.84697e-16
5626.50	2.93094e-16
5628.00	3.10377e-16
5629.50	3.08972e-16
5631.00	3.02282e-16
5632.50	2.91188e-16
5634.00	2.9637e-16
5635.50	2.91521e-16
5637.00	3.16578e-16
5638.50	3.8452e-16
5640.00	3.88554e-16
5641.50	3.7028e-16
5643.00	3.79918e-16
5644.50	3.62892e-16
5646.00	3.68336e-16
5647.50	3.48132e-16
5649.00	3.26277e-16
5650.50	3.52382e-16
5652.00	3.14386e-16
5653.50	3.23186e-16
5655.00	3.46844e-16
5656.50	2.99594e-16
5658.00	2.73937e-16
5659.50	3.05446e-16
5661.00	3.48613e-16
5662.50	3.35513e-16
5664.00	3.35433e-16
5665.50	3.10187e-16
5667.00	3.0013e-16
5668.50	2.94014e-16
5670.00	3.17597e-16
5671.50	3.11576e-16
5673.00	3.00036e-16
5674.50	3.56476e-16
5676.00	4.13287e-16
5677.50	3.90284e-16
5679.00	3.26948e-16
5680.50	3.59848e-16
5682.00	3.1741e-16
5683.50	3.13412e-16
5685.00	3.3378e-16
5686.50	3.22022e-16
5688.00	3.75986e-16
5689.50	3.46303e-16
5691.00	3.32369e-16
5692.50	3.50386e-16
5694.00	3.49831e-16
5695.50	3.21522e-16
5697.00	3.29131e-16
5698.50	3.38485e-16
5700.00	3.37441e-16
5701.50	3.01542e-16
5703.00	2.78829e-16
5704.50	3.24855e-16
5706.00	3.72556e-16
5707.50	3.39847e-16
5709.00	3.13099e-16
5710.50	3.03229e-16
5712.00	3.1563e-16
5713.50	3.69652e-16
5715.00	3.63712e-16
5716.50	3.52282e-16
5718.00	3.46151e-16
5719.50	3.47828e-16
5721.00	3.32725e-16
5722.50	3.28774e-16
5724.00	3.40697e-16
5725.50	3.527e-16
5727.00	3.45693e-16
5728.50	3.58975e-16
5730.00	3.67258e-16
5731.50	3.57905e-16
5733.00	3.72432e-16
5734.50	3.89771e-16
5736.00	3.98848e-16
5737.50	3.30295e-16
5739.00	3.47737e-16
5740.50	3.51102e-16
5742.00	3.1985e-16
5743.50	3.4648e-16
5745.00	3.3555e-16
5746.50	3.5873e-16
5748.00	3.46553e-16
5749.50	2.93043e-16
5751.00	3.3149e-16
5752.50	3.33594e-16
5754.00	3.2377e-16
5755.50	2.92756e-16
5757.00	3.21081e-16
5758.50	3.73617e-16
5760.00	3.483e-16
5761.50	3.26208e-16
5763.00	3.18679e-16
5764.50	3.19743e-16
5766.00	3.59244e-16
5767.50	3.54669e-16
5769.00	3.58648e-16
5770.50	3.31252e-16
5772.00	3.20057e-16
5773.50	3.46202e-16
5775.00	3.59203e-16
5776.50	3.4965e-16
5778.00	3.40544e-16
5779.50	3.29005e-16
5781.00	3.40913e-16
5782.50	3.62582e-16
5784.00	3.28546e-16
5785.50	3.11418e-16
5787.00	3.67858e-16
5788.50	3.62969e-16
5790.00	3.75469e-16
5791.50	3.74896e-16
5793.00	3.93882e-16
5794.50	3.76429e-16
5796.00	3.6335e-16
5797.50	4.0082e-16
5799.00	3.88284e-16
5800.50	3.89871e-16
5802.00	4.4196e-16
5803.50	3.74349e-16
5805.00	3.31576e-16
5806.50	3.4817e-16
5808.00	4.08006e-16
5809.50	3.80134e-16
5811.00	3.82128e-16
5812.50	3.81738e-16
5814.00	3.66382e-16
5815.50	3.82801e-16
5817.00	3.71838e-16
5818.50	3.92076e-16
5820.00	3.97317e-16
5821.50	4.1245e-16
5823.00	4.17799e-16
5824.50	3.85304e-16
5826.00	4.01998e-16
5827.50	4.07871e-16
5829.00	3.85363e-16
5830.50	4.1109e-16
5832.00	4.07386e-16
5833.50	4.26499e-16
5835.00	3.95472e-16
5836.50	3.5776e-16
5838.00	4.20194e-16
5839.50	4.73672e-16
5841.00	4.67192e-16
5842.50	4.75085e-16
5844.00	4.85811e-16
5845.50	4.36288e-16
5847.00	3.68098e-16
5848.50	3.92199e-16
5850.00	4.11985e-16
5851.50	4.34633e-16
5853.00	4.73731e-16
5854.50	4.31133e-16
5856.00	4.21191e-16
5857.50	4.51468e-16
5859.00	4.50286e-16
5860.50	4.304e-16
5862.00	4.56765e-16
5863.50	4.96956e-16
5865.00	4.58789e-16
5866.50	4.44944e-16
5868.00	4.44743e-16
5869.50	4.4402e-16
5871.00	4.64332e-16
5872.50	4.55029e-16
5874.00	4.49133e-16
5875.50	4.51482e-16
5877.00	4.55075e-16
5878.50	5.13574e-16
5880.00	5.65336e-16
5881.50	5.06528e-16
5883.00	4.52376e-16
5884.50	4.45638e-16
5886.00	3.91102e-16
5887.50	3.10912e-16
5889.00	4.23459e-16
5890.50	4.11454e-16
5892.00	3.15516e-16
5893.50	3.94269e-16
5895.00	4.23999e-16
5896.50	4.22798e-16
5898.00	4.31566e-16
5899.50	4.94901e-16
5901.00	5.22878e-16
5902.50	5.3255e-16
5904.00	4.87318e-16
5905.50	4.57319e-16
5907.00	4.43272e-16
5908.50	4.58925e-16
5910.00	4.99638e-16
5911.50	5.01738e-16
5913.00	5.07357e-16
5914.50	5.39853e-16
5916.00	5.53275e-16
5917.50	5.21483e-16
5919.00	5.08267e-16
5920.50	5.29964e-16
5922.00	5.26086e-16
5923.50	5.1442e-16
5925.00	5.49701e-16
5926.50	5.34583e-16
5928.00	5.26808e-16
5929.50	5.17249e-16
5931.00	5.09125e-16
5932.50	4.93191e-16
5934.00	4.85888e-16
5935.50	4.8175e-16
5937.00	4.39822e-16
5938.50	4.68521e-16
5940.00	4.37375e-16
5941.50	4.20361e-16
5943.00	4.5237e-16
5944.50	4.25243e-16
5946.00	4.32795e-16
5947.50	4.2006e-16
5949.00	4.57245e-16
5950.50	4.35984e-16
5952.00	4.78664e-16
5953.50	4.55728e-16
5955.00	4.85573e-16
5956.50	4.40931e-16
5958.00	4.57109e-16
5959.50	4.35153e-16
5961.00	3.67843e-16
5962.50	4.23572e-16
5964.00	4.23224e-16
5965.50	4.21879e-16
5967.00	4.79244e-16
5968.50	4.64991e-16
5970.00	4.27707e-16
5971.50	3.59953e-16
5973.00	3.75892e-16
5974.50	3.56608e-16
5976.00	3.53305e-16
5977.50	3.58408e-16
5979.00	3.34546e-16
5980.50	4.04144e-16
5982.00	4.42006e-16
5983.50	3.80555e-16
5985.00	3.6564e-16
5986.50	4.32865e-16
5988.00	4.29769e-16
5989.50	3.6184e-16
5991.00	3.70295e-16
5992.50	3.68316e-16
5994.00	3.4411e-16
5995.50	3.75753e-16
5997.00	3.97243e-16
5998.50	3.77426e-16
6000.00	3.41898e-16
6001.50	3.45776e-16
6003.00	3.45267e-16
6004.50	3.62501e-16
6006.00	3.18348e-16
6007.50	3.06582e-16
6009.00	3.70018e-16
6010.50	3.57746e-16
6012.00	3.68291e-16
6013.50	3.60008e-16
6015.00	3.33016e-16
6016.50	3.248e-16
6018.00	3.03801e-16
6019.50	2.71523e-16
6021.00	2.85828e-16
6022.50	3.36958e-16
6024.00	3.18881e-16
6025.50	4.00716e-16
6027.00	3.28749e-16
6028.50	3.40481e-16
6030.00	3.59292e-16
6031.50	4.17738e-16
6033.00	4.32764e-16
6034.50	3.57239e-16
6036.00	3.28941e-16
6037.50	3.65507e-16
6039.00	3.6671e-16
6040.50	2.97155e-16
6042.00	3.10665e-16
6043.50	3.31398e-16
6045.00	3.07471e-16
6046.50	3.04675e-16
6048.00	3.07935e-16
6049.50	3.11196e-16
6051.00	3.14456e-16
6054.00	3.22251e-16
6055.50	3.30307e-16
6057.00	3.14531e-16
6058.50	3.41131e-16
6060.00	3.61324e-16
6061.50	3.51112e-16
6063.00	3.59752e-16
6064.50	3.48041e-16
6066.00	3.30479e-16
6067.50	3.52277e-16
6069.00	3.6483e-16
6070.50	3.32598e-16
6072.00	3.32299e-16
6073.50	3.68055e-16
6075.00	3.76849e-16
6076.50	3.65241e-16
6078.00	3.39642e-16
6079.50	3.04752e-16
6081.00	3.17277e-16
6082.50	3.34298e-16
6084.00	3.65252e-16
6085.50	4.01567e-16
6087.00	3.51476e-16
6088.50	3.0392e-16
6090.00	3.20301e-16
6091.50	3.25031e-16
6093.00	3.2501e-16
6094.50	3.02293e-16
6096.00	3.16924e-16
6097.50	3.32393e-16
6099.00	3.43281e-16
6100.50	3.46224e-16
6102.00	3.24124e-16
6103.50	2.6954e-16
6105.00	2.62256e-16
6106.50	3.27091e-16
6108.00	3.55984e-16
6109.50	3.67346e-16
6111.00	3.67712e-16
6112.50	3.79868e-16
6114.00	3.39588e-16
6115.50	3.19808e-16
6117.00	3.15999e-16
6118.50	3.48408e-16
6120.00	3.46532e-16
6121.50	3.39061e-16
6123.00	3.80548e-16
6124.50	3.82968e-16
6126.00	3.55589e-16
6127.50	3.63722e-16
6129.00	3.33444e-16
6130.50	2.8221e-16
6132.00	2.41727e-16
6133.50	2.17467e-16
6135.00	2.64906e-16
6136.50	3.17362e-16
6138.00	3.33817e-16
6139.50	3.44682e-16
6141.00	3.43386e-16
6142.50	3.58435e-16
6144.00	3.59004e-16
6145.50	3.32701e-16
6147.00	3.1694e-16
6148.50	2.65904e-16
6150.00	2.84415e-16
6151.50	3.03582e-16
6153.00	2.87729e-16
6154.50	3.01333e-16
6156.00	3.39172e-16
6157.50	3.32094e-16
6159.00	3.20556e-16
6160.50	3.14427e-16
6162.00	2.6523e-16
6163.50	2.80343e-16
6165.00	2.88665e-16
6166.50	3.70396e-16
6168.00	3.55906e-16
6169.50	3.09711e-16
6171.00	3.51892e-16
6172.50	3.3223e-16
6174.00	3.50285e-16
6175.50	3.18595e-16
6177.00	3.43347e-16
6178.50	3.05135e-16
6180.00	3.44703e-16
6181.50	3.67671e-16
6183.00	3.32674e-16
6184.50	3.7092e-16
6186.00	3.45509e-16
6187.50	3.10382e-16
6189.00	3.23931e-16
6190.50	3.11405e-16
6192.00	3.07522e-16
6193.50	3.1196e-16
6195.00	2.90755e-16
6196.50	3.07634e-16
6198.00	3.14428e-16
6199.50	3.27586e-16
6201.00	3.53146e-16
6202.50	3.33473e-16
6204.00	3.30083e-16
6205.50	2.98392e-16
6207.00	3.17675e-16
6208.50	3.40228e-16
6210.00	3.5118e-16
6211.50	3.38025e-16
6213.00	3.04846e-16
6214.50	2.76527e-16
6216.00	2.88659e-16
6217.50	3.41038e-16
6219.00	3.64433e-16
6220.50	3.52491e-16
6222.00	3.20247e-16
6223.50	2.97889e-16
6225.00	2.96717e-16
6226.50	2.91004e-16
6228.00	3.17616e-16
6229.50	3.43074e-16
6231.00	3.25355e-16
6232.50	3.44633e-16
6234.00	3.77814e-16
6235.50	3.48515e-16
6237.00	3.25351e-16
6238.50	3.12082e-16
6240.00	2.98492e-16
6241.50	2.77557e-16
6243.00	3.23197e-16
6244.50	2.92286e-16
6246.00	3.09944e-16
6247.50	3.64143e-16
6249.00	3.18181e-16
6250.50	3.0995e-16
6252.00	3.48023e-16
6253.50	3.06063e-16
6255.00	3.02168e-16
6256.50	2.92711e-16
6258.00	3.08974e-16
6259.50	3.37685e-16
6261.00	2.89408e-16
6262.50	3.12956e-16
6264.00	3.44115e-16
6265.50	3.01943e-16
6267.00	3.17672e-16
6268.50	3.44241e-16
6270.00	3.49993e-16
6271.50	3.74584e-16
6273.00	3.54794e-16
6274.50	3.40397e-16
6276.00	3.55401e-16
6277.50	3.25047e-16
6279.00	3.06795e-16
6280.50	3.2037e-16
6282.00	3.05722e-16
6283.50	3.26231e-16
6285.00	3.44128e-16
6286.50	3.35541e-16
6288.00	3.53175e-16
6289.50	3.64829e-16
6291.00	3.44346e-16
6292.50	3.10454e-16
6294.00	3.33983e-16
6295.50	3.77596e-16
6297.00	3.53176e-16
6298.50	3.30211e-16
6300.00	4.1116e-16
6301.50	4.47954e-16
6303.00	3.21359e-16
6304.50	2.58041e-16
6306.00	3.06929e-16
6307.50	3.46545e-16
6309.00	3.98682e-16
6310.50	4.13964e-16
6312.00	3.44414e-16
6313.50	3.15608e-16
6315.00	3.56971e-16
6316.50	3.76693e-16
6318.00	3.69529e-16
6319.50	3.43739e-16
6321.00	3.3446e-16
6322.50	3.71495e-16
6324.00	3.38689e-16
6325.50	2.97876e-16
6327.00	3.44295e-16
6328.50	3.443e-16
6330.00	3.49872e-16
6331.50	3.741e-16
6333.00	3.29204e-16
6334.50	3.36898e-16
6336.00	3.4522e-16
6337.50	3.57454e-16
6339.00	3.67588e-16
6340.50	3.85568e-16
6342.00	3.69947e-16
6343.50	3.3013e-16
6345.00	3.18747e-16
6346.50	3.63485e-16
6348.00	3.98176e-16
6349.50	3.78418e-16
6351.00	3.71351e-16
6352.50	3.58258e-16
6354.00	3.60893e-16
6355.50	3.65134e-16
6357.00	3.67177e-16
6358.50	3.9247e-16
6360.00	3.74906e-16
6361.50	3.72779e-16
6363.00	3.8279e-16
6364.50	3.98636e-16
6366.00	3.93187e-16
6367.50	3.49467e-16
6369.00	3.19953e-16
6370.50	3.56878e-16
6372.00	3.39984e-16
6373.50	3.42664e-16
6375.00	3.76821e-16
6376.50	3.61956e-16
6378.00	3.45274e-16
6379.50	3.37607e-16
6381.00	3.78505e-16
6382.50	4.26242e-16
6384.00	4.17429e-16
6385.50	3.74532e-16
6387.00	3.80464e-16
6388.50	3.72386e-16
6390.00	4.09751e-16
6391.50	3.8211e-16
6393.00	3.47311e-16
6394.50	3.85535e-16
6396.00	3.87291e-16
6397.50	3.48421e-16
6399.00	3.53084e-16
6400.50	3.28249e-16
6402.00	3.86857e-16
6403.50	3.3645e-16
6405.00	3.91488e-16
6406.50	3.92647e-16
6408.00	3.36477e-16
6409.50	3.23379e-16
6411.00	3.61652e-16
6412.50	3.56481e-16
6414.00	3.70649e-16
6415.50	4.24432e-16
6417.00	3.3568e-16
6418.50	3.04391e-16
6420.00	3.0282e-16
6421.50	3.72227e-16
6423.00	3.55939e-16
6424.50	3.66433e-16
6426.00	3.79195e-16
6427.50	3.56847e-16
6429.00	3.3618e-16
6430.50	3.56189e-16
6432.00	3.5081e-16
6433.50	3.42906e-16
6435.00	3.4805e-16
6436.50	3.46223e-16
6438.00	3.44691e-16
6439.50	3.48244e-16
6441.00	3.36076e-16
6442.50	3.23652e-16
6444.00	3.09013e-16
6445.50	3.57711e-16
6447.00	3.8057e-16
6448.50	3.65724e-16
6450.00	3.59003e-16
6451.50	3.30971e-16
6453.00	3.1376e-16
6454.50	3.15833e-16
6456.00	3.34783e-16
6457.50	3.25889e-16
6459.00	3.24727e-16
6460.50	3.60835e-16
6462.00	3.7391e-16
6463.50	3.33619e-16
6465.00	3.18849e-16
6466.50	3.25277e-16
6468.00	3.7465e-16
6469.50	3.43503e-16
6471.00	3.85705e-16
6472.50	3.82299e-16
6474.00	3.66819e-16
6475.50	3.53993e-16
6477.00	3.49316e-16
6478.50	3.83253e-16
6480.00	4.03259e-16
6481.50	3.68786e-16
6483.00	3.51383e-16
6484.50	4.09573e-16
6486.00	4.46618e-16
6487.50	4.29703e-16
6489.00	4.10832e-16
6490.50	4.20821e-16
6492.00	4.38049e-16
6493.50	4.25427e-16
6495.00	4.55719e-16
6496.50	4.67795e-16
6498.00	4.54716e-16
6499.50	4.72547e-16
6501.00	5.12687e-16
6502.50	5.47682e-16
6504.00	5.50498e-16
6505.50	5.57246e-16
6507.00	5.75494e-16
6508.50	6.09935e-16
6510.00	6.28813e-16
6511.50	6.38121e-16
6513.00	6.60374e-16
6514.50	6.53551e-16
6516.00	6.81935e-16
6517.50	6.91728e-16
6519.00	7.22582e-16
6520.50	7.93473e-16
6522.00	7.88896e-16
6523.50	7.95999e-16
6525.00	8.02127e-16
6526.50	8.2228e-16
6528.00	8.59572e-16
6529.50	8.55543e-16
6531.00	8.9296e-16
6532.50	9.07311e-16
6534.00	8.90716e-16
6535.50	9.23047e-16
6537.00	9.35299e-16
6538.50	9.03484e-16
6540.00	8.96261e-16
6541.50	9.76604e-16
6543.00	9.73629e-16
6544.50	1.01629e-15
6546.00	1.01115e-15
6547.50	9.78414e-16
6549.00	1.01555e-15
6550.50	1.07021e-15
6552.00	1.07961e-15
6553.50	1.13554e-15
6555.00	1.14205e-15
6556.50	1.11796e-15
6558.00	1.16954e-15
6559.50	1.22839e-15
6561.00	1.25621e-15
6562.50	1.25567e-15
6564.00	1.29341e-15
6565.50	1.32602e-15
6567.00	1.36479e-15
6568.50	1.4195e-15
6570.00	1.44848e-15
6571.50	1.5266e-15
6573.00	1.68077e-15
6574.50	1.67537e-15
6576.00	1.70703e-15
6577.50	1.79592e-15
6579.00	1.89324e-15
6580.50	1.97487e-15
6582.00	1.99876e-15
6583.50	2.06123e-15
6585.00	2.16387e-15
6586.50	2.25541e-15
6588.00	2.31063e-15
6589.50	2.41297e-15
6591.00	2.52948e-15
6592.50	2.60387e-15
6594.00	2.74195e-15
6595.50	2.86625e-15
6597.00	2.94395e-15
6598.50	3.06495e-15
6600.00	3.16426e-15
6601.50	3.23386e-15
6603.00	3.28062e-15
6604.50	3.33322e-15
6606.00	3.35818e-15
6607.50	3.27256e-15
6609.00	3.36215e-15
6610.50	3.34534e-15
6612.00	3.4008e-15
6613.50	3.74793e-15
6615.00	3.99215e-15
6616.50	4.00755e-15
6618.00	4.08452e-15
6619.50	3.82306e-15
6621.00	3.41495e-15
6622.50	3.17057e-15
6624.00	3.00312e-15
6625.50	2.86219e-15
6627.00	2.78311e-15
6628.50	2.75505e-15
6630.00	2.68818e-15
6631.50	2.63461e-15
6633.00	2.58542e-15
6634.50	2.6022e-15
6636.00	2.63273e-15
6637.50	2.53955e-15
6639.00	2.37478e-15
6640.50	2.1646e-15
6642.00	1.87362e-15
6643.50	1.65493e-15
6645.00	1.49374e-15
6646.50	1.37745e-15
6648.00	1.31671e-15
6649.50	1.23617e-15
6651.00	1.17591e-15
6652.50	1.10034e-15
6654.00	9.99488e-16
6655.50	9.59091e-16
6657.00	9.28509e-16
6658.50	8.60814e-16
6660.00	8.1711e-16
6661.50	7.71738e-16
6663.00	7.13648e-16
6664.50	6.83661e-16
6666.00	6.75539e-16
6667.50	6.61602e-16
6669.00	6.20837e-16
6670.50	6.34459e-16
6672.00	6.31237e-16
6673.50	6.25102e-16
6675.00	5.99853e-16
6676.50	6.18465e-16
6678.00	5.79497e-16
6679.50	5.45377e-16
6681.00	5.44024e-16
6682.50	5.22077e-16
6684.00	5.33629e-16
6685.50	5.52023e-16
6687.00	5.3158e-16
6688.50	5.34615e-16
6690.00	5.18223e-16
6691.50	4.95514e-16
6693.00	5.45918e-16
6694.50	5.49415e-16
6696.00	5.2581e-16
6697.50	5.04206e-16
6699.00	5.39236e-16
6700.50	5.40045e-16
6702.00	4.89205e-16
6703.50	4.53618e-16
6705.00	4.54423e-16
6706.50	4.49455e-16
6708.00	4.60507e-16
6709.50	4.42111e-16
6711.00	4.47716e-16
6712.50	4.76368e-16
6714.00	4.70693e-16
6715.50	4.56198e-16
6717.00	4.51423e-16
6718.50	4.78817e-16
6720.00	4.69336e-16
6721.50	4.61417e-16
6723.00	4.60641e-16
6724.50	4.17103e-16
6726.00	3.83782e-16
6727.50	3.84512e-16
6729.00	4.18362e-16
6730.50	4.19828e-16
6732.00	3.84269e-16
6733.50	3.67375e-16
6735.00	3.72188e-16
6736.50	4.02588e-16
6738.00	3.98598e-16
6739.50	3.66881e-16
6741.00	3.91302e-16
6742.50	3.82105e-16
6744.00	3.50676e-16
6745.50	3.3579e-16
6747.00	3.2192e-16
6748.50	3.21055e-16
6750.00	3.63369e-16
6751.50	3.66895e-16
6753.00	3.28422e-16
6754.50	3.51144e-16
6756.00	3.71038e-16
6757.50	3.62862e-16
6759.00	3.57941e-16
6760.50	3.34992e-16
6762.00	3.66549e-16
6763.50	3.78417e-16
6765.00	2.92863e-16
6766.50	3.10418e-16
6768.00	3.49719e-16
6769.50	4.35834e-16
6771.00	4.38068e-16
6772.50	4.35074e-16
6774.00	4.4436e-16
6775.50	3.81191e-16
6777.00	2.89846e-16
6778.50	2.9172e-16
6780.00	2.96635e-16
6781.50	3.42892e-16
6783.00	3.68118e-16
6784.50	3.99586e-16
6786.00	4.59364e-16
6787.50	4.10092e-16
6789.00	3.67017e-16
6790.50	3.60602e-16
6792.00	3.17047e-16
6793.50	2.9096e-16
6795.00	2.89974e-16
6796.50	3.17441e-16
6798.00	3.39906e-16
6799.50	2.86115e-16
6801.00	2.64626e-16
6802.50	3.07142e-16
6804.00	3.08947e-16
6805.50	3.20043e-16
6807.00	3.51344e-16
6808.50	3.16998e-16
6810.00	2.9755e-16
6811.50	3.23754e-16
6813.00	3.50315e-16
6814.50	3.24997e-16
6816.00	3.01829e-16
6817.50	2.97805e-16
6819.00	2.84569e-16
6820.50	3.06033e-16
6822.00	3.1624e-16
6823.50	2.84685e-16
6825.00	3.06006e-16
6826.50	3.25802e-16
6828.00	3.00252e-16
6829.50	2.69353e-16
6831.00	2.49572e-16
6832.50	3.19401e-16
6834.00	2.98935e-16
6835.50	3.46255e-16
6837.00	2.57431e-16
6838.50	3.3708e-16
6840.00	2.58949e-16
6841.50	3.40266e-16
6843.00	3.16531e-16
6844.50	2.86251e-16
6846.00	2.2587e-16
6847.50	2.82809e-16
6849.00	2.814e-16
6850.50	3.17868e-16
6852.00	2.68133e-16
6853.50	2.68897e-16
6855.00	3.02283e-16
6856.50	3.01292e-16
6858.00	2.65132e-16
6859.50	2.64212e-16
6861.00	2.84243e-16
6862.50	3.56608e-16
6864.00	3.42437e-16
6865.50	2.68116e-16
6867.00	2.81428e-16
6868.50	2.49968e-16
6870.00	2.98398e-16
6871.50	2.72504e-16
6873.00	2.1424e-16
6874.50	2.61522e-16
6876.00	2.77588e-16
6877.50	2.6598e-16
6879.00	2.70889e-16
6880.50	3.18308e-16
6882.00	3.12122e-16
6883.50	2.63932e-16
6885.00	2.69892e-16
6886.50	2.7839e-16
6888.00	2.56833e-16
6889.50	2.40473e-16
6891.00	2.56348e-16
6892.50	2.2746e-16
6894.00	2.15072e-16
6895.50	2.80455e-16
6897.00	2.76124e-16
6898.50	3.04988e-16
6900.00	3.42846e-16
6901.50	2.95819e-16
6903.00	2.86414e-16
6904.50	2.88083e-16
6906.00	2.77937e-16
6907.50	2.79654e-16
6909.00	3.17582e-16
6910.50	3.20094e-16
6912.00	3.1685e-16
6913.50	2.91266e-16
6915.00	3.06498e-16
6916.50	2.87759e-16
6918.00	2.97224e-16
6919.50	2.67661e-16
6921.00	2.87448e-16
6922.50	3.17614e-16
6924.00	3.59387e-16
6925.50	2.83515e-16
6927.00	2.83511e-16
6928.50	2.87846e-16
6930.00	2.92803e-16
6931.50	3.14046e-16
6933.00	2.95452e-16
6934.50	3.16548e-16
6936.00	2.91374e-16
6937.50	2.9109e-16
6939.00	3.06452e-16
6940.50	2.88027e-16
6942.00	2.83375e-16
6943.50	2.73539e-16
6945.00	2.80558e-16
6946.50	3.07971e-16
6948.00	2.72657e-16
6949.50	2.97125e-16
6951.00	3.83624e-16
6952.50	3.49856e-16
6954.00	3.00354e-16
6955.50	3.04177e-16
6957.00	3.03031e-16
6958.50	2.87013e-16
6960.00	2.54863e-16
6961.50	2.54967e-16
6963.00	2.92588e-16
6964.50	3.19057e-16
6966.00	3.17916e-16
6967.50	2.83158e-16
6969.00	2.75077e-16
6970.50	2.58147e-16
6972.00	2.64827e-16
6973.50	3.20055e-16
6975.00	2.82153e-16
6976.50	2.57198e-16
6978.00	3.01404e-16
6979.50	3.26916e-16
6981.00	3.28804e-16
6982.50	3.30381e-16
6984.00	2.80035e-16
6985.50	3.07356e-16
6987.00	3.56648e-16
6988.50	3.06705e-16
6990.00	2.76444e-16
6991.50	2.86884e-16
6993.00	3.17506e-16
6994.50	3.24248e-16
6996.00	2.95539e-16
6997.50	2.9073e-16
6999.00	3.03621e-16
7000.50	2.92911e-16
7002.00	2.98755e-16
7003.50	3.0671e-16
7005.00	2.89251e-16
7006.50	2.88375e-16
7008.00	3.05831e-16
7009.50	3.20847e-16
7011.00	3.18349e-16
7012.50	3.26102e-16
7014.00	3.5301e-16
7015.50	3.17288e-16
7017.00	3.23146e-16
7018.50	3.34437e-16
7020.00	3.44497e-16
7021.50	3.70661e-16
7023.00	3.59877e-16
7024.50	3.47184e-16
7026.00	3.34233e-16
7027.50	3.46895e-16
7029.00	3.76578e-16
7030.50	3.46594e-16
7032.00	3.39242e-16
7033.50	3.46615e-16
7035.00	3.04113e-16
7036.50	3.01375e-16
7038.00	3.3719e-16
7039.50	3.28445e-16
7041.00	3.0168e-16
7042.50	3.08874e-16
7044.00	2.8382e-16
7045.50	3.00379e-16
7047.00	3.50317e-16
7048.50	3.41284e-16
7050.00	3.01169e-16
7051.50	3.55446e-16
7053.00	3.31215e-16
7054.50	3.13414e-16
7056.00	3.21413e-16
7057.50	3.05148e-16
7059.00	3.20989e-16
7060.50	3.46322e-16
7062.00	3.67447e-16
7063.50	4.09303e-16
7065.00	3.86615e-16
7066.50	3.55994e-16
7068.00	3.45889e-16
7069.50	3.1454e-16
7071.00	3.24456e-16
7072.50	3.19343e-16
7074.00	3.19129e-16
7075.50	3.46575e-16
7077.00	3.50463e-16
7078.50	2.9766e-16
7080.00	2.91137e-16
7081.50	3.07994e-16
7083.00	3.42189e-16
7084.50	3.51919e-16
7086.00	2.8166e-16
7087.50	2.63185e-16
7089.00	3.24041e-16
7090.50	3.32844e-16
7092.00	2.93741e-16
7093.50	3.11273e-16
7095.00	3.75482e-16
7096.50	3.60826e-16
7098.00	3.22954e-16
7099.50	3.46484e-16
7101.00	3.39146e-16
7102.50	2.93396e-16
7104.00	3.37835e-16
7105.50	4.01482e-16
7107.00	3.76997e-16
7108.50	3.70292e-16
7110.00	3.68948e-16
7111.50	4.16474e-16
7113.00	4.36177e-16
7114.50	3.99034e-16
7116.00	3.56085e-16
7117.50	3.37996e-16
7119.00	3.53822e-16
7120.50	3.72124e-16
7122.00	3.67483e-16
7123.50	3.94349e-16
7125.00	3.79757e-16
7126.50	3.37644e-16
7128.00	3.56399e-16
7129.50	3.5455e-16
7131.00	3.27102e-16
7132.50	3.1724e-16
7134.00	2.94158e-16
7135.50	3.28915e-16
7137.00	3.07038e-16
7138.50	2.89632e-16
7140.00	3.2112e-16
7141.50	3.32948e-16
7143.00	2.84669e-16
7144.50	3.10152e-16
7146.00	3.28309e-16
7147.50	3.11878e-16
7149.00	3.01908e-16
7150.50	3.08664e-16
7152.00	2.90268e-16
7153.50	2.91561e-16
7155.00	2.90387e-16
7156.50	2.87951e-16
7158.00	2.67131e-16
7159.50	2.92526e-16
7161.00	2.85893e-16
7162.50	3.01737e-16
7164.00	3.33289e-16
7165.50	3.02819e-16
7167.00	2.86106e-16
7168.50	2.92439e-16
7170.00	2.88297e-16
7171.50	2.83079e-16
7173.00	2.73708e-16
7174.50	2.76363e-16
7176.00	2.66259e-16
7177.50	2.56154e-16
7179.00	2.4605e-16
7180.50	2.4196e-16
7182.00	2.74529e-16
7183.50	2.32823e-16
7185.00	2.76511e-16
7186.50	2.63215e-16
7188.00	2.47585e-16
7189.50	2.49241e-16
7191.00	2.87634e-16
7192.50	2.60009e-16
7194.00	2.48129e-16
7195.50	2.76275e-16
7197.00	2.68223e-16
7198.50	2.6475e-16
7200.00	2.72725e-16
7201.50	2.66955e-16
7203.00	2.92825e-16
7204.50	2.54935e-16
7206.00	2.65046e-16
7207.50	2.70079e-16
7209.00	2.71645e-16
7210.50	2.65632e-16
7212.00	2.61994e-16
7213.50	2.75031e-16
7215.00	2.89329e-16
7216.50	2.92476e-16
7218.00	2.98201e-16
7219.50	2.79577e-16
7221.00	3.11182e-16
7222.50	2.98514e-16
7224.00	2.51663e-16
7225.50	2.3283e-16
7227.00	2.65757e-16
7228.50	3.22806e-16
7230.00	2.99874e-16
7231.50	3.15039e-16
7233.00	3.25266e-16
7234.50	2.82034e-16
7236.00	2.84817e-16
7237.50	2.77862e-16
7239.00	2.69353e-16
7240.50	3.06984e-16
7242.00	3.30601e-16
7243.50	3.09945e-16
7245.00	3.14623e-16
7246.50	2.92339e-16
7248.00	2.68504e-16
7249.50	2.8964e-16
7251.00	2.96127e-16
7252.50	2.51696e-16
7254.00	2.34463e-16
7255.50	2.57167e-16
7257.00	2.73676e-16
7258.50	2.95669e-16
7260.00	3.16054e-16
7261.50	2.64958e-16
7263.00	2.33122e-16
7264.50	2.69968e-16
7266.00	3.04516e-16
7267.50	3.13116e-16
7269.00	2.61726e-16
7270.50	2.62244e-16
7272.00	2.93819e-16
7273.50	2.89734e-16
7275.00	2.28231e-16
7276.50	2.55205e-16
7278.00	3.60598e-16
7279.50	3.48687e-16
7281.00	2.66432e-16
7282.50	2.4268e-16
7284.00	2.82198e-16
7285.50	3.28296e-16
7287.00	3.43865e-16
7288.50	2.85522e-16
7290.00	2.93067e-16
7291.50	2.95614e-16
7293.00	2.69251e-16
7294.50	2.94891e-16
7296.00	3.09095e-16
7297.50	2.66454e-16
7299.00	2.37358e-16
7300.50	2.47097e-16
7302.00	2.59877e-16
7303.50	3.17007e-16
7305.00	3.07098e-16
7306.50	2.57238e-16
7308.00	2.55536e-16
7309.50	2.72008e-16
7311.00	2.93588e-16
7312.50	2.80277e-16
7314.00	2.73187e-16
7315.50	2.89708e-16
7317.00	2.72894e-16
7318.50	2.36494e-16
7320.00	2.33983e-16
7321.50	2.56986e-16
7323.00	2.93756e-16
7324.50	3.16069e-16
7326.00	3.10646e-16
7327.50	2.79555e-16
7329.00	2.8616e-16
7330.50	3.42167e-16
7332.00	3.21264e-16
7333.50	2.93712e-16
7335.00	2.96369e-16
7336.50	2.86478e-16
7338.00	2.88846e-16
7339.50	3.18436e-16
7341.00	3.24463e-16
7342.50	3.08327e-16
7344.00	3.10569e-16
7345.50	3.45209e-16
7347.00	3.57878e-16
7348.50	3.03121e-16
7350.00	2.78602e-16
7351.50	2.8985e-16
7353.00	2.69612e-16
7354.50	2.73887e-16
7356.00	2.53055e-16
7357.50	2.1142e-16
7359.00	3.18945e-16
7360.50	3.32769e-16
7362.00	2.6411e-16
7363.50	2.63991e-16
7365.00	2.46987e-16
7366.50	3.16957e-16
7368.00	3.4024e-16
7369.50	3.18162e-16
7371.00	3.00164e-16
7372.50	2.8187e-16
7374.00	3.54125e-16
7375.50	3.18551e-16
7377.00	2.88279e-16
7378.50	3.14112e-16
7380.00	3.17467e-16
7381.50	3.08619e-16
7383.00	3.06434e-16
7384.50	2.75656e-16
7386.00	2.81296e-16
7387.50	2.89019e-16
7389.00	2.8055e-16
7390.50	2.6131e-16
7392.00	2.53681e-16
7393.50	2.80286e-16
7395.00	2.61448e-16
7396.50	2.55468e-16
7398.00	2.77211e-16
7399.50	2.35996e-16
7401.00	2.10968e-16
7402.50	2.4727e-16
7404.00	2.62902e-16
7405.50	2.57517e-16
7407.00	2.38288e-16
7408.50	2.49797e-16
7410.00	2.47141e-16
7411.50	2.13501e-16
7413.00	2.16004e-16
7414.50	2.12443e-16
7416.00	2.31395e-16
7417.50	2.50761e-16
7419.00	2.67484e-16
7420.50	2.27107e-16
7422.00	2.76412e-16
7423.50	2.21375e-16
7425.00	2.13322e-16
7426.50	2.20976e-16
7428.00	2.9598e-16
7429.50	3.36918e-16
7431.00	2.64287e-16
7432.50	2.14468e-16
7434.00	2.87545e-16
7435.50	2.67027e-16
7437.00	2.44506e-16
7438.50	2.16921e-16
7440.00	2.86492e-16
7441.50	2.69751e-16
7443.00	2.57665e-16
7444.50	2.34155e-16
7446.00	2.55752e-16
7447.50	2.96282e-16
7449.00	2.84838e-16
7450.50	2.65826e-16
7452.00	2.59544e-16
7453.50	2.49332e-16
7455.00	2.47571e-16
7456.50	2.70052e-16
7458.00	2.39099e-16
7459.50	2.1503e-16
7461.00	2.34047e-16
7462.50	2.17502e-16
7464.00	2.39482e-16
7465.50	2.69991e-16
7467.00	2.4285e-16
7468.50	2.20343e-16
7470.00	2.59002e-16
7471.50	2.49964e-16
7473.00	2.45026e-16
7474.50	2.22764e-16
7476.00	2.27948e-16
7477.50	2.30409e-16
7479.00	2.48469e-16
7480.50	2.55297e-16
7482.00	2.64282e-16
7483.50	2.33221e-16
7485.00	2.67465e-16
7486.50	2.66739e-16
7488.00	2.6346e-16
7489.50	2.5181e-16
7491.00	2.70681e-16
7492.50	2.78819e-16
7494.00	2.54336e-16
7495.50	2.49472e-16
7497.00	1.93489e-16
7498.50	2.39639e-16
7500.00	2.41923e-16
7501.50	2.1712e-16
7503.00	2.53427e-16
7504.50	2.58115e-16
7506.00	2.82362e-16
7507.50	2.76766e-16
7509.00	2.1748e-16
7510.50	1.87137e-16
7512.00	2.07295e-16
7513.50	2.23853e-16
7515.00	2.21035e-16
7516.50	2.2139e-16
7518.00	2.36699e-16
7519.50	2.8515e-16
7521.00	2.41538e-16
7522.50	2.39606e-16
7524.00	2.53475e-16
7525.50	2.47495e-16
7527.00	2.24842e-16
7528.50	2.39046e-16
7530.00	2.36275e-16
7531.50	2.64909e-16
7533.00	2.50085e-16
7534.50	2.29827e-16
7536.00	2.46891e-16
7537.50	2.55361e-16
7539.00	2.3327e-16
7540.50	2.54162e-16
