3720.00	4.13338e-15
3721.50	4.17071e-15
3723.00	4.04832e-15
3724.50	4.14245e-15
3726.00	4.38237e-15
3727.50	4.31267e-15
3729.00	4.59941e-15
3730.50	4.68934e-15
3732.00	4.50408e-15
3733.50	4.4821e-15
3735.00	4.27546e-15
3736.50	4.33885e-15
3738.00	4.40773e-15
3739.50	4.44853e-15
3741.00	4.98703e-15
3742.50	5.18228e-15
3744.00	4.68461e-15
3745.50	4.49503e-15
3747.00	4.77667e-15
3748.50	4.79774e-15
3750.00	4.68972e-15
3751.50	4.93962e-15
3753.00	4.52775e-15
3754.50	4.44718e-15
3756.00	4.41755e-15
3757.50	4.52359e-15
3759.00	4.88074e-15
3760.50	4.54515e-15
3762.00	4.96899e-15
3763.50	4.58039e-15
3765.00	4.3854e-15
3766.50	4.15277e-15
3768.00	4.15147e-15
3769.50	4.56418e-15
3771.00	4.89043e-15
3772.50	4.66145e-15
3774.00	4.91272e-15
3775.50	4.32457e-15
3777.00	4.39942e-15
3778.50	4.56338e-15
3780.00	4.86138e-15
3781.50	5.04433e-15
3783.00	4.64509e-15
3784.50	4.30418e-15
3786.00	4.54384e-15
3787.50	4.62052e-15
3789.00	4.43227e-15
3790.50	4.62545e-15
3792.00	4.39659e-15
3793.50	4.37704e-15
3795.00	4.62482e-15
3796.50	4.35285e-15
3798.00	4.44697e-15
3799.50	4.69905e-15
3801.00	4.76397e-15
3802.50	4.8326e-15
3804.00	4.68013e-15
3805.50	4.86436e-15
3807.00	5.1858e-15
3808.50	4.82877e-15
3810.00	4.454e-15
3811.50	4.5538e-15
3813.00	4.80258e-15
3814.50	4.96385e-15
3816.00	4.92658e-15
3817.50	4.46844e-15
3819.00	4.60964e-15
3820.50	4.39442e-15
3822.00	4.27408e-15
3823.50	4.36906e-15
3825.00	4.31364e-15
3826.50	4.08293e-15
3828.00	4.56302e-15
3829.50	4.45975e-15
3831.00	4.57132e-15
3832.50	4.38191e-15
3834.00	4.08316e-15
3835.50	4.57137e-15
3837.00	4.62429e-15
3838.50	3.99768e-15
3840.00	4.56574e-15
3841.50	4.67772e-15
3843.00	4.08355e-15
3844.50	4.28076e-15
3846.00	4.50137e-15
3847.50	4.358e-15
3849.00	4.33213e-15
3850.50	4.64519e-15
3852.00	4.60517e-15
3853.50	4.28136e-15
3855.00	4.08983e-15
3856.50	4.48283e-15
3858.00	4.62958e-15
3859.50	4.57333e-15
3861.00	4.69362e-15
3862.50	4.51492e-15
3864.00	4.13295e-15
3865.50	4.16677e-15
3867.00	4.40226e-15
3868.50	4.46045e-15
3870.00	4.50969e-15
3871.50	4.45355e-15
3873.00	4.3891e-15
3874.50	4.43201e-15
3876.00	4.27388e-15
3877.50	4.1601e-15
3879.00	4.05935e-15
3880.50	4.15936e-15
3882.00	4.18181e-15
3883.50	3.93761e-15
3885.00	4.1173e-15
3886.50	4.4572e-15
3888.00	4.30447e-15
3889.50	3.95476e-15
3891.00	3.95841e-15
3892.50	4.06258e-15
3894.00	3.77868e-15
3895.50	3.96291e-15
3897.00	3.84656e-15
3898.50	3.78428e-15
3900.00	3.74441e-15
3901.50	4.09115e-15
3903.00	4.23874e-15
3904.50	4.21638e-15
3906.00	4.32612e-15
3907.50	4.14859e-15
3909.00	4.36534e-15
3910.50	4.18158e-15
3912.00	4.52893e-15
3913.50	4.44405e-15
3915.00	4.57339e-15
3916.50	4.27667e-15
3918.00	4.1161e-15
3919.50	4.25882e-15
3921.00	4.30482e-15
3922.50	4.35677e-15
3924.00	4.49042e-15
3925.50	4.76906e-15
3927.00	4.55056e-15
3928.50	4.14894e-15
3930.00	4.13411e-15
3931.50	4.61243e-15
3933.00	4.48781e-15
3934.50	4.184e-15
3936.00	4.26569e-15
3937.50	4.31403e-15
3939.00	4.53656e-15
3940.50	4.59024e-15
3942.00	4.52695e-15
3943.50	4.71525e-15
3945.00	5.10033e-15
3946.50	5.16275e-15
3948.00	4.88659e-15
3949.50	4.85237e-15
3951.00	4.96131e-15
3952.50	5.01753e-15
3954.00	4.84114e-15
3955.50	4.74439e-15
3957.00	4.49568e-15
3958.50	4.48156e-15
3960.00	4.53211e-15
3961.50	4.69094e-15
3963.00	5.18e-15
3964.50	4.79029e-15
3966.00	4.54165e-15
3967.50	4.72375e-15
3969.00	4.82814e-15
3970.50	4.60502e-15
3972.00	4.49605e-15
3973.50	4.96133e-15
3975.00	4.71845e-15
3976.50	4.55157e-15
3978.00	4.21654e-15
3979.50	4.65165e-15
3981.00	4.90534e-15
3982.50	4.8652e-15
3984.00	4.7818e-15
3985.50	4.4648e-15
3987.00	4.4424e-15
3988.50	4.43057e-15
3990.00	4.45776e-15
3991.50	4.74689e-15
3993.00	4.55005e-15
3994.50	4.73268e-15
3996.00	5.16407e-15
3997.50	4.88024e-15
3999.00	5.03559e-15
4000.50	4.82118e-15
4002.00	4.70928e-15
4003.50	4.6531e-15
4005.00	4.89555e-15
4006.50	4.71077e-15
4008.00	4.50467e-15
4009.50	4.74281e-15
4011.00	4.61485e-15
4012.50	4.56127e-15
4014.00	4.5077e-15
4015.50	4.45413e-15
4017.00	4.40055e-15
4018.50	4.34698e-15
4021.50	4.47114e-15
4023.00	4.4352e-15
4024.50	4.5423e-15
4026.00	4.62527e-15
4027.50	4.53043e-15
4029.00	4.70999e-15
4030.50	4.6444e-15
4032.00	4.63272e-15
4033.50	4.58781e-15
4035.00	4.6125e-15
4036.50	4.69301e-15
4038.00	4.52591e-15
4039.50	4.22322e-15
4041.00	4.09792e-15
4042.50	4.5267e-15
4044.00	4.57463e-15
4045.50	4.25971e-15
4047.00	4.35676e-15
4048.50	4.35075e-15
4050.00	4.37267e-15
4051.50	4.66257e-15
4053.00	4.45906e-15
4054.50	4.30683e-15
4056.00	4.62351e-15
4057.50	4.68483e-15
4059.00	4.42674e-15
4060.50	4.52713e-15
4062.00	4.7083e-15
4063.50	4.45795e-15
4065.00	4.40705e-15
4066.50	4.3152e-15
4068.00	4.2655e-15
4069.50	4.37734e-15
4071.00	4.34182e-15
4072.50	4.59683e-15
4074.00	4.41157e-15
4075.50	4.42215e-15
4077.00	4.50391e-15
4078.50	4.39587e-15
4080.00	4.47674e-15
4081.50	4.51438e-15
4083.00	4.50179e-15
4084.50	4.39909e-15
4086.00	4.54737e-15
4087.50	4.48164e-15
4089.00	4.1709e-15
4090.50	4.44511e-15
4092.00	4.58986e-15
4093.50	4.64446e-15
4095.00	4.5829e-15
4096.50	4.38224e-15
4098.00	4.51894e-15
4099.50	4.4703e-15
4101.00	4.45908e-15
4102.50	4.2226e-15
4104.00	4.18466e-15
4105.50	4.24296e-15
4107.00	4.33549e-15
4108.50	4.49774e-15
4110.00	4.53572e-15
4111.50	4.68317e-15
4113.00	4.6496e-15
4114.50	4.53546e-15
4116.00	4.42117e-15
4117.50	4.38047e-15
4119.00	4.32632e-15
4120.50	4.54013e-15
4122.00	4.47907e-15
4123.50	4.60409e-15
4125.00	4.96812e-15
4126.50	4.75659e-15
4128.00	4.74763e-15
4129.50	4.50221e-15
4131.00	4.48373e-15
4132.50	4.57043e-15
4134.00	4.55356e-15
4135.50	4.47378e-15
4137.00	4.33197e-15
4138.50	4.67313e-15
4140.00	4.65947e-15
4141.50	4.44461e-15
4143.00	4.52801e-15
4144.50	4.68485e-15
4146.00	4.65998e-15
4147.50	4.55811e-15
4149.00	4.41109e-15
4150.50	4.49188e-15
4152.00	4.52391e-15
4153.50	4.38679e-15
4155.00	4.06911e-15
4156.50	4.07075e-15
4158.00	4.48584e-15
4159.50	4.48335e-15
4161.00	4.20463e-15
4162.50	4.16526e-15
4164.00	4.25315e-15
4165.50	4.36574e-15
4167.00	4.44441e-15
4168.50	4.39141e-15
4170.00	4.332e-15
4171.50	4.27177e-15
4173.00	4.30751e-15
4174.50	4.27944e-15
4176.00	4.19026e-15
4177.50	4.34881e-15
4179.00	4.18723e-15
4180.50	4.11775e-15
4182.00	4.16615e-15
4183.50	4.26907e-15
4185.00	4.41464e-15
4186.50	4.60698e-15
4188.00	4.56434e-15
4189.50	4.49451e-15
4191.00	4.25829e-15
4192.50	4.16013e-15
4194.00	4.46038e-15
4195.50	4.26682e-15
4197.00	4.39583e-15
4198.50	4.34731e-15
4200.00	4.20251e-15
4201.50	4.28482e-15
4203.00	4.06089e-15
4204.50	4.20497e-15
4206.00	4.08458e-15
4207.50	4.12203e-15
4209.00	4.23493e-15
4210.50	4.25196e-15
4212.00	4.02853e-15
4213.50	4.10971e-15
4215.00	4.24796e-15
4216.50	4.13279e-15
4218.00	4.08723e-15
4219.50	4.11666e-15
4221.00	4.1904e-15
4222.50	4.15614e-15
4224.00	4.1628e-15
4225.50	4.13468e-15
4227.00	4.00409e-15
4228.50	3.9522e-15
4230.00	4.02701e-15
4231.50	3.91871e-15
4233.00	3.96779e-15
4234.50	4.21019e-15
4236.00	4.12959e-15
4237.50	3.9241e-15
4239.00	3.88557e-15
4240.50	3.85989e-15
4242.00	3.80194e-15
4243.50	3.8462e-15
4245.00	4.03269e-15
4246.50	3.98694e-15
4248.00	3.94164e-15
4249.50	3.95787e-15
4251.00	3.84501e-15
4252.50	3.69296e-15
4254.00	3.85203e-15
4255.50	3.85429e-15
4257.00	3.56236e-15
4258.50	3.91344e-15
4260.00	3.82122e-15
4261.50	3.72082e-15
4263.00	3.92439e-15
4264.50	3.82165e-15
4266.00	3.94932e-15
4267.50	3.93108e-15
4269.00	3.83115e-15
4270.50	3.69992e-15
4272.00	3.57623e-15
4273.50	3.74057e-15
4275.00	4.0318e-15
4276.50	3.94644e-15
4278.00	3.72219e-15
4279.50	3.79385e-15
4281.00	3.96655e-15
4282.50	3.89769e-15
4284.00	3.85456e-15
4285.50	3.73527e-15
4287.00	3.92241e-15
4288.50	4.08909e-15
4290.00	4.03919e-15
4291.50	4.13127e-15
4293.00	4.22454e-15
4294.50	4.26156e-15
4296.00	4.2548e-15
4297.50	4.20193e-15
4299.00	4.24501e-15
4300.50	4.21551e-15
4302.00	4.13143e-15
4303.50	4.04258e-15
4305.00	4.13805e-15
4306.50	4.18903e-15
4308.00	4.14851e-15
4309.50	4.32677e-15
4311.00	4.25354e-15
4312.50	4.10257e-15
4314.00	4.2065e-15
4315.50	4.34768e-15
4317.00	4.32011e-15
4318.50	4.27896e-15
4320.00	4.34404e-15
4321.50	4.21888e-15
4323.00	4.14499e-15
4324.50	4.38649e-15
4326.00	4.37046e-15
4327.50	4.37091e-15
4329.00	4.30991e-15
4330.50	4.24073e-15
4332.00	4.4252e-15
4333.50	4.18199e-15
4335.00	4.02615e-15
4336.50	4.55815e-15
4338.00	4.35001e-15
4339.50	3.97945e-15
4341.00	3.97366e-15
4342.50	4.0799e-15
4344.00	4.41323e-15
4345.50	4.4389e-15
4347.00	4.57044e-15
4348.50	4.29821e-15
4350.00	4.14451e-15
4351.50	4.21932e-15
4353.00	4.27525e-15
4354.50	4.48926e-15
4356.00	4.54592e-15
4357.50	4.44646e-15
4359.00	4.49995e-15
4360.50	4.38081e-15
4362.00	4.32749e-15
4363.50	4.32642e-15
4365.00	4.30088e-15
4366.50	4.35327e-15
4368.00	4.34706e-15
4369.50	4.2982e-15
4371.00	4.351e-15
4372.50	4.4194e-15
4374.00	4.2873e-15
4375.50	4.1706e-15
4377.00	4.28982e-15
4378.50	4.37146e-15
4380.00	4.28013e-15
4381.50	4.2752e-15
4383.00	4.30273e-15
4384.50	4.50162e-15
4386.00	4.36198e-15
4387.50	4.38966e-15
4389.00	4.37637e-15
4390.50	4.20897e-15
4392.00	4.21607e-15
4393.50	4.08401e-15
4395.00	4.21489e-15
4396.50	4.18376e-15
4398.00	4.03814e-15
4399.50	3.98176e-15
4401.00	4.02316e-15
4402.50	4.16408e-15
4404.00	3.82146e-15
4405.50	3.80073e-15
4407.00	4.09457e-15
4408.50	4.21888e-15
4410.00	4.07473e-15
4411.50	4.12849e-15
4413.00	4.11202e-15
4414.50	3.97226e-15
4416.00	3.86533e-15
4417.50	3.85285e-15
4419.00	3.85959e-15
4420.50	3.86634e-15
4422.00	3.87308e-15
4423.50	3.87983e-15
4425.00	3.88657e-15
4426.50	3.89332e-15
4428.00	3.90007e-15
4429.50	3.90681e-15
4432.50	3.91621e-15
4434.00	3.91211e-15
4435.50	3.95786e-15
4437.00	3.99088e-15
4438.50	3.95825e-15
4440.00	3.90112e-15
4441.50	3.92441e-15
4443.00	3.92341e-15
4444.50	3.96241e-15
4446.00	4.08946e-15
4447.50	4.06621e-15
4449.00	3.83493e-15
4450.50	3.69793e-15
4452.00	3.72224e-15
4453.50	3.9098e-15
4455.00	3.90334e-15
4456.50	3.70854e-15
4458.00	3.87567e-15
4459.50	4.06117e-15
4461.00	3.9252e-15
4462.50	3.93133e-15
4464.00	3.75705e-15
4465.50	3.62686e-15
4467.00	3.64105e-15
4468.50	3.61621e-15
4470.00	3.64202e-15
4471.50	3.90902e-15
4473.00	3.93947e-15
4474.50	3.81112e-15
4476.00	4.01686e-15
4477.50	3.89454e-15
4479.00	3.82176e-15
4480.50	3.915e-15
4482.00	3.86361e-15
4483.50	3.86655e-15
4485.00	3.95091e-15
4486.50	4.03336e-15
4488.00	3.84887e-15
4489.50	3.78125e-15
4491.00	3.80068e-15
4492.50	3.8751e-15
4494.00	3.91064e-15
4495.50	4.00024e-15
4497.00	4.01679e-15
4498.50	3.88747e-15
4500.00	3.8293e-15
4501.50	3.74315e-15
4503.00	3.71494e-15
4504.50	3.81328e-15
4506.00	3.87848e-15
4507.50	3.80535e-15
4509.00	3.81038e-15
4510.50	3.95271e-15
4512.00	3.96657e-15
4513.50	3.85629e-15
4515.00	3.9116e-15
4516.50	4.0096e-15
4518.00	4.01636e-15
4519.50	3.83756e-15
4521.00	3.67721e-15
4522.50	3.79587e-15
4524.00	3.90917e-15
4525.50	3.98432e-15
4527.00	4.04919e-15
4528.50	4.12481e-15
4530.00	4.19059e-15
4531.50	4.00255e-15
4533.00	3.94641e-15
4534.50	4.00066e-15
4536.00	4.00579e-15
4537.50	4.03858e-15
4539.00	3.88771e-15
4540.50	3.97044e-15
4542.00	4.03101e-15
4543.50	4.07812e-15
4545.00	3.95216e-15
4546.50	3.75908e-15
4548.00	3.80986e-15
4549.50	3.99465e-15
4551.00	4.11116e-15
4552.50	4.1918e-15
4554.00	4.13072e-15
4555.50	3.99902e-15
4557.00	4.0879e-15
4558.50	3.98303e-15
4560.00	3.863e-15
4561.50	4.10736e-15
4563.00	4.01427e-15
4564.50	3.97132e-15
4566.00	3.92471e-15
4567.50	3.85683e-15
4569.00	4.13651e-15
4570.50	4.17324e-15
4572.00	4.06606e-15
4573.50	3.92596e-15
4575.00	3.93482e-15
4576.50	3.89717e-15
4578.00	3.99212e-15
4579.50	4.10568e-15
4581.00	4.01511e-15
4582.50	4.02692e-15
4584.00	3.9831e-15
4585.50	4.05225e-15
4587.00	4.24897e-15
4588.50	4.23398e-15
4590.00	4.05633e-15
4591.50	3.97063e-15
4593.00	4.00477e-15
4594.50	4.19776e-15
4596.00	4.27053e-15
4597.50	4.14627e-15
4599.00	3.9941e-15
4600.50	4.01287e-15
4602.00	4.03506e-15
4603.50	3.93128e-15
4605.00	3.9492e-15
4606.50	4.00169e-15
4608.00	4.02494e-15
4609.50	4.12549e-15
4611.00	4.05811e-15
4612.50	3.87028e-15
4614.00	4.06268e-15
4615.50	4.18977e-15
4617.00	4.1041e-15
4618.50	4.06923e-15
4620.00	3.89697e-15
4621.50	3.6707e-15
4623.00	3.93574e-15
4624.50	4.19034e-15
4626.00	4.09282e-15
4627.50	3.77641e-15
4629.00	4.00371e-15
4630.50	3.89832e-15
4632.00	3.60701e-15
4633.50	3.78615e-15
4635.00	3.98791e-15
4636.50	3.80722e-15
4638.00	3.8548e-15
4639.50	3.77618e-15
4641.00	3.72263e-15
4642.50	3.79105e-15
4644.00	3.75243e-15
4645.50	3.76068e-15
4647.00	3.79331e-15
4648.50	3.84751e-15
4650.00	3.9439e-15
4651.50	3.87085e-15
4653.00	3.76391e-15
4654.50	3.70691e-15
4656.00	3.68085e-15
4657.50	3.65419e-15
4659.00	3.63052e-15
4660.50	3.7639e-15
4662.00	3.82374e-15
4663.50	3.7978e-15
4665.00	3.74407e-15
4666.50	3.82818e-15
4668.00	3.87682e-15
4669.50	3.93278e-15
4671.00	3.9267e-15
4672.50	3.8986e-15
4674.00	3.84912e-15
4675.50	3.84125e-15
4677.00	3.85549e-15
4678.50	3.56002e-15
4680.00	3.6471e-15
4681.50	3.82645e-15
4683.00	3.95107e-15
4684.50	3.66153e-15
4686.00	3.67139e-15
4687.50	3.75679e-15
4689.00	3.70971e-15
4690.50	3.80192e-15
4692.00	3.58367e-15
4693.50	3.55702e-15
4695.00	3.62386e-15
4696.50	3.79426e-15
4698.00	3.8507e-15
4699.50	3.72589e-15
4701.00	3.60162e-15
4702.50	3.54792e-15
4704.00	3.68667e-15
4705.50	3.55773e-15
4707.00	3.63593e-15
4708.50	3.7656e-15
4710.00	3.78031e-15
4711.50	3.67871e-15
4713.00	3.6016e-15
4714.50	3.57255e-15
4716.00	3.60399e-15
4717.50	3.59799e-15
4719.00	3.68197e-15
4720.50	3.62762e-15
4722.00	3.58621e-15
4723.50	3.66446e-15
4725.00	3.71882e-15
4726.50	3.6592e-15
4728.00	3.56002e-15
4729.50	3.63295e-15
4731.00	3.59926e-15
4732.50	3.57519e-15
4734.00	3.46859e-15
4735.50	3.51972e-15
4737.00	3.63848e-15
4738.50	3.5573e-15
4740.00	3.35657e-15
4741.50	3.49339e-15
4743.00	3.52517e-15
4744.50	3.49313e-15
4746.00	3.54353e-15
4747.50	3.50354e-15
4749.00	3.42516e-15
4750.50	3.55035e-15
4752.00	3.44319e-15
4753.50	3.21311e-15
4755.00	3.48269e-15
4756.50	3.56038e-15
4758.00	3.40564e-15
4759.50	3.33458e-15
4761.00	3.11765e-15
4762.50	3.21728e-15
4764.00	3.48461e-15
4765.50	3.36664e-15
4767.00	3.3197e-15
4768.50	3.17399e-15
4770.00	3.11219e-15
4771.50	3.28763e-15
4773.00	3.2059e-15
4774.50	3.31356e-15
4776.00	3.33178e-15
4777.50	3.33067e-15
4779.00	3.36326e-15
4780.50	3.35551e-15
4782.00	3.29635e-15
4783.50	3.3034e-15
4785.00	3.39504e-15
4786.50	3.34688e-15
4788.00	3.25023e-15
4789.50	3.27522e-15
4791.00	3.29571e-15
4792.50	3.29403e-15
4794.00	3.35073e-15
4795.50	3.39409e-15
4797.00	3.37092e-15
4798.50	3.29393e-15
4800.00	3.2954e-15
4801.50	3.45503e-15
4803.00	3.49691e-15
4804.50	3.42456e-15
4806.00	3.63807e-15
4807.50	3.59311e-15
4809.00	3.5081e-15
4810.50	3.50155e-15
4812.00	3.49444e-15
4813.50	3.47154e-15
4815.00	3.4858e-15
4816.50	3.63856e-15
4818.00	3.72102e-15
4819.50	3.65053e-15
4821.00	3.64937e-15
4822.50	3.60236e-15
4824.00	3.57514e-15
4825.50	3.5335e-15
4827.00	3.49292e-15
4828.50	3.6745e-15
4830.00	3.63193e-15
4831.50	3.51119e-15
4833.00	3.78779e-15
4834.50	3.96257e-15
4836.00	3.73385e-15
4837.50	3.50231e-15
4839.00	3.61222e-15
4840.50	3.80101e-15
4842.00	3.72486e-15
4843.50	3.64823e-15
4845.00	3.67493e-15
4846.50	3.65225e-15
4848.00	3.79616e-15
4849.50	3.65802e-15
4851.00	3.5614e-15
4852.50	3.58861e-15
4854.00	3.5829e-15
4855.50	3.58844e-15
4857.00	3.6788e-15
4858.50	3.84304e-15
4860.00	3.95514e-15
4861.50	3.94562e-15
4863.00	3.89486e-15
4864.50	3.85004e-15
4866.00	3.84087e-15
4867.50	3.82009e-15
4869.00	3.90928e-15
4870.50	3.87444e-15
4872.00	3.72066e-15
4873.50	3.78427e-15
4875.00	3.75865e-15
4876.50	3.72196e-15
4878.00	3.71011e-15
4879.50	3.77115e-15
4881.00	3.77553e-15
4882.50	3.76426e-15
4884.00	3.90723e-15
4885.50	3.93233e-15
4887.00	3.80913e-15
4888.50	3.67934e-15
4890.00	3.77636e-15
4891.50	3.87311e-15
4893.00	3.84036e-15
4894.50	3.78298e-15
4896.00	3.79437e-15
4897.50	3.62971e-15
4899.00	3.80327e-15
4900.50	3.77371e-15
4902.00	3.62143e-15
4903.50	3.653e-15
4905.00	3.98534e-15
4906.50	3.72624e-15
4908.00	3.6277e-15
4909.50	3.6576e-15
4911.00	3.71764e-15
4912.50	3.75672e-15
4914.00	3.60308e-15
4915.50	3.61861e-15
4917.00	3.69111e-15
4918.50	3.7033e-15
4920.00	3.69808e-15
4921.50	3.5521e-15
4923.00	3.77855e-15
4924.50	3.73023e-15
4926.00	3.59192e-15
4927.50	3.76507e-15
4929.00	3.7196e-15
4930.50	3.64172e-15
4932.00	3.66773e-15
4933.50	3.56609e-15
4935.00	3.60139e-15
4936.50	3.66554e-15
4938.00	3.6617e-15
4939.50	3.59967e-15
4941.00	3.58648e-15
4942.50	3.47478e-15
4944.00	3.421e-15
4945.50	3.55058e-15
4947.00	3.64991e-15
4948.50	3.50395e-15
4950.00	3.37459e-15
4951.50	3.47221e-15
4953.00	3.54824e-15
4954.50	3.56548e-15
4956.00	3.59213e-15
4957.50	3.62384e-15
4959.00	3.6032e-15
4960.50	3.58256e-15
4962.00	3.56192e-15
4963.50	3.54128e-15
4965.00	3.52064e-15
4966.50	3.5e-15
4968.00	3.47936e-15
4971.00	3.48029e-15
4972.50	3.48543e-15
4974.00	3.55004e-15
4975.50	3.75058e-15
4977.00	3.62794e-15
4978.50	3.44892e-15
4980.00	3.62568e-15
4981.50	3.60182e-15
4983.00	3.60041e-15
4984.50	3.61099e-15
4986.00	3.62143e-15
4987.50	3.60667e-15
4989.00	3.59191e-15
4990.50	3.57715e-15
4992.00	3.56239e-15
4993.50	3.54763e-15
4995.00	3.53287e-15
4998.00	3.52034e-15
4999.50	3.54412e-15
5001.00	3.61104e-15
5002.50	3.52219e-15
5004.00	3.5127e-15
5005.50	3.62363e-15
5007.00	3.5636e-15
5008.50	3.47962e-15
5010.00	3.51061e-15
5011.50	3.4689e-15
5013.00	3.31786e-15
5014.50	3.39891e-15
5016.00	3.46358e-15
5017.50	3.30401e-15
5019.00	3.42948e-15
5020.50	3.54443e-15
5022.00	3.54264e-15
5023.50	3.53906e-15
5025.00	3.47013e-15
5026.50	3.44903e-15
5028.00	3.48379e-15
5029.50	3.42021e-15
5031.00	3.45336e-15
5032.50	3.42239e-15
5034.00	3.38587e-15
5035.50	3.35161e-15
5037.00	3.42525e-15
5038.50	3.46979e-15
5040.00	3.36266e-15
5041.50	3.25988e-15
5043.00	3.51443e-15
5044.50	3.58426e-15
5046.00	3.45148e-15
5047.50	3.5594e-15
5049.00	3.47732e-15
5050.50	3.40333e-15
5052.00	3.39068e-15
5053.50	3.33074e-15
5055.00	3.28548e-15
5056.50	3.32843e-15
5058.00	3.36836e-15
5059.50	3.41461e-15
5061.00	3.38114e-15
5062.50	3.33604e-15
5064.00	3.31171e-15
5065.50	3.31624e-15
5067.00	3.24319e-15
5068.50	3.2352e-15
5070.00	3.26329e-15
5071.50	3.3318e-15
5073.00	3.22398e-15
5074.50	3.24998e-15
5076.00	3.33017e-15
5077.50	3.31959e-15
5079.00	3.32421e-15
5080.50	3.37388e-15
5082.00	3.27465e-15
5083.50	3.26222e-15
5085.00	3.24527e-15
5086.50	3.25387e-15
5088.00	3.26246e-15
5089.50	3.27106e-15
5091.00	3.27965e-15
5092.50	3.28825e-15
5094.00	3.29684e-15
5097.00	3.23825e-15
5098.50	3.38508e-15
5100.00	3.34694e-15
5101.50	3.18567e-15
5103.00	3.27336e-15
5104.50	3.35223e-15
5106.00	3.36621e-15
5107.50	3.48465e-15
5109.00	3.3678e-15
5110.50	3.2834e-15
5112.00	3.26298e-15
5113.50	3.11646e-15
5115.00	3.10049e-15
5116.50	3.346e-15
5118.00	3.23307e-15
5119.50	3.09822e-15
5121.00	3.26761e-15
5122.50	3.25516e-15
5124.00	3.30297e-15
5125.50	3.4342e-15
5127.00	3.23432e-15
5128.50	3.17753e-15
5130.00	3.32322e-15
5131.50	3.32206e-15
5133.00	3.36272e-15
5134.50	3.26401e-15
5136.00	3.30552e-15
5137.50	3.42939e-15
5139.00	3.28313e-15
5140.50	3.22165e-15
5142.00	3.26835e-15
5143.50	3.25493e-15
5145.00	3.25066e-15
5146.50	3.18935e-15
5148.00	3.18257e-15
5149.50	3.22604e-15
5151.00	3.17525e-15
5152.50	3.22975e-15
5154.00	3.23652e-15
5155.50	3.13612e-15
5157.00	3.15176e-15
5158.50	3.22177e-15
5160.00	3.27849e-15
5161.50	3.19322e-15
5163.00	3.20005e-15
5164.50	3.20369e-15
5166.00	3.22282e-15
5167.50	3.29294e-15
5169.00	3.1483e-15
5170.50	3.06256e-15
5172.00	3.22295e-15
5173.50	3.31778e-15
5175.00	3.22516e-15
5176.50	3.15462e-15
5178.00	3.16758e-15
5179.50	3.25844e-15
5181.00	3.07137e-15
5182.50	3.05578e-15
5184.00	3.15305e-15
5185.50	3.22498e-15
5187.00	3.14155e-15
5188.50	3.0525e-15
5190.00	3.33887e-15
5191.50	3.5007e-15
5193.00	3.27009e-15
5194.50	3.18939e-15
5196.00	3.11832e-15
5197.50	3.16714e-15
5199.00	3.36059e-15
5200.50	3.4462e-15
5202.00	3.31192e-15
5203.50	3.24059e-15
5205.00	3.24826e-15
5206.50	3.3381e-15
5208.00	3.27131e-15
5209.50	3.23168e-15
5211.00	3.22839e-15
5212.50	3.23105e-15
5214.00	3.07156e-15
5215.50	3.16671e-15
5217.00	3.27615e-15
5218.50	3.24517e-15
5220.00	3.2592e-15
5221.50	3.27213e-15
5223.00	3.2704e-15
5224.50	3.27717e-15
5226.00	3.26625e-15
5227.50	3.30841e-15
5229.00	3.29151e-15
5230.50	3.25131e-15
5232.00	3.31438e-15
5233.50	3.34466e-15
5235.00	3.36051e-15
5236.50	3.31693e-15
5238.00	3.28497e-15
5239.50	3.19296e-15
5241.00	3.02263e-15
5242.50	3.16611e-15
5244.00	3.19074e-15
5245.50	3.15809e-15
5247.00	3.15971e-15
5248.50	3.18349e-15
5250.00	3.0764e-15
5251.50	2.98531e-15
5253.00	3.18109e-15
5254.50	3.20932e-15
5256.00	3.30957e-15
5257.50	3.23551e-15
5259.00	3.21731e-15
5260.50	3.39484e-15
5262.00	3.42092e-15
5263.50	3.17572e-15
5265.00	3.19553e-15
5266.50	3.14332e-15
5268.00	3.22071e-15
5269.50	3.30098e-15
5271.00	3.21403e-15
5272.50	3.2824e-15
5274.00	3.24158e-15
5275.50	3.01733e-15
5277.00	3.16062e-15
5278.50	3.19019e-15
5280.00	3.17207e-15
5281.50	3.19608e-15
5283.00	3.22062e-15
5284.50	3.26725e-15
5286.00	3.22519e-15
5287.50	3.23293e-15
5289.00	3.2081e-15
5290.50	3.18181e-15
5292.00	3.25067e-15
5293.50	3.25039e-15
5295.00	3.17462e-15
5296.50	3.20132e-15
5298.00	3.13693e-15
5299.50	3.20128e-15
5301.00	3.31094e-15
5302.50	3.27646e-15
5304.00	3.23361e-15
5305.50	3.16595e-15
5307.00	3.11029e-15
5308.50	3.06641e-15
5310.00	3.12883e-15
5311.50	3.20896e-15
5313.00	3.21243e-15
5314.50	3.13382e-15
5316.00	3.23543e-15
5317.50	3.14897e-15
5319.00	3.02399e-15
5320.50	2.99389e-15
5322.00	3.08495e-15
5323.50	3.10931e-15
5325.00	2.94168e-15
5326.50	2.96061e-15
5328.00	3.12745e-15
5329.50	3.13448e-15
5331.00	3.04706e-15
5332.50	3.13166e-15
5334.00	3.12782e-15
5335.50	3.16742e-15
5337.00	3.13274e-15
5338.50	3.18622e-15
5340.00	3.19783e-15
5341.50	3.13555e-15
5343.00	3.08142e-15
5344.50	3.10115e-15
5346.00	3.13959e-15
5347.50	3.0643e-15
5349.00	3.08071e-15
5350.50	3.13235e-15
5352.00	3.03585e-15
5353.50	2.92344e-15
5355.00	2.92139e-15
5356.50	2.89507e-15
5358.00	2.95422e-15
5359.50	3.0967e-15
5361.00	3.13888e-15
5362.50	3.12279e-15
5364.00	3.05856e-15
5365.50	3.0498e-15
5367.00	3.11143e-15
5368.50	3.03716e-15
5370.00	2.9724e-15
5371.50	2.9793e-15
5373.00	2.90887e-15
5374.50	2.94763e-15
5376.00	3.05161e-15
5377.50	3.0555e-15
5379.00	3.03523e-15
5380.50	3.0503e-15
5382.00	3.06982e-15
5383.50	3.03487e-15
5385.00	3.07157e-15
5386.50	3.08786e-15
5388.00	3.03618e-15
5389.50	2.95884e-15
5391.00	2.94737e-15
5392.50	3.13513e-15
5394.00	3.18102e-15
5395.50	3.06479e-15
5397.00	3.0461e-15
5398.50	3.06317e-15
5400.00	3.02822e-15
5401.50	3.03731e-15
5403.00	3.04118e-15
5404.50	3.09107e-15
5406.00	2.95576e-15
5407.50	2.87894e-15
5409.00	3.04386e-15
5410.50	3.03384e-15
5412.00	2.94993e-15
5413.50	2.90845e-15
5415.00	2.86681e-15
5416.50	2.99673e-15
5418.00	3.05536e-15
5419.50	2.96649e-15
5421.00	2.89843e-15
5422.50	2.99043e-15
5424.00	3.06579e-15
5425.50	2.93732e-15
5427.00	2.88523e-15
5428.50	2.89116e-15
5430.00	2.89424e-15
5431.50	2.97016e-15
5433.00	2.96288e-15
5434.50	2.87692e-15
5436.00	2.84933e-15
5437.50	2.82585e-15
5439.00	2.85429e-15
5440.50	2.92003e-15
5442.00	2.98311e-15
5443.50	2.98086e-15
5445.00	2.86665e-15
5446.50	2.77554e-15
5448.00	2.8988e-15
5449.50	2.99597e-15
5451.00	2.81363e-15
5452.50	2.8613e-15
5454.00	3.06591e-15
5455.50	2.91325e-15
5457.00	2.84392e-15
5458.50	2.91378e-15
5460.00	2.99639e-15
5461.50	3.01119e-15
5463.00	2.90182e-15
5464.50	2.78158e-15
5466.00	2.86802e-15
5467.50	2.94041e-15
5469.00	2.95329e-15
5470.50	2.95656e-15
5472.00	2.87046e-15
5473.50	2.82863e-15
5475.00	2.89854e-15
5476.50	2.93432e-15
5478.00	3.07068e-15
5479.50	2.92259e-15
5481.00	2.89552e-15
5482.50	3.02068e-15
5484.00	2.96456e-15
5485.50	2.77669e-15
5487.00	2.84498e-15
5488.50	2.88505e-15
5490.00	2.89102e-15
5491.50	2.94159e-15
5493.00	2.85764e-15
5494.50	2.81251e-15
5496.00	2.85588e-15
5497.50	2.82382e-15
5499.00	2.78003e-15
5500.50	2.92976e-15
5502.00	2.97652e-15
5503.50	2.84768e-15
5505.00	2.77645e-15
5506.50	2.75657e-15
5508.00	2.88141e-15
5509.50	2.9855e-15
5511.00	2.93283e-15
5512.50	2.82768e-15
5514.00	2.81073e-15
5515.50	2.91168e-15
5517.00	2.92894e-15
5518.50	2.83725e-15
5520.00	2.85535e-15
5521.50	2.88154e-15
5523.00	2.83111e-15
5524.50	2.83826e-15
5526.00	2.93062e-15
5527.50	2.88976e-15
5529.00	3.01993e-15
5530.50	2.93819e-15
5532.00	2.88617e-15
5533.50	2.79229e-15
5535.00	2.8594e-15
5536.50	2.8422e-15
5538.00	2.80878e-15
5539.50	2.81336e-15
5541.00	2.75813e-15
5542.50	2.83554e-15
5544.00	2.71492e-15
5545.50	2.89795e-15
5547.00	2.74609e-15
5548.50	2.91623e-15
5550.00	2.87692e-15
5551.50	2.77955e-15
5553.00	2.76194e-15
5554.50	2.7912e-15
5556.00	2.84059e-15
5557.50	2.76484e-15
5559.00	2.78975e-15
5560.50	2.69326e-15
5562.00	2.58726e-15
5563.50	2.75333e-15
5565.00	2.8445e-15
5566.50	2.82102e-15
5568.00	2.81799e-15
5569.50	2.82035e-15
5571.00	2.7878e-15
5572.50	2.79152e-15
5574.00	2.79334e-15
5575.50	2.79516e-15
5577.00	2.79698e-15
5578.50	2.7988e-15
5580.00	2.80062e-15
5583.00	2.93022e-15
5584.50	2.92618e-15
5586.00	2.85312e-15
5587.50	2.82575e-15
5589.00	2.73869e-15
5590.50	2.76597e-15
5592.00	2.85444e-15
5593.50	2.72811e-15
5595.00	2.61363e-15
5596.50	2.62915e-15
5598.00	2.67416e-15
5599.50	2.83641e-15
5601.00	2.84215e-15
5602.50	2.81231e-15
5604.00	2.76487e-15
5605.50	2.73797e-15
5607.00	2.81002e-15
5608.50	2.98091e-15
5610.00	2.82737e-15
5611.50	2.67451e-15
5613.00	2.79629e-15
5614.50	2.80147e-15
5616.00	2.8434e-15
5617.50	2.89164e-15
5619.00	2.86381e-15
5620.50	2.76873e-15
5622.00	2.70922e-15
5623.50	2.62912e-15
5625.00	2.77498e-15
5626.50	2.72979e-15
5628.00	2.78291e-15
5629.50	2.83677e-15
5631.00	2.72277e-15
5632.50	2.79149e-15
5634.00	2.7198e-15
5635.50	2.75454e-15
5637.00	2.74414e-15
5638.50	2.83021e-15
5640.00	2.68844e-15
5641.50	2.67393e-15
5643.00	2.74807e-15
5644.50	2.76609e-15
5646.00	2.73696e-15
5647.50	2.71936e-15
5649.00	2.74706e-15
5650.50	2.70914e-15
5652.00	2.64505e-15
5653.50	2.5936e-15
5655.00	2.65622e-15
5656.50	2.74881e-15
5658.00	2.73479e-15
5659.50	2.70075e-15
5661.00	2.73968e-15
5662.50	2.81507e-15
5664.00	2.84281e-15
5665.50	2.77948e-15
5667.00	2.79212e-15
5668.50	2.89508e-15
5670.00	2.84898e-15
5671.50	2.71815e-15
5673.00	2.72703e-15
5674.50	2.76996e-15
5676.00	2.73604e-15
5677.50	2.77639e-15
5679.00	2.74385e-15
5680.50	2.79521e-15
5682.00	2.86547e-15
5683.50	2.72153e-15
5685.00	2.74959e-15
5686.50	2.88664e-15
5688.00	2.81882e-15
5689.50	2.72125e-15
5691.00	2.70121e-15
5692.50	2.64167e-15
5694.00	2.57478e-15
5695.50	2.7328e-15
5697.00	2.8201e-15
5698.50	2.81334e-15
5700.00	2.77825e-15
5701.50	2.69169e-15
5703.00	2.68188e-15
5704.50	2.66604e-15
5706.00	2.70465e-15
5707.50	2.71939e-15
5709.00	2.68762e-15
5710.50	2.64705e-15
5712.00	2.60594e-15
5713.50	2.61373e-15
5715.00	2.6727e-15
5716.50	2.66696e-15
5718.00	2.58511e-15
5719.50	2.56595e-15
5721.00	2.50433e-15
5722.50	2.52535e-15
5724.00	2.54638e-15
5725.50	2.5674e-15
5727.00	2.58843e-15
5730.00	2.67864e-15
5731.50	2.66566e-15
5733.00	2.61162e-15
5734.50	2.45551e-15
5736.00	2.47325e-15
5737.50	2.58222e-15
5739.00	2.59597e-15
5740.50	2.56503e-15
5742.00	2.51468e-15
5743.50	2.51841e-15
5745.00	2.59087e-15
5746.50	2.57322e-15
5748.00	2.53498e-15
5749.50	2.62034e-15
5751.00	2.57676e-15
5752.50	2.44995e-15
5754.00	2.57991e-15
5755.50	2.53408e-15
5757.00	2.62085e-15
5758.50	2.53209e-15
5760.00	2.41751e-15
5761.50	2.39306e-15
5763.00	2.49842e-15
5764.50	2.44734e-15
5766.00	2.56371e-15
5767.50	2.47736e-15
5769.00	2.46815e-15
5770.50	2.36073e-15
5772.00	2.38403e-15
5773.50	2.36928e-15
5775.00	2.44617e-15
5776.50	2.48463e-15
5778.00	2.42398e-15
5779.50	2.39462e-15
5781.00	2.33924e-15
5782.50	2.32823e-15
5784.00	2.32126e-15
5785.50	2.30113e-15
5787.00	2.3319e-15
5788.50	2.42547e-15
5790.00	2.49708e-15
5791.50	2.53798e-15
5793.00	2.57105e-15
5794.50	2.41793e-15
5796.00	2.38046e-15
5797.50	2.40167e-15
5799.00	2.40756e-15
5800.50	2.39961e-15
5802.00	2.36515e-15
5803.50	2.45581e-15
5805.00	2.56797e-15
5806.50	2.66494e-15
5808.00	2.55757e-15
5809.50	2.54209e-15
5811.00	2.50931e-15
5812.50	2.51965e-15
5814.00	2.55805e-15
5815.50	2.49625e-15
5817.00	2.46001e-15
5818.50	2.52985e-15
5820.00	2.62185e-15
5821.50	2.55565e-15
5823.00	2.51401e-15
5824.50	2.62692e-15
5826.00	2.58894e-15
5827.50	2.53359e-15
5829.00	2.43943e-15
5830.50	2.51282e-15
5832.00	2.5035e-15
5833.50	2.5069e-15
5835.00	2.61254e-15
5836.50	2.56674e-15
5838.00	2.51751e-15
5839.50	2.60903e-15
5841.00	2.57072e-15
5842.50	2.54749e-15
5844.00	2.5391e-15
5845.50	2.55708e-15
5847.00	2.53003e-15
5848.50	2.38241e-15
5850.00	2.48656e-15
5851.50	2.5926e-15
5853.00	2.46451e-15
5854.50	2.54318e-15
5856.00	2.56696e-15
5857.50	2.59324e-15
5859.00	2.73616e-15
5860.50	2.61743e-15
5862.00	2.44425e-15
5863.50	2.43856e-15
5865.00	2.6218e-15
5866.50	2.69146e-15
5868.00	2.58371e-15
5869.50	2.5539e-15
5871.00	2.59941e-15
5872.50	2.70587e-15
5874.00	2.69519e-15
5875.50	2.61112e-15
5877.00	2.65479e-15
5878.50	2.68207e-15
5880.00	2.55318e-15
5881.50	2.54456e-15
5883.00	2.75479e-15
5884.50	2.80398e-15
5886.00	2.77087e-15
5887.50	2.71923e-15
5889.00	2.62385e-15
5890.50	2.68877e-15
5892.00	2.54521e-15
5893.50	2.53092e-15
5895.00	2.62058e-15
5896.50	2.61099e-15
5898.00	2.53372e-15
5899.50	2.47229e-15
5901.00	2.50849e-15
5902.50	2.55084e-15
5904.00	2.60968e-15
5905.50	2.73738e-15
5907.00	2.69394e-15
5908.50	2.54511e-15
5910.00	2.51823e-15
5911.50	2.65805e-15
5913.00	2.66882e-15
5914.50	2.57285e-15
5916.00	2.50407e-15
5917.50	2.61478e-15
5919.00	2.63617e-15
5920.50	2.56764e-15
5922.00	2.55741e-15
5923.50	2.54875e-15
5925.00	2.57749e-15
5926.50	2.61737e-15
5928.00	2.6879e-15
5929.50	2.67558e-15
5931.00	2.68746e-15
5932.50	2.67566e-15
5934.00	2.61288e-15
5935.50	2.63495e-15
5937.00	2.64322e-15
5938.50	2.61003e-15
5940.00	2.57303e-15
5941.50	2.56154e-15
5943.00	2.53776e-15
5944.50	2.56236e-15
5946.00	2.66297e-15
5947.50	2.65921e-15
5949.00	2.69238e-15
5950.50	2.68773e-15
5952.00	2.58873e-15
5953.50	2.64938e-15
5955.00	2.66909e-15
5956.50	2.74667e-15
5958.00	2.66917e-15
5959.50	2.51673e-15
5961.00	2.63592e-15
5962.50	2.63976e-15
5964.00	2.56751e-15
5965.50	2.62189e-15
5967.00	2.5241e-15
5968.50	2.51051e-15
5970.00	2.46562e-15
5971.50	2.46715e-15
5973.00	2.46868e-15
5974.50	2.47021e-15
5976.00	2.47174e-15
5977.50	2.47327e-15
5979.00	2.4748e-15
5980.50	2.47633e-15
5982.00	2.47785e-15
5983.50	2.47938e-15
5985.00	2.48091e-15
5988.00	2.42544e-15
5989.50	2.60987e-15
5991.00	2.62703e-15
5992.50	2.56469e-15
5994.00	2.4973e-15
5995.50	2.60276e-15
5997.00	2.58381e-15
5998.50	2.49546e-15
6000.00	2.49064e-15
6001.50	2.47676e-15
6003.00	2.49293e-15
6004.50	2.55e-15
6006.00	2.52813e-15
6007.50	2.51698e-15
6009.00	2.45677e-15
6010.50	2.42472e-15
6012.00	2.41637e-15
6013.50	2.47051e-15
6015.00	2.54049e-15
6016.50	2.48296e-15
6018.00	2.41024e-15
6019.50	2.41577e-15
6021.00	2.48696e-15
6022.50	2.43148e-15
6024.00	2.36369e-15
6025.50	2.56401e-15
6027.00	2.60397e-15
6028.50	2.50544e-15
6030.00	2.5092e-15
6031.50	2.35986e-15
6033.00	2.39236e-15
6034.50	2.42487e-15
6037.50	2.5125e-15
6039.00	2.45018e-15
6040.50	2.52757e-15
6042.00	2.42303e-15
6043.50	2.40608e-15
6045.00	2.43243e-15
6046.50	2.45877e-15
6049.50	2.35724e-15
6051.00	2.48073e-15
6052.50	2.4374e-15
6054.00	2.57903e-15
6055.50	2.59024e-15
6057.00	2.4369e-15
6058.50	2.42987e-15
6060.00	2.51332e-15
6061.50	2.44218e-15
6063.00	2.41518e-15
6064.50	2.31982e-15
6066.00	2.35347e-15
6067.50	2.45586e-15
6069.00	2.57058e-15
6070.50	2.51395e-15
6072.00	2.55182e-15
6073.50	2.56467e-15
6075.00	2.46259e-15
6076.50	2.38097e-15
6078.00	2.31378e-15
6079.50	2.38268e-15
6081.00	2.37988e-15
6082.50	2.39861e-15
6084.00	2.47325e-15
6085.50	2.50296e-15
6087.00	2.46718e-15
6088.50	2.39391e-15
6090.00	2.40536e-15
6091.50	2.44855e-15
6093.00	2.37696e-15
6094.50	2.29657e-15
6096.00	2.38922e-15
6097.50	2.39865e-15
6099.00	2.30325e-15
6100.50	2.39969e-15
6102.00	2.5322e-15
6103.50	2.58379e-15
6105.00	2.41195e-15
6106.50	2.32952e-15
6108.00	2.34065e-15
6109.50	2.28369e-15
6111.00	2.27061e-15
6112.50	2.3311e-15
6114.00	2.41368e-15
6115.50	2.38411e-15
6117.00	2.35058e-15
6118.50	2.36213e-15
6120.00	2.30848e-15
6121.50	2.35503e-15
6123.00	2.38195e-15
6124.50	2.3928e-15
6126.00	2.43644e-15
6127.50	2.39167e-15
6129.00	2.36666e-15
6130.50	2.4062e-15
6132.00	2.35543e-15
6133.50	2.23835e-15
6135.00	2.31614e-15
6136.50	2.31176e-15
6138.00	2.24571e-15
6139.50	2.33836e-15
6141.00	2.35714e-15
6142.50	2.25943e-15
6144.00	2.24821e-15
6145.50	2.3043e-15
6147.00	2.34397e-15
6148.50	2.34256e-15
6150.00	2.30149e-15
6151.50	2.36739e-15
6153.00	2.39434e-15
6154.50	2.37219e-15
6156.00	2.35795e-15
6157.50	2.36461e-15
6159.00	2.35681e-15
6160.50	2.36339e-15
6162.00	2.43783e-15
6163.50	2.39952e-15
6165.00	2.40224e-15
6166.50	2.37418e-15
6168.00	2.30049e-15
6169.50	2.27905e-15
6171.00	2.22899e-15
6172.50	2.29079e-15
6174.00	2.3423e-15
6175.50	2.38635e-15
6177.00	2.36189e-15
6178.50	2.2986e-15
6180.00	2.30958e-15
6181.50	2.29215e-15
6183.00	2.31542e-15
6184.50	2.38109e-15
6186.00	2.34769e-15
6187.50	2.45973e-15
6189.00	2.32014e-15
6190.50	2.31728e-15
6192.00	2.3182e-15
6193.50	2.3446e-15
6195.00	2.41951e-15
6196.50	2.39313e-15
6198.00	2.36555e-15
6199.50	2.33484e-15
6201.00	2.29192e-15
6202.50	2.25847e-15
6204.00	2.29557e-15
6205.50	2.24681e-15
6207.00	2.2609e-15
6208.50	2.27502e-15
6210.00	2.31411e-15
6211.50	2.2884e-15
6213.00	2.23102e-15
6214.50	2.25247e-15
6216.00	2.2915e-15
6217.50	2.3171e-15
6219.00	2.2872e-15
6220.50	2.29677e-15
6222.00	2.25471e-15
6223.50	2.16972e-15
6225.00	2.16775e-15
6226.50	2.19225e-15
6228.00	2.25457e-15
6229.50	2.21151e-15
6231.00	2.23093e-15
6232.50	2.20223e-15
6234.00	2.1988e-15
6235.50	2.21208e-15
6237.00	2.1737e-15
6238.50	2.16759e-15
6240.00	2.18721e-15
6241.50	2.23515e-15
6243.00	2.17098e-15
6244.50	2.1617e-15
6246.00	2.1158e-15
6247.50	2.22686e-15
6249.00	2.23463e-15
6250.50	2.11535e-15
6252.00	2.22776e-15
6253.50	2.17591e-15
6255.00	2.19098e-15
6256.50	2.12532e-15
6258.00	2.15175e-15
6259.50	2.24659e-15
6261.00	2.16886e-15
6262.50	2.14808e-15
6264.00	2.2267e-15
6265.50	2.26005e-15
6267.00	2.1357e-15
6268.50	1.98339e-15
6270.00	2.1231e-15
6271.50	2.22307e-15
6273.00	2.29544e-15
6274.50	2.13358e-15
6276.00	2.148e-15
6277.50	2.21563e-15
6279.00	2.18587e-15
6280.50	2.15717e-15
6282.00	2.11249e-15
6283.50	2.1087e-15
6285.00	2.0502e-15
6286.50	2.0975e-15
6288.00	2.15942e-15
6289.50	2.07541e-15
6291.00	2.05197e-15
6292.50	2.16182e-15
6294.00	2.13888e-15
6295.50	2.14917e-15
6297.00	2.28847e-15
6298.50	2.19828e-15
6300.00	2.01019e-15
6301.50	2.07043e-15
6303.00	2.16546e-15
6304.50	2.06235e-15
6306.00	2.05333e-15
6307.50	2.16147e-15
6309.00	2.18373e-15
6310.50	2.15421e-15
6312.00	2.1661e-15
6313.50	2.15692e-15
6315.00	2.11789e-15
6316.50	2.12383e-15
6318.00	2.08504e-15
6319.50	2.11944e-15
6321.00	2.24893e-15
6322.50	2.13316e-15
6324.00	2.11044e-15
6325.50	2.21619e-15
6327.00	2.13361e-15
6328.50	2.16443e-15
6330.00	2.16875e-15
6331.50	2.06559e-15
6333.00	2.04698e-15
6334.50	2.13672e-15
6336.00	2.18892e-15
6337.50	2.28304e-15
6339.00	2.22971e-15
6340.50	2.11312e-15
6342.00	2.15312e-15
6343.50	2.23208e-15
6345.00	2.23386e-15
6346.50	2.22209e-15
6348.00	2.19672e-15
6349.50	2.16321e-15
6351.00	2.16742e-15
6352.50	2.11723e-15
6354.00	2.02693e-15
6355.50	2.08708e-15
6357.00	2.16639e-15
6358.50	2.17824e-15
6360.00	2.17745e-15
6361.50	2.18581e-15
6363.00	2.20983e-15
6364.50	2.16807e-15
6366.00	2.11285e-15
6367.50	2.15307e-15
6369.00	2.20735e-15
6370.50	2.22309e-15
6372.00	2.18098e-15
6373.50	2.14263e-15
6375.00	2.12559e-15
6376.50	2.22565e-15
6378.00	2.22711e-15
6379.50	2.1368e-15
6381.00	2.12571e-15
6382.50	2.14077e-15
6384.00	2.2716e-15
6385.50	2.28301e-15
6387.00	2.11926e-15
6388.50	2.17006e-15
6390.00	2.14479e-15
6391.50	2.06896e-15
6393.00	2.14603e-15
6394.50	2.09403e-15
6396.00	2.14118e-15
6397.50	2.08908e-15
6399.00	2.09165e-15
6400.50	2.0744e-15
6402.00	2.12759e-15
6403.50	2.20655e-15
6405.00	2.15064e-15
6406.50	2.10799e-15
6408.00	2.05639e-15
6409.50	2.03513e-15
6411.00	2.14642e-15
6412.50	2.19535e-15
6414.00	2.04845e-15
6415.50	2.20387e-15
6417.00	2.19611e-15
6418.50	2.15635e-15
6420.00	2.14583e-15
6421.50	2.10647e-15
6423.00	2.07286e-15
6424.50	2.09407e-15
6426.00	2.1094e-15
6427.50	2.00848e-15
6429.00	2.04678e-15
6430.50	2.09093e-15
6432.00	2.04718e-15
6433.50	2.12027e-15
6435.00	2.05505e-15
6436.50	2.02939e-15
6438.00	2.09625e-15
6439.50	2.06275e-15
6441.00	2.06902e-15
6442.50	2.03878e-15
6444.00	2.0538e-15
6445.50	2.02674e-15
6447.00	2.01327e-15
6448.50	2.08012e-15
6450.00	2.07523e-15
6451.50	2.14206e-15
6453.00	2.18167e-15
6454.50	2.0497e-15
6456.00	2.06546e-15
6457.50	2.09217e-15
6459.00	2.04945e-15
6460.50	2.12251e-15
6462.00	2.19973e-15
6463.50	2.19247e-15
6465.00	2.21898e-15
6466.50	2.23468e-15
6468.00	2.13251e-15
6469.50	1.99603e-15
6471.00	2.11324e-15
6472.50	2.08969e-15
6474.00	2.16131e-15
6475.50	2.2619e-15
6477.00	2.2147e-15
6478.50	2.12737e-15
6480.00	2.17388e-15
6481.50	2.26181e-15
6483.00	2.26321e-15
6484.50	2.20575e-15
6486.00	2.08791e-15
6487.50	2.00614e-15
6489.00	2.04219e-15
6490.50	2.03472e-15
6492.00	2.15611e-15
6493.50	2.19185e-15
6495.00	2.25083e-15
6496.50	2.33734e-15
6498.00	2.2722e-15
6499.50	2.15787e-15
6501.00	2.15745e-15
6502.50	2.19268e-15
6504.00	2.22756e-15
6505.50	2.21279e-15
6507.00	2.15848e-15
6508.50	2.19154e-15
6510.00	2.25984e-15
6511.50	2.20573e-15
6513.00	2.18557e-15
6514.50	2.20924e-15
6516.00	2.17383e-15
6517.50	2.21351e-15
6519.00	2.2662e-15
6520.50	2.22234e-15
6522.00	2.15752e-15
6523.50	2.20527e-15
6525.00	2.31904e-15
6526.50	2.18266e-15
6528.00	2.0824e-15
6529.50	2.22659e-15
6531.00	2.25437e-15
6532.50	2.20858e-15
6534.00	2.20997e-15
6535.50	2.16702e-15
6537.00	2.13337e-15
6538.50	2.24772e-15
6540.00	2.35379e-15
6541.50	2.36556e-15
6543.00	2.36513e-15
6544.50	2.24758e-15
6546.00	2.21215e-15
6547.50	2.23257e-15
6549.00	2.24957e-15
6550.50	2.07291e-15
6552.00	2.18056e-15
6553.50	2.34812e-15
6555.00	2.29402e-15
6556.50	2.17307e-15
6558.00	2.17078e-15
6559.50	2.33282e-15
6561.00	2.30532e-15
6562.50	2.28218e-15
6564.00	2.37789e-15
6565.50	2.29297e-15
6567.00	2.27047e-15
6568.50	2.26714e-15
6570.00	2.1814e-15
6571.50	2.20824e-15
6573.00	2.17244e-15
6574.50	2.19788e-15
6576.00	2.29814e-15
6577.50	2.26461e-15
6579.00	2.22694e-15
6580.50	2.20696e-15
6582.00	2.20688e-15
6583.50	2.21636e-15
6585.00	2.20457e-15
6586.50	2.21424e-15
6588.00	2.24268e-15
6589.50	2.27191e-15
6591.00	2.26704e-15
6592.50	2.22685e-15
6594.00	2.19775e-15
6595.50	2.19738e-15
6597.00	2.23951e-15
6598.50	2.2267e-15
6600.00	2.21268e-15
6601.50	2.27328e-15
6603.00	2.38813e-15
6604.50	2.26053e-15
6606.00	2.09976e-15
6607.50	2.1662e-15
6609.00	2.28714e-15
6610.50	2.22468e-15
6612.00	2.14607e-15
6613.50	2.19202e-15
6615.00	2.27504e-15
6616.50	2.30804e-15
6618.00	2.24872e-15
6619.50	2.22984e-15
6621.00	2.28449e-15
6622.50	2.28264e-15
6624.00	2.25104e-15
6625.50	2.31336e-15
6627.00	2.27784e-15
6628.50	2.20098e-15
6630.00	2.21494e-15
6631.50	2.2595e-15
6633.00	2.28707e-15
6634.50	2.21264e-15
6636.00	2.24019e-15
6637.50	2.17153e-15
6639.00	2.16013e-15
6640.50	2.21641e-15
6642.00	2.17798e-15
6643.50	2.15989e-15
6645.00	2.20024e-15
6646.50	2.2284e-15
6648.00	2.29524e-15
6649.50	2.3003e-15
6651.00	2.19003e-15
6652.50	2.06257e-15
6654.00	2.05593e-15
6655.50	2.11109e-15
6657.00	2.13763e-15
6658.50	2.11599e-15
6660.00	2.17589e-15
6661.50	2.18021e-15
6663.00	2.10735e-15
6664.50	2.16115e-15
6666.00	2.26985e-15
6667.50	2.24246e-15
6669.00	2.1614e-15
6670.50	2.11352e-15
6672.00	2.14695e-15
6673.50	2.21609e-15
6675.00	2.15372e-15
6676.50	2.09687e-15
6678.00	2.19707e-15
6679.50	2.08658e-15
6681.00	2.1351e-15
6682.50	2.07748e-15
6684.00	2.07688e-15
6685.50	2.17968e-15
6687.00	2.04463e-15
6688.50	2.09252e-15
6690.00	2.18156e-15
6691.50	2.09737e-15
6693.00	2.05527e-15
6694.50	2.07747e-15
6696.00	2.07169e-15
6697.50	1.97922e-15
6699.00	2.06393e-15
6700.50	2.06792e-15
6702.00	2.07524e-15
6703.50	2.05881e-15
6705.00	2.01703e-15
6706.50	2.03775e-15
6708.00	2.07515e-15
6709.50	2.15308e-15
6711.00	2.09022e-15
6712.50	2.0513e-15
6714.00	2.08683e-15
6715.50	2.09156e-15
6717.00	2.10868e-15
6718.50	2.09994e-15
6720.00	2.11168e-15
6721.50	2.11987e-15
6723.00	2.08082e-15
6724.50	2.04014e-15
6726.00	2.03521e-15
6727.50	2.03028e-15
6729.00	2.02534e-15
6730.50	2.02041e-15
6732.00	2.01548e-15
6735.00	2.05268e-15
6736.50	2.04888e-15
6738.00	1.9896e-15
6739.50	1.92905e-15
6741.00	1.97317e-15
6742.50	1.95813e-15
6744.00	1.94674e-15
6745.50	2.03019e-15
6747.00	1.98061e-15
6748.50	1.9461e-15
6750.00	2.00671e-15
6751.50	2.02006e-15
6753.00	1.96599e-15
6754.50	1.96271e-15
6756.00	2.02216e-15
6757.50	1.9467e-15
6759.00	1.91072e-15
6760.50	1.92405e-15
6762.00	1.95188e-15
6763.50	1.99115e-15
6765.00	1.97925e-15
6766.50	1.98974e-15
6768.00	1.99117e-15
6769.50	1.98174e-15
6771.00	1.96468e-15
6772.50	1.98306e-15
6774.00	1.99729e-15
6775.50	2.03976e-15
6777.00	1.94943e-15
6778.50	1.96293e-15
6780.00	2.00961e-15
6781.50	1.98808e-15
6783.00	1.96228e-15
6784.50	2.00658e-15
6786.00	1.99212e-15
6787.50	1.96286e-15
6789.00	1.88782e-15
6790.50	1.887e-15
6792.00	1.97896e-15
6793.50	1.95259e-15
6795.00	1.85767e-15
6796.50	1.80207e-15
6798.00	1.83518e-15
6799.50	1.87231e-15
6801.00	1.80183e-15
6802.50	1.86287e-15
6804.00	1.99802e-15
6805.50	1.92057e-15
6807.00	1.87344e-15
6808.50	1.91742e-15
6810.00	1.98568e-15
6811.50	1.89053e-15
6813.00	1.79662e-15
6814.50	1.83126e-15
6816.00	1.9703e-15
6817.50	1.9568e-15
6819.00	1.84403e-15
6820.50	1.87205e-15
6822.00	1.83746e-15
6823.50	1.85181e-15
6825.00	1.91124e-15
6826.50	1.90585e-15
6828.00	1.96364e-15
6829.50	1.95036e-15
6831.00	1.91283e-15
6832.50	2.0393e-15
6834.00	1.99831e-15
6835.50	1.84195e-15
6837.00	1.79426e-15
6838.50	1.72455e-15
6840.00	1.87567e-15
6841.50	1.82927e-15
6843.00	1.79123e-15
6844.50	1.74464e-15
6846.00	1.78082e-15
6847.50	1.86919e-15
6849.00	1.94595e-15
6850.50	1.92186e-15
6852.00	1.84928e-15
6853.50	1.76109e-15
6855.00	1.85539e-15
6856.50	1.89707e-15
6858.00	1.89985e-15
6859.50	1.95922e-15
6861.00	1.94554e-15
6862.50	1.91142e-15
6864.00	1.95392e-15
6865.50	1.9503e-15
6867.00	1.91789e-15
6868.50	1.86627e-15
6870.00	1.80559e-15
6871.50	1.80319e-15
6873.00	1.87871e-15
6874.50	1.88391e-15
6876.00	1.84176e-15
6877.50	1.76469e-15
6879.00	1.71343e-15
6880.50	1.82166e-15
6882.00	1.86195e-15
6883.50	1.83257e-15
6885.00	1.76329e-15
6886.50	1.78288e-15
6888.00	1.86603e-15
6889.50	1.88117e-15
6891.00	1.87633e-15
6892.50	1.7082e-15
6894.00	1.7561e-15
6895.50	1.83804e-15
6897.00	1.79667e-15
6898.50	1.82532e-15
6900.00	1.8791e-15
6901.50	1.80527e-15
6903.00	1.76083e-15
6904.50	1.85194e-15
6906.00	1.77048e-15
6907.50	1.74786e-15
6909.00	1.783e-15
6910.50	1.82405e-15
6912.00	1.81345e-15
6913.50	1.84201e-15
6915.00	1.83649e-15
6916.50	1.79357e-15
6918.00	1.82676e-15
6919.50	1.86148e-15
6921.00	1.86232e-15
6922.50	1.86677e-15
6924.00	1.78245e-15
6925.50	1.74229e-15
6927.00	1.72607e-15
6928.50	1.70985e-15
6930.00	1.69362e-15
6931.50	1.6774e-15
6933.00	1.66117e-15
6936.00	1.81376e-15
6937.50	1.76013e-15
6939.00	1.64739e-15
6940.50	1.69922e-15
6942.00	1.76555e-15
6943.50	1.79479e-15
6945.00	1.82361e-15
6946.50	1.7759e-15
6948.00	1.70201e-15
6949.50	1.62337e-15
6951.00	1.67455e-15
6952.50	1.73253e-15
6954.00	1.69422e-15
6955.50	1.79271e-15
6957.00	1.83086e-15
6958.50	1.81877e-15
6960.00	1.74567e-15
6961.50	1.65718e-15
6963.00	1.73765e-15
6964.50	1.77204e-15
6966.00	1.68371e-15
6967.50	1.68025e-15
6969.00	1.73006e-15
6970.50	1.6794e-15
6972.00	1.74619e-15
6973.50	1.79149e-15
6975.00	1.7689e-15
6976.50	1.76433e-15
6978.00	1.72093e-15
6979.50	1.66771e-15
6981.00	1.60417e-15
6982.50	1.70402e-15
6984.00	1.77437e-15
6985.50	1.70829e-15
6987.00	1.65997e-15
6988.50	1.68253e-15
6990.00	1.70861e-15
6991.50	1.71866e-15
6993.00	1.73039e-15
6994.50	1.7119e-15
6996.00	1.70848e-15
6997.50	1.76158e-15
6999.00	1.74603e-15
7000.50	1.70977e-15
7002.00	1.70791e-15
7003.50	1.71871e-15
7005.00	1.72932e-15
7006.50	1.77917e-15
7008.00	1.79414e-15
7009.50	1.73025e-15
7011.00	1.65167e-15
7012.50	1.64623e-15
7014.00	1.76313e-15
7015.50	1.79464e-15
7017.00	1.82896e-15
7018.50	1.8203e-15
7020.00	1.79184e-15
7021.50	1.77272e-15
7023.00	1.74879e-15
7024.50	1.64993e-15
7026.00	1.67071e-15
7027.50	1.74568e-15
7029.00	1.72706e-15
7030.50	1.79722e-15
7032.00	1.7221e-15
7033.50	1.65576e-15
7035.00	1.64083e-15
7036.50	1.65399e-15
7038.00	1.66391e-15
7039.50	1.74166e-15
7041.00	1.75912e-15
7042.50	1.78201e-15
7044.00	1.67497e-15
7045.50	1.63286e-15
7047.00	1.64215e-15
7048.50	1.65958e-15
7050.00	1.76704e-15
7051.50	1.75438e-15
7053.00	1.68082e-15
7054.50	1.65628e-15
7056.00	1.65415e-15
7057.50	1.73469e-15
7059.00	1.68465e-15
7060.50	1.71556e-15
7062.00	1.78174e-15
7063.50	1.75258e-15
7065.00	1.67433e-15
7066.50	1.62621e-15
7068.00	1.69287e-15
7069.50	1.71286e-15
7071.00	1.64295e-15
7072.50	1.71297e-15
7074.00	1.75877e-15
7075.50	1.74988e-15
7077.00	1.64537e-15
7078.50	1.65853e-15
7080.00	1.71849e-15
7081.50	1.6811e-15
7083.00	1.66816e-15
7084.50	1.71186e-15
7086.00	1.71753e-15
7087.50	1.63104e-15
7089.00	1.53767e-15
7090.50	1.54556e-15
7092.00	1.69288e-15
7093.50	1.68181e-15
7095.00	1.60242e-15
7096.50	1.59404e-15
7098.00	1.62554e-15
7099.50	1.70584e-15
7101.00	1.6711e-15
7102.50	1.61937e-15
7104.00	1.69101e-15
7105.50	1.68079e-15
7107.00	1.70573e-15
7108.50	1.69011e-15
7110.00	1.80745e-15
7111.50	1.68096e-15
7113.00	1.68206e-15
7114.50	1.6694e-15
7116.00	1.6691e-15
7117.50	1.6761e-15
7119.00	1.79297e-15
7120.50	1.84808e-15
7122.00	1.61134e-15
7123.50	1.61109e-15
7125.00	1.67971e-15
7126.50	1.70553e-15
7128.00	1.66633e-15
7129.50	1.71833e-15
7131.00	1.75312e-15
7132.50	1.65802e-15
7134.00	1.58872e-15
7135.50	1.59961e-15
7137.00	1.72619e-15
7138.50	1.72142e-15
7140.00	1.66064e-15
7141.50	1.65617e-15
7143.00	1.70462e-15
7144.50	1.72186e-15
7146.00	1.64731e-15
7147.50	1.62237e-15
7149.00	1.62756e-15
7150.50	1.62832e-15
7152.00	1.58829e-15
7153.50	1.67137e-15
7155.00	1.70984e-15
7156.50	1.59784e-15
7158.00	1.60371e-15
7159.50	1.61183e-15
7161.00	1.61995e-15
7162.50	1.62807e-15
7165.50	1.65325e-15
7167.00	1.62679e-15
7168.50	1.58569e-15
7170.00	1.59703e-15
7171.50	1.54633e-15
7173.00	1.51759e-15
7174.50	1.53189e-15
7176.00	1.53318e-15
7177.50	1.56912e-15
7179.00	1.61732e-15
7180.50	1.6265e-15
7182.00	1.5841e-15
7183.50	1.51038e-15
7185.00	1.51729e-15
7186.50	1.62414e-15
7188.00	1.70631e-15
7189.50	1.56569e-15
7191.00	1.59992e-15
7192.50	1.65171e-15
7194.00	1.54502e-15
7195.50	1.5155e-15
7197.00	1.51861e-15
7198.50	1.56997e-15
7200.00	1.63526e-15
7201.50	1.62427e-15
7203.00	1.53532e-15
7204.50	1.57474e-15
7206.00	1.71156e-15
7207.50	1.67665e-15
7209.00	1.59785e-15
7210.50	1.52386e-15
7212.00	1.52267e-15
7213.50	1.57507e-15
7215.00	1.60334e-15
7216.50	1.58267e-15
7218.00	1.57682e-15
7219.50	1.54707e-15
7221.00	1.56184e-15
7222.50	1.65473e-15
7224.00	1.67739e-15
7225.50	1.67578e-15
7227.00	1.68117e-15
7228.50	1.61448e-15
7230.00	1.56044e-15
7231.50	1.60458e-15
7233.00	1.60215e-15
7234.50	1.569e-15
7236.00	1.54686e-15
7237.50	1.62391e-15
7239.00	1.70002e-15
7240.50	1.67098e-15
7242.00	1.64026e-15
7243.50	1.58172e-15
7245.00	1.50541e-15
7246.50	1.45533e-15
7248.00	1.53944e-15
7249.50	1.55658e-15
7251.00	1.524e-15
7252.50	1.57625e-15
7254.00	1.59716e-15
7255.50	1.57109e-15
7257.00	1.5418e-15
7258.50	1.54582e-15
7260.00	1.57598e-15
7261.50	1.56751e-15
7263.00	1.47474e-15
7264.50	1.43647e-15
7266.00	1.44596e-15
7267.50	1.42768e-15
7269.00	1.45751e-15
7270.50	1.53579e-15
7272.00	1.54411e-15
7273.50	1.55236e-15
7275.00	1.50105e-15
7276.50	1.46581e-15
7278.00	1.50727e-15
7279.50	1.52142e-15
7281.00	1.54909e-15
7282.50	1.51405e-15
7284.00	1.44142e-15
7285.50	1.43753e-15
7287.00	1.4962e-15
7288.50	1.55677e-15
7290.00	1.5606e-15
7291.50	1.50447e-15
7293.00	1.50416e-15
7294.50	1.53899e-15
7296.00	1.54703e-15
7297.50	1.49154e-15
7299.00	1.45828e-15
7300.50	1.48514e-15
7302.00	1.4947e-15
7303.50	1.51217e-15
7305.00	1.53567e-15
7306.50	1.51246e-15
7308.00	1.4745e-15
7309.50	1.46683e-15
7311.00	1.42871e-15
7312.50	1.48068e-15
7314.00	1.45911e-15
7315.50	1.39798e-15
7317.00	1.41334e-15
7318.50	1.47088e-15
7320.00	1.5113e-15
7321.50	1.48165e-15
7323.00	1.50134e-15
7324.50	1.49301e-15
7326.00	1.56259e-15
7327.50	1.58869e-15
7329.00	1.53731e-15
7330.50	1.56606e-15
7332.00	1.4506e-15
7333.50	1.4825e-15
7335.00	1.49902e-15
7336.50	1.54244e-15
7338.00	1.53353e-15
7339.50	1.51648e-15
7341.00	1.44026e-15
7342.50	1.51945e-15
7344.00	1.48159e-15
7345.50	1.4367e-15
7347.00	1.40915e-15
7348.50	1.40583e-15
7350.00	1.4359e-15
7351.50	1.48342e-15
7353.00	1.52847e-15
7354.50	1.5304e-15
7356.00	1.57121e-15
7357.50	1.52534e-15
7359.00	1.43542e-15
7360.50	1.39023e-15
7362.00	1.43782e-15
7363.50	1.48661e-15
7365.00	1.46341e-15
7366.50	1.49858e-15
7368.00	1.49773e-15
7369.50	1.4667e-15
7371.00	1.47463e-15
7372.50	1.44588e-15
7374.00	1.44141e-15
7375.50	1.46979e-15
7377.00	1.43197e-15
7378.50	1.37783e-15
7380.00	1.42302e-15
7381.50	1.5392e-15
7383.00	1.52668e-15
7384.50	1.51764e-15
7386.00	1.53508e-15
7387.50	1.47716e-15
7389.00	1.47172e-15
7390.50	1.4326e-15
7392.00	1.43068e-15
7393.50	1.42877e-15
7395.00	1.42686e-15
7396.50	1.42494e-15
7398.00	1.42303e-15
7401.00	1.42616e-15
7402.50	1.3899e-15
7404.00	1.3585e-15
7405.50	1.4463e-15
7407.00	1.44599e-15
7408.50	1.41474e-15
7410.00	1.36755e-15
7411.50	1.49558e-15
7413.00	1.51068e-15
7414.50	1.45527e-15
7416.00	1.4627e-15
7417.50	1.47917e-15
7419.00	1.4045e-15
7420.50	1.4225e-15
7422.00	1.49886e-15
7423.50	1.46874e-15
7425.00	1.50102e-15
7426.50	1.43762e-15
7428.00	1.43597e-15
7429.50	1.31106e-15
7431.00	1.32795e-15
7432.50	1.44596e-15
7434.00	1.41608e-15
7435.50	1.37362e-15
7437.00	1.42357e-15
7438.50	1.44556e-15
7440.00	1.34453e-15
7441.50	1.27078e-15
7443.00	1.31045e-15
7444.50	1.30651e-15
7446.00	1.34441e-15
7447.50	1.38638e-15
7449.00	1.4147e-15
7450.50	1.37936e-15
7452.00	1.38053e-15
7453.50	1.38546e-15
7455.00	1.3522e-15
7456.50	1.33743e-15
7458.00	1.35597e-15
7459.50	1.44232e-15
7461.00	1.44607e-15
7462.50	1.3783e-15
7464.00	1.30144e-15
7465.50	1.29063e-15
7467.00	1.26815e-15
7468.50	1.3548e-15
7470.00	1.37802e-15
7471.50	1.53398e-15
7473.00	1.44174e-15
7474.50	1.37899e-15
7476.00	1.39274e-15
7477.50	1.40279e-15
7479.00	1.49122e-15
7480.50	1.38732e-15
7482.00	1.44883e-15
7483.50	1.37217e-15
7485.00	1.37942e-15
7486.50	1.29921e-15
7488.00	1.31293e-15
7489.50	1.36814e-15
7491.00	1.38838e-15
7492.50	1.39465e-15
7494.00	1.33289e-15
7495.50	1.3388e-15
7497.00	1.33866e-15
7498.50	1.28257e-15
7500.00	1.27342e-15
7501.50	1.31786e-15
7503.00	1.30122e-15
7504.50	1.27343e-15
7506.00	1.25939e-15
7507.50	1.23448e-15
7509.00	1.23481e-15
7510.50	1.31314e-15
7512.00	1.38104e-15
7513.50	1.42729e-15
7515.00	1.38211e-15
7516.50	1.30653e-15
7518.00	1.34564e-15
7519.50	1.29876e-15
7521.00	1.26622e-15
7522.50	1.31496e-15
7524.00	1.37302e-15
7525.50	1.27277e-15
7527.00	1.28817e-15
7528.50	1.26809e-15
7530.00	1.22289e-15
7531.50	1.19519e-15
7533.00	1.25973e-15
7534.50	1.26407e-15
7536.00	1.23463e-15
7537.50	1.27547e-15
7539.00	1.29087e-15
7540.50	1.32123e-15
