3655.71362305  5.524994E-18
3661.23091936424  4.089755E-17
3666.74821567848  3.252216E-17
3672.26551199272  9.729579E-18
3677.78280830696  9.140077E-18
3683.3001046212  1.027498E-16
3688.81740093544  8.121517E-17
3694.33469724968  7.930101E-17
3699.85199356392  6.244786E-17
3705.36928987816  2.408370E-17
3710.8865861924  2.850715E-17
3716.40388250664  -4.195061E-18
3721.92117882088  2.707243E-17
3727.43847513512  1.100266E-17
3732.95577144936  5.945292E-17
3738.4730677636  1.083983E-17
3743.99036407784  3.509035E-17
3749.50766039208  2.560100E-17
3755.02495670632  2.457663E-17
3760.54225302056  5.622307E-17
3766.0595493348  4.595793E-17
3771.57684564904  5.455813E-17
3777.09414196328  2.885774E-17
3782.61143827752  3.720987E-17
3788.12873459176  1.405807E-17
3793.646030906  4.927610E-17
3799.16332722024  3.980683E-17
3804.68062353448  2.168637E-17
3810.19791984872  2.291489E-17
3815.71521616296  2.920563E-17
3821.2325124772  3.724943E-17
3826.74980879144  2.498117E-17
3832.26710510568  2.646921E-17
3837.78440141992  3.523379E-17
3843.30169773416  3.706310E-17
3848.8189940484  7.030979E-18
3854.33629036264  3.928491E-17
3859.85358667688  1.496175E-17
3865.37088299112  3.366756E-17
3870.88817930536  3.259789E-17
3876.4054756196  6.384134E-17
3881.92277193384  2.889654E-17
3887.44006824808  6.504689E-17
3892.95736456232  1.681222E-17
3898.47466087656  3.986397E-17
3903.9919571908  3.681033E-17
3909.50925350504  4.680210E-17
3915.02654981928  5.125855E-17
3920.54384613352  3.567607E-17
3926.06114244776  2.319637E-17
3931.578438762  3.582079E-17
3937.09573507624  3.799733E-17
3942.61303139048  2.757872E-17
3948.13032770472  3.891232E-17
3953.64762401896  3.587632E-17
3959.1649203332  3.616123E-17
3964.68221664744  5.089311E-17
3970.19951296168  4.681079E-17
3975.71680927592  3.443502E-17
3981.23410559016  5.472731E-17
3986.7514019044  7.965877E-17
3992.26869821864  6.745338E-17
3997.78599453288  6.749593E-17
4003.30329084712  5.940910E-17
4008.82058716136  4.981616E-17
4014.3378834756  5.401638E-17
4019.85517978984  4.909925E-17
4025.37247610408  5.326267E-17
4030.88977241832  4.847809E-17
4036.40706873256  5.459085E-17
4041.9243650468  3.785910E-17
4047.44166136104  4.816245E-17
4052.95895767528  4.657878E-17
4058.47625398952  4.206330E-17
4063.99355030376  4.591771E-17
4069.510846618  4.537126E-17
4075.02814293224  5.534568E-17
4080.54543924648  5.634302E-17
4086.06273556072  6.525091E-17
4091.58003187496  5.053694E-17
4097.0973281892  3.413809E-17
4102.61462450344  4.745229E-17
4108.13192081768  4.362260E-17
4113.64921713192  1.636642E-17
4119.16651344616  2.950010E-17
4124.6838097604  3.986443E-17
4130.20110607464  4.877757E-17
4135.71840238888  6.112003E-17
4141.23569870312  5.240366E-17
4146.75299501736  6.363111E-17
4152.2702913316  4.615557E-17
4157.78758764584  4.729966E-17
4163.30488396008  5.308738E-17
4168.82218027432  5.139772E-17
4174.33947658856  4.985617E-17
4179.8567729028  5.097001E-17
4185.37406921704  3.309311E-17
4190.89136553128  4.068352E-17
4196.40866184552  5.323362E-17
4201.92595815976  5.635803E-17
4207.443254474  3.562763E-17
4212.96055078824  5.229812E-17
4218.47784710248  4.755527E-17
4223.99514341672  5.419790E-17
4229.51243973096  4.008332E-17
4235.0297360452  4.003528E-17
4240.54703235944  5.100403E-17
4246.06432867368  5.095877E-17
4251.58162498792  3.056502E-17
4257.09892130216  2.723503E-17
4262.6162176164  3.714500E-17
4268.13351393064  2.577163E-17
4273.65081024488  5.208790E-17
4279.16810655912  5.224846E-17
4284.68540287336  6.281658E-17
4290.2026991876  5.703210E-17
4295.71999550184  6.730888E-17
4301.23729181608  6.278845E-17
4306.75458813032  6.617389E-17
4312.27188444456  6.181406E-17
4317.7891807588  6.876737E-17
4323.30647707304  5.089613E-17
4328.82377338728  5.381867E-17
4334.34106970153  5.518186E-17
4339.85836601576  6.292876E-17
4345.37566233  5.236113E-17
4350.89295864424  6.793503E-17
4356.41025495848  4.689752E-17
4361.92755127272  6.205099E-17
4367.44484758696  5.047995E-17
4372.9621439012  4.490205E-17
4378.47944021544  5.323866E-17
4383.99673652968  4.776396E-17
4389.51403284392  3.911066E-17
4395.03132915816  5.559200E-17
4400.5486254724  4.516124E-17
4406.06592178664  5.072842E-17
4411.58321810088  6.390860E-17
4417.10051441512  6.105167E-17
4422.61781072936  5.844528E-17
4428.1351070436  6.377237E-17
4433.65240335784  4.818172E-17
4439.16969967208  7.259166E-17
4444.68699598632  6.630878E-17
4450.20429230056  6.916344E-17
4455.7215886148  6.247603E-17
4461.23888492904  6.817187E-17
4466.75618124328  6.182583E-17
4472.27347755752  3.908310E-17
4477.79077387176  5.768337E-17
4483.308070186  5.739068E-17
4488.82536650024  7.056557E-17
4494.34266281448  7.394100E-17
4499.85995912872  7.968893E-17
4505.37725544296  6.751678E-17
4510.8945517572  7.291647E-17
4516.41184807144  7.268262E-17
4521.92914438568  6.591452E-17
4527.44644069992  5.402234E-17
4532.96373701416  5.048070E-17
4538.4810333284  7.257869E-17
4543.99832964264  6.281974E-17
4549.51562595688  6.513279E-17
4555.03292227112  8.548103E-17
4560.55021858536  6.695575E-17
4566.0675148996  5.153837E-17
4571.58481121384  5.017770E-17
4577.10210752808  6.372920E-17
4582.61940384232  5.519126E-17
4588.13670015656  6.584361E-17
4593.6539964708  7.472846E-17
4599.17129278504  6.780100E-17
4604.68858909928  6.199400E-17
4610.20588541352  6.678092E-17
4615.72318172776  5.770625E-17
4621.240478042  5.182832E-17
4626.75777435624  5.203857E-17
4632.27507067048  5.756664E-17
4637.79236698472  6.193676E-17
4643.30966329896  6.184489E-17
4648.8269596132  4.141270E-17
4654.34425592744  5.548390E-17
4659.86155224168  5.930999E-17
4665.37884855592  5.211574E-17
4670.89614487016  5.151299E-17
4676.4134411844  6.276592E-17
4681.93073749864  4.853807E-17
4687.44803381288  6.571621E-17
4692.96533012712  4.407110E-17
4698.48262644136  5.669557E-17
4703.99992275561  5.525998E-17
4709.51721906984  6.335094E-17
4715.03451538409  4.285426E-17
4720.55181169832  5.234490E-17
4726.06910801257  5.125167E-17
4731.58640432681  5.558788E-17
4737.10370064105  5.279627E-17
4742.62099695529  6.310400E-17
4748.13829326952  4.773030E-17
4753.65558958377  6.037889E-17
4759.172885898  6.054884E-17
4764.69018221224  5.868238E-17
4770.20747852649  5.980755E-17
4775.72477484072  6.508390E-17
4781.24207115496  5.978503E-17
4786.7593674692  5.052715E-17
4792.27666378344  4.765700E-17
4797.79396009768  7.835440E-17
4803.31125641192  6.208697E-17
4808.82855272616  5.410634E-17
4814.3458490404  6.346643E-17
4819.86314535464  5.336709E-17
4825.38044166888  5.841685E-17
4830.89773798312  6.645392E-17
4836.41503429736  7.123694E-17
4841.9323306116  5.729269E-17
4847.44962692584  5.489161E-17
4852.96692324008  6.339548E-17
4858.48421955432  4.979885E-17
4864.00151586856  5.906353E-17
4869.5188121828  6.516381E-17
4875.03610849704  5.867090E-17
4880.55340481128  5.579745E-17
4886.07070112552  5.112860E-17
4891.58799743976  4.931644E-17
4897.105293754  5.814476E-17
4902.62259006825  4.851569E-17
4908.13988638248  6.639887E-17
4913.65718269673  5.558510E-17
4919.17447901096  5.495377E-17
4924.69177532521  6.118462E-17
4930.20907163945  6.391878E-17
4935.72636795368  5.825413E-17
4941.24366426792  6.715727E-17
4946.76096058216  6.529634E-17
4952.2782568964  5.309073E-17
4957.79555321064  7.075849E-17
4963.31284952488  5.652111E-17
4968.83014583912  6.039590E-17
4974.34744215336  5.636643E-17
4979.8647384676  5.431060E-17
4985.38203478184  5.950944E-17
4990.89933109608  6.384099E-17
4996.41662741032  5.994318E-17
5001.93392372457  6.166606E-17
5007.4512200388  5.701739E-17
5012.96851635305  6.035147E-17
5018.48581266728  6.463487E-17
5024.00310898153  6.276286E-17
5029.52040529577  6.604205E-17
5035.03770161001  5.403295E-17
5040.55499792425  5.685793E-17
5046.07229423849  6.302670E-17
5051.58959055273  6.491217E-17
5057.10688686697  5.107564E-17
5062.62418318121  5.223372E-17
5068.14147949545  6.396851E-17
5073.65877580969  5.406068E-17
5079.17607212393  6.457955E-17
5084.69336843817  6.982519E-17
5090.21066475241  5.717398E-17
5095.72796106665  6.015629E-17
5101.24525738089  5.559339E-17
5106.76255369513  5.969088E-17
5112.27985000937  5.167059E-17
5117.7971463236  6.030352E-17
5123.31444263785  5.486910E-17
5128.83173895209  6.214225E-17
5134.34903526633  6.477427E-17
5139.86633158057  6.897526E-17
5145.38362789481  6.724988E-17
5150.90092420905  6.063708E-17
5156.41822052329  5.561250E-17
5161.93551683753  5.753122E-17
5167.45281315177  5.555980E-17
5172.97010946601  5.464146E-17
5178.48740578024  6.324721E-17
5184.00470209449  6.038489E-17
5189.52199840873  5.191592E-17
5195.03929472297  4.219797E-17
5200.55659103721  4.828041E-17
5206.07388735145  5.693193E-17
5211.59118366569  6.922916E-17
5217.10847997993  5.778229E-17
5222.62577629416  5.285031E-17
5228.14307260841  4.999699E-17
5233.66036892264  4.162128E-17
5239.17766523689  6.132892E-17
5244.69496155112  6.573919E-17
5250.21225786537  5.774538E-17
5255.72955417961  6.081345E-17
5261.24685049385  5.917763E-17
5266.76414680808  4.734891E-17
5272.28144312233  5.652802E-17
5277.79873943656  4.890393E-17
5283.31603575081  5.886154E-17
5288.83333206505  6.124801E-17
5294.35062837929  5.454961E-17
5299.86792469352  6.159724E-17
5305.38522100777  7.341817E-17
5310.90251732201  5.260471E-17
5316.41981363625  6.643849E-17
5321.93710995048  6.640162E-17
5327.45440626473  4.535423E-17
5332.97170257896  4.612805E-17
5338.48899889321  5.487004E-17
5344.00629520744  6.116732E-17
5349.52359152169  6.285299E-17
5355.04088783592  6.770831E-17
5360.55818415017  7.741335E-17
5366.07548046441  7.893446E-17
5371.59277677865  6.389861E-17
5377.11007309289  5.770278E-17
5382.62736940713  5.414172E-17
5388.14466572137  4.825663E-17
5393.66196203561  5.551709E-17
5399.17925834985  6.298773E-17
5404.69655466409  4.117912E-17
5410.21385097833  6.094456E-17
5415.73114729257  3.939104E-17
5421.24844360681  7.258752E-17
5426.76573992105  6.138197E-17
5432.28303623529  6.280849E-17
5437.80033254953  5.947406E-17
5443.31762886377  6.318246E-17
5448.83492517801  5.095011E-17
5454.35222149225  6.910538E-17
5459.86951780649  5.981899E-17
5465.38681412073  6.226836E-17
5470.90411043497  5.877514E-17
5476.42140674921  6.449893E-17
5481.93870306345  5.398261E-17
5487.45599937769  5.408974E-17
5492.97329569192  4.096401E-17
5498.49059200617  5.863831E-17
5504.00788832041  4.744963E-17
5509.52518463465  4.553077E-17
5515.04248094888  5.596713E-17
5520.55977726313  5.362387E-17
5526.07707357736  5.436182E-17
5531.59436989161  4.155217E-17
5537.11166620584  5.504805E-17
5542.62896252009  4.623682E-17
5548.14625883433  5.246482E-17
5553.66355514857  4.826745E-17
5559.1808514628  6.213344E-17
5564.69814777705  6.458671E-17
5570.21544409129  9.068267E-17
5575.73274040553  5.633800E-17
5581.25003671977  6.071734E-17
5586.76733303401  4.936613E-18
5592.28462934825  3.206660E-17
5597.80192566249  6.280326E-17
5603.31922197673  4.924606E-17
5608.83651829097  5.379028E-17
5614.35381460521  5.205032E-17
5619.87111091945  5.241370E-17
5625.38840723369  5.852289E-17
5630.90570354793  5.462727E-17
5636.42299986216  5.464216E-17
5641.94029617641  4.926009E-17
5647.45759249065  4.716569E-17
5652.97488880489  7.276733E-17
5658.49218511912  6.198573E-17
5664.00948143337  5.570600E-17
5669.52677774761  6.448108E-17
5675.04407406185  5.195554E-17
5680.56137037609  5.816004E-17
5686.07866669033  6.065068E-17
5691.59596300457  5.928108E-17
5697.11325931881  5.369250E-17
5702.63055563305  5.531801E-17
5708.14785194729  5.217639E-17
5713.66514826152  5.336674E-17
5719.18244457577  6.062777E-17
5724.69974089  6.199320E-17
5730.21703720425  4.966349E-17
5735.73433351849  5.441773E-17
5741.25162983273  6.155281E-17
5746.76892614697  4.948631E-17
5752.28622246121  6.106469E-17
5757.80351877545  5.671018E-17
5763.32081508969  5.614249E-17
5768.83811140393  5.337466E-17
5774.35540771817  6.215181E-17
5779.87270403241  4.911804E-17
5785.39000034665  5.905477E-17
5790.90729666089  5.341682E-17
5796.42459297513  5.789243E-17
5801.94188928937  6.203493E-17
5807.45918560361  5.974647E-17
5812.97648191785  5.965731E-17
5818.49377823209  5.367159E-17
5824.01107454633  4.762779E-17
5829.52837086057  5.222625E-17
5835.04566717481  5.328085E-17
5840.56296348905  5.793733E-17
5846.08025980329  5.922588E-17
5851.59755611753  6.272549E-17
5857.11485243177  6.055424E-17
5862.63214874601  6.561723E-17
5868.14944506025  4.791465E-17
5873.66674137449  4.789300E-17
5879.18403768873  6.033887E-17
5884.70133400297  5.680188E-17
5890.21863031721  5.950535E-17
5895.73592663144  5.296849E-17
5901.25322294569  4.387304E-17
5906.77051925993  5.042276E-17
5912.28781557417  6.632522E-17
5917.80511188841  5.666607E-17
5923.32240820265  5.744202E-17
5928.83970451689  5.208042E-17
5934.35700083113  5.506065E-17
5939.87429714537  5.007031E-17
5945.39159345961  5.467081E-17
5950.90888977385  5.505106E-17
5956.42618608809  4.363820E-17
5961.94348240233  4.895458E-17
5967.46077871657  5.859099E-17
5972.97807503081  5.516256E-17
5978.49537134505  5.213196E-17
5984.01266765929  5.264502E-17
5989.52996397353  4.560806E-17
5995.04726028777  4.496269E-17
6000.56455660201  4.715623E-17
6006.08185291625  5.728619E-17
6011.59914923049  5.323130E-17
6017.11644554473  4.908363E-17
6022.63374185897  5.272248E-17
6028.15103817321  6.715738E-17
6033.66833448745  5.939773E-17
6039.18563080169  5.375416E-17
6044.70292711593  6.202508E-17
6050.22022343017  6.300868E-17
6055.7375197444  5.082696E-17
6061.25481605865  5.407913E-17
6066.77211237289  6.108627E-17
6072.28940868713  5.553560E-17
6077.80670500137  6.303096E-17
6083.32400131561  6.796954E-17
6088.84129762985  5.661404E-17
6094.35859394409  6.172139E-17
6099.87589025833  5.043617E-17
6105.39318657257  5.937377E-17
6110.91048288681  4.749935E-17
6116.42777920105  6.926996E-17
6121.94507551529  5.673660E-17
6127.46237182953  5.725186E-17
6132.97966814377  5.566380E-17
6138.49696445801  3.858384E-17
6144.01426077225  6.131845E-17
6149.53155708649  5.730717E-17
6155.04885340073  5.411721E-17
6160.56614971497  6.039383E-17
6166.08344602921  6.170374E-17
6171.60074234345  5.042979E-17
6177.11803865769  5.157807E-17
6182.63533497193  5.574596E-17
6188.15263128617  5.503769E-17
6193.66992760041  5.059702E-17
6199.18722391465  6.033855E-17
6204.70452022889  5.592272E-17
6210.22181654313  5.281661E-17
6215.73911285737  5.450577E-17
6221.25640917161  6.355547E-17
6226.77370548585  6.201004E-17
6232.29100180009  6.771798E-17
6237.80829811433  5.888087E-17
6243.32559442857  5.857052E-17
6248.84289074281  6.478202E-17
6254.36018705705  5.749472E-17
6259.87748337129  6.391715E-17
6265.39477968553  5.992515E-17
6270.91207599977  4.208518E-17
6276.42937231401  5.313529E-17
6281.94666862825  5.857038E-17
6287.46396494249  6.724872E-17
6292.98126125673  5.850576E-17
6298.49855757097  6.207811E-17
6304.01585388521  6.520049E-17
6309.53315019945  3.965915E-17
6315.05044651369  3.724110E-17
6320.56774282793  5.639192E-17
6326.08503914217  6.438269E-17
6331.60233545641  6.569631E-17
6337.11963177065  5.141667E-17
6342.63692808489  5.916045E-17
6348.15422439913  4.805027E-17
6353.67152071337  4.903337E-17
6359.18881702761  5.421081E-17
6364.70611334185  5.953168E-17
6370.22340965609  5.437223E-17
6375.74070597033  5.341725E-17
6381.25800228457  5.231356E-17
6386.77529859881  4.894875E-17
6392.29259491305  5.624767E-17
6397.80989122729  6.072637E-17
6403.32718754153  5.611018E-17
6408.84448385577  5.351670E-17
6414.36178017001  6.254109E-17
6419.87907648425  5.660760E-17
6425.39637279849  4.031095E-17
6430.91366911273  5.792878E-17
6436.43096542697  5.346646E-17
6441.94826174121  6.426738E-17
6447.46555805545  5.717313E-17
6452.98285436969  5.617349E-17
6458.50015068393  5.944486E-17
6464.01744699817  5.161458E-17
6469.53474331241  6.481802E-17
6475.05203962665  4.805060E-17
6480.56933594089  5.721121E-17
6486.08663225513  5.823365E-17
6491.60392856937  5.379858E-17
6497.12122488361  4.590965E-17
6502.63852119785  5.066162E-17
6508.15581751209  5.610221E-17
6513.67311382633  5.976982E-17
6519.19041014057  5.551025E-17
6524.70770645481  4.871333E-17
6530.22500276905  5.783927E-17
6535.74229908329  4.936305E-17
6541.25959539753  5.118371E-17
6546.77689171177  5.341529E-17
6552.29418802601  5.730371E-17
6557.81148434025  5.424964E-17
6563.32878065449  6.110267E-17
6568.84607696873  4.852808E-17
6574.36337328297  5.582059E-17
6579.88066959721  5.834837E-17
6585.39796591145  5.046261E-17
6590.91526222569  5.114574E-17
6596.43255853993  4.808377E-17
6601.94985485417  4.458517E-17
6607.46715116841  5.365422E-17
6612.98444748265  5.198208E-17
6618.50174379689  5.391283E-17
6624.01904011113  6.263773E-17
6629.53633642537  5.391997E-17
6635.05363273961  5.907938E-17
6640.57092905385  4.914861E-17
6646.08822536809  5.079437E-17
6651.60552168233  4.763756E-17
6657.12281799657  6.124383E-17
6662.64011431081  5.393124E-17
6668.15741062505  5.191456E-17
6673.67470693929  5.262105E-17
6679.19200325353  4.988366E-17
6684.70929956777  5.291035E-17
6690.22659588201  4.810759E-17
6695.74389219625  5.125792E-17
6701.26118851049  5.878088E-17
6706.77848482473  5.204128E-17
6712.29578113897  5.634486E-17
6717.81307745321  5.999277E-17
6723.33037376745  4.775215E-17
6728.84767008169  4.964371E-17
6734.36496639593  5.932844E-17
6739.88226271017  6.129694E-17
6745.39955902441  5.037486E-17
6750.91685533865  5.698376E-17
6756.43415165289  4.953118E-17
6761.95144796713  4.806524E-17
6767.46874428137  4.839144E-17
6772.98604059561  5.879891E-17
6778.50333690985  4.737092E-17
6784.02063322409  5.530084E-17
6789.53792953833  4.328506E-17
6795.05522585257  5.483382E-17
6800.57252216681  5.832237E-17
6806.08981848105  4.916647E-17
6811.60711479529  5.081147E-17
6817.12441110953  5.921028E-17
6822.64170742377  5.881343E-17
6828.15900373801  4.734940E-17
6833.67630005225  5.409738E-17
6839.19359636649  5.115845E-17
6844.71089268073  5.021033E-17
6850.22818899497  4.646579E-17
6855.74548530921  4.917185E-17
6861.26278162345  4.666706E-17
6866.78007793769  4.539837E-17
6872.29737425193  5.356542E-17
6877.81467056617  5.507625E-17
6883.33196688041  5.427375E-17
6888.84926319465  5.127001E-17
6894.36655950889  4.784878E-17
6899.88385582313  5.382430E-17
6905.40115213737  5.124545E-17
6910.91844845161  4.041648E-17
6916.43574476585  5.270092E-17
6921.95304108009  5.000746E-17
6927.47033739433  4.695269E-17
6932.98763370857  4.978563E-17
6938.50493002281  5.501201E-17
6944.02222633705  4.030762E-17
6949.53952265129  3.658014E-17
6955.05681896553  4.226842E-17
6960.57411527977  5.058650E-17
6966.09141159401  5.342356E-17
6971.60870790825  5.570422E-17
6977.12600422249  5.033212E-17
6982.64330053673  5.513380E-17
6988.16059685097  4.908530E-17
6993.67789316521  5.246888E-17
6999.19518947945  6.171262E-17
7004.71248579369  5.806558E-17
7010.22978210793  5.211112E-17
7015.74707842217  8.465481E-17
7021.26437473641  1.199530E-16
7026.78167105065  1.174795E-16
7032.29896736489  1.117483E-16
7037.81626367913  9.365724E-17
7043.33355999337  7.182201E-17
7048.85085630761  6.328956E-17
7054.36815262185  6.462533E-17
7059.88544893609  5.689463E-17
7065.40274525033  4.883900E-17
7070.92004156457  5.847931E-17
7076.43733787881  5.539169E-17
7081.95463419305  4.787789E-17
7087.47193050729  4.466234E-17
7092.98922682153  5.142742E-17
7098.50652313577  5.544819E-17
7104.02381945001  5.690966E-17
7109.54111576425  4.215337E-17
7115.05841207849  6.032156E-17
7120.57570839273  5.520711E-17
7126.09300470697  5.207030E-17
7131.61030102121  4.839269E-17
7137.12759733545  5.114554E-17
7142.64489364969  4.221940E-17
7148.16218996393  5.142292E-17
7153.67948627817  5.095860E-17
7159.19678259241  4.924353E-17
7164.71407890665  5.033795E-17
7170.23137522089  5.458404E-17
7175.74867153513  4.512461E-17
7181.26596784937  5.691381E-17
7186.78326416361  6.667745E-17
7192.30056047785  6.876902E-17
7197.81785679209  7.169470E-17
7203.33515310633  6.843938E-17
7208.85244942057  6.692361E-17
7214.36974573481  5.465935E-17
7219.88704204905  5.177539E-17
7225.40433836329  5.833264E-17
7230.92163467753  6.493783E-17
7236.43893099177  5.098203E-17
7241.95622730601  5.166495E-17
7247.47352362025  4.938305E-17
7252.99081993449  2.996777E-17
7258.50811624873  4.723744E-17
7264.02541256297  5.227048E-17
7269.54270887721  4.859128E-17
7275.06000519145  5.562794E-17
7280.57730150569  5.364479E-17
7286.09459781993  3.488090E-17
7291.61189413417  5.523612E-17
7297.12919044841  4.541054E-17
7302.64648676265  5.866374E-17
7308.16378307689  5.826032E-17
7313.68107939113  4.504600E-17
7319.19837570537  4.473100E-17
7324.71567201961  4.624799E-17
7330.23296833385  5.940666E-17
7335.75026464809  4.743812E-17
7341.26756096233  4.845425E-17
7346.78485727657  4.462771E-17
7352.30215359081  3.880039E-17
7357.81944990505  4.470029E-17
7363.33674621929  4.181924E-17
7368.85404253353  4.277491E-17
7374.37133884777  3.854560E-17
7379.88863516201  4.047338E-17
7385.40593147625  4.502924E-17
7390.92322779049  5.021417E-17
7396.44052410473  5.031081E-17
7401.95782041897  4.352583E-17
7407.47511673321  5.716467E-17
7412.99241304745  4.907306E-17
7418.50970936169  5.830319E-17
7424.02700567593  4.904208E-17
7429.54430199017  4.067808E-17
7435.06159830441  5.054266E-17
7440.57889461865  4.293073E-17
7446.09619093289  5.061561E-17
7451.61348724713  4.489441E-17
7457.13078356137  4.992782E-17
7462.64807987561  5.209707E-17
7468.16537618985  6.496160E-17
7473.68267250409  5.636339E-17
7479.19996881833  5.380458E-17
7484.71726513257  5.339251E-17
7490.23456144681  5.505310E-17
7495.75185776105  5.368725E-17
7501.26915407529  5.307236E-17
7506.78645038953  6.156588E-17
7512.30374670377  3.857538E-17
7517.82104301801  3.952754E-17
7523.33833933225  5.991967E-17
7528.85563564649  4.371341E-17
7534.37293196073  3.049338E-17
7539.89022827497  6.022881E-17
7545.40752458921  6.005949E-17
7550.92482090345  5.043965E-17
7556.44211721769  5.819424E-17
7561.95941353193  5.010862E-17
7567.47670984617  5.215843E-17
7572.99400616041  5.310301E-17
7578.51130247465  6.681440E-17
7584.02859878889  5.779735E-17
7589.54589510313  6.113256E-17
7595.06319141737  3.455790E-17
7600.58048773161  4.480175E-17
7606.09778404585  4.394526E-17
7611.61508036009  4.016047E-17
7617.13237667433  4.227452E-17
7622.64967298857  4.617377E-17
7628.16696930281  4.730674E-17
7633.68426561705  4.419535E-17
7639.20156193129  3.257780E-17
7644.71885824553  3.930948E-17
7650.23615455977  4.768728E-17
7655.75345087401  3.941713E-17
7661.27074718825  4.306658E-17
7666.78804350249  5.327249E-17
7672.30533981673  4.791609E-17
7677.82263613097  4.199568E-17
7683.33993244521  4.911566E-17
7688.85722875945  3.318367E-17
7694.37452507369  5.854992E-17
7699.89182138793  3.775238E-17
7705.40911770217  3.706097E-17
7710.92641401641  6.046394E-18
7716.44371033065  2.012653E-17
7721.96100664489  3.264746E-17
7727.47830295913  5.215080E-18
7732.99559927337  2.511688E-17
7738.51289558761  4.347581E-17
7744.03019190185  2.719145E-17
7749.54748821609  1.711104E-17
7755.06478453033  6.089659E-17
7760.58208084457  2.475225E-17
7766.09937715881  3.288308E-17
7771.61667347305  5.390992E-17
7777.13396978729  4.324848E-17
7782.65126610153  5.480430E-17
7788.16856241577  5.885395E-17
7793.68585873001  5.396117E-17
7799.20315504425  4.683316E-17
7804.72045135849  4.673233E-17
7810.23774767273  3.817886E-17
7815.75504398697  5.240177E-17
7821.27234030121  4.143322E-17
7826.78963661545  2.184000E-17
7832.30693292969  2.051843E-17
7837.82422924393  5.231999E-17
7843.34152555817  3.913229E-17
7848.85882187241  1.880893E-17
7854.37611818665  2.090834E-17
7859.89341450089  3.470507E-17
7865.41071081513  1.881467E-17
7870.92800712937  4.582935E-17
7876.44530344361  5.287444E-17
7881.96259975785  3.912531E-17
7887.47989607209  5.636539E-17
7892.99719238633  4.283075E-17
7898.51448870057  2.498312E-17
7904.03178501481  4.651428E-17
7909.54908132905  5.732479E-17
7915.06637764329  4.890936E-17
7920.58367395753  5.812814E-17
7926.10097027177  6.088196E-17
7931.61826658601  4.669231E-17
7937.13556290025  4.357236E-17
7942.65285921449  3.924452E-17
7948.17015552873  4.460743E-17
7953.68745184297  4.653994E-17
7959.20474815721  5.194065E-17
7964.72204447145  4.330876E-17
7970.23934078569  3.385796E-17
7975.75663709993  2.225371E-17
7981.27393341417  3.981818E-17
7986.79122972841  3.394650E-17
7992.30852604265  2.335561E-17
7997.82582235689  4.020967E-17
8003.34311867113  2.993599E-17
8008.86041498537  3.886915E-17
8014.37771129961  5.078317E-17
8019.89500761385  5.065531E-17
8025.41230392809  4.383486E-17
8030.92960024233  4.672225E-17
8036.44689655657  3.967277E-17
8041.96419287081  4.249395E-17
8047.48148918505  4.814190E-17
8052.99878549929  4.944751E-17
8058.51608181353  4.358472E-17
8064.03337812777  5.091875E-17
8069.55067444201  5.033905E-17
8075.06797075625  4.141083E-17
8080.58526707049  4.196312E-17
8086.10256338473  4.975241E-17
8091.61985969897  4.312072E-17
8097.13715601321  5.798158E-17
8102.65445232745  5.166209E-17
8108.17174864169  4.200278E-17
8113.68904495593  5.235889E-17
8119.20634127017  3.680309E-17
8124.72363758441  5.433139E-17
8130.24093389865  4.642746E-17
8135.75823021289  4.941815E-17
8141.27552652713  5.272626E-17
8146.79282284137  5.574810E-17
8152.31011915561  4.537796E-17
8157.82741546985  4.239429E-17
8163.34471178409  4.026382E-17
8168.86200809833  5.103223E-17
8174.37930441257  2.700373E-17
8179.89660072681  4.236167E-17
8185.41389704105  4.501017E-17
8190.93119335529  3.558060E-17
8196.44848966953  4.031585E-17
8201.96578598377  5.546262E-17
8207.48308229801  6.825203E-17
8213.00037861225  6.257540E-17
8218.51767492649  4.948081E-17
8224.03497124073  2.968945E-17
8229.55226755497  3.822895E-17
8235.06956386921  3.345485E-17
8240.58686018345  4.459723E-17
8246.10415649769  4.739083E-17
8251.62145281193  5.375327E-17
8257.13874912617  4.024722E-17
8262.65604544041  4.244318E-17
8268.17334175465  3.446721E-17
8273.69063806889  4.398517E-17
8279.20793438313  3.723160E-17
8284.72523069737  2.320235E-17
8290.24252701161  5.216501E-17
8295.75982332585  4.882134E-17
8301.27711964009  4.183322E-17
8306.79441595433  5.051771E-17
8312.31171226857  5.250953E-17
8317.82900858281  4.653394E-17
8323.34630489705  4.081834E-17
8328.86360121129  4.089545E-17
8334.38089752553  7.134523E-17
8339.89819383977  7.585674E-17
8345.41549015401  5.696614E-17
8350.93278646825  6.129840E-17
8356.45008278249  6.894032E-17
8361.96737909673  3.715189E-17
8367.48467541097  2.771406E-17
8373.00197172521  5.587792E-17
8378.51926803945  4.863228E-17
8384.03656435369  5.894609E-17
8389.55386066793  5.845623E-17
8395.07115698217  5.991366E-17
8400.58845329641  3.494601E-17
8406.10574961065  2.177389E-17
8411.62304592489  2.862664E-17
8417.14034223913  5.909755E-17
8422.65763855337  4.288820E-17
8428.17493486761  3.856770E-17
8433.69223118185  2.165226E-17
8439.20952749609  2.093307E-17
8444.72682381033  4.238764E-17
8450.24412012457  4.781175E-17
8455.76141643881  4.842081E-17
8461.27871275305  5.195488E-17
8466.79600906729  3.614205E-17
8472.31330538153  3.028148E-17
8477.83060169577  2.827002E-17
8483.34789801001  2.843605E-17
8488.86519432425  4.340808E-17
8494.38249063849  4.778299E-17
8499.89978695273  3.831019E-17
8505.41708326697  3.652104E-17
8510.93437958121  3.305567E-17
8516.45167589545  3.249765E-17
8521.96897220969  3.960061E-17
8527.48626852393  4.656745E-17
8533.00356483817  4.270344E-17
8538.52086115241  6.365981E-17
8544.03815746665  5.452382E-17
8549.55545378089  4.016191E-17
8555.07275009513  4.219283E-17
8560.59004640937  4.541739E-17
8566.10734272361  3.810771E-17
8571.62463903785  4.781434E-17
8577.14193535209  4.766901E-17
8582.65923166633  5.772471E-17
8588.17652798057  3.300135E-17
8593.69382429481  4.667363E-17
8599.21112060905  4.373989E-17
8604.72841692329  5.326558E-17
8610.24571323753  5.219839E-17
8615.76300955177  5.870969E-17
8621.28030586601  4.824929E-17
8626.79760218025  5.856636E-17
8632.31489849449  4.765160E-17
8637.83219480873  4.127909E-17
8643.34949112297  4.011049E-17
8648.86678743721  3.534496E-17
8654.38408375145  3.940771E-17
8659.90138006569  3.526509E-17
8665.41867637993  3.598217E-17
8670.93597269417  3.791702E-17
8676.45326900841  5.353914E-17
8681.97056532265  4.212239E-17
8687.48786163689  4.122460E-17
8693.00515795113  4.207392E-17
8698.52245426537  4.529668E-17
8704.03975057961  4.488160E-17
8709.55704689385  4.590870E-17
8715.07434320809  5.261012E-17
8720.59163952233  3.295874E-17
8726.10893583657  6.494660E-17
8731.62623215081  5.154293E-17
8737.14352846505  6.040354E-17
8742.66082477929  3.902557E-17
8748.17812109353  6.264100E-17
8753.69541740777  3.966623E-17
8759.21271372201  1.922088E-17
8764.73001003625  4.689615E-17
8770.24730635049  4.841938E-17
8775.76460266473  3.427148E-17
8781.28189897897  3.715719E-17
8786.79919529321  2.097322E-17
8792.31649160745  3.459901E-17
8797.83378792169  4.245907E-17
8803.35108423593  4.614258E-17
8808.86838055017  4.753576E-17
8814.38567686441  6.829055E-17
8819.90297317865  1.063950E-16
8825.42026949289  7.581949E-17
8830.93756580713  5.788133E-17
8836.45486212137  5.041327E-17
8841.97215843561  4.975956E-17
8847.48945474985  3.486419E-17
8853.00675106409  4.073183E-17
8858.52404737833  4.445508E-17
8864.04134369257  6.452244E-17
8869.55864000681  5.049137E-17
8875.07593632105  4.273230E-17
8880.59323263529  5.434059E-17
8886.11052894953  1.724444E-17
8891.62782526377  2.652923E-17
8897.14512157801  2.621266E-17
8902.66241789225  6.056386E-17
8908.17971420649  4.893240E-17
8913.69701052073  4.082824E-17
8919.21430683497  1.184903E-17
8924.73160314921  4.850755E-18
8930.24889946345  1.732940E-17
8935.76619577769  6.727419E-17
8941.28349209193  4.471975E-17
8946.80078840617  4.744323E-17
8952.31808472041  5.582290E-17
8957.83538103465  4.896449E-17
8963.35267734889  2.595766E-17
8968.86997366313  1.630566E-17
8974.38726997737  3.764817E-17
8979.90456629161  3.761891E-17
8985.42186260585  4.724029E-17
8990.93915892009  5.512841E-17
8996.45645523433  5.076770E-17
9001.97375154857  4.974945E-17
9007.49104786281  5.509549E-17
9013.00834417705  4.596924E-17
9018.52564049129  3.742043E-17
9024.04293680553  5.461920E-17
9029.56023311977  5.769581E-17
9035.07752943401  6.060098E-17
9040.59482574825  3.805889E-17
9046.11212206249  3.956495E-17
9051.62941837673  5.443446E-17
9057.14671469097  5.553446E-17
9062.66401100521  5.193445E-17
9068.18130731945  5.134776E-17
9073.69860363369  3.677493E-17
9079.21589994793  5.166426E-17
9084.73319626217  5.538112E-17
9090.25049257641  1.995845E-17
9095.76778889065  4.043636E-17
9101.28508520489  4.303422E-17
9106.80238151913  3.732082E-17
9112.31967783337  3.241158E-17
9117.83697414761  3.621870E-17
9123.35427046185  6.135405E-17
9128.87156677609  4.877496E-17
9134.38886309033  3.063902E-17
9139.90615940457  1.861354E-17
9145.42345571881  1.820551E-17
9150.94075203305  2.558802E-17
9156.45804834729  4.892318E-17
9161.97534466153  5.321497E-17
9167.49264097577  5.390296E-17
9173.00993729001  3.304674E-17
9178.52723360425  2.776332E-17
9184.04452991849  4.137008E-17
9189.56182623273  4.424748E-17
9195.07912254697  5.132798E-17
9200.59641886121  4.049397E-17
9206.11371517545  3.847947E-17
9211.63101148969  4.500580E-17
9217.14830780393  4.561015E-17
9222.66560411817  4.737793E-17
9228.18290043241  5.976148E-17
9233.70019674665  4.938068E-17
9239.21749306089  4.133957E-17
9244.73478937513  4.404713E-17
9250.25208568937  3.297308E-17
