3720.00	-2.79305e-17
3721.50	3.90076e-18
3723.00	4.14105e-17
3724.50	2.11763e-17
3726.00	4.09637e-17
3727.50	7.04935e-17
3729.00	-2.56765e-17
3730.50	-3.74077e-17
3732.00	1.75645e-17
3733.50	6.54332e-17
3735.00	3.97155e-17
3736.50	7.5593e-18
3738.00	3.64662e-17
3739.50	1.05205e-16
3741.00	2.47641e-16
3742.50	1.27972e-16
3744.00	2.18455e-17
3745.50	5.32761e-17
3747.00	7.80465e-17
3748.50	5.49466e-18
3750.00	2.10264e-17
3751.50	1.25956e-16
3753.00	1.11204e-16
3754.50	1.26991e-16
3756.00	4.90692e-18
3757.50	6.48567e-17
3759.00	-1.02811e-18
3760.50	7.24554e-17
3762.00	1.04748e-17
3763.50	9.5116e-17
3765.00	7.2913e-18
3766.50	7.46605e-17
3768.00	1.6968e-16
3769.50	8.5531e-17
3771.00	-4.69548e-18
3772.50	-5.49036e-17
3774.00	-2.87725e-18
3775.50	1.7174e-18
3777.00	6.54303e-17
3778.50	9.57776e-17
3780.00	1.53128e-16
3781.50	1.62355e-16
3783.00	1.41699e-16
3784.50	9.23989e-17
3786.00	1.12891e-16
3787.50	7.32774e-17
3789.00	3.84927e-17
3790.50	1.43517e-16
3792.00	1.85052e-16
3793.50	1.57049e-16
3795.00	2.16557e-16
3796.50	1.82013e-16
3798.00	1.06193e-16
3799.50	1.59152e-16
3801.00	1.32783e-16
3802.50	4.3096e-17
3804.00	6.86559e-17
3805.50	1.70526e-17
3807.00	-5.1348e-17
3808.50	8.15854e-17
3810.00	1.49754e-16
3811.50	3.30329e-16
3813.00	2.35255e-16
3814.50	1.8236e-16
3816.00	-1.18705e-18
3817.50	1.31146e-16
3819.00	1.55356e-16
3820.50	1.24622e-17
3822.00	2.98468e-17
3823.50	1.25844e-16
3825.00	1.2505e-16
3826.50	1.16748e-16
3828.00	1.2191e-16
3829.50	5.87159e-17
3831.00	1.63385e-16
3832.50	1.78281e-16
3834.00	1.37279e-16
3835.50	1.51113e-16
3837.00	1.48114e-16
3838.50	1.39206e-16
3840.00	1.04554e-16
3841.50	2.65956e-17
3843.00	6.59684e-17
3844.50	1.49808e-16
3846.00	9.48457e-17
3847.50	8.96242e-17
3849.00	3.10924e-16
3850.50	4.99053e-16
3852.00	5.79438e-16
3853.50	6.54072e-16
3855.00	6.41426e-16
3856.50	4.39808e-16
3858.00	3.00305e-16
3859.50	1.58594e-16
3861.00	1.63526e-16
3862.50	1.66084e-16
3864.00	8.42409e-17
3865.50	5.9215e-17
3867.00	8.77927e-17
3868.50	1.2101e-16
3870.00	1.37543e-16
3871.50	1.39499e-16
3873.00	1.56747e-16
3874.50	1.12257e-16
3876.00	-4.20396e-17
3877.50	8.89862e-18
3879.00	1.16555e-16
3880.50	1.30732e-16
3882.00	1.33487e-16
3883.50	1.48398e-16
3885.00	1.17422e-16
3886.50	9.15065e-17
3888.00	9.43929e-17
3889.50	1.68861e-16
3891.00	7.06664e-17
3892.50	7.91918e-17
3894.00	1.06226e-16
3895.50	5.31091e-17
3897.00	9.02184e-17
3898.50	8.86254e-17
3900.00	1.11476e-16
3901.50	6.82978e-17
3903.00	8.97616e-17
3904.50	1.99152e-16
3906.00	2.07672e-16
3907.50	1.20024e-16
3909.00	9.36042e-17
3910.50	1.24052e-16
3912.00	1.89941e-16
3913.50	2.56245e-16
3915.00	1.28304e-16
3916.50	7.19186e-17
3918.00	1.47647e-16
3919.50	2.22996e-16
3921.00	2.40108e-16
3922.50	1.32658e-16
3924.00	4.50788e-17
3925.50	1.36292e-16
3927.00	1.2654e-16
3928.50	6.97876e-17
3930.00	5.711e-17
3931.50	1.26461e-16
3933.00	2.09725e-16
3934.50	1.15266e-16
3936.00	8.19477e-17
3937.50	1.93101e-16
3939.00	2.41639e-16
3940.50	1.66943e-16
3942.00	8.36385e-17
3943.50	3.60813e-17
3945.00	6.84014e-17
3946.50	1.77517e-16
3948.00	3.13392e-16
3949.50	1.7507e-16
3951.00	7.08022e-17
3952.50	1.87199e-16
3954.00	1.41833e-16
3955.50	1.62418e-16
3957.00	1.05772e-16
3958.50	4.78969e-17
3960.00	1.36146e-16
3961.50	1.8841e-17
3963.00	7.48887e-17
3964.50	7.66228e-17
3966.00	5.5273e-17
3967.50	1.503e-16
3969.00	4.30844e-17
3970.50	1.38881e-16
3972.00	1.83237e-16
3973.50	2.44359e-16
3975.00	1.88756e-16
3976.50	1.2034e-16
3978.00	1.48643e-16
3979.50	1.3282e-16
3981.00	1.61294e-16
3982.50	1.73845e-16
3984.00	1.09478e-16
3985.50	9.03417e-17
3987.00	1.77178e-16
3988.50	2.81314e-16
3990.00	2.63783e-16
3991.50	2.01426e-16
3993.00	1.91906e-16
3994.50	1.66902e-16
3996.00	5.4487e-17
3997.50	1.058e-16
3999.00	2.23815e-16
4000.50	1.73488e-16
4002.00	1.64062e-16
4003.50	2.01757e-16
4005.00	2.23363e-16
4006.50	2.62093e-16
4008.00	2.10626e-16
4009.50	1.57243e-16
4011.00	1.8191e-16
4012.50	1.29709e-16
4014.00	5.29735e-17
4015.50	1.12149e-16
4017.00	9.58838e-17
4018.50	1.40043e-16
4020.00	7.32588e-17
4021.50	9.8883e-17
4023.00	2.0769e-16
4024.50	1.84071e-16
4026.00	2.38949e-16
4027.50	1.27107e-16
4029.00	1.38352e-16
4030.50	1.5611e-16
4032.00	1.20535e-16
4033.50	2.08909e-16
4035.00	6.00116e-17
4036.50	9.57368e-17
4038.00	1.6301e-16
4039.50	1.14819e-16
4041.00	2.33826e-16
4042.50	1.36224e-16
4044.00	1.93429e-16
4045.50	1.91658e-16
4047.00	1.37276e-16
4048.50	2.18171e-16
4050.00	2.64866e-16
4051.50	1.47006e-16
4053.00	1.2194e-16
4054.50	1.07902e-16
4056.00	2.18438e-16
4057.50	2.39103e-16
4059.00	1.27123e-16
4060.50	1.74043e-16
4062.00	1.85938e-16
4063.50	1.64191e-16
4065.00	1.55097e-16
4066.50	5.64924e-17
4068.00	7.08635e-17
4069.50	1.37522e-16
4071.00	1.17858e-16
4072.50	1.74356e-16
4074.00	2.03972e-16
4075.50	2.06992e-16
4077.00	2.10391e-16
4078.50	1.96559e-16
4080.00	1.97899e-16
4081.50	2.01415e-16
4083.00	1.5564e-16
4084.50	2.10924e-16
4086.00	2.26094e-16
4087.50	1.41199e-16
4089.00	1.77997e-16
4090.50	2.23301e-16
4092.00	1.60282e-16
4093.50	1.84072e-16
4095.00	2.34926e-16
4096.50	2.34877e-16
4098.00	1.57022e-16
4099.50	1.0921e-16
4101.00	1.03538e-16
4102.50	1.92954e-16
4104.00	1.58528e-16
4105.50	6.91954e-17
4107.00	1.32646e-16
4108.50	1.73617e-16
4110.00	1.83312e-16
4111.50	2.01864e-16
4113.00	2.81413e-16
4114.50	2.382e-16
4116.00	2.04483e-16
4117.50	2.25017e-16
4119.00	2.74328e-16
4120.50	2.44763e-16
4122.00	2.52775e-16
4123.50	2.90664e-16
4125.00	2.22088e-16
4126.50	2.03996e-16
4128.00	2.31425e-16
4129.50	2.64071e-16
4131.00	2.51639e-16
4132.50	1.8583e-16
4134.00	9.529e-17
4135.50	1.45012e-16
4137.00	1.68354e-16
4138.50	1.10018e-16
4140.00	1.49375e-16
4141.50	2.91551e-16
4143.00	2.73265e-16
4144.50	2.86123e-16
4146.00	2.71818e-16
4147.50	1.78495e-16
4149.00	2.22565e-16
4150.50	2.21543e-16
4152.00	1.20428e-16
4153.50	2.45501e-16
4155.00	2.82656e-16
4156.50	2.04216e-16
4158.00	2.10874e-16
4159.50	2.17532e-16
4161.00	2.24189e-16
4162.50	2.30847e-16
4164.00	2.37505e-16
4165.50	2.44162e-16
4168.50	1.96522e-16
4170.00	1.66941e-16
4171.50	2.40943e-16
4173.00	1.80747e-16
4174.50	2.89012e-16
4176.00	1.78327e-16
4177.50	4.32743e-17
4179.00	2.36414e-16
4180.50	2.27641e-16
4182.00	2.52175e-16
4183.50	2.3253e-16
4185.00	2.26279e-16
4186.50	1.96809e-16
4188.00	1.82287e-16
4189.50	1.94681e-16
4191.00	1.26415e-16
4192.50	1.59508e-16
4194.00	2.14478e-16
4195.50	1.83578e-16
4197.00	2.17141e-16
4198.50	1.37768e-16
4200.00	1.69295e-16
4201.50	2.09552e-16
4203.00	1.97283e-16
4204.50	2.88698e-16
4206.00	3.02997e-16
4207.50	1.72046e-16
4209.00	2.30914e-16
4210.50	2.91906e-16
4212.00	2.05766e-16
4213.50	8.6571e-17
4215.00	7.9363e-17
4216.50	1.99496e-16
4218.00	2.9194e-16
4219.50	2.38128e-16
4221.00	1.72151e-16
4222.50	1.62603e-16
4224.00	1.74341e-16
4225.50	2.44119e-16
4227.00	2.38298e-16
4228.50	1.92438e-16
4230.00	2.09974e-16
4231.50	2.04326e-16
4233.00	1.74101e-16
4234.50	2.58937e-16
4236.00	2.1368e-16
4237.50	1.94993e-16
4239.00	1.69239e-16
4240.50	1.16758e-16
4242.00	1.69687e-16
4243.50	2.06613e-16
4245.00	1.6558e-16
4246.50	2.17874e-16
4248.00	2.39176e-16
4249.50	1.23589e-16
4251.00	1.65847e-16
4252.50	1.53222e-16
4254.00	1.9248e-16
4255.50	2.45015e-16
4257.00	2.37543e-16
4258.50	2.67577e-16
4260.00	2.56098e-16
4261.50	1.79239e-16
4263.00	1.93915e-16
4264.50	1.65925e-16
4266.00	1.68021e-16
4267.50	1.57091e-16
4269.00	1.40646e-16
4270.50	1.92487e-16
4272.00	2.48049e-16
4273.50	2.32676e-16
4275.00	2.116e-16
4276.50	2.36347e-16
4278.00	2.32911e-16
4279.50	2.04252e-16
4281.00	2.10514e-16
4282.50	2.31837e-16
4284.00	1.9087e-16
4285.50	1.43779e-16
4287.00	2.03473e-16
4288.50	1.98848e-16
4290.00	1.40102e-16
4291.50	1.81964e-16
4293.00	2.42006e-16
4294.50	2.24098e-16
4296.00	2.18659e-16
4297.50	2.47548e-16
4299.00	2.30153e-16
4300.50	2.57765e-16
4302.00	2.19319e-16
4303.50	1.32511e-16
4305.00	1.56394e-16
4306.50	1.82337e-16
4308.00	2.1561e-16
4309.50	1.85142e-16
4311.00	1.33385e-16
4312.50	2.54316e-16
4314.00	2.09587e-16
4315.50	2.62069e-16
4317.00	2.14786e-16
4318.50	1.86705e-16
4320.00	2.36225e-16
4321.50	2.34978e-16
4323.00	2.6292e-16
4324.50	1.73445e-16
4326.00	1.51666e-16
4327.50	2.29175e-16
4329.00	1.92746e-16
4330.50	2.0731e-16
4332.00	2.20232e-16
4333.50	2.15473e-16
4335.00	2.4335e-16
4336.50	2.36898e-16
4338.00	2.55814e-16
4339.50	1.72712e-16
4341.00	1.71351e-16
4342.50	1.554e-16
4344.00	1.62634e-16
4345.50	2.55575e-16
4347.00	2.1625e-16
4348.50	1.93681e-16
4350.00	1.70283e-16
4351.50	1.50966e-16
4353.00	1.53043e-16
4354.50	1.75654e-16
4356.00	2.00714e-16
4357.50	2.62364e-16
4359.00	2.58738e-16
4360.50	2.29778e-16
4362.00	2.42794e-16
4363.50	2.16483e-16
4365.00	1.42501e-16
4366.50	1.39828e-16
4368.00	1.08027e-16
4369.50	1.56129e-16
4371.00	1.59519e-16
4372.50	1.23823e-16
4374.00	1.20134e-16
4375.50	1.61276e-16
4377.00	5.11546e-17
4378.50	1.89862e-16
4380.00	1.89788e-16
4381.50	1.25748e-16
4383.00	2.03517e-16
4384.50	1.59131e-16
4386.00	1.15867e-16
4387.50	1.89107e-16
4389.00	1.87934e-16
4390.50	1.88032e-16
4392.00	1.71457e-16
4393.50	1.60839e-16
4395.00	1.73084e-16
4396.50	1.24299e-16
4398.00	1.62008e-16
4399.50	1.27203e-16
4401.00	8.63587e-17
4402.50	1.19829e-16
4404.00	1.69508e-16
4405.50	1.1597e-16
4407.00	1.09344e-16
4408.50	1.45256e-16
4410.00	1.45662e-16
4411.50	1.7724e-16
4413.00	2.22803e-16
4414.50	2.38672e-16
4416.00	1.88717e-16
4417.50	1.61458e-16
4419.00	1.39654e-16
4420.50	1.25647e-16
4422.00	1.82659e-16
4423.50	2.36433e-16
4425.00	1.71344e-16
4426.50	1.26013e-16
4428.00	1.36013e-16
4429.50	2.01429e-16
4431.00	2.078e-16
4432.50	1.53619e-16
4434.00	1.79234e-16
4435.50	1.67592e-16
4437.00	1.59475e-16
4438.50	2.00804e-16
4440.00	2.19818e-16
4441.50	2.4482e-16
4443.00	2.07398e-16
4444.50	1.89011e-16
4446.00	2.02852e-16
4447.50	1.31831e-16
4449.00	1.09909e-16
4450.50	1.30912e-16
4452.00	1.57762e-16
4453.50	1.72517e-16
4455.00	2.29567e-16
4456.50	1.85301e-16
4458.00	1.3025e-16
4459.50	1.73919e-16
4461.00	2.26683e-16
4462.50	1.97916e-16
4464.00	1.48806e-16
4465.50	1.51284e-16
4467.00	1.58068e-16
4468.50	1.55823e-16
4470.00	1.28916e-16
4471.50	1.09353e-16
4473.00	1.61903e-16
4474.50	1.63569e-16
4476.00	1.16993e-16
4477.50	2.01043e-16
4479.00	2.27061e-16
4480.50	2.26513e-16
4482.00	2.30779e-16
4483.50	1.31714e-16
4485.00	1.24764e-16
4486.50	2.36267e-16
4488.00	2.30095e-16
4489.50	1.59378e-16
4491.00	1.80213e-16
4492.50	2.18833e-16
4494.00	1.78181e-16
4495.50	8.19246e-17
4497.00	1.14042e-16
4498.50	1.77542e-16
4500.00	2.30455e-16
4501.50	2.84661e-16
4503.00	2.64118e-16
4504.50	1.91915e-16
4506.00	1.42598e-16
4507.50	1.44574e-16
4509.00	2.32163e-16
4510.50	2.64987e-16
4512.00	1.98703e-16
4513.50	1.26184e-16
4515.00	1.78841e-16
4516.50	2.02071e-16
4518.00	1.47483e-16
4519.50	2.03249e-16
4521.00	1.89397e-16
4522.50	1.8511e-16
4524.00	2.0302e-16
4525.50	9.54639e-17
4527.00	9.61235e-17
4528.50	1.7939e-16
4530.00	2.15188e-16
4531.50	1.24962e-16
4533.00	1.50422e-16
4534.50	1.5281e-16
4536.00	1.6806e-16
4537.50	2.41172e-16
4539.00	2.28175e-16
4540.50	2.77648e-16
4542.00	2.08009e-16
4543.50	1.65321e-16
4545.00	2.48724e-16
4546.50	2.36881e-16
4548.00	1.86607e-16
4549.50	2.1027e-16
4551.00	1.73654e-16
4552.50	1.51419e-16
4554.00	1.63013e-16
4555.50	1.55906e-16
4557.00	1.71457e-16
4558.50	2.42397e-16
4560.00	1.79344e-16
4561.50	1.11578e-16
4563.00	1.40166e-16
4564.50	2.01685e-16
4566.00	2.35846e-16
4567.50	2.16753e-16
4569.00	1.76477e-16
4570.50	1.82943e-16
4572.00	1.88285e-16
4573.50	1.60073e-16
4575.00	1.82641e-16
4576.50	2.02883e-16
4578.00	1.8606e-16
4579.50	1.55244e-16
4581.00	1.06036e-16
4582.50	1.53597e-16
4584.00	1.72747e-16
4585.50	1.68296e-16
4587.00	1.80197e-16
4588.50	1.74077e-16
4590.00	1.71621e-16
4591.50	1.97064e-16
4593.00	2.10038e-16
4594.50	1.29466e-16
4596.00	1.65844e-16
4597.50	2.5517e-16
4599.00	2.67092e-16
4600.50	2.33107e-16
4602.00	1.64098e-16
4603.50	1.64488e-16
4605.00	1.68868e-16
4606.50	1.92934e-16
4608.00	1.61323e-16
4609.50	1.76795e-16
4611.00	2.59285e-16
4612.50	2.10485e-16
4614.00	1.70926e-16
4615.50	3.06724e-16
4617.00	2.59696e-16
4618.50	1.96757e-16
4620.00	1.24633e-16
4621.50	1.60924e-16
4623.00	2.35317e-16
4624.50	1.96664e-16
4626.00	2.05765e-16
4627.50	1.94495e-16
4629.00	1.52074e-16
4630.50	1.35138e-16
4632.00	1.1723e-16
4633.50	1.71915e-16
4635.00	1.77754e-16
4636.50	1.69261e-16
4638.00	1.95289e-16
4639.50	1.85918e-16
4641.00	1.8292e-16
4642.50	1.62269e-16
4644.00	1.69591e-16
4645.50	1.64226e-16
4647.00	1.85667e-16
4648.50	1.91679e-16
4650.00	1.89863e-16
4651.50	1.91957e-16
4653.00	1.50297e-16
4654.50	1.60639e-16
4656.00	2.16766e-16
4657.50	2.03859e-16
4659.00	2.23939e-16
4660.50	2.30126e-16
4662.00	1.79822e-16
4663.50	1.76116e-16
4665.00	1.76624e-16
4666.50	2.14604e-16
4668.00	2.169e-16
4669.50	1.55332e-16
4671.00	1.99367e-16
4672.50	1.51979e-16
4674.00	1.86015e-16
4675.50	1.57118e-16
4677.00	1.33398e-16
4678.50	1.88401e-16
4680.00	1.78976e-16
4681.50	1.83319e-16
4683.00	1.50543e-16
4684.50	1.35525e-16
4686.00	1.7501e-16
4687.50	2.1817e-16
4689.00	2.12666e-16
4690.50	2.08475e-16
4692.00	2.77161e-16
4693.50	2.57499e-16
4695.00	2.05182e-16
4696.50	2.00648e-16
4698.00	2.23954e-16
4699.50	2.3555e-16
4701.00	2.28811e-16
4702.50	2.0448e-16
4704.00	2.12116e-16
4705.50	1.99372e-16
4707.00	2.29358e-16
4708.50	2.59946e-16
4710.00	2.87269e-16
4711.50	2.04949e-16
4713.00	2.05328e-16
4714.50	2.81984e-16
4716.00	2.51845e-16
4717.50	1.98964e-16
4719.00	2.33957e-16
4720.50	2.44969e-16
4722.00	2.18654e-16
4723.50	2.15839e-16
4725.00	1.61037e-16
4726.50	1.81217e-16
4728.00	2.03322e-16
4729.50	2.52334e-16
4731.00	1.93562e-16
4732.50	1.90851e-16
4734.00	1.70767e-16
4735.50	1.97177e-16
4737.00	1.95943e-16
4738.50	1.8129e-16
4740.00	2.70039e-16
4741.50	2.53498e-16
4743.00	2.70276e-16
4744.50	2.79304e-16
4746.00	1.94712e-16
4747.50	1.69722e-16
4749.00	1.68777e-16
4750.50	1.99264e-16
4752.00	2.24122e-16
4753.50	2.03334e-16
4755.00	2.36388e-16
4756.50	1.94741e-16
4758.00	1.67977e-16
4759.50	1.94798e-16
4761.00	2.41115e-16
4762.50	2.25951e-16
4764.00	2.3656e-16
4765.50	2.52299e-16
4767.00	2.74597e-16
4768.50	2.76904e-16
4770.00	2.7405e-16
4771.50	2.0207e-16
4773.00	1.9299e-16
4774.50	2.55347e-16
4776.00	2.85263e-16
4777.50	2.43134e-16
4779.00	1.91316e-16
4780.50	1.60917e-16
4782.00	2.19927e-16
4783.50	2.61306e-16
4785.00	1.98986e-16
4786.50	2.09119e-16
4788.00	2.07384e-16
4789.50	1.64835e-16
4791.00	2.03415e-16
4792.50	2.60058e-16
4794.00	2.15776e-16
4795.50	2.25028e-16
4797.00	2.29577e-16
4798.50	2.27212e-16
4800.00	2.82893e-16
4801.50	2.6098e-16
4803.00	2.53093e-16
4804.50	2.55311e-16
4806.00	2.09937e-16
4807.50	2.33227e-16
4809.00	2.40805e-16
4810.50	2.27254e-16
4812.00	2.00977e-16
4813.50	1.75424e-16
4815.00	1.86344e-16
4816.50	2.25179e-16
4818.00	2.01121e-16
4819.50	2.13855e-16
4821.00	2.19568e-16
4822.50	1.77728e-16
4824.00	2.34176e-16
4825.50	1.60689e-16
4827.00	1.53166e-16
4828.50	1.57528e-16
4830.00	1.4386e-16
4831.50	1.35944e-16
4833.00	1.96191e-16
4834.50	2.35754e-16
4836.00	2.17399e-16
4837.50	2.13621e-16
4839.00	2.6341e-16
4840.50	2.15424e-16
4842.00	2.0199e-16
4843.50	2.01734e-16
4845.00	2.26737e-16
4846.50	1.75204e-16
4848.00	1.70265e-16
4849.50	2.1952e-16
4851.00	1.66925e-16
4852.50	1.66139e-16
4854.00	1.82136e-16
4855.50	1.77921e-16
4857.00	1.8718e-16
4858.50	1.96187e-16
4860.00	2.07645e-16
4861.50	2.28825e-16
4863.00	2.71286e-16
4864.50	2.01386e-16
4866.00	1.45799e-16
4867.50	1.94271e-16
4869.00	2.05823e-16
4870.50	1.43144e-16
4872.00	1.70232e-16
4873.50	2.5957e-16
4875.00	2.16023e-16
4876.50	2.60291e-16
4878.00	1.94248e-16
4879.50	1.97791e-16
4881.00	2.48116e-16
4882.50	1.5263e-16
4884.00	1.98434e-16
4885.50	1.5648e-16
4887.00	1.39355e-16
4888.50	1.50185e-16
4890.00	1.84155e-16
4891.50	1.66418e-16
4893.00	9.72176e-17
4894.50	1.97159e-16
4896.00	1.79513e-16
4897.50	1.83667e-16
4899.00	1.78625e-16
4900.50	1.81744e-16
4902.00	1.29447e-16
4903.50	1.81605e-16
4905.00	1.88304e-16
4906.50	1.97569e-16
4908.00	1.15132e-16
4909.50	1.37378e-16
4911.00	1.59233e-16
4912.50	1.91981e-16
4914.00	1.62681e-16
4915.50	1.74047e-16
4917.00	1.858e-16
4918.50	1.74769e-16
4920.00	2.01774e-16
4921.50	1.6591e-16
4923.00	1.32113e-16
4924.50	1.72661e-16
4926.00	1.78733e-16
4927.50	9.55644e-17
4929.00	1.11667e-16
4930.50	1.50716e-16
4932.00	1.42896e-16
4933.50	1.2825e-16
4935.00	1.66891e-16
4936.50	1.77874e-16
4938.00	1.36817e-16
4939.50	1.7448e-16
4941.00	1.63999e-16
4942.50	1.68287e-16
4944.00	2.02919e-16
4945.50	1.8753e-16
4947.00	1.64284e-16
4948.50	2.2378e-16
4950.00	2.41956e-16
4951.50	1.6741e-16
4953.00	1.85425e-16
4954.50	1.68691e-16
4956.00	1.28659e-16
4957.50	1.42242e-16
4959.00	1.78916e-16
4960.50	2.14425e-16
4962.00	2.41526e-16
4963.50	1.82052e-16
4965.00	1.63174e-16
4966.50	1.5966e-16
4968.00	1.99382e-16
4969.50	2.2708e-16
4971.00	2.57225e-16
4972.50	2.38115e-16
4974.00	2.20341e-16
4975.50	2.05956e-16
4977.00	2.01632e-16
4978.50	2.70386e-16
4980.00	3.0237e-16
4981.50	3.10969e-16
4983.00	2.63084e-16
4984.50	2.29762e-16
4986.00	2.24313e-16
4987.50	2.1163e-16
4989.00	2.10972e-16
4990.50	1.88721e-16
4992.00	2.43557e-16
4993.50	2.10452e-16
4995.00	1.55119e-16
4996.50	2.15185e-16
4998.00	2.18169e-16
4999.50	1.9358e-16
5001.00	2.33338e-16
5002.50	2.1895e-16
5004.00	2.14665e-16
5005.50	2.29614e-16
5007.00	2.29485e-16
5008.50	2.46097e-16
5010.00	2.52989e-16
5011.50	2.32151e-16
5013.00	2.35838e-16
5014.50	2.05754e-16
5016.00	1.93613e-16
5017.50	2.05153e-16
5019.00	1.71909e-16
5020.50	2.18663e-16
5022.00	2.64282e-16
5023.50	3.18696e-16
5025.00	3.35937e-16
5026.50	2.9548e-16
5028.00	2.67214e-16
5029.50	2.28418e-16
5031.00	1.84935e-16
5032.50	1.31612e-16
5034.00	1.75852e-16
5035.50	1.9589e-16
5037.00	2.10871e-16
5038.50	2.42675e-16
5040.00	2.16046e-16
5041.50	2.16296e-16
5043.00	2.2482e-16
5044.50	1.85022e-16
5046.00	1.85693e-16
5047.50	2.0926e-16
5049.00	2.42743e-16
5050.50	2.19475e-16
5052.00	2.08721e-16
5053.50	2.08071e-16
5055.00	1.691e-16
5056.50	1.92764e-16
5058.00	2.44479e-16
5059.50	2.66832e-16
5061.00	2.57812e-16
5062.50	2.09742e-16
5064.00	2.04027e-16
5065.50	2.19592e-16
5067.00	2.07061e-16
5068.50	2.22773e-16
5070.00	2.40592e-16
5071.50	2.02271e-16
5073.00	1.88273e-16
5074.50	2.00184e-16
5076.00	2.20306e-16
5077.50	1.73441e-16
5079.00	1.73177e-16
5080.50	2.30344e-16
5082.00	2.65077e-16
5083.50	2.01809e-16
5085.00	1.81012e-16
5086.50	1.65538e-16
5088.00	2.11618e-16
5089.50	2.4137e-16
5091.00	2.06771e-16
5092.50	1.8782e-16
5094.00	2.34847e-16
5095.50	2.32763e-16
5097.00	2.09881e-16
5098.50	2.05246e-16
5100.00	1.78339e-16
5101.50	1.97319e-16
5103.00	2.14035e-16
5104.50	1.9841e-16
5106.00	1.84625e-16
5107.50	2.21115e-16
5109.00	1.87598e-16
5110.50	1.52177e-16
5112.00	2.00379e-16
5113.50	2.28021e-16
5115.00	2.19265e-16
5116.50	2.4413e-16
5118.00	2.24503e-16
5119.50	1.51909e-16
5121.00	1.62154e-16
5122.50	2.54139e-16
5124.00	2.53514e-16
5125.50	2.41992e-16
5127.00	3.00847e-16
5128.50	2.75942e-16
5130.00	1.87758e-16
5131.50	1.87795e-16
5133.00	1.70041e-16
5134.50	1.88618e-16
5136.00	2.38953e-16
5137.50	2.57595e-16
5139.00	2.42346e-16
5140.50	1.83744e-16
5142.00	1.87583e-16
5143.50	2.0808e-16
5145.00	2.30607e-16
5146.50	2.26236e-16
5148.00	1.82748e-16
5149.50	1.80384e-16
5151.00	1.93831e-16
5152.50	2.23848e-16
5154.00	2.17843e-16
5155.50	1.8825e-16
5157.00	2.12452e-16
5158.50	2.2292e-16
5160.00	2.40706e-16
5161.50	2.22427e-16
5163.00	2.10228e-16
5164.50	2.52022e-16
5166.00	1.95685e-16
5167.50	2.2622e-16
5169.00	2.38934e-16
5170.50	2.38312e-16
5172.00	2.9951e-16
5173.50	4.33341e-16
5175.00	5.08825e-16
5176.50	4.97803e-16
5178.00	3.85388e-16
5179.50	2.78911e-16
5181.00	2.62788e-16
5182.50	2.62489e-16
5184.00	2.175e-16
5185.50	2.20277e-16
5187.00	2.48266e-16
5188.50	2.28918e-16
5190.00	1.80552e-16
5191.50	1.79862e-16
5193.00	1.845e-16
5194.50	1.66321e-16
5196.00	1.98426e-16
5197.50	1.94564e-16
5199.00	1.72252e-16
5200.50	2.00855e-16
5202.00	2.36376e-16
5203.50	2.09443e-16
5205.00	1.78228e-16
5206.50	1.71555e-16
5208.00	2.02124e-16
5209.50	2.22642e-16
5211.00	2.41376e-16
5212.50	2.13413e-16
5214.00	1.806e-16
5215.50	2.32824e-16
5217.00	2.26546e-16
5218.50	1.84923e-16
5220.00	1.67913e-16
5221.50	1.62175e-16
5223.00	1.62063e-16
5224.50	1.80297e-16
5226.00	1.97546e-16
5227.50	2.10193e-16
5229.00	2.15924e-16
5230.50	2.11264e-16
5232.00	2.09663e-16
5233.50	1.94446e-16
5235.00	1.88611e-16
5236.50	2.06358e-16
5238.00	2.03448e-16
5239.50	1.85525e-16
5241.00	1.81879e-16
5242.50	2.11862e-16
5244.00	2.22905e-16
5245.50	1.76578e-16
5247.00	1.65166e-16
5248.50	1.55137e-16
5250.00	1.5529e-16
5251.50	1.68852e-16
5253.00	1.74498e-16
5254.50	1.8714e-16
5256.00	1.89111e-16
5257.50	1.54635e-16
5259.00	1.58308e-16
5260.50	1.85159e-16
5262.00	1.83014e-16
5263.50	2.02102e-16
5265.00	1.75274e-16
5266.50	1.51107e-16
5268.00	1.78471e-16
5269.50	2.13048e-16
5271.00	2.08384e-16
5272.50	1.74366e-16
5274.00	1.57525e-16
5275.50	1.88742e-16
5277.00	1.87385e-16
5278.50	1.36603e-16
5280.00	1.4764e-16
5281.50	1.75423e-16
5283.00	1.83596e-16
5284.50	1.96255e-16
5286.00	1.65926e-16
5287.50	1.76836e-16
5289.00	1.82102e-16
5290.50	1.64711e-16
5292.00	1.52158e-16
5293.50	1.50656e-16
5295.00	1.62498e-16
5296.50	1.31763e-16
5298.00	1.58628e-16
5299.50	2.08368e-16
5301.00	1.77247e-16
5302.50	1.27921e-16
5304.00	1.798e-16
5305.50	2.39384e-16
5307.00	2.27867e-16
5308.50	1.95341e-16
5310.00	1.43946e-16
5311.50	1.99167e-16
5313.00	2.41307e-16
5314.50	1.8576e-16
5316.00	1.94303e-16
5317.50	2.0848e-16
5319.00	2.43991e-16
5320.50	2.46103e-16
5322.00	2.19499e-16
5323.50	1.90917e-16
5325.00	1.68894e-16
5326.50	1.76983e-16
5328.00	1.81068e-16
5329.50	2.05891e-16
5331.00	2.17053e-16
5332.50	1.98994e-16
5334.00	1.97028e-16
5335.50	1.99554e-16
5337.00	2.10441e-16
5338.50	2.09661e-16
5340.00	1.97727e-16
5341.50	1.95727e-16
5343.00	2.0054e-16
5344.50	1.92907e-16
5346.00	1.79783e-16
5347.50	1.71032e-16
5349.00	2.04657e-16
5350.50	2.40712e-16
5352.00	2.64823e-16
5353.50	2.23611e-16
5355.00	1.70746e-16
5356.50	1.7614e-16
5358.00	1.76165e-16
5359.50	2.0123e-16
5361.00	2.06422e-16
5362.50	2.28882e-16
5364.00	2.60176e-16
5365.50	2.16116e-16
5367.00	1.67309e-16
5368.50	1.68892e-16
5370.00	2.09285e-16
5371.50	1.87861e-16
5373.00	1.83085e-16
5374.50	1.67726e-16
5376.00	2.26802e-16
5377.50	2.33694e-16
5379.00	1.59019e-16
5380.50	2.01389e-16
5382.00	1.88935e-16
5383.50	2.08966e-16
5385.00	1.97453e-16
5386.50	1.59291e-16
5388.00	1.56942e-16
5389.50	1.93453e-16
5391.00	1.94752e-16
5392.50	1.64495e-16
5394.00	2.00601e-16
5395.50	1.50907e-16
5397.00	2.03766e-16
5398.50	1.6276e-16
5400.00	1.31152e-16
5401.50	2.01221e-16
5403.00	2.11186e-16
5404.50	1.76522e-16
5406.00	1.77621e-16
5407.50	1.71293e-16
5409.00	1.99295e-16
5410.50	2.51809e-16
5412.00	2.63856e-16
5413.50	2.46991e-16
5415.00	2.19467e-16
5416.50	2.18101e-16
5418.00	2.0974e-16
5419.50	2.03453e-16
5421.00	2.2878e-16
5422.50	2.28861e-16
5424.00	1.96295e-16
5425.50	1.8468e-16
5427.00	1.94281e-16
5428.50	1.66374e-16
5430.00	1.38029e-16
5431.50	1.93225e-16
5433.00	2.00243e-16
5434.50	1.54889e-16
5436.00	1.59784e-16
5437.50	1.98345e-16
5439.00	1.6588e-16
5440.50	1.67513e-16
5442.00	2.0695e-16
5443.50	1.9664e-16
5445.00	2.03976e-16
5446.50	2.52093e-16
5448.00	1.74177e-16
5449.50	1.83293e-16
5451.00	1.6928e-16
5452.50	2.01357e-16
5454.00	2.24396e-16
5455.50	2.18323e-16
5457.00	1.8387e-16
5458.50	2.00417e-16
5460.00	1.79762e-16
5461.50	1.98691e-16
5463.00	2.02248e-16
5464.50	1.92402e-16
5466.00	1.62546e-16
5467.50	1.64649e-16
5469.00	2.01184e-16
5470.50	2.02928e-16
5472.00	2.23055e-16
5473.50	2.18453e-16
5475.00	1.80262e-16
5476.50	2.14031e-16
5478.00	2.39311e-16
5479.50	2.41821e-16
5481.00	2.21762e-16
5482.50	1.89375e-16
5484.00	1.69566e-16
5485.50	1.61388e-16
5487.00	2.0792e-16
5488.50	2.04355e-16
5490.00	2.23215e-16
5491.50	2.13105e-16
5493.00	1.98704e-16
5494.50	2.05652e-16
5496.00	1.70736e-16
5497.50	1.78446e-16
5499.00	2.13043e-16
5500.50	2.14479e-16
5502.00	1.91044e-16
5503.50	2.16694e-16
5505.00	2.43046e-16
5506.50	2.44594e-16
5508.00	2.03361e-16
5509.50	1.69303e-16
5511.00	1.7743e-16
5512.50	2.31426e-16
5514.00	2.76809e-16
5515.50	2.58344e-16
5517.00	2.02225e-16
5518.50	1.90889e-16
5520.00	2.55939e-16
5521.50	2.69745e-16
5523.00	2.0166e-16
5524.50	2.13518e-16
5526.00	2.19309e-16
5527.50	1.61398e-16
5529.00	1.82074e-16
5530.50	2.00662e-16
5532.00	2.04048e-16
5533.50	1.98271e-16
5535.00	2.22605e-16
5536.50	2.06694e-16
5538.00	2.03537e-16
5539.50	2.36013e-16
5541.00	2.6488e-16
5542.50	2.26811e-16
5544.00	1.71347e-16
5545.50	2.29421e-16
5547.00	2.37661e-16
5548.50	2.09494e-16
5550.00	2.24116e-16
5551.50	2.14596e-16
5553.00	2.08837e-16
5554.50	2.0026e-16
5556.00	1.92135e-16
5557.50	1.92943e-16
5559.00	1.82748e-16
5560.50	1.8323e-16
5562.00	2.05477e-16
5563.50	1.9043e-16
5565.00	1.702e-16
5566.50	2.18175e-16
5568.00	2.06833e-16
5569.50	1.9463e-16
5571.00	2.31682e-16
5572.50	2.1958e-16
5574.00	2.12265e-16
5575.50	2.10147e-16
5577.00	2.08029e-16
5578.50	2.05911e-16
5580.00	2.03793e-16
5581.50	2.01675e-16
5583.00	1.99557e-16
5586.00	1.96717e-16
5587.50	2.04459e-16
5589.00	1.76638e-16
5590.50	1.38646e-16
5592.00	2.09742e-16
5593.50	2.69747e-16
5595.00	1.92995e-16
5596.50	1.96419e-16
5598.00	2.66142e-16
5599.50	2.45604e-16
5601.00	1.89594e-16
5602.50	1.99267e-16
5604.00	2.04011e-16
5605.50	1.85655e-16
5607.00	2.05278e-16
5608.50	2.28122e-16
5610.00	1.84741e-16
5611.50	1.7423e-16
5613.00	2.08036e-16
5614.50	1.90408e-16
5616.00	2.07006e-16
5617.50	2.12076e-16
5619.00	1.87628e-16
5620.50	1.67449e-16
5622.00	2.14505e-16
5623.50	2.28155e-16
5625.00	1.99475e-16
5626.50	2.41716e-16
5628.00	2.2166e-16
5629.50	1.97734e-16
5631.00	2.10818e-16
5632.50	2.0996e-16
5634.00	2.04753e-16
5635.50	1.78509e-16
5637.00	1.82444e-16
5638.50	1.78384e-16
5640.00	1.51918e-16
5641.50	1.72922e-16
5643.00	1.92777e-16
5644.50	1.70443e-16
5646.00	2.08006e-16
5647.50	2.42549e-16
5649.00	2.19692e-16
5650.50	1.70498e-16
5652.00	2.01639e-16
5653.50	2.01758e-16
5655.00	2.11303e-16
5656.50	2.02986e-16
5658.00	1.85723e-16
5659.50	1.72782e-16
5661.00	2.2253e-16
5662.50	2.27476e-16
5664.00	1.70049e-16
5665.50	1.91761e-16
5667.00	2.2928e-16
5668.50	1.60013e-16
5670.00	1.88773e-16
5671.50	1.98439e-16
5673.00	2.05547e-16
5674.50	1.94441e-16
5676.00	2.16614e-16
5677.50	2.21876e-16
5679.00	1.94616e-16
5680.50	2.12437e-16
5682.00	2.11034e-16
5683.50	2.29034e-16
5685.00	1.88045e-16
5686.50	1.77087e-16
5688.00	2.14394e-16
5689.50	2.46647e-16
5691.00	2.47633e-16
5692.50	2.09026e-16
5694.00	2.11348e-16
5695.50	2.15256e-16
5697.00	1.98455e-16
5698.50	2.03559e-16
5700.00	2.097e-16
5701.50	1.8016e-16
5703.00	1.88132e-16
5704.50	2.17873e-16
5706.00	2.16322e-16
5707.50	1.89056e-16
5709.00	1.65865e-16
5710.50	1.89122e-16
5712.00	1.99427e-16
5713.50	1.86737e-16
5715.00	2.31798e-16
5716.50	2.76749e-16
5718.00	2.72836e-16
5719.50	2.46088e-16
5721.00	2.28472e-16
5722.50	2.69699e-16
5724.00	2.41789e-16
5725.50	2.37706e-16
5727.00	2.43854e-16
5728.50	2.57777e-16
5730.00	2.0557e-16
5731.50	1.85709e-16
5733.00	1.77372e-16
5734.50	2.06229e-16
5736.00	2.51015e-16
5737.50	1.57517e-16
5739.00	1.77235e-16
5740.50	1.53762e-16
5742.00	1.78912e-16
5743.50	2.16754e-16
5745.00	1.71857e-16
5746.50	1.97508e-16
5748.00	2.21164e-16
5749.50	1.80311e-16
5751.00	1.46558e-16
5752.50	1.80564e-16
5754.00	1.93802e-16
5755.50	1.4823e-16
5757.00	1.7489e-16
5758.50	2.25406e-16
5760.00	2.27593e-16
5761.50	2.53484e-16
5763.00	2.62121e-16
5764.50	2.34154e-16
5766.00	2.27553e-16
5767.50	2.42933e-16
5769.00	2.09971e-16
5770.50	1.77821e-16
5772.00	1.99839e-16
5773.50	2.19761e-16
5775.00	1.95494e-16
5776.50	1.70307e-16
5778.00	1.95285e-16
5779.50	1.81478e-16
5781.00	1.6798e-16
5782.50	2.19313e-16
5784.00	1.92011e-16
5785.50	1.43952e-16
5787.00	1.76911e-16
5788.50	2.1359e-16
5790.00	2.09788e-16
5791.50	2.03245e-16
5793.00	2.25968e-16
5794.50	2.16281e-16
5796.00	1.49133e-16
5797.50	1.58989e-16
5799.00	1.92571e-16
5800.50	1.83421e-16
5802.00	1.98537e-16
5803.50	1.97135e-16
5805.00	1.82751e-16
5806.50	2.06807e-16
5808.00	1.78222e-16
5809.50	1.6103e-16
5811.00	1.92492e-16
5812.50	2.13832e-16
5814.00	2.31394e-16
5815.50	1.8528e-16
5817.00	1.65776e-16
5818.50	1.86966e-16
5820.00	1.85204e-16
5821.50	2.03273e-16
5823.00	2.02742e-16
5824.50	1.67223e-16
5826.00	1.78351e-16
5827.50	1.91814e-16
5829.00	1.53326e-16
5830.50	1.57588e-16
5832.00	2.03562e-16
5833.50	2.01385e-16
5835.00	2.0025e-16
5836.50	1.63026e-16
5838.00	1.67405e-16
5839.50	1.96989e-16
5841.00	1.9548e-16
5842.50	2.28332e-16
5844.00	2.73713e-16
5845.50	2.48825e-16
5847.00	1.95127e-16
5848.50	1.89412e-16
5850.00	2.17866e-16
5851.50	2.2277e-16
5853.00	2.19829e-16
5854.50	2.07166e-16
5856.00	1.85721e-16
5857.50	1.75261e-16
5859.00	1.24325e-16
5860.50	1.79326e-16
5862.00	2.31366e-16
5863.50	1.93071e-16
5865.00	1.88078e-16
5866.50	1.75012e-16
5868.00	2.11592e-16
5869.50	1.97879e-16
5871.00	1.67014e-16
5872.50	1.92319e-16
5874.00	1.8251e-16
5875.50	2.17846e-16
5877.00	1.93958e-16
5878.50	1.97577e-16
5880.00	1.82151e-16
5881.50	1.73536e-16
5883.00	1.94629e-16
5884.50	1.31779e-16
5886.00	1.97987e-16
5887.50	2.72537e-16
5889.00	2.04392e-16
5890.50	1.40363e-16
5892.00	1.26182e-16
5893.50	1.704e-16
5895.00	1.6568e-16
5896.50	1.94637e-16
5898.00	1.66296e-16
5899.50	1.8858e-16
5901.00	1.90439e-16
5902.50	1.77316e-16
5904.00	1.98015e-16
5905.50	1.88169e-16
5907.00	1.60016e-16
5908.50	1.37596e-16
5910.00	1.59544e-16
5911.50	1.67691e-16
5913.00	1.55649e-16
5914.50	1.70318e-16
5916.00	1.97217e-16
5917.50	1.90367e-16
5919.00	2.26054e-16
5920.50	2.42469e-16
5922.00	1.81953e-16
5923.50	1.35212e-16
5925.00	1.73456e-16
5926.50	1.93496e-16
5928.00	1.69385e-16
5929.50	1.91981e-16
5931.00	1.67766e-16
5932.50	1.5185e-16
5934.00	1.88188e-16
5935.50	1.81308e-16
5937.00	1.64023e-16
5938.50	1.69619e-16
5940.00	1.5244e-16
5941.50	1.85708e-16
5943.00	1.61984e-16
5944.50	1.58407e-16
5946.00	1.37e-16
5947.50	1.48559e-16
5949.00	1.72589e-16
5950.50	1.10686e-16
5952.00	1.22773e-16
5953.50	1.42404e-16
5955.00	1.96708e-16
5956.50	1.89237e-16
5958.00	1.81766e-16
5959.50	1.74295e-16
5961.00	1.66823e-16
5964.00	1.87972e-16
5965.50	1.63393e-16
5967.00	1.59474e-16
5968.50	1.92874e-16
5970.00	1.70001e-16
5971.50	1.57851e-16
5973.00	1.97454e-16
5974.50	1.60399e-16
5976.00	1.37863e-16
5977.50	2.04635e-16
5979.00	1.81768e-16
5980.50	1.34359e-16
5982.00	1.31386e-16
5983.50	1.38986e-16
5985.00	1.53486e-16
5986.50	1.40572e-16
5988.00	1.30836e-16
5989.50	1.13331e-16
5991.00	1.12101e-16
5992.50	1.7407e-16
5994.00	2.09731e-16
5995.50	1.66873e-16
5997.00	1.34877e-16
5998.50	1.62621e-16
6000.00	1.65579e-16
6001.50	1.64855e-16
6003.00	1.54263e-16
6004.50	1.33304e-16
6006.00	1.30336e-16
6007.50	1.19895e-16
6009.00	1.42227e-16
6010.50	1.69116e-16
6012.00	1.98497e-16
6013.50	2.09968e-16
6015.00	1.80555e-16
6016.50	1.80302e-16
6018.00	1.89467e-16
6019.50	1.86899e-16
6021.00	1.75087e-16
6022.50	1.74106e-16
6024.00	1.90276e-16
6025.50	1.85117e-16
6027.00	1.97747e-16
6028.50	2.04196e-16
6030.00	1.55662e-16
6031.50	1.78379e-16
6033.00	2.21124e-16
6034.50	1.85267e-16
6036.00	2.21815e-16
6037.50	2.27799e-16
6039.00	1.70641e-16
6040.50	1.80053e-16
6042.00	1.79602e-16
6043.50	1.82514e-16
6045.00	1.86363e-16
6046.50	1.58037e-16
6048.00	1.80275e-16
6049.50	2.05649e-16
6051.00	2.23068e-16
6052.50	2.12878e-16
6054.00	1.66297e-16
6055.50	1.90965e-16
6057.00	1.82611e-16
6058.50	1.41351e-16
6060.00	1.47524e-16
6061.50	2.1109e-16
6063.00	2.20861e-16
6064.50	1.88228e-16
6066.00	1.96899e-16
6067.50	2.03226e-16
6069.00	2.16597e-16
6070.50	2.48119e-16
6072.00	2.42906e-16
6073.50	2.0773e-16
6075.00	2.22799e-16
6076.50	2.39184e-16
6078.00	2.56143e-16
6079.50	2.21344e-16
6081.00	1.94226e-16
6082.50	2.05399e-16
6084.00	1.79779e-16
6085.50	1.61155e-16
6087.00	1.8131e-16
6088.50	2.16855e-16
6090.00	1.72437e-16
6091.50	1.7615e-16
6093.00	1.41459e-16
6094.50	1.19489e-16
6096.00	1.97823e-16
6097.50	2.20574e-16
6099.00	1.64228e-16
6100.50	1.92581e-16
6102.00	2.04362e-16
6103.50	1.82987e-16
6105.00	2.00349e-16
6106.50	2.27583e-16
6108.00	2.04029e-16
6109.50	1.95405e-16
6111.00	1.37869e-16
6112.50	1.51218e-16
6114.00	1.92382e-16
6115.50	1.93309e-16
6117.00	2.07137e-16
6118.50	2.38374e-16
6120.00	2.04123e-16
6121.50	1.82347e-16
6123.00	2.01379e-16
6124.50	1.79306e-16
6126.00	1.69917e-16
6127.50	1.66545e-16
6129.00	2.38896e-16
6130.50	2.45205e-16
6132.00	2.2105e-16
6133.50	2.63735e-16
6135.00	2.62321e-16
6136.50	2.28073e-16
6138.00	2.23373e-16
6139.50	2.33988e-16
6141.00	2.20151e-16
6142.50	1.84862e-16
6144.00	1.83543e-16
6145.50	2.30452e-16
6147.00	2.09342e-16
6148.50	1.97722e-16
6150.00	1.67614e-16
6151.50	1.83632e-16
6153.00	1.84069e-16
6154.50	1.7417e-16
6156.00	2.66334e-16
6157.50	1.96287e-16
6159.00	1.82292e-16
6160.50	2.1599e-16
6162.00	1.38861e-16
6163.50	1.93032e-16
6165.00	2.0184e-16
6166.50	1.51154e-16
6168.00	1.95066e-16
6169.50	1.9732e-16
6171.00	1.60645e-16
6172.50	1.44326e-16
6174.00	1.60109e-16
6175.50	1.56451e-16
6177.00	1.71784e-16
6178.50	2.15552e-16
6180.00	1.91266e-16
6181.50	1.69703e-16
6183.00	1.6235e-16
6184.50	2.26732e-16
6186.00	2.26073e-16
6187.50	2.03556e-16
6189.00	2.15091e-16
6190.50	2.12272e-16
6192.00	1.81668e-16
6193.50	1.53297e-16
6195.00	1.77478e-16
6196.50	1.95067e-16
6198.00	1.89022e-16
6199.50	2.0016e-16
6201.00	1.9873e-16
6202.50	1.98098e-16
6204.00	2.48573e-16
6205.50	2.45441e-16
6207.00	1.95174e-16
6208.50	1.65475e-16
6210.00	1.88521e-16
6211.50	2.02997e-16
6213.00	1.71862e-16
6214.50	1.8523e-16
6216.00	1.65273e-16
6217.50	1.61234e-16
6219.00	2.36001e-16
6220.50	2.28526e-16
6222.00	1.84952e-16
6223.50	1.88283e-16
6225.00	2.17292e-16
6226.50	2.13772e-16
6228.00	2.07147e-16
6229.50	2.59954e-16
6231.00	2.09908e-16
6232.50	1.94816e-16
6234.00	2.19606e-16
6235.50	1.68242e-16
6237.00	1.78216e-16
6238.50	1.73054e-16
6240.00	1.81166e-16
6241.50	1.85676e-16
6243.00	1.7575e-16
6244.50	1.73513e-16
6246.00	1.84338e-16
6247.50	1.89524e-16
6249.00	1.78178e-16
6250.50	1.82735e-16
6252.00	2.08979e-16
6253.50	2.27045e-16
6255.00	1.8071e-16
6256.50	1.74616e-16
6258.00	1.99035e-16
6259.50	1.55211e-16
6261.00	1.51522e-16
6262.50	1.87579e-16
6264.00	1.58256e-16
6265.50	1.70399e-16
6267.00	2.40396e-16
6268.50	2.11846e-16
6270.00	1.60249e-16
6271.50	1.81023e-16
6273.00	2.04522e-16
6274.50	1.82639e-16
6276.00	1.92827e-16
6277.50	2.03017e-16
6279.00	1.59471e-16
6280.50	2.17874e-16
6282.00	2.58844e-16
6283.50	1.95707e-16
6285.00	1.84695e-16
6286.50	2.38346e-16
6288.00	1.79228e-16
6289.50	2.10929e-16
6291.00	1.85705e-16
6292.50	1.64528e-16
6294.00	1.92085e-16
6295.50	1.71081e-16
6297.00	1.71952e-16
6298.50	1.79525e-16
6300.00	1.05745e-16
6301.50	1.09513e-16
6303.00	1.70229e-16
6304.50	1.48177e-16
6306.00	1.35772e-16
6307.50	2.01365e-16
6309.00	1.92967e-16
6310.50	1.50464e-16
6312.00	1.72996e-16
6313.50	2.07675e-16
6315.00	2.06019e-16
6316.50	1.79197e-16
6318.00	1.83569e-16
6319.50	2.04737e-16
6321.00	2.01046e-16
6322.50	1.72646e-16
6324.00	1.87996e-16
6325.50	1.92457e-16
6327.00	1.52221e-16
6328.50	1.42485e-16
6330.00	1.57871e-16
6331.50	1.65228e-16
6333.00	1.55054e-16
6334.50	1.63999e-16
6336.00	1.55229e-16
6337.50	1.5084e-16
6339.00	1.75964e-16
6340.50	1.94549e-16
6342.00	1.93887e-16
6343.50	1.79427e-16
6345.00	1.99352e-16
6346.50	1.82363e-16
6348.00	2.00681e-16
6349.50	2.10021e-16
6351.00	1.34735e-16
6352.50	1.48346e-16
6354.00	1.65283e-16
6355.50	2.10365e-16
6357.00	1.88401e-16
6358.50	1.77531e-16
6360.00	1.87289e-16
6361.50	1.13054e-16
6363.00	1.33809e-16
6364.50	2.3279e-16
6366.00	1.76371e-16
6367.50	1.41166e-16
6369.00	1.78115e-16
6370.50	1.5697e-16
6372.00	1.20958e-16
6373.50	1.43507e-16
6375.00	1.82826e-16
6376.50	1.54599e-16
6378.00	1.70696e-16
6379.50	1.71481e-16
6381.00	1.71712e-16
6382.50	2.10586e-16
6384.00	1.71541e-16
6385.50	1.67097e-16
6387.00	1.69123e-16
6388.50	2.18728e-16
6390.00	2.12634e-16
6391.50	1.93148e-16
6393.00	1.67946e-16
6394.50	1.6554e-16
6396.00	1.99409e-16
6397.50	1.74924e-16
6399.00	1.31124e-16
6400.50	1.25416e-16
6402.00	1.43547e-16
6403.50	1.53144e-16
6405.00	1.75029e-16
6406.50	1.94511e-16
6408.00	1.80284e-16
6409.50	1.54085e-16
6411.00	1.55711e-16
6412.50	1.64615e-16
6414.00	1.87192e-16
6415.50	2.04766e-16
6417.00	1.71627e-16
6418.50	2.14163e-16
6420.00	2.24172e-16
6421.50	1.52828e-16
6423.00	1.43889e-16
6424.50	1.64531e-16
6426.00	1.61433e-16
6427.50	1.67052e-16
6429.00	1.75578e-16
6430.50	1.73864e-16
6432.00	2.01273e-16
6433.50	2.13522e-16
6435.00	1.91662e-16
6436.50	1.9046e-16
6438.00	2.04571e-16
6439.50	1.9722e-16
6441.00	1.86689e-16
6442.50	1.90542e-16
6444.00	2.10221e-16
6445.50	1.88238e-16
6447.00	1.61983e-16
6448.50	2.05944e-16
6450.00	1.97761e-16
6451.50	1.63594e-16
6453.00	1.67049e-16
6454.50	1.59631e-16
6456.00	1.94468e-16
6457.50	1.93298e-16
6459.00	1.2744e-16
6460.50	1.06217e-16
6462.00	1.92644e-16
6463.50	2.14001e-16
6465.00	1.85406e-16
6466.50	1.68829e-16
6468.00	1.65087e-16
6469.50	1.91931e-16
6471.00	1.67116e-16
6472.50	1.69126e-16
6474.00	1.79029e-16
6475.50	1.91708e-16
6477.00	1.88436e-16
6478.50	1.68779e-16
6480.00	1.69772e-16
6481.50	1.66967e-16
6483.00	1.59488e-16
6484.50	1.9539e-16
6486.00	1.90496e-16
6487.50	1.79715e-16
6489.00	1.95217e-16
6490.50	1.81172e-16
6492.00	1.56592e-16
6493.50	1.13437e-16
6495.00	1.34794e-16
6496.50	1.48695e-16
6498.00	1.38683e-16
6499.50	1.89811e-16
6501.00	1.77758e-16
6502.50	1.51642e-16
6504.00	1.76225e-16
6505.50	2.0689e-16
6507.00	1.98562e-16
6508.50	1.53806e-16
6510.00	1.95411e-16
6511.50	2.19811e-16
6513.00	1.90847e-16
6514.50	1.35585e-16
6516.00	1.91262e-16
6517.50	1.93044e-16
6519.00	1.60906e-16
6520.50	1.54714e-16
6522.00	1.4284e-16
6523.50	1.61757e-16
6525.00	2.02507e-16
6526.50	1.94184e-16
6528.00	1.90162e-16
6529.50	1.84466e-16
6531.00	1.75516e-16
6532.50	1.48183e-16
6534.00	1.59557e-16
6535.50	1.10731e-16
6537.00	1.24285e-16
6538.50	1.33005e-16
6540.00	1.50921e-16
6541.50	1.38448e-16
6543.00	1.62426e-16
6544.50	1.81158e-16
6546.00	1.76146e-16
6547.50	2.15195e-16
6549.00	1.99258e-16
6550.50	1.71708e-16
6552.00	1.25189e-16
6553.50	1.39486e-16
6555.00	1.87793e-16
6556.50	1.40098e-16
6558.00	1.70057e-16
6559.50	2.19059e-16
6561.00	1.81084e-16
6562.50	1.5512e-16
6564.00	1.72628e-16
6565.50	1.59965e-16
6567.00	1.07483e-16
6568.50	1.18422e-16
6570.00	1.46581e-16
6571.50	1.10156e-16
6573.00	1.30925e-16
6574.50	1.53594e-16
6576.00	1.33525e-16
6577.50	1.25737e-16
6579.00	1.44947e-16
6580.50	1.35685e-16
6582.00	1.66862e-16
6583.50	1.54846e-16
6585.00	1.56435e-16
6586.50	1.42211e-16
6588.00	1.27513e-16
6589.50	1.06531e-16
6591.00	1.25824e-16
6592.50	1.58953e-16
6594.00	1.43142e-16
6595.50	1.25765e-16
6597.00	1.00929e-16
6598.50	1.44979e-16
6600.00	1.99273e-16
6601.50	1.91212e-16
6603.00	1.58605e-16
6604.50	1.67527e-16
6606.00	1.77532e-16
6607.50	1.67867e-16
6609.00	1.52297e-16
6610.50	1.19513e-16
6612.00	1.42553e-16
6613.50	1.33987e-16
6615.00	1.48375e-16
6616.50	1.74069e-16
6618.00	1.54046e-16
6619.50	1.23311e-16
6621.00	1.07328e-16
6622.50	1.33631e-16
6624.00	1.65986e-16
6625.50	1.45508e-16
6627.00	1.28811e-16
6628.50	1.35425e-16
6630.00	1.26367e-16
6631.50	1.3192e-16
6633.00	1.45407e-16
6634.50	1.45577e-16
6636.00	1.5868e-16
6637.50	1.74699e-16
6639.00	1.432e-16
6640.50	1.41923e-16
6642.00	1.57743e-16
6643.50	1.31768e-16
6645.00	1.16868e-16
6646.50	1.04056e-16
6648.00	1.36348e-16
6649.50	1.55109e-16
6651.00	1.24252e-16
6652.50	1.42206e-16
6654.00	1.58383e-16
6655.50	1.54744e-16
6657.00	1.35115e-16
6658.50	1.48945e-16
6660.00	1.90561e-16
6661.50	1.50483e-16
6663.00	1.46723e-16
6664.50	1.72616e-16
6666.00	1.49127e-16
6667.50	1.50467e-16
6669.00	1.50299e-16
6670.50	1.60751e-16
6672.00	1.74943e-16
6673.50	1.72227e-16
6675.00	1.80396e-16
6676.50	1.68854e-16
6678.00	1.46905e-16
6679.50	1.65968e-16
6681.00	2.0592e-16
6682.50	1.8022e-16
6684.00	1.89154e-16
6685.50	2.15083e-16
6687.00	1.8469e-16
6688.50	1.79864e-16
6690.00	2.07278e-16
6691.50	2.33871e-16
6693.00	2.4993e-16
6694.50	2.21456e-16
6696.00	2.06401e-16
6697.50	2.11773e-16
6699.00	1.76402e-16
6700.50	2.09097e-16
6702.00	2.40048e-16
6703.50	2.26988e-16
6705.00	2.10257e-16
6706.50	2.52876e-16
6708.00	2.62271e-16
6709.50	2.32316e-16
6711.00	2.51038e-16
6712.50	2.68835e-16
6714.00	2.48991e-16
6715.50	2.6681e-16
6717.00	2.65075e-16
6718.50	2.57817e-16
6720.00	2.26986e-16
6721.50	2.84382e-16
6723.00	2.64639e-16
6724.50	2.8909e-16
6726.00	2.58074e-16
6727.50	2.79127e-16
6729.00	2.54328e-16
6730.50	2.6904e-16
6732.00	2.57198e-16
6733.50	2.42e-16
6735.00	2.28385e-16
6736.50	2.70107e-16
6738.00	3.0336e-16
6739.50	2.71286e-16
6741.00	2.44003e-16
6742.50	3.24727e-16
6744.00	2.60229e-16
6745.50	2.64747e-16
6747.00	2.56514e-16
6748.50	2.75236e-16
6750.00	3.0682e-16
6751.50	3.074e-16
6753.00	3.02708e-16
6754.50	2.89922e-16
6756.00	2.99719e-16
6757.50	3.0141e-16
6759.00	2.84279e-16
6760.50	3.08338e-16
6762.00	3.16905e-16
6763.50	2.70466e-16
6765.00	2.61276e-16
6766.50	3.06196e-16
6768.00	3.2102e-16
6769.50	3.0168e-16
6771.00	3.21794e-16
6772.50	3.17661e-16
6774.00	2.74861e-16
6775.50	2.83061e-16
6777.00	3.06497e-16
6778.50	3.4309e-16
6780.00	4.49228e-16
6781.50	6.80116e-16
6783.00	8.22698e-16
6784.50	8.62703e-16
6786.00	7.46279e-16
6787.50	5.20465e-16
6789.00	3.41632e-16
6790.50	2.75168e-16
6792.00	2.69699e-16
6793.50	2.77159e-16
6795.00	3.11233e-16
6796.50	2.10296e-16
6798.00	2.98264e-16
6799.50	2.88004e-16
6801.00	2.7495e-16
6802.50	3.19856e-16
6804.00	3.16554e-16
6805.50	3.49649e-16
6807.00	2.86209e-16
6808.50	2.93237e-16
6810.00	3.07828e-16
6811.50	2.34811e-16
6813.00	2.51166e-16
6814.50	2.33548e-16
6816.00	1.85748e-16
6817.50	2.51798e-16
6819.00	2.70141e-16
6820.50	2.45043e-16
6822.00	2.48564e-16
6823.50	3.01203e-16
6825.00	3.01018e-16
6826.50	2.76745e-16
6828.00	2.66607e-16
6829.50	2.49934e-16
6831.00	2.58949e-16
6832.50	2.38569e-16
6834.00	2.08077e-16
6835.50	2.05922e-16
6837.00	2.11796e-16
6838.50	2.34746e-16
6840.00	2.50288e-16
6841.50	2.26895e-16
6843.00	2.1477e-16
6844.50	2.39217e-16
6846.00	2.27981e-16
6847.50	2.10753e-16
6849.00	2.23629e-16
6850.50	2.22071e-16
6852.00	2.05347e-16
6853.50	2.11969e-16
6855.00	2.14263e-16
6856.50	2.23816e-16
6858.00	2.18598e-16
6859.50	2.04502e-16
6861.00	2.524e-16
6862.50	2.6655e-16
6864.00	2.15138e-16
6865.50	2.02639e-16
6867.00	2.04919e-16
6868.50	1.98305e-16
6870.00	2.0303e-16
6871.50	1.85984e-16
6873.00	1.7361e-16
6874.50	1.74245e-16
6876.00	1.99723e-16
6877.50	2.1679e-16
6879.00	1.99425e-16
6880.50	1.9728e-16
6882.00	2.34027e-16
6883.50	1.81462e-16
6885.00	1.5851e-16
6886.50	1.94853e-16
6888.00	2.01276e-16
6889.50	1.94567e-16
6891.00	2.08709e-16
6892.50	2.15401e-16
6894.00	1.9473e-16
6895.50	2.16829e-16
6897.00	2.00974e-16
6898.50	2.0061e-16
6900.00	2.20608e-16
6901.50	1.97684e-16
6903.00	1.86613e-16
6904.50	1.72392e-16
6906.00	1.71226e-16
6907.50	1.92888e-16
6909.00	2.17451e-16
6910.50	1.95113e-16
6912.00	1.8343e-16
6913.50	1.9444e-16
6915.00	1.90526e-16
6916.50	1.90608e-16
6918.00	1.80257e-16
6919.50	1.81912e-16
6921.00	1.71334e-16
6922.50	1.39666e-16
6924.00	1.30113e-16
6925.50	2.01456e-16
6927.00	2.1839e-16
6928.50	1.71945e-16
6930.00	1.59155e-16
6931.50	1.7957e-16
6933.00	1.69291e-16
6934.50	1.57098e-16
6936.00	2.12895e-16
6937.50	2.06343e-16
6939.00	2.24906e-16
6940.50	2.86664e-16
6942.00	2.26675e-16
6943.50	2.99811e-16
6945.00	2.61035e-16
6946.50	2.00576e-16
6948.00	1.7245e-16
6949.50	1.76527e-16
6951.00	1.91476e-16
6952.50	1.85639e-16
6954.00	1.9968e-16
6955.50	2.64569e-16
6957.00	2.49541e-16
6958.50	2.11404e-16
6960.00	2.28294e-16
6961.50	2.07674e-16
6963.00	1.80848e-16
6964.50	1.61937e-16
6966.00	1.69733e-16
6967.50	1.40185e-16
6969.00	1.558e-16
6970.50	1.56085e-16
6972.00	1.42205e-16
6973.50	1.64305e-16
6975.00	1.37263e-16
6976.50	1.32059e-16
6978.00	1.7064e-16
6979.50	1.85052e-16
6981.00	1.84617e-16
6982.50	1.64276e-16
6984.00	1.5264e-16
6985.50	1.82782e-16
6987.00	1.7628e-16
6988.50	1.74192e-16
6990.00	1.77568e-16
6991.50	1.59942e-16
6993.00	1.36816e-16
6994.50	1.50111e-16
6996.00	1.73969e-16
6997.50	1.74459e-16
6999.00	1.86745e-16
7000.50	1.48958e-16
7002.00	1.46398e-16
7003.50	1.67989e-16
7005.00	1.57547e-16
7006.50	1.49661e-16
7008.00	1.5345e-16
7009.50	2.0549e-16
7011.00	2.06275e-16
7012.50	1.93591e-16
7014.00	1.8665e-16
7015.50	1.90506e-16
7017.00	1.68942e-16
7018.50	1.26673e-16
7020.00	1.07719e-16
7021.50	1.56676e-16
7023.00	2.17249e-16
7024.50	1.71881e-16
7026.00	1.54466e-16
7027.50	1.35268e-16
7029.00	1.36493e-16
7030.50	1.70238e-16
7032.00	1.79965e-16
7033.50	1.59661e-16
7035.00	1.40847e-16
7036.50	1.78936e-16
7038.00	1.66622e-16
7039.50	1.55119e-16
7041.00	1.67676e-16
7042.50	1.72831e-16
7044.00	1.55532e-16
7045.50	1.32386e-16
7047.00	1.31854e-16
7048.50	1.43011e-16
7050.00	1.59791e-16
7051.50	1.54977e-16
7053.00	1.55658e-16
7054.50	1.61868e-16
7056.00	1.5694e-16
7057.50	1.50256e-16
7059.00	1.77737e-16
7060.50	1.93103e-16
7062.00	1.71253e-16
7063.50	1.61915e-16
7065.00	1.65312e-16
7066.50	1.69533e-16
7068.00	1.55656e-16
7069.50	1.54096e-16
7071.00	1.51381e-16
7072.50	1.91953e-16
7074.00	1.54963e-16
7075.50	1.06492e-16
7077.00	1.3578e-16
7078.50	1.39665e-16
7080.00	1.41539e-16
7081.50	1.42317e-16
7083.00	1.53753e-16
7084.50	1.63908e-16
7086.00	1.43673e-16
7087.50	1.55195e-16
7089.00	1.53324e-16
7090.50	1.51452e-16
7093.50	1.44147e-16
7095.00	1.70778e-16
7096.50	1.57171e-16
7098.00	1.69338e-16
7099.50	1.73517e-16
7101.00	1.70293e-16
7102.50	1.51969e-16
7104.00	1.66705e-16
7105.50	1.35598e-16
7107.00	1.34042e-16
7108.50	1.19925e-16
7110.00	1.33535e-16
7111.50	1.5035e-16
7113.00	1.40496e-16
7114.50	1.6738e-16
7116.00	1.56677e-16
7117.50	1.26453e-16
7119.00	1.5961e-16
7120.50	1.7011e-16
7122.00	1.65139e-16
7123.50	1.38538e-16
7125.00	1.42128e-16
7126.50	1.44623e-16
7128.00	1.16602e-16
7129.50	1.61046e-16
7131.00	1.73991e-16
7132.50	1.49032e-16
7134.00	1.39803e-16
7135.50	1.29475e-16
7137.00	1.09931e-16
7138.50	1.16652e-16
7140.00	1.33246e-16
7141.50	1.50618e-16
7143.00	1.46932e-16
7144.50	1.89941e-16
7146.00	1.71679e-16
7147.50	1.12937e-16
7149.00	1.40778e-16
7150.50	1.76987e-16
7152.00	1.49975e-16
7153.50	1.65931e-16
7155.00	1.6955e-16
7156.50	1.6298e-16
7158.00	1.58085e-16
7159.50	1.56751e-16
7161.00	1.99329e-16
7162.50	1.77867e-16
7164.00	1.48116e-16
7165.50	1.53696e-16
7167.00	1.26926e-16
7168.50	1.61842e-16
7170.00	1.60583e-16
7171.50	1.39554e-16
7173.00	1.02913e-16
7174.50	9.78318e-17
7176.00	1.44669e-16
7177.50	1.47553e-16
7179.00	1.45028e-16
7180.50	1.33543e-16
7182.00	1.43008e-16
7183.50	1.45373e-16
7185.00	1.01796e-16
7186.50	9.36343e-17
7188.00	1.21903e-16
7189.50	1.62091e-16
7191.00	1.76154e-16
7192.50	1.13461e-16
7194.00	9.32662e-17
7195.50	1.46053e-16
7197.00	1.449e-16
7198.50	1.16709e-16
7200.00	1.15828e-16
7201.50	1.34361e-16
7203.00	1.50714e-16
7204.50	1.62391e-16
7206.00	1.62178e-16
7207.50	1.23321e-16
7209.00	1.3212e-16
7210.50	1.71668e-16
7212.00	1.84536e-16
7213.50	1.91684e-16
7215.00	1.7222e-16
7216.50	1.50893e-16
7218.00	1.23511e-16
7219.50	1.60425e-16
7221.00	1.97339e-16
7224.00	1.79945e-16
7225.50	2.20141e-16
7227.00	1.84458e-16
7228.50	1.77595e-16
7230.00	1.51484e-16
7231.50	1.34043e-16
7233.00	1.45974e-16
7234.50	1.42452e-16
7236.00	1.61743e-16
7237.50	2.0997e-16
7239.00	1.84511e-16
7240.50	1.14307e-16
7242.00	7.15879e-17
7243.50	9.90918e-17
7245.00	1.26089e-16
7246.50	1.22479e-16
7248.00	9.60426e-17
7249.50	1.02782e-16
7251.00	1.47403e-16
7252.50	1.96242e-16
7254.00	1.57491e-16
7255.50	1.6545e-16
7257.00	1.73172e-16
7258.50	1.66031e-16
7260.00	1.93277e-16
7261.50	1.61419e-16
7263.00	1.26708e-16
7264.50	1.28853e-16
7266.00	1.42593e-16
7267.50	1.2828e-16
7269.00	1.22446e-16
7270.50	1.45061e-16
7272.00	1.51265e-16
7273.50	1.40881e-16
7275.00	1.42213e-16
7276.50	1.70237e-16
7278.00	1.70357e-16
7279.50	1.70126e-16
7281.00	1.6393e-16
7282.50	1.85532e-16
7284.00	1.6757e-16
7285.50	1.62601e-16
7287.00	2.16425e-16
7288.50	1.79344e-16
7290.00	9.20081e-17
7291.50	1.32152e-16
7293.00	1.40271e-16
7294.50	1.65043e-16
7296.00	1.20322e-16
7297.50	9.57669e-17
7299.00	1.33031e-16
7300.50	1.95477e-16
7302.00	2.01605e-16
7303.50	1.72189e-16
7305.00	1.64818e-16
7306.50	1.24846e-16
7308.00	1.02808e-16
7309.50	1.13229e-16
7311.00	1.85202e-16
7312.50	1.6796e-16
7314.00	1.21772e-16
7315.50	1.10375e-16
7317.00	1.19846e-16
7318.50	1.07118e-16
7320.00	7.39446e-17
7321.50	9.7682e-17
7323.00	1.36782e-16
7324.50	1.62164e-16
7326.00	1.42992e-16
7327.50	1.23813e-16
7329.00	1.30759e-16
7330.50	1.14454e-16
7332.00	1.42068e-16
7333.50	1.37607e-16
7335.00	1.34375e-16
7336.50	1.34924e-16
7338.00	1.36748e-16
7339.50	9.25147e-17
7341.00	1.15799e-16
7342.50	1.47346e-16
7344.00	1.19048e-16
7345.50	1.18715e-16
7347.00	1.25319e-16
7348.50	1.4482e-16
7350.00	2.06873e-16
7351.50	2.13271e-16
7353.00	1.56946e-16
7354.50	1.28205e-16
7356.00	1.54764e-16
7357.50	1.48382e-16
7359.00	1.52783e-16
7360.50	1.31929e-16
7362.00	7.24239e-17
7363.50	9.6803e-17
7365.00	1.02668e-16
7366.50	1.49456e-16
7368.00	1.38163e-16
7369.50	1.13132e-16
7371.00	1.05654e-16
7372.50	6.40438e-17
7374.00	1.05539e-16
7375.50	1.28022e-16
7377.00	1.30162e-16
7378.50	1.26712e-16
7380.00	1.58019e-16
7381.50	1.64477e-16
7383.00	1.25315e-16
7384.50	1.3734e-16
7386.00	1.61221e-16
7387.50	1.85198e-16
7389.00	1.63599e-16
7390.50	1.16024e-16
7392.00	1.40402e-16
7393.50	9.54335e-17
7395.00	1.20352e-16
7396.50	1.39356e-16
7398.00	1.20391e-16
7399.50	1.70466e-16
7401.00	1.41243e-16
7402.50	1.13176e-16
7404.00	1.17366e-16
7405.50	1.05704e-16
7407.00	1.17521e-16
7408.50	1.21251e-16
7410.00	1.19109e-16
7411.50	1.29226e-16
7413.00	1.53016e-16
7414.50	1.29066e-16
7416.00	1.25489e-16
7417.50	1.52161e-16
7419.00	1.52044e-16
7420.50	1.38998e-16
7422.00	9.42987e-17
7423.50	1.93398e-16
7425.00	1.88105e-16
7426.50	1.44439e-16
7428.00	1.45288e-16
7429.50	1.15944e-16
7431.00	1.29919e-16
7432.50	1.06861e-16
7434.00	1.40745e-16
7435.50	1.6067e-16
7437.00	1.55693e-16
7438.50	1.35274e-16
7440.00	1.16819e-16
7441.50	1.17516e-16
7443.00	1.54219e-16
7444.50	1.78935e-16
7446.00	1.58044e-16
7447.50	1.25867e-16
7449.00	1.28589e-16
7450.50	1.29671e-16
7452.00	1.83798e-16
7453.50	1.77593e-16
7455.00	1.53005e-16
7456.50	1.7346e-16
7458.00	1.98344e-16
7459.50	1.54312e-16
7461.00	1.54189e-16
