3353.9995873      -6.68139e-17    
3358.08746392     1.84302e-16     
3362.17534053     -1.37012e-16    
3366.26321715     2.7926e-16      
3370.35109377     4.14946e-16     
3374.43897038     -2.49124e-16    
3378.526847       -1.95347e-16    
3382.61472362     -3.19062e-16    
3386.70260023     -1.06684e-16    
3390.79047685     3.14145e-16     
3394.87835347     4.23454e-16     
3398.96623009     6.51745e-16     
3403.0541067      -1.54253e-16    
3407.14198332     -8.02865e-17    
3411.22985994     6.23717e-17     
3415.31773655     -2.31463e-16    
3419.40561317     -1.80964e-17    
3423.49348979     6.49879e-17     
3427.5813664      -7.08953e-17    
3431.66924302     -2.82586e-17    
3435.75711964     2.17542e-16     
3439.84499625     3.39695e-16     
3443.93287287     1.94566e-16     
3448.02074949     -1.38446e-16    
3452.1086261      4.35678e-16     
3456.19650272     1.18994e-16     
3460.28437934     4.62483e-16     
3464.37225595     2.96427e-16     
3468.46013257     6.25005e-17     
3472.54800919     2.75041e-16     
3476.63588581     1.07441e-16     
3480.72376242     2.21381e-16     
3484.81163904     3.10133e-16     
3488.89951566     3.16446e-16     
3492.98739227     4.20619e-17     
3497.07526889     2.93664e-16     
3501.16314551     3.78693e-16     
3505.25102212     2.53175e-16     
3509.33889874     1.20254e-16     
3513.42677536     6.89718e-17     
3517.51465197     9.55712e-17     
3521.60252859     1.76055e-16     
3525.69040521     1.35698e-16     
3529.77828182     2.50084e-16     
3533.86615844     2.4546e-17      
3537.95403506     2.09014e-17     
3542.04191167     7.11319e-17     
3546.12978829     3.98861e-16     
3550.21766491     2.15033e-16     
3554.30554153     2.24707e-16     
3558.39341814     6.75004e-17     
3562.48129476     3.15636e-16     
3566.56917138     3.24582e-16     
3570.65704799     7.14686e-17     
3574.74492461     2.36703e-16     
3578.83280123     1.59819e-16     
3582.92067784     2.07237e-17     
3587.00855446     2.0059e-16      
3591.09643108     4.04538e-16     
3595.18430769     1.28289e-16     
3599.27218431     3.10301e-16     
3603.36006093     1.01963e-16     
3607.44793754     2.70023e-16     
3611.53581416     2.78934e-16     
3615.62369078     2.28107e-16     
3619.71156739     2.3514e-16      
3623.79944401     1.53273e-16     
3627.88732063     3.22101e-16     
3631.97519725     1.91304e-16     
3636.06307386     4.08785e-16     
3640.15095048     3.13836e-16     
3644.2388271      2.79705e-16     
3648.32670371     1.67683e-16     
3652.41458033     2.58384e-16     
3656.50245695     1.70344e-16     
3660.59033356     2.49469e-16     
3664.67821018     1.81773e-16     
3668.7660868      1.7017e-16      
3672.85396341     9.38733e-17     
3676.94184003     2.63176e-16     
3681.02971665     1.40635e-16     
3685.11759326     3.12187e-16     
3689.20546988     2.2757e-16      
3693.2933465      3.40089e-16     
3697.38122311     2.43916e-16     
3701.46909973     2.77386e-16     
3705.55697635     4.50872e-16     
3709.64485297     3.39084e-16     
3713.73272958     3.83444e-16     
3717.8206062      3.73837e-16     
3721.90848282     3.455e-16       
3725.99635943     3.55426e-16     
3730.08423605     3.67226e-16     
3734.17211267     4.09717e-16     
3738.25998928     5.04007e-16     
3742.3478659      3.68593e-16     
3746.43574252     3.51348e-16     
3750.52361913     3.69425e-16     
3754.61149575     3.95e-16        
3758.69937237     3.08803e-16     
3762.78724898     4.12418e-16     
3766.8751256      3.05521e-16     
3770.96300222     2.66385e-16     
3775.05087883     4.15568e-16     
3779.13875545     3.27459e-16     
3783.22663207     3.23698e-16     
3787.31450869     3.419e-16       
3791.4023853      2.84048e-16     
3795.49026192     2.28263e-16     
3799.57813854     2.6855e-16      
3803.66601515     3.38274e-16     
3807.75389177     3.07404e-16     
3811.84176839     2.79842e-16     
3815.929645       1.92978e-16     
3820.01752162     2.28907e-16     
3824.10539824     3.1128e-16      
3828.19327485     2.16918e-16     
3832.28115147     2.41227e-16     
3836.36902809     2.11593e-16     
3840.4569047      2.11405e-16     
3844.54478132     1.92702e-16     
3848.63265794     2.4936e-16      
3852.72053455     2.33631e-16     
3856.80841117     2.91116e-16     
3860.89628779     2.81285e-16     
3864.98416441     2.70743e-16     
3869.07204102     1.90706e-16     
3873.15991764     2.71926e-16     
3877.24779426     2.89047e-16     
3881.33567087     2.62266e-16     
3885.42354749     2.88909e-16     
3889.51142411     3.47565e-16     
3893.59930072     3.56607e-16     
3897.68717734     4.26975e-16     
3901.77505396     4.44119e-16     
3905.86293057     4.65467e-16     
3909.95080719     4.83148e-16     
3914.03868381     4.04827e-16     
3918.12656042     4.74164e-16     
3922.21443704     5.72198e-16     
3926.30231366     5.53299e-16     
3930.39019027     6.48602e-16     
3934.47806689     6.90491e-16     
3938.56594351     6.68573e-16     
3942.65382013     8.02401e-16     
3946.74169674     8.81039e-16     
3950.82957336     9.71323e-16     
3954.91744998     1.01632e-15     
3959.00532659     1.00657e-15     
3963.09320321     1.12369e-15     
3967.18107983     1.06118e-15     
3971.26895644     1.12479e-15     
3975.35683306     1.13188e-15     
3979.44470968     1.15779e-15     
3983.53258629     1.06929e-15     
3987.62046291     1.06554e-15     
3991.70833953     1.12257e-15     
3995.79621614     1.17432e-15     
3999.88409276     1.10555e-15     
4003.97196938     1.12617e-15     
4008.05984599     1.15558e-15     
4012.14772261     1.13388e-15     
4016.23559923     1.11109e-15     
4020.32347585     1.17396e-15     
4024.41135246     1.04583e-15     
4028.49922908     9.68257e-16     
4032.5871057      9.29595e-16     
4036.67498231     8.1133e-16      
4040.76285893     7.87646e-16     
4044.85073555     7.53488e-16     
4048.93861216     7.53396e-16     
4053.02648878     6.78098e-16     
4057.1143654      7.12377e-16     
4061.20224201     8.10956e-16     
4065.29011863     9.22873e-16     
4069.37799525     1.24811e-15     
4073.46587186     1.46184e-15     
4077.55374848     1.5691e-15      
4081.6416251      1.71255e-15     
4085.72950171     1.7484e-15      
4089.81737833     1.73448e-15     
4093.90525495     1.66504e-15     
4097.99313157     1.64248e-15     
4102.08100818     1.58685e-15     
4106.1688848      1.53779e-15     
4110.25676142     1.51997e-15     
4114.34463803     1.54011e-15     
4118.43251465     1.45523e-15     
4122.52039127     1.48659e-15     
4126.60826788     1.5478e-15      
4130.6961445      1.48797e-15     
4134.78402112     1.38797e-15     
4138.87189773     1.4215e-15      
4142.95977435     1.30793e-15     
4147.04765097     1.30473e-15     
4151.13552758     1.27167e-15     
4155.2234042      1.16423e-15     
4159.31128082     1.19213e-15     
4163.39915743     1.17306e-15     
4167.48703405     1.04697e-15     
4171.57491067     9.76925e-16     
4175.66278729     8.86631e-16     
4179.7506639      7.41835e-16     
4183.83854052     7.85643e-16     
4187.92641714     6.94989e-16     
4192.01429375     7.07156e-16     
4196.10217037     6.92079e-16     
4200.19004699     7.01653e-16     
4204.2779236      7.59513e-16     
4208.36580022     7.36937e-16     
4212.45367684     7.56279e-16     
4216.54155345     7.99498e-16     
4220.62943007     8.26598e-16     
4224.71730669     8.48906e-16     
4228.8051833      8.97502e-16     
4232.89305992     8.73611e-16     
4236.98093654     8.70298e-16     
4241.06881315     8.7994e-16      
4245.15668977     7.93661e-16     
4249.24456639     7.48191e-16     
4253.33244301     7.49293e-16     
4257.42031962     7.26212e-16     
4261.50819624     6.77585e-16     
4265.59607286     6.49935e-16     
4269.68394947     6.42091e-16     
4273.77182609     6.8748e-16      
4277.85970271     6.78008e-16     
4281.94757932     6.44954e-16     
4286.03545594     6.70602e-16     
4290.12333256     6.27136e-16     
4294.21120917     6.19266e-16     
4298.29908579     7.01877e-16     
4302.38696241     7.30628e-16     
4306.47483902     8.52783e-16     
4310.56271564     9.02464e-16     
4314.65059226     9.64986e-16     
4318.73846887     1.03862e-15     
4322.82634549     1.18874e-15     
4326.91422211     1.14267e-15     
4331.00209873     1.09743e-15     
4335.08997534     1.10849e-15     
4339.17785196     1.05349e-15     
4343.26572858     1.03247e-15     
4347.35360519     9.91918e-16     
4351.44148181     9.78468e-16     
4355.52935843     9.79877e-16     
4359.61723504     1.01578e-15     
4363.70511166     1.04791e-15     
4367.79298828     1.00468e-15     
4371.88086489     1.08831e-15     
4375.96874151     1.12238e-15     
4380.05661813     1.14549e-15     
4384.14449474     1.23472e-15     
4388.23237136     1.24632e-15     
4392.32024798     1.21305e-15     
4396.40812459     1.22333e-15     
4400.49600121     1.3262e-15      
4404.58387783     1.32351e-15     
4408.67175445     1.27214e-15     
4412.75963106     1.24092e-15     
4416.84750768     1.16318e-15     
4420.9353843      1.19719e-15     
4425.02326091     1.24132e-15     
4429.11113753     1.26353e-15     
4433.19901415     1.20748e-15     
4437.28689076     1.23983e-15     
4441.37476738     1.26694e-15     
4445.462644       1.33484e-15     
4449.55052061     1.30484e-15     
4453.63839723     1.29402e-15     
4457.72627385     1.34002e-15     
4461.81415046     1.33105e-15     
4465.90202708     1.35179e-15     
4469.9899037      1.33093e-15     
4474.07778031     1.29428e-15     
4478.16565693     1.27468e-15     
4482.25353355     1.2685e-15      
4486.34141017     1.25912e-15     
4490.42928678     1.27368e-15     
4494.5171634      1.24639e-15     
4498.60504002     1.22149e-15     
4502.69291663     1.3237e-15      
4506.78079325     1.33141e-15     
4510.86866987     1.32194e-15     
4514.95654648     1.38244e-15     
4519.0444231      1.45591e-15     
4523.13229972     1.54596e-15     
4527.22017633     1.61331e-15     
4531.30805295     1.71102e-15     
4535.39592957     1.82571e-15     
4539.48380618     2.01324e-15     
4543.5716828      2.14652e-15     
4547.65955942     2.27198e-15     
4551.74743603     2.43765e-15     
4555.83531265     2.55179e-15     
4559.92318927     2.67329e-15     
4564.01106589     2.92241e-15     
4568.0989425      3.14665e-15     
4572.18681912     3.28294e-15     
4576.27469574     3.62255e-15     
4580.36257235     3.9209e-15      
4584.45044897     4.21588e-15     
4588.53832559     4.40375e-15     
4592.6262022      4.3988e-15      
4596.71407882     4.28296e-15     
4600.80195544     4.11812e-15     
4604.88983205     3.94769e-15     
4608.97770867     3.8535e-15      
4613.06558529     3.86625e-15     
4617.1534619      4.0548e-15      
4621.24133852     4.17892e-15     
4625.32921514     4.39094e-15     
4629.41709175     4.44432e-15     
4633.50496837     4.52889e-15     
4637.59284499     4.43856e-15     
4641.68072161     4.3786e-15      
4645.76859822     4.31683e-15     
4649.85647484     4.40392e-15     
4653.94435146     4.43601e-15     
4658.03222807     4.52517e-15     
4662.12010469     4.6805e-15      
4666.20798131     4.91245e-15     
4670.29585792     4.97947e-15     
4674.38373454     4.96635e-15     
4678.47161116     4.99428e-15     
4682.55948777     4.71537e-15     
4686.64736439     4.63148e-15     
4690.73524101     4.50239e-15     
4694.82311762     4.31101e-15     
4698.91099424     4.2896e-15      
4702.99887086     4.13953e-15     
4707.08674747     4.05044e-15     
4711.17462409     3.89244e-15     
4715.26250071     3.73389e-15     
4719.35037733     3.67197e-15     
4723.43825394     3.57944e-15     
4727.52613056     3.50857e-15     
4731.61400718     3.32954e-15     
4735.70188379     3.28572e-15     
4739.78976041     3.02714e-15     
4743.87763703     2.72274e-15     
4747.96551364     2.53994e-15     
4752.05339026     2.28367e-15     
4756.14126688     2.0203e-15      
4760.22914349     1.8326e-15      
4764.31702011     1.72834e-15     
4768.40489673     1.58397e-15     
4772.49277334     1.41417e-15     
4776.58064996     1.29234e-15     
4780.66852658     1.1892e-15      
4784.75640319     1.1058e-15      
4788.84427981     1.09136e-15     
4792.93215643     1.07282e-15     
4797.02003305     1.15718e-15     
4801.10790966     1.18491e-15     
4805.19578628     1.30856e-15     
4809.2836629      1.47451e-15     
4813.37153951     1.6262e-15      
4817.45941613     1.82099e-15     
4821.54729275     2.06837e-15     
4825.63516936     2.30642e-15     
4829.72304598     2.51827e-15     
4833.8109226      2.71751e-15     
4837.89879921     2.85171e-15     
4841.98667583     3.03717e-15     
4846.07455245     3.21297e-15     
4850.16242906     3.42397e-15     
4854.25030568     3.53312e-15     
4858.3381823      3.57887e-15     
4862.42605891     3.68546e-15     
4866.51393553     3.69335e-15     
4870.60181215     3.82787e-15     
4874.68968877     3.86566e-15     
4878.77756538     3.87725e-15     
4882.865442       3.72258e-15     
4886.95331862     3.71552e-15     
4891.04119523     3.69716e-15     
4895.12907185     3.68487e-15     
4899.21694847     3.66856e-15     
4903.30482508     3.70436e-15     
4907.3927017      3.83595e-15     
4911.48057832     4.01439e-15     
4915.56845493     4.26619e-15     
4919.65633155     4.55494e-15     
4923.74420817     4.83477e-15     
4927.83208478     5.08372e-15     
4931.9199614      5.20539e-15     
4936.00783802     5.186e-15       
4940.09571463     5.19319e-15     
4944.18359125     4.94478e-15     
4948.27146787     4.81305e-15     
4952.35934449     4.65942e-15     
4956.4472211      4.51451e-15     
4960.53509772     4.24016e-15     
4964.62297434     3.97297e-15     
4968.71085095     3.79918e-15     
4972.79872757     3.71489e-15     
4976.88660419     3.58599e-15     
4980.9744808      3.5483e-15      
4985.06235742     3.55463e-15     
4989.15023404     3.65904e-15     
4993.23811065     3.79695e-15     
4997.32598727     4.19235e-15     
5001.41386389     4.52925e-15     
5005.5017405      4.74833e-15     
5009.58961712     5.20296e-15     
5013.67749374     5.55802e-15     
5017.76537035     5.83774e-15     
5021.85324697     6.25067e-15     
5025.94112359     6.46267e-15     
5030.02900021     6.41351e-15     
5034.11687682     6.44558e-15     
5038.20475344     6.22392e-15     
5042.29263006     5.88762e-15     
5046.38050667     5.65427e-15     
5050.46838329     5.19339e-15     
5054.55625991     4.79431e-15     
5058.64413652     4.54149e-15     
5062.73201314     4.1502e-15      
5066.81988976     3.91497e-15     
5070.90776637     3.68993e-15     
5074.99564299     3.51355e-15     
5079.08351961     3.36701e-15     
5083.17139622     3.19838e-15     
5087.25927284     3.0512e-15      
5091.34714946     2.81357e-15     
5095.43502607     2.5802e-15      
5099.52290269     2.40628e-15     
5103.61077931     2.23741e-15     
5107.69865593     2.05859e-15     
5111.78653254     1.94938e-15     
5115.87440916     1.89388e-15     
5119.96228578     1.84508e-15     
5124.05016239     1.86002e-15     
5128.13803901     1.95905e-15     
5132.22591563     1.97847e-15     
5136.31379224     2.03066e-15     
5140.40166886     2.17002e-15     
5144.48954548     2.20276e-15     
5148.57742209     2.42504e-15     
5152.66529871     2.56091e-15     
5156.75317533     2.71104e-15     
5160.84105194     2.84035e-15     
5164.92892856     3.03429e-15     
5169.01680518     3.20538e-15     
5173.10468179     3.43834e-15     
5177.19255841     3.59004e-15     
5181.28043503     3.76345e-15     
5185.36831165     3.82144e-15     
5189.45618826     3.9186e-15      
5193.54406488     3.94065e-15     
5197.6319415      3.93925e-15     
5201.71981811     3.89423e-15     
5205.80769473     3.85467e-15     
5209.89557135     3.89789e-15     
5213.98344796     3.83066e-15     
5218.07132458     3.78633e-15     
5222.1592012      3.75136e-15     
5226.24707781     3.72737e-15     
5230.33495443     3.7652e-15      
5234.42283105     3.75481e-15     
5238.51070766     3.70053e-15     
5242.59858428     3.70812e-15     
5246.6864609      3.69581e-15     
5250.77433751     3.72124e-15     
5254.86221413     3.77788e-15     
5258.95009075     3.88906e-15     
5263.03796737     4.02047e-15     
5267.12584398     4.06464e-15     
5271.2137206      4.03229e-15     
5275.30159722     3.9569e-15      
5279.38947383     3.86052e-15     
5283.47735045     3.7346e-15      
5287.56522707     3.65585e-15     
5291.65310368     3.67438e-15     
5295.7409803      3.71611e-15     
5299.82885692     3.8277e-15      
5303.91673353     4.0344e-15      
5308.00461015     4.18609e-15     
5312.09248677     4.26654e-15     
5316.18036338     4.43386e-15     
5320.26824        4.50898e-15     
5324.35611662     4.52082e-15     
5328.44399323     4.66033e-15     
5332.53186985     4.76882e-15     
5336.61974647     4.71698e-15     
5340.70762309     4.69221e-15     
5344.7954997      4.67883e-15     
5348.88337632     4.69118e-15     
5352.97125294     4.77453e-15     
5357.05912955     4.81944e-15     
5361.14700617     4.89086e-15     
5365.23488279     5.02135e-15     
5369.3227594      5.19101e-15     
5373.41063602     5.24876e-15     
5377.49851264     5.17889e-15     
5381.58638925     5.14088e-15     
5385.67426587     5.03766e-15     
5389.76214249     5.01041e-15     
5393.8500191      5.05099e-15     
5397.93789572     4.97602e-15     
5402.02577234     5.0521e-15      
5406.11364895     5.22402e-15     
5410.20152557     5.40713e-15     
5414.28940219     5.62627e-15     
5418.3772788      5.86405e-15     
5422.46515542     6.14601e-15     
5426.55303204     6.22667e-15     
5430.64090866     6.30528e-15     
5434.72878527     6.38328e-15     
5438.81666189     6.35984e-15     
5442.90453851     6.35142e-15     
5446.99241512     6.18404e-15     
5451.08029174     6.0555e-15      
5455.16816836     5.95577e-15     
5459.25604497     5.82161e-15     
5463.34392159     5.7782e-15      
5467.43179821     5.72025e-15     
5471.51967482     5.63876e-15     
5475.60755144     5.66346e-15     
5479.69542806     5.57491e-15     
5483.78330467     5.46885e-15     
5487.87118129     5.47295e-15     
5491.95905791     5.4042e-15      
5496.04693452     5.28798e-15     
5500.13481114     5.29349e-15     
5504.22268776     5.35975e-15     
5508.31056438     5.51286e-15     
5512.39844099     5.63778e-15     
5516.48631761     5.90019e-15     
5520.57419423     6.25956e-15     
5524.66207084     6.5536e-15      
5528.74994746     6.8943e-15      
5532.83782408     7.0811e-15      
5536.92570069     7.01909e-15     
5541.01357731     7.08574e-15     
5545.10145393     6.99056e-15     
5549.18933054     6.92118e-15     
5553.27720716     6.76809e-15     
5557.36508378     6.56679e-15     
5561.45296039     6.34071e-15     
5565.54083701     6.12438e-15     
5569.62871363     5.92305e-15     
5573.71659024     5.7625e-15      
5577.80446686     5.64373e-15     
5581.89234348     5.54777e-15     
5585.9802201      5.46011e-15     
5590.06809671     5.30368e-15     
5594.15597333     5.2286e-15      
5598.24384995     5.07965e-15     
5602.33172656     4.92818e-15     
5606.41960318     4.71178e-15     
5610.5074798      4.54482e-15     
5614.59535641     4.38814e-15     
5618.68323303     4.21407e-15     
5622.77110965     4.10999e-15     
5626.85898626     3.98636e-15     
5630.94686288     4.03574e-15     
5635.0347395      4.02237e-15     
5639.12261611     4.16812e-15     
5643.21049273     4.32777e-15     
5647.29836935     4.59952e-15     
5651.38624596     4.85315e-15     
5655.47412258     5.07652e-15     
5659.5619992      5.33371e-15     
5663.64987582     5.61713e-15     
5667.73775243     5.79185e-15     
5671.82562905     5.80929e-15     
5675.91350567     6.03776e-15     
5680.00138228     6.20039e-15     
5684.0892589      6.20702e-15     
5688.17713552     6.0382e-15      
5692.26501213     6.02583e-15     
5696.35288875     5.86593e-15     
5700.44076537     5.60797e-15     
5704.52864198     5.40958e-15     
5708.6165186      5.16126e-15     
5712.70439522     4.93022e-15     
5716.79227183     4.73792e-15     
5720.88014845     4.56983e-15     
5724.96802507     4.48365e-15     
5729.05590168     4.36213e-15     
5733.1437783      4.12795e-15     
5737.23165492     3.96033e-15     
5741.31953154     3.74285e-15     
5745.40740815     3.4923e-15      
5749.49528477     3.34435e-15     
5753.58316139     3.08567e-15     
5757.671038       2.84233e-15     
5761.75891462     2.59834e-15     
5765.84679124     2.38022e-15     
5769.93466785     2.22236e-15     
5774.02254447     2.0314e-15      
5778.11042109     1.89523e-15     
5782.1982977      1.7952e-15      
5786.28617432     1.65665e-15     
5790.37405094     1.59739e-15     
5794.46192755     1.53954e-15     
5798.54980417     1.50267e-15     
5802.63768079     1.52993e-15     
5806.7255574      1.63006e-15     
5810.81343402     1.68861e-15     
5814.90131064     1.7868e-15      
5818.98918726     1.91782e-15     
5823.07706387     2.01384e-15     
5827.16494049     2.23244e-15     
5831.25281711     2.45519e-15     
5835.34069372     2.58843e-15     
5839.42857034     2.83787e-15     
5843.51644696     3.11425e-15     
5847.60432357     3.38988e-15     
5851.69220019     3.55997e-15     
5855.78007681     3.83633e-15     
5859.86795342     4.17045e-15     
5863.95583004     4.45378e-15     
5868.04370666     4.84701e-15     
5872.13158327     5.30462e-15     
5876.21945989     5.74957e-15     
5880.30733651     6.26882e-15     
5884.39521312     6.80039e-15     
5888.48308974     7.26189e-15     
5892.57096636     7.72147e-15     
5896.65884298     8.05051e-15     
5900.74671959     8.34396e-15     
5904.83459621     8.55592e-15     
5908.92247283     8.77125e-15     
5913.01034944     8.7519e-15      
5917.09822606     8.74014e-15     
5921.18610268     8.69701e-15     
5925.27397929     8.5241e-15      
5929.36185591     8.47872e-15     
5933.44973253     8.3749e-15      
5937.53760914     8.20762e-15     
5941.62548576     7.95176e-15     
5945.71336238     7.8423e-15      
5949.80123899     7.74958e-15     
5953.88911561     7.43087e-15     
5957.97699223     7.26889e-15     
5962.06486884     7.09536e-15     
5966.15274546     6.84788e-15     
5970.24062208     6.82624e-15     
5974.3284987      6.73002e-15     
5978.41637531     6.74129e-15     
5982.50425193     6.73445e-15     
5986.59212855     6.53656e-15     
5990.68000516     6.51308e-15     
5994.76788178     6.42996e-15     
5998.8557584      6.30004e-15     
6002.94363501     6.14758e-15     
6007.03151163     6.09535e-15     
6011.11938825     5.99807e-15     
6015.20726486     5.85043e-15     
6019.29514148     5.8037e-15      
6023.3830181      5.69005e-15     
6027.47089471     5.60368e-15     
6031.55877133     5.59299e-15     
6035.64664795     5.40974e-15     
6039.73452456     5.38905e-15     
6043.82240118     5.28026e-15     
6047.9102778      5.21639e-15     
6051.99815442     5.19249e-15     
6056.08603103     5.11224e-15     
6060.17390765     5.00146e-15     
6064.26178427     4.97173e-15     
6068.34966088     4.87982e-15     
6072.4375375      4.93161e-15     
6076.52541412     4.98711e-15     
6080.61329073     4.85429e-15     
6084.70116735     4.72747e-15     
6088.78904397     4.60559e-15     
6092.87692058     4.44609e-15     
6096.9647972      4.29059e-15     
6101.05267382     4.16294e-15     
6105.14055043     4.06518e-15     
6109.22842705     4.00572e-15     
6113.31630367     3.99749e-15     
6117.40418028     4.08708e-15     
6121.4920569      4.20048e-15     
6125.57993352     4.34432e-15     
6129.66781014     4.44834e-15     
6133.75568675     4.74504e-15     
6137.84356337     5.10897e-15     
6141.93143999     5.30147e-15     
6146.0193166      5.48072e-15     
6150.10719322     5.68127e-15     
6154.19506984     5.74541e-15     
6158.28294645     5.79062e-15     
6162.37082307     5.74667e-15     
6166.45869969     5.68039e-15     
6170.5465763      5.6749e-15      
6174.63445292     5.63728e-15     
6178.72232954     5.51181e-15     
6182.81020615     5.32524e-15     
6186.89808277     5.22886e-15     
6190.98595939     5.16811e-15     
6195.073836       5.0836e-15      
6199.16171262     4.94698e-15     
6203.24958924     4.78891e-15     
6207.33746586     4.68484e-15     
6211.42534247     4.67382e-15     
6215.51321909     4.61633e-15     
6219.60109571     4.52451e-15     
6223.68897232     4.54502e-15     
6227.77684894     4.74743e-15     
6231.86472556     4.96889e-15     
6235.95260217     5.17226e-15     
6240.04047879     5.38398e-15     
6244.12835541     5.63962e-15     
6248.21623202     5.74531e-15     
6252.30410864     5.80905e-15     
6256.39198526     5.84602e-15     
6260.47986187     5.78716e-15     
6264.56773849     5.78384e-15     
6268.65561511     5.73711e-15     
6272.74349172     5.54628e-15     
6276.83136834     5.53751e-15     
6280.91924496     5.45699e-15     
6285.00712158     5.40067e-15     
6289.09499819     5.48176e-15     
6293.18287481     5.54367e-15     
6297.27075143     5.40864e-15     
6301.35862804     5.4388e-15      
6305.44650466     5.40826e-15     
6309.53438128     5.37484e-15     
6313.62225789     5.42422e-15     
6317.71013451     5.41968e-15     
6321.79801113     5.29143e-15     
6325.88588774     5.18103e-15     
6329.97376436     5.07248e-15     
6334.06164098     4.96215e-15     
6338.14951759     4.88905e-15     
6342.23739421     4.78462e-15     
6346.32527083     4.73774e-15     
6350.41314744     4.54919e-15     
6354.50102406     4.44152e-15     
6358.58890068     4.21931e-15     
6362.6767773      3.95356e-15     
6366.76465391     3.70472e-15     
6370.85253053     3.48515e-15     
6374.94040715     3.32288e-15     
6379.02828376     3.20143e-15     
6383.11616038     3.05245e-15     
6387.204037       2.93997e-15     
6391.29191361     2.80611e-15     
6395.37979023     2.57472e-15     
6399.46766685     2.44698e-15     
6403.55554346     2.23823e-15     
6407.64342008     2.12264e-15     
6411.7312967      1.98072e-15     
6415.81917331     1.88589e-15     
6419.90704993     1.83631e-15     
6423.99492655     1.79741e-15     
6428.08280316     1.75098e-15     
6432.17067978     1.73633e-15     
6436.2585564      1.76886e-15     
6440.34643302     1.80094e-15     
6444.43430963     1.86119e-15     
6448.52218625     1.93864e-15     
6452.61006287     2.08267e-15     
6456.69793948     2.24778e-15     
6460.7858161      2.42979e-15     
6464.87369272     2.70332e-15     
6468.96156933     3.11482e-15     
6473.04944595     3.53824e-15     
6477.13732257     4.05126e-15     
6481.22519918     4.65561e-15     
6485.3130758      5.25473e-15     
6489.40095242     5.91703e-15     
6493.48882903     6.63657e-15     
6497.57670565     7.3335e-15      
6501.66458227     8.01457e-15     
6505.75245888     8.50968e-15     
6509.8403355      9.0467e-15      
6513.92821212     9.42122e-15     
6518.01608874     1.00315e-14     
6522.10396535     1.05753e-14     
6526.19184197     1.10234e-14     
6530.27971859     1.16497e-14     
6534.3675952      1.22179e-14     
6538.45547182     1.2808e-14      
6542.54334844     1.36303e-14     
6546.63122505     1.43992e-14     
6550.71910167     1.50888e-14     
6554.80697829     1.57091e-14     
6558.8948549      1.60325e-14     
6562.98273152     1.63466e-14     
6567.07060814     1.64607e-14     
6571.15848475     1.65093e-14     
6575.24636137     1.64344e-14     
6579.33423799     1.63773e-14     
6583.4221146      1.61128e-14     
6587.50999122     1.59014e-14     
6591.59786784     1.57796e-14     
6595.68574446     1.5594e-14      
6599.77362107     1.54502e-14     
6603.86149769     1.52115e-14     
6607.94937431     1.49282e-14     
6612.03725092     1.45731e-14     
6616.12512754     1.42423e-14     
6620.21300416     1.38071e-14     
6624.30088077     1.34428e-14     
6628.38875739     1.30613e-14     
6632.47663401     1.26285e-14     
6636.56451062     1.22604e-14     
6640.65238724     1.18583e-14     
6644.74026386     1.1468e-14      
6648.82814047     1.11559e-14     
6652.91601709     1.08741e-14     
6657.00389371     1.05205e-14     
6661.09177032     1.01814e-14     
6665.17964694     9.83778e-15     
6669.26752356     9.56606e-15     
6673.35540018     9.33495e-15     
6677.44327679     8.97629e-15     
6681.53115341     8.63256e-15     
6685.61903003     8.39045e-15     
6689.70690664     8.18517e-15     
6693.79478326     7.95144e-15     
6697.88265988     7.69017e-15     
6701.97053649     7.43383e-15     
6706.05841311     7.28864e-15     
6710.14628973     7.1483e-15      
6714.23416634     6.87533e-15     
6718.32204296     6.75342e-15     
6722.40991958     6.59213e-15     
6726.49779619     6.4533e-15      
6730.58567281     6.27288e-15     
6734.67354943     6.17432e-15     
6738.76142604     6.08263e-15     
6742.84930266     5.93299e-15     
6746.93717928     5.78871e-15     
6751.0250559      5.67036e-15     
6755.11293251     5.59732e-15     
6759.20080913     5.55421e-15     
6763.28868575     5.43284e-15     
6767.37656236     5.29501e-15     
6771.46443898     5.22397e-15     
6775.5523156      5.1233e-15      
6779.64019221     5.14503e-15     
6783.72806883     5.09973e-15     
6787.81594545     5.04662e-15     
6791.90382206     4.91888e-15     
6795.99169868     4.92741e-15     
6800.0795753      4.94703e-15     
6804.16745191     4.90134e-15     
6808.25532853     4.86804e-15     
6812.34320515     4.75101e-15     
6816.43108176     4.65941e-15     
6820.51895838     4.69107e-15     
6824.606835       4.74611e-15     
6828.69471162     4.73889e-15     
6832.78258823     4.6472e-15      
6836.87046485     4.55416e-15     
6840.95834147     4.59343e-15     
6845.04621808     4.5777e-15      
6849.1340947      4.62804e-15     
6853.22197132     4.65486e-15     
6857.30984793     4.55439e-15     
6861.39772455     4.39185e-15     
6865.48560117     4.10723e-15     
6869.57347778     3.7778e-15      
6873.6613544      3.66115e-15     
6877.74923102     3.76102e-15     
6881.83710763     3.89657e-15     
6885.92498425     3.93826e-15     
6890.01286087     3.97643e-15     
6894.10073748     3.93354e-15     
6898.1886141      3.82479e-15     
6902.27649072     3.84347e-15     
6906.36436734     3.90094e-15     
6910.45224395     3.95769e-15     
6914.54012057     4.01634e-15     
6918.62799719     3.98539e-15     
6922.7158738      3.93189e-15     
6926.80375042     3.90224e-15     
6930.89162704     3.90761e-15     
6934.97950365     4.01036e-15     
6939.06738027     3.94232e-15     
6943.15525689     3.9208e-15      
6947.2431335      3.93257e-15     
6951.33101012     3.94658e-15     
6955.41888674     3.99279e-15     
6959.50676335     3.98462e-15     
6963.59463997     3.94777e-15     
6967.68251659     3.94394e-15     
6971.7703932      3.93037e-15     
6975.85826982     3.94307e-15     
6979.94614644     3.96303e-15     
6984.03402306     3.98e-15        
6988.12189967     3.96693e-15     
6992.20977629     4.02235e-15     
6996.29765291     4.10351e-15     
7000.38552952     4.24732e-15     
7004.47340614     4.23057e-15     
7008.56128276     4.28116e-15     
7012.64915937     4.41398e-15     
7016.73703599     4.4137e-15      
7020.82491261     4.3829e-15      
7024.91278922     4.49527e-15     
7029.00066584     4.57052e-15     
7033.08854246     4.41698e-15     
7037.17641907     4.34386e-15     
7041.26429569     4.38828e-15     
7045.35217231     4.40088e-15     
7049.44004892     4.51516e-15     
7053.52792554     4.36243e-15     
7057.61580216     4.24516e-15     
7061.70367878     4.31527e-15     
7065.79155539     4.30499e-15     
7069.87943201     4.28257e-15     
7073.96730863     4.34553e-15     
7078.05518524     4.31122e-15     
7082.14306186     4.25992e-15     
7086.23093848     4.2065e-15      
7090.31881509     4.30326e-15     
7094.40669171     4.20054e-15     
7098.49456833     4.16195e-15     
7102.58244494     3.99789e-15     
7106.67032156     3.91947e-15     
7110.75819818     3.93482e-15     
7114.84607479     4.04049e-15     
7118.93395141     4.12849e-15     
7123.02182803     4.04698e-15     
7127.10970464     3.99133e-15     
7131.19758126     3.95484e-15     
7135.28545788     3.95746e-15     
7139.3733345      4.00105e-15     
7143.46121111     4.05082e-15     
7147.54908773     3.96862e-15     
7151.63696435     3.93375e-15     
7155.72484096     3.95636e-15     
7159.81271758     4.02129e-15     
7163.9005942      3.98299e-15     
7167.98847081     3.87383e-15     
7172.07634743     3.82761e-15     
7176.16422405     3.87241e-15     
7180.25210066     3.90779e-15     
7184.33997728     3.88436e-15     
7188.4278539      3.92193e-15     
7192.51573051     3.89853e-15     
7196.60360713     3.87382e-15     
7200.69148375     4.0565e-15      
7204.77936036     4.24467e-15     
7208.86723698     4.34519e-15     
7212.9551136      4.3454e-15      
7217.04299022     4.48582e-15     
7221.13086683     4.67215e-15     
7225.21874345     4.75156e-15     
7229.30662007     4.69689e-15     
7233.39449668     4.54882e-15     
7237.4823733      4.45581e-15     
7241.57024992     4.4757e-15      
7245.65812653     4.66221e-15     
7249.74600315     4.61915e-15     
7253.83387977     4.54803e-15     
7257.92175638     4.51058e-15     
7262.009633       4.50312e-15     
7266.09750962     4.59859e-15     
7270.18538623     4.5981e-15      
7274.27326285     4.5753e-15      
7278.36113947     4.51371e-15     
7282.44901608     4.52431e-15     
7286.5368927      4.67856e-15     
7290.62476932     4.76352e-15     
7294.71264594     4.70631e-15     
7298.80052255     4.62458e-15     
7302.88839917     4.927e-15       
7306.97627579     5.22322e-15     
7311.0641524      5.09948e-15     
7315.15202902     5.07104e-15     
7319.23990564     5.12148e-15     
7323.32778225     5.11654e-15     
7327.41565887     5.26106e-15     
7331.50353549     5.20272e-15     
7335.5914121      5.02527e-15     
7339.67928872     5.01116e-15     
7343.76716534     5.02525e-15     
7347.85504195     5.04253e-15     
7351.94291857     4.93439e-15     
7356.03079519     4.79059e-15     
7360.1186718      4.7002e-15      
7364.20654842     4.76016e-15     
7368.29442504     4.71584e-15     
7372.38230166     4.6126e-15      
7376.47017827     4.49878e-15     
7380.55805489     4.46629e-15     
7384.64593151     4.50143e-15     
7388.73380812     4.44679e-15     
7392.82168474     4.31379e-15     
7396.90956136     4.26112e-15     
7400.99743797     4.27445e-15     
7405.08531459     4.29167e-15     
7409.17319121     4.20715e-15     
7413.26106782     4.08256e-15     
7417.34894444     4.10132e-15     
7421.43682106     4.06584e-15     
7425.52469767     4.03756e-15     
7429.61257429     3.9385e-15      
7433.70045091     3.91285e-15     
7437.78832752     3.95295e-15     
7441.87620414     3.97401e-15     
7445.96408076     3.89578e-15     
7450.05195738     3.92006e-15     
7454.13983399     4.11125e-15     
7458.22771061     4.19201e-15     
7462.31558723     4.1853e-15      
7466.40346384     4.1804e-15      
7470.49134046     4.11146e-15     
7474.57921708     4.10005e-15     
7478.66709369     4.15822e-15     
7482.75497031     4.06798e-15     
