3650.53051758  3.132082E-17
3656.04871750065  3.162664E-17
3661.5669174213  3.680855E-17
3667.08511734195  4.407844E-17
3672.6033172626  4.222267E-17
3678.12151718325  1.198654E-17
3683.6397171039  2.560677E-18
3689.15791702455  1.717446E-17
3694.6761169452  8.006731E-19
3700.19431686585  1.502597E-17
3705.7125167865  2.661829E-17
3711.23071670715  1.748349E-17
3716.7489166278  9.523045E-18
3722.26711654845  4.042751E-17
3727.7853164691  4.361885E-17
3733.30351638975  3.594537E-17
3738.8217163104  2.182192E-17
3744.33991623105  2.065993E-17
3749.8581161517  3.680475E-17
3755.37631607235  2.723310E-17
3760.894515993  5.303320E-17
3766.41271591365  1.934339E-17
3771.9309158343  3.067244E-17
3777.44911575495  1.852240E-17
3782.9673156756  3.590027E-17
3788.48551559625  2.343799E-17
3794.0037155169  2.019216E-17
3799.52191543755  1.861622E-17
3805.0401153582  9.559463E-18
3810.55831527885  4.956349E-17
3816.0765151995  2.943993E-17
3821.59471512015  2.337294E-17
3827.1129150408  2.981441E-17
3832.63111496145  3.589728E-17
3838.1493148821  1.437270E-17
3843.66751480275  3.432008E-17
3849.1857147234  4.760062E-17
3854.70391464405  5.232118E-18
3860.2221145647  8.452516E-18
3865.74031448535  2.556978E-17
3871.258514406  4.819933E-17
3876.77671432665  2.121218E-17
3882.2949142473  1.662393E-17
3887.81311416795  2.637921E-17
3893.3313140886  2.351475E-17
3898.84951400925  2.692317E-17
3904.3677139299  2.113231E-17
3909.88591385055  2.223522E-17
3915.4041137712  2.988848E-17
3920.92231369185  3.709481E-17
3926.4405136125  2.539910E-17
3931.95871353315  4.138102E-17
3937.4769134538  2.817888E-17
3942.99511337445  1.806947E-17
3948.5133132951  2.760883E-17
3954.03151321575  4.048448E-17
3959.5497131364  2.355335E-17
3965.06791305705  2.613598E-17
3970.5861129777  2.400954E-17
3976.10431289835  2.643002E-17
3981.622512819  1.899817E-17
3987.14071273965  1.931828E-17
3992.6589126603  3.392943E-17
3998.17711258095  2.190969E-17
4003.6953125016  3.171810E-17
4009.21351242225  4.793605E-17
4014.7317123429  1.975479E-17
4020.24991226355  3.630557E-17
4025.7681121842  3.701673E-17
4031.28631210485  3.110810E-17
4036.8045120255  3.190195E-17
4042.32271194615  2.959569E-17
4047.8409118668  3.676241E-17
4053.35911178745  3.806735E-17
4058.8773117081  3.163683E-17
4064.39551162875  1.669931E-17
4069.9137115494  2.563408E-17
4075.43191147005  2.995333E-17
4080.9501113907  2.344106E-17
4086.46831131135  2.553835E-17
4091.986511232  2.741213E-17
4097.50471115265  4.306269E-17
4103.0229110733  3.843977E-17
4108.54111099395  5.066444E-17
4114.0593109146  4.547047E-17
4119.57751083525  6.095687E-17
4125.0957107559  6.156210E-17
4130.61391067655  3.393306E-17
4136.1321105972  2.544460E-17
4141.65031051785  2.929734E-17
4147.1685104385  3.208131E-17
4152.68671035915  2.000889E-17
4158.2049102798  2.989507E-17
4163.72311020045  2.700661E-17
4169.2413101211  3.765610E-17
4174.75951004175  3.282176E-17
4180.2777099624  3.282811E-17
4185.79590988305  3.941080E-17
4191.3141098037  1.534755E-17
4196.83230972435  3.802242E-17
4202.350509645  3.027473E-17
4207.86870956565  3.458889E-17
4213.38690948631  4.261017E-17
4218.90510940695  4.152632E-17
4224.4233093276  3.366540E-17
4229.94150924825  3.385199E-17
4235.4597091689  2.659609E-17
4240.97790908955  2.393979E-17
4246.4961090102  2.905961E-17
4252.01430893085  3.615553E-17
4257.5325088515  3.461728E-17
4263.05070877215  3.285301E-17
4268.5689086928  2.947163E-17
4274.08710861345  2.433300E-17
4279.6053085341  4.246784E-17
4285.12350845475  3.436767E-17
4290.6417083754  1.762381E-17
4296.15990829605  2.685623E-17
4301.6781082167  1.978908E-17
4307.19630813735  3.130527E-17
4312.714508058  3.828628E-17
4318.23270797865  1.753650E-17
4323.7509078993  1.217305E-17
4329.26910781995  2.001637E-17
4334.7873077406  2.482516E-17
4340.30550766125  1.837823E-17
4345.8237075819  2.506148E-17
4351.34190750255  2.879408E-17
4356.8601074232  3.104156E-17
4362.37830734385  2.281832E-17
4367.8965072645  2.605336E-17
4373.41470718515  2.236054E-17
4378.9329071058  2.759628E-17
4384.45110702645  2.873255E-17
4389.9693069471  2.345389E-17
4395.48750686775  3.130088E-17
4401.0057067884  1.766281E-17
4406.52390670905  2.623400E-17
4412.0421066297  3.037159E-17
4417.56030655035  3.379819E-17
4423.078506471  1.902950E-17
4428.59670639165  2.427283E-17
4434.1149063123  3.647433E-17
4439.63310623295  2.907805E-17
4445.1513061536  3.015350E-17
4450.66950607425  2.983886E-17
4456.1877059949  3.230152E-17
4461.70590591555  3.045208E-17
4467.2241058362  2.462903E-17
4472.74230575686  2.699729E-17
4478.2605056775  4.342915E-17
4483.77870559815  4.257258E-17
4489.2969055188  3.626783E-17
4494.81510543945  3.750741E-17
4500.3333053601  2.700612E-17
4505.85150528075  3.587699E-17
4511.3697052014  4.062392E-17
4516.88790512205  3.317032E-17
4522.4061050427  2.686262E-17
4527.92430496335  2.654022E-17
4533.442504884  3.053858E-17
4538.96070480465  3.310038E-17
4544.4789047253  2.628939E-17
4549.99710464595  3.230132E-17
4555.5153045666  2.280801E-17
4561.03350448725  2.935588E-17
4566.5517044079  2.542083E-17
4572.06990432855  3.135040E-17
4577.5881042492  2.870587E-17
4583.10630416985  2.774000E-17
4588.62450409051  3.945673E-17
4594.14270401115  3.289303E-17
4599.6609039318  1.907497E-17
4605.17910385245  3.354680E-17
4610.6973037731  3.324531E-17
4616.21550369375  2.956630E-17
4621.7337036144  3.085883E-17
4627.25190353505  3.557940E-17
4632.7701034557  2.439112E-17
4638.28830337635  3.118338E-17
4643.806503297  3.672613E-17
4649.32470321765  3.412870E-17
4654.8429031383  2.450320E-17
4660.36110305895  2.368303E-17
4665.8793029796  3.586534E-17
4671.39750290025  3.033550E-17
4676.9157028209  3.441719E-17
4682.43390274155  3.100594E-17
4687.9521026622  3.648902E-17
4693.47030258285  2.663381E-17
4698.9885025035  3.479685E-17
4704.50670242415  3.657318E-17
4710.0249023448  3.340144E-17
4715.54310226545  3.454981E-17
4721.06130218611  4.714605E-17
4726.57950210675  4.346763E-17
4732.0977020274  4.751154E-17
4737.61590194805  5.356378E-17
4743.1341018687  5.229504E-17
4748.65230178935  4.209631E-17
4754.17050171  5.039872E-17
4759.68870163065  4.067999E-17
4765.2069015513  4.030167E-17
4770.72510147196  4.219476E-17
4776.2433013926  4.860797E-17
4781.76150131325  4.769478E-17
4787.2797012339  4.304530E-17
4792.79790115455  4.762700E-17
4798.31610107521  4.024967E-17
4803.83430099585  3.576955E-17
4809.3525009165  5.029129E-17
4814.87070083715  4.167132E-17
4820.3889007578  3.782782E-17
4825.90710067845  3.841346E-17
4831.4253005991  3.857261E-17
4836.94350051975  3.651986E-17
4842.4617004404  5.734324E-17
4847.97990036105  3.570613E-17
4853.4981002817  3.820153E-17
4859.01630020235  3.586293E-17
4864.534500123  3.911096E-17
4870.05270004365  3.941283E-17
4875.5708999643  2.917372E-17
4881.08909988496  3.081362E-17
4886.6072998056  3.482132E-17
4892.12549972625  3.150823E-17
4897.6436996469  2.532875E-17
4903.16189956755  2.965554E-17
4908.6800994882  2.695929E-17
4914.19829940885  2.774233E-17
4919.71649932951  2.709775E-17
4925.23469925015  2.722023E-17
4930.7528991708  3.062831E-17
4936.27109909146  2.958893E-17
4941.78929901211  3.356335E-17
4947.30749893275  2.943147E-17
4952.8256988534  2.441242E-17
4958.34389877405  3.354335E-17
4963.8620986947  3.172835E-17
4969.38029861535  3.475751E-17
4974.898498536  3.327567E-17
4980.41669845665  3.081505E-17
4985.9348983773  3.922903E-17
4991.45309829795  2.684954E-17
4996.97129821861  2.585268E-17
5002.48949813926  3.235146E-17
5008.0076980599  2.215722E-17
5013.52589798056  2.433525E-17
5019.0440979012  1.535071E-17
5024.56229782186  2.034322E-17
5030.08049774251  2.132111E-17
5035.59869766315  2.068462E-17
5041.1168975838  2.356301E-17
5046.63509750446  2.489506E-17
5052.1532974251  2.657838E-17
5057.67149734576  2.270839E-17
5063.1896972664  2.357145E-17
5068.70789718706  3.079033E-17
5074.2260971077  2.270390E-17
5079.74429702835  2.417045E-17
5085.26249694901  2.990912E-17
5090.78069686966  2.702023E-17
5096.29889679031  2.136207E-17
5101.81709671095  2.305665E-17
5107.3352966316  2.359412E-17
5112.85349655226  3.175038E-17
5118.3716964729  2.514968E-17
5123.88989639356  2.320236E-17
5129.4080963142  3.085120E-17
5134.92629623486  2.762012E-17
5140.44449615551  2.726739E-17
5145.96269607616  3.281827E-17
5151.48089599681  2.540645E-17
5156.99909591745  2.551235E-17
5162.51729583811  3.319192E-17
5168.03549575876  3.186862E-17
5173.5536956794  2.979995E-17
5179.07189560006  2.736948E-17
5184.59009552071  2.792541E-17
5190.10829544135  2.483574E-17
5195.626495362  3.250685E-17
5201.14469528266  4.080884E-17
5206.66289520331  4.384279E-17
5212.18109512395  3.953497E-17
5217.69929504461  3.890099E-17
5223.21749496525  3.175730E-17
5228.73569488591  3.616818E-17
5234.25389480656  3.063954E-17
5239.77209472721  2.996051E-17
5245.29029464785  3.793905E-17
5250.8084945685  3.736054E-17
5256.32669448916  3.508318E-17
5261.8448944098  2.685684E-17
5267.36309433045  2.906428E-17
5272.88129425111  3.163980E-17
5278.39949417176  2.609475E-17
5283.9176940924  3.746745E-17
5289.43589401306  4.015560E-17
5294.9540939337  5.028728E-17
5300.47229385436  5.222007E-17
5305.990493775  4.861805E-17
5311.50869369566  4.944117E-17
5317.02689361631  4.442877E-17
5322.54509353696  3.527599E-17
5328.06329345761  3.259967E-17
5333.58149337825  3.278099E-17
5339.0996932989  2.766043E-17
5344.61789321956  3.005459E-17
5350.13609314021  2.937702E-17
5355.65429306085  3.402872E-17
5361.1724929815  2.731042E-17
5366.69069290216  2.797667E-17
5372.20889282281  2.501067E-17
5377.72709274346  2.383105E-17
5383.24529266411  2.397763E-17
5388.76349258476  2.356841E-17
5394.28169250541  2.852019E-17
5399.79989242605  2.974306E-17
5405.3180923467  2.515822E-17
5410.83629226736  2.691886E-17
5416.35449218801  2.793116E-17
5421.87269210866  2.544999E-17
5427.3908920293  3.671699E-17
5432.90909194996  2.999109E-17
5438.42729187061  2.623809E-17
5443.94549179126  2.869602E-17
5449.46369171191  3.079020E-17
5454.98189163255  2.590842E-17
5460.50009155321  3.347889E-17
5466.01829147386  3.907811E-17
5471.53649139451  3.881623E-17
5477.05469131515  3.112770E-17
5482.5728912358  3.977922E-17
5488.09109115646  3.298945E-17
5493.60929107711  2.391047E-17
5499.12749099776  2.996680E-17
5504.64569091841  2.733060E-17
5510.16389083906  3.534039E-17
5515.68209075971  3.130338E-17
5521.20029068036  3.367186E-17
5526.71849060101  2.775990E-17
5532.23669052166  2.679167E-17
5537.7548904423  2.990829E-17
5543.27309036295  2.817774E-17
5548.79129028361  2.700517E-17
5554.30949020426  3.450820E-17
5559.82769012491  3.323523E-17
5565.34589004556  2.734567E-17
5570.86408996621  3.615004E-17
5576.38228988686  3.324090E-17
5581.90048980751  3.190430E-17
5587.41868972816  2.254875E-17
5592.93688964881  2.656856E-17
5598.45508956946  3.018938E-17
5603.97328949011  2.871327E-17
5609.49148941076  3.102268E-17
5615.00968933141  1.940804E-17
5620.52788925206  2.066971E-17
5626.04608917271  2.639941E-17
5631.56428909336  3.093602E-17
5637.082489014  2.430238E-17
5642.60068893466  2.135746E-17
5648.11888885531  2.584603E-17
5653.63708877596  2.855001E-17
5659.15528869661  3.018623E-17
5664.67348861726  3.132117E-17
5670.19168853791  2.129288E-17
5675.70988845855  2.553831E-17
5681.22808837921  2.728798E-17
5686.74628829986  1.857809E-17
5692.26448822051  2.817312E-17
5697.78268814116  2.723909E-17
5703.30088806181  1.749283E-17
5708.81908798246  1.845012E-17
5714.3372879031  2.584721E-17
5719.85548782376  2.450759E-17
5725.37368774441  2.167021E-17
5730.89188766505  2.565351E-17
5736.41008758571  3.182618E-17
5741.92828750636  2.005242E-17
5747.44648742701  1.699651E-17
5752.96468734766  1.949457E-17
5758.48288726831  2.152034E-17
5764.00108718896  2.332567E-17
5769.5192871096  2.176921E-17
5775.03748703026  2.437752E-17
5780.55568695091  1.345038E-17
5786.07388687156  1.925825E-17
5791.59208679221  2.115530E-17
5797.11028671286  1.461420E-17
5802.6284866335  2.464304E-17
5808.14668655415  1.636917E-17
5813.66488647481  2.715219E-17
5819.18308639545  1.676849E-17
5824.70128631611  1.603530E-17
5830.21948623676  2.345454E-17
5835.73768615741  2.076608E-17
5841.25588607806  2.516980E-17
5846.77408599871  2.086868E-17
5852.29228591935  1.977697E-17
5857.81048584001  2.394496E-17
5863.32868576065  1.552668E-17
5868.84688568131  2.051952E-17
5874.36508560196  1.514666E-17
5879.88328552261  1.779043E-17
5885.40148544326  2.265210E-17
5890.91968536391  2.726449E-17
5896.43788528456  2.037394E-17
5901.95608520521  2.392913E-17
5907.47428512586  2.097906E-17
5912.9924850465  2.179660E-17
5918.51068496716  1.453866E-17
5924.02888488781  1.412992E-17
5929.54708480846  1.102873E-17
5935.06528472911  1.276419E-17
5940.58348464976  2.043559E-17
5946.10168457041  1.565147E-17
5951.61988449106  1.083107E-17
5957.13808441171  1.011068E-17
5962.65628433236  1.193023E-17
5968.17448425301  7.289402E-18
5973.69268417366  1.278021E-17
5979.21088409431  1.554118E-17
5984.72908401496  1.766320E-17
5990.24728393561  1.858389E-17
5995.76548385626  1.085355E-17
6001.28368377691  1.783057E-17
6006.80188369756  1.815929E-17
6012.32008361821  9.404986E-18
6017.83828353886  8.335234E-18
6023.35648345951  8.274371E-18
6028.87468338016  1.234001E-17
6034.3928833008  1.064972E-17
6039.91108322146  1.218957E-17
6045.42928314211  1.199205E-17
6050.94748306276  4.551702E-18
6056.46568298341  1.680051E-17
6061.98388290406  1.045209E-17
6067.50208282471  1.065445E-17
6073.02028274536  8.155139E-18
6078.53848266601  1.556670E-17
6084.05668258666  1.477564E-17
6089.57488250731  1.204238E-17
6095.09308242796  1.418838E-17
6100.61128234861  2.311549E-17
6106.12948226926  1.713110E-17
6111.64768218991  1.582696E-17
6117.16588211056  1.585110E-17
6122.68408203121  2.077024E-17
6128.20228195186  2.506421E-17
6133.72048187251  1.695758E-17
6139.23868179316  2.287016E-17
6144.75688171381  3.046871E-17
6150.27508163446  2.591730E-17
6155.79328155511  2.504738E-17
6161.31148147576  2.889058E-17
6166.82968139641  2.804487E-17
6172.34788131706  2.790976E-17
6177.86608123771  3.518964E-17
6183.38428115836  4.941624E-17
6188.90248107901  4.530180E-17
6194.42068099966  5.864118E-17
6199.93888092031  5.283773E-17
6205.45708084096  4.757427E-17
6210.97528076161  5.127708E-17
6216.49348068226  4.086716E-17
6222.01168060291  4.004195E-17
6227.52988052356  3.293106E-17
6233.04808044421  4.018612E-17
6238.56628036486  3.379512E-17
6244.08448028551  2.412270E-17
6249.60268020616  2.292035E-17
6255.12088012681  2.219394E-17
6260.63908004746  2.600317E-17
6266.15727996811  2.456258E-17
6271.67547988876  1.944729E-17
6277.19367980941  2.400249E-17
6282.71187973006  2.274273E-17
6288.23007965071  1.341668E-17
6293.74827957136  1.663197E-17
6299.26647949201  1.863973E-17
6304.78467941266  1.974084E-17
6310.30287933331  1.381482E-17
6315.82107925396  1.363945E-17
6321.33927917461  1.727492E-17
6326.85747909525  1.376022E-17
6332.37567901591  2.292516E-17
6337.89387893656  1.267335E-17
6343.41207885721  1.095873E-17
6348.93027877786  1.612202E-17
6354.44847869851  7.563964E-18
6359.96667861915  1.800308E-17
6365.48487853981  1.446371E-17
6371.00307846046  1.777390E-17
6376.52127838111  1.164248E-17
6382.03947830176  7.441462E-18
6387.55767822241  1.805287E-17
6393.07587814306  2.064824E-17
6398.59407806371  1.575778E-17
6404.11227798436  9.301415E-18
6409.63047790501  1.110375E-17
6415.14867782566  8.159002E-18
6420.66687774631  1.503127E-17
6426.18507766696  1.034058E-17
6431.70327758761  6.332977E-18
6437.22147750826  1.563169E-17
6442.73967742891  1.836077E-17
6448.25787734956  8.218868E-18
6453.77607727021  1.450703E-17
6459.29427719086  1.977897E-17
6464.81247711151  1.726321E-17
6470.33067703216  1.664305E-17
6475.84887695281  1.284812E-17
6481.36707687346  1.188524E-17
6486.88527679411  2.010250E-17
6492.40347671476  1.979389E-17
6497.92167663541  1.902713E-17
6503.43987655606  1.664719E-17
6508.95807647671  1.992807E-17
6514.47627639736  1.966992E-17
6519.99447631801  1.463252E-17
6525.51267623866  1.702084E-17
6531.03087615931  1.878861E-17
6536.54907607996  1.622463E-17
6542.06727600061  1.600328E-17
6547.58547592126  1.935712E-17
6553.10367584191  1.995375E-17
6558.62187576256  1.648227E-17
6564.14007568321  1.380433E-17
6569.65827560386  1.238287E-17
6575.17647552451  1.749107E-17
6580.69467544516  1.244995E-17
6586.21287536581  1.742582E-17
6591.73107528646  1.422381E-17
6597.24927520711  1.227168E-17
6602.76747512776  1.707454E-17
6608.28567504841  1.625980E-17
6613.80387496906  1.566206E-17
6619.32207488971  1.408099E-17
6624.84027481036  1.492702E-17
6630.35847473101  1.308729E-17
6635.87667465166  8.311479E-18
6641.39487457231  1.865747E-17
6646.91307449296  1.931106E-17
6652.43127441361  1.794347E-17
6657.94947433426  1.447300E-17
6663.46767425491  1.998292E-17
6668.98587417556  2.001698E-17
6674.50407409621  1.599187E-17
6680.02227401685  1.256410E-17
6685.54047393751  1.517126E-17
6691.05867385816  2.195914E-17
6696.57687377881  1.730108E-17
6702.09507369946  1.736635E-17
6707.61327362011  2.033073E-17
6713.13147354076  1.966307E-17
6718.64967346141  2.173815E-17
6724.16787338206  2.067555E-17
6729.68607330271  2.421284E-17
6735.20427322336  1.922769E-17
6740.72247314401  1.212031E-17
6746.24067306466  2.007636E-17
6751.75887298531  1.666522E-17
6757.27707290596  1.676323E-17
6762.79527282661  1.987804E-17
6768.31347274726  2.153004E-17
6773.83167266791  1.624889E-17
6779.34987258856  1.217456E-17
6784.86807250921  1.875888E-17
6790.38627242986  1.335557E-17
6795.90447235051  1.394116E-17
6801.42267227116  1.332515E-17
6806.94087219181  1.296442E-17
6812.45907211246  1.674516E-17
6817.97727203311  1.583416E-17
6823.49547195376  1.418861E-17
6829.01367187441  9.930464E-18
6834.53187179506  1.428231E-17
6840.05007171571  1.371877E-17
6845.56827163636  1.699662E-17
6851.08647155701  1.519610E-17
6856.60467147766  9.469395E-18
6862.12287139831  1.341879E-17
6867.64107131896  1.190339E-17
6873.15927123961  8.142050E-18
6878.67747116026  7.718932E-18
6884.19567108091  1.059462E-17
6889.71387100156  1.706379E-17
6895.23207092221  1.418888E-17
6900.75027084286  1.190970E-17
6906.26847076351  1.745996E-17
6911.78667068416  1.235637E-17
6917.30487060481  1.452100E-17
6922.82307052546  9.109546E-18
6928.34127044611  9.411705E-18
6933.85947036676  1.151084E-17
6939.37767028741  1.746252E-17
6944.89587020806  7.294630E-18
6950.41407012871  1.074984E-17
6955.93227004936  1.384568E-17
6961.45046997001  1.105920E-17
6966.96866989066  1.286311E-17
6972.48686981131  1.253431E-17
6978.00506973196  1.439420E-17
6983.52326965261  1.377543E-17
6989.04146957326  1.522578E-17
6994.55966949391  1.461974E-17
7000.07786941456  1.405384E-17
7005.59606933521  1.129096E-17
7011.11426925586  1.304769E-17
7016.63246917651  1.860103E-17
7022.15066909716  1.720600E-17
7027.66886901781  1.936238E-17
7033.18706893846  2.633848E-17
7038.70526885911  2.873350E-17
7044.22346877976  2.912396E-17
7049.74166870041  3.081576E-17
7055.25986862106  2.816820E-17
7060.77806854171  2.758064E-17
7066.29626846236  2.499001E-17
7071.81446838301  2.318266E-17
7077.33266830366  2.618114E-17
7082.85086822431  2.209115E-17
7088.36906814496  1.163139E-17
7093.88726806561  1.727185E-17
7099.40546798626  1.359079E-17
7104.92366790691  1.090834E-17
7110.44186782756  6.669221E-18
7115.96006774821  9.988641E-18
7121.47826766886  9.907953E-18
7126.99646758951  1.294458E-17
7132.51466751016  3.080546E-18
7138.03286743081  1.035438E-17
7143.55106735146  1.673196E-17
7149.06926727211  1.103195E-17
7154.58746719276  1.153135E-17
7160.10566711341  1.311858E-17
7165.62386703406  7.360589E-18
7171.14206695471  7.062226E-18
7176.66026687536  1.117385E-17
7182.17846679601  9.183635E-18
7187.69666671666  1.068528E-17
7193.21486663731  9.890475E-18
7198.73306655796  3.770587E-18
7204.25126647861  5.183059E-18
7209.76946639926  1.072044E-17
7215.28766631991  1.636300E-18
7220.80586624056  1.815057E-21
7226.32406616121  6.186180E-18
7231.84226608186  1.728110E-18
7237.36046600251  2.488184E-18
7242.87866592316  5.243466E-18
7248.39686584381  9.730913E-18
7253.91506576446  1.317719E-17
7259.43326568511  3.695237E-18
7264.95146560576  1.257920E-17
7270.46966552641  1.141283E-17
7275.98786544706  1.205529E-17
7281.50606536771  7.872101E-18
7287.02426528836  5.327042E-18
7292.54246520901  8.413741E-18
7298.06066512966  7.845368E-18
7303.57886505031  3.552578E-18
7309.09706497096  6.474525E-18
7314.61526489161  1.376953E-17
7320.13346481226  1.707569E-17
7325.65166473291  9.880282E-18
7331.16986465356  1.374208E-17
7336.68806457421  1.287475E-17
7342.20626449486  9.802062E-18
7347.72446441551  1.499086E-17
7353.24266433616  1.337046E-17
7358.76086425681  3.235188E-18
7364.27906417746  9.324042E-18
7369.79726409811  7.652026E-18
7375.31546401876  9.205048E-18
7380.83366393941  1.633563E-17
7386.35186386006  1.186224E-17
7391.87006378071  9.910397E-18
7397.38826370136  1.159948E-17
7402.90646362201  1.718437E-17
7408.42466354266  1.321280E-17
7413.94286346331  1.558322E-17
7419.46106338396  1.210868E-17
7424.97926330461  1.419076E-17
7430.49746322526  2.393291E-17
7436.01566314591  3.122968E-17
7441.53386306656  3.641383E-17
7447.05206298721  3.598933E-17
7452.57026290786  3.913226E-17
7458.08846282851  3.987695E-17
7463.60666274916  3.089842E-17
7469.12486266981  3.392880E-17
7474.64306259046  4.052102E-17
7480.16126251111  3.666341E-17
7485.67946243176  2.890249E-17
7491.19766235241  1.840973E-17
7496.71586227306  1.719567E-17
7502.23406219371  1.721308E-17
7507.75226211436  1.252234E-17
7513.27046203501  1.687550E-17
7518.78866195566  1.416744E-17
7524.30686187631  1.852562E-17
7529.82506179696  2.161151E-17
7535.34326171761  1.156172E-17
7540.86146163826  1.066353E-17
7546.37966155891  1.095719E-17
7551.89786147956  7.124218E-18
7557.41606140021  1.130683E-17
7562.93426132086  7.996409E-18
7568.45246124151  7.143300E-18
7573.97066116216  7.916776E-18
7579.48886108281  1.411715E-17
7585.00706100346  1.207405E-17
7590.52526092411  1.735433E-17
7596.04346084476  1.205734E-17
7601.56166076541  5.331086E-18
7607.07986068606  2.183893E-17
7612.59806060671  1.972456E-17
7618.11626052736  2.511270E-17
7623.63446044801  2.586371E-17
7629.15266036866  5.861040E-18
7634.67086028931  1.210011E-17
7640.18906020996  1.090053E-17
7645.70726013061  1.607307E-17
7651.22546005126  1.529376E-17
7656.74365997191  9.296582E-18
7662.26185989256  1.833139E-17
7667.78005981321  1.681512E-17
7673.29825973386  1.376256E-17
7678.81645965451  1.887547E-17
7684.33465957516  2.279396E-17
7689.85285949581  2.409042E-17
7695.37105941646  1.762572E-17
7700.88925933711  1.200166E-17
7706.40745925776  1.716490E-17
7711.92565917841  1.795944E-17
7717.44385909906  1.760851E-17
7722.96205901971  2.557191E-18
7728.48025894036  1.548555E-17
7733.99845886101  1.980383E-17
7739.51665878166  1.565912E-17
7745.03485870231  1.381541E-17
7750.55305862296  1.384630E-17
7756.07125854361  8.625082E-18
7761.58945846426  7.939609E-18
7767.10765838491  1.021389E-17
7772.62585830556  1.181277E-17
7778.14405822621  7.996400E-18
7783.66225814686  7.636956E-18
7789.18045806751  1.570266E-17
7794.69865798816  2.292678E-17
7800.21685790881  1.722298E-17
7805.73505782946  1.926518E-17
7811.25325775011  8.302693E-18
7816.77145767076  7.069891E-18
7822.28965759141  -1.478535E-18
7827.80785751206  3.807872E-19
7833.32605743271  -6.990828E-18
7838.84425735336  3.084386E-18
7844.36245727401  1.154900E-18
7849.88065719466  1.004582E-17
7855.39885711531  4.371853E-18
7860.91705703596  -4.788025E-18
7866.43525695661  1.819047E-18
7871.95345687726  8.852618E-18
7877.47165679791  1.392684E-17
7882.98985671856  1.600441E-17
7888.50805663921  1.122282E-17
7894.02625655986  4.098210E-18
7899.54445648051  -3.254644E-18
7905.06265640116  -8.566636E-18
7910.58085632181  -4.565438E-18
7916.09905624246  1.371184E-17
7921.61725616311  2.124341E-17
7927.13545608376  6.413428E-18
7932.65365600441  3.547189E-18
7938.17185592506  1.079853E-17
7943.69005584571  1.170541E-17
7949.20825576636  1.601635E-17
7954.72645568701  2.061207E-17
7960.24465560766  6.848852E-18
7965.76285552831  6.506087E-18
7971.28105544896  -3.795378E-18
7976.79925536961  1.442269E-17
7982.31745529026  1.484618E-17
7987.83565521091  1.110291E-17
7993.35385513156  1.448627E-17
7998.87205505221  7.235556E-18
8004.39025497286  -6.235773E-18
8009.90845489351  8.282255E-18
8015.42665481416  6.971437E-18
8020.94485473481  5.257888E-18
8026.46305465546  7.579758E-18
8031.98125457611  5.271883E-18
8037.49945449676  6.129524E-18
8043.01765441741  7.472855E-18
8048.53585433806  1.153712E-17
8054.05405425871  1.571856E-17
8059.57225417936  1.693905E-17
8065.09045410001  1.993193E-17
8070.60865402066  1.524411E-17
8076.12685394131  1.057669E-17
8081.64505386196  9.368993E-18
8087.16325378261  1.462077E-17
8092.68145370326  1.293511E-17
8098.19965362391  1.906753E-17
8103.71785354456  1.699508E-17
8109.23605346521  1.383636E-17
8114.75425338586  2.241670E-17
8120.27245330651  1.466901E-17
8125.79065322716  2.829112E-17
8131.30885314781  2.615561E-17
8136.82705306846  2.762021E-17
8142.34525298911  2.343103E-17
8147.86345290976  2.015042E-17
8153.38165283041  2.542143E-17
8158.89985275106  2.405140E-17
8164.41805267171  2.575132E-17
8169.93625259236  2.183146E-17
8175.45445251301  1.754667E-17
8180.97265243366  2.113838E-17
8186.49085235431  2.262364E-17
8192.00905227496  1.583241E-17
8197.52725219561  1.987965E-17
8203.04545211626  2.859923E-17
8208.56365203691  2.848522E-17
8214.08185195756  2.489190E-17
8219.60005187821  2.520478E-17
8225.11825179886  2.561404E-17
8230.63645171951  2.259441E-17
8236.15465164016  2.601958E-17
8241.67285156081  1.708399E-17
8247.19105148146  1.909638E-17
8252.70925140211  2.308647E-17
8258.22745132276  2.509650E-17
8263.74565124341  1.927007E-17
8269.26385116406  2.057501E-17
8274.78205108471  1.707020E-17
8280.30025100536  1.730256E-17
8285.81845092601  1.474441E-17
8291.33665084666  1.562381E-17
8296.85485076731  2.344308E-17
8302.37305068796  2.628628E-17
8307.89125060861  1.806599E-17
8313.40945052926  2.055099E-17
8318.92765044991  1.580279E-17
8324.44585037056  7.609340E-18
8329.96405029121  1.522512E-17
8335.48225021186  7.906725E-18
8341.00045013251  -3.491316E-18
8346.51865005316  1.580639E-17
8352.03684997381  2.675499E-17
8357.55504989446  1.882413E-17
8363.07324981511  1.880424E-17
8368.59144973576  1.152361E-17
8374.10964965641  1.240852E-17
8379.62784957706  8.223055E-18
8385.14604949771  1.347004E-17
8390.66424941836  1.860550E-17
8396.18244933901  2.167858E-17
8401.70064925966  7.507556E-18
8407.21884918031  3.834617E-18
8412.73704910096  3.407217E-18
8418.25524902161  1.375449E-17
8423.77344894226  1.180109E-17
8429.29164886291  1.277594E-17
8434.80984878356  4.925263E-19
8440.32804870421  -6.551223E-18
8445.84624862486  1.724883E-18
8451.36444854551  8.239776E-18
8456.88264846616  1.725624E-17
8462.40084838681  1.333707E-17
8467.91904830746  8.950734E-18
8473.43724822811  4.636808E-18
8478.95544814876  7.133155E-18
8484.47364806941  2.453147E-18
8489.99184799006  5.728148E-18
8495.51004791071  1.227381E-17
8501.02824783136  5.101712E-18
8506.54644775201  1.227365E-17
8512.06464767266  6.863130E-18
8517.58284759331  6.999455E-18
8523.10104751396  8.110178E-19
8528.61924743461  -9.369082E-19
8534.13744735526  1.344533E-18
8539.65564727591  3.124452E-18
8545.17384719656  1.267988E-17
8550.69204711721  8.405122E-18
8556.21024703786  1.385290E-17
8561.72844695851  6.286626E-18
8567.24664687916  6.422200E-18
8572.76484679981  1.816705E-17
8578.28304672046  1.482518E-17
8583.80124664111  1.032821E-17
8589.31944656176  5.831714E-18
8594.83764648241  5.798589E-18
8600.35584640306  1.062280E-17
8605.87404632371  5.446493E-19
8611.39224624436  5.030936E-18
8616.91044616501  2.209763E-18
8622.42864608566  7.509127E-18
8627.94684600631  1.655801E-17
8633.46504592696  6.382659E-18
8638.98324584761  6.153001E-18
8644.50144576826  3.146332E-19
8650.01964568891  -2.165365E-18
8655.53784560956  2.067009E-17
8661.05604553021  2.025731E-17
8666.57424545086  1.118263E-17
8672.09244537151  1.159472E-18
8677.61064529216  4.235179E-19
8683.12884521281  1.196561E-17
8688.64704513346  1.872519E-17
8694.16524505411  7.734480E-18
8699.68344497476  1.582996E-17
8705.20164489541  8.394987E-18
8710.71984481606  6.577181E-18
8716.23804473671  3.967274E-18
8721.75624465736  9.053291E-18
8727.27444457801  7.700966E-18
8732.79264449866  2.664478E-18
8738.31084441931  8.010648E-18
8743.82904433996  9.032209E-19
8749.34724426061  -9.755944E-19
8754.86544418126  1.450107E-17
8760.38364410191  9.595226E-18
8765.90184402256  1.226151E-17
8771.42004394321  5.322362E-18
8776.93824386386  5.882490E-18
8782.45644378451  4.791983E-19
8787.97464370516  1.032432E-17
8793.49284362581  4.861587E-18
8799.01104354646  1.202219E-17
8804.52924346711  2.165438E-17
8810.04744338776  1.198943E-17
8815.56564330841  1.584927E-17
8821.08384322906  3.327627E-17
8826.60204314971  3.390569E-17
8832.12024307036  1.656741E-17
8837.63844299101  2.371674E-17
8843.15664291166  1.282762E-17
8848.67484283231  1.873153E-17
8854.19304275296  2.238010E-17
8859.71124267361  2.096123E-17
8865.22944259426  2.578244E-17
8870.74764251491  2.756575E-17
8876.26584243556  2.601398E-18
8881.78404235621  1.799472E-17
8887.30224227686  1.892590E-17
8892.82044219751  2.677589E-17
8898.33864211816  3.139748E-17
8903.85684203881  3.280851E-17
8909.37504195946  1.505574E-17
8914.89324188011  2.363161E-17
8920.41144180076  3.374436E-17
8925.92964172141  1.366615E-17
8931.44784164206  1.253208E-17
8936.96604156271  2.024345E-17
8942.48424148336  2.106538E-17
8948.00244140401  1.465919E-17
8953.52064132466  2.638582E-17
8959.03884124531  1.562276E-17
8964.55704116596  -1.295155E-18
8970.07524108661  9.852735E-18
8975.59344100726  1.542126E-17
8981.11164092791  1.370054E-17
8986.62984084856  1.585736E-17
8992.14804076921  1.233915E-17
8997.66624068986  1.267815E-17
9003.18444061051  8.054796E-18
9008.70264053116  1.372794E-17
9014.22084045181  1.242682E-17
9019.73904037246  1.558474E-17
9025.25724029311  2.563442E-17
9030.77544021376  1.623641E-17
9036.29364013441  1.087624E-17
9041.81184005506  2.129499E-17
9047.33003997571  1.887362E-17
9052.84823989636  5.228856E-18
9058.36643981701  1.109238E-17
9063.88463973766  1.869978E-17
9069.40283965831  1.511323E-17
9074.92103957896  3.818133E-18
9080.43923949961  2.738826E-18
9085.95743942026  1.406199E-17
9091.47563934091  1.511872E-17
9096.99383926156  1.659528E-17
9102.51203918221  1.980617E-17
9108.03023910286  2.719118E-17
9113.54843902351  8.937723E-18
9119.06663894416  9.157009E-18
9124.58483886481  1.362309E-17
9130.10303878546  1.753612E-17
9135.62123870611  8.768670E-18
9141.13943862676  1.211911E-17
9146.65763854741  1.800958E-17
9152.17583846806  6.384543E-18
9157.69403838871  -1.545720E-19
9163.21223830936  8.664417E-18
9168.73043823001  1.390039E-17
9174.24863815066  1.137873E-17
9179.76683807131  1.997924E-17
9185.28503799196  1.582214E-17
9190.80323791261  3.293449E-18
9196.32143783326  2.290064E-17
9201.83963775391  2.135957E-17
9207.35783767456  9.238276E-18
9212.87603759521  2.567958E-17
9218.39423751586  1.734343E-17
9223.91243743651  1.895314E-17
9229.43063735716  1.487047E-17
9234.94883727781  6.921852E-18
9240.46703719846  2.350100E-17
9245.98523711911  -2.472833E-19
