3492.07739257812  8.625689E-16
3494.92818164825  1.160365E-15
3497.77897071838  9.458181E-16
3500.62975978851  9.620056E-16
3503.48054885864  1.148529E-15
3506.33133792877  8.772198E-16
3509.1821269989  7.312163E-16
3512.03291606903  1.009892E-15
3514.88370513916  1.269772E-15
3517.73449420929  8.533875E-16
3520.58528327942  8.801668E-16
3523.43607234955  7.773218E-16
3526.28686141968  8.768624E-16
3529.13765048981  9.700720E-16
3531.98843955994  9.302036E-16
3534.83922863006  8.971085E-16
3537.69001770019  8.698311E-16
3540.54080677032  7.486688E-16
3543.39159584045  1.128933E-15
3546.24238491058  9.611942E-16
3549.09317398071  8.472381E-16
3551.94396305084  1.017230E-15
3554.79475212097  1.261258E-15
3557.6455411911  6.773854E-16
3560.49633026123  7.297033E-16
3563.34711933136  1.028474E-15
3566.19790840149  9.135298E-16
3569.04869747162  1.164629E-15
3571.89948654175  1.240969E-15
3574.75027561188  8.355983E-16
3577.60106468201  1.116356E-15
3580.45185375213  8.260779E-16
3583.30264282226  1.046175E-15
3586.15343189239  1.591830E-15
3589.00422096252  7.959573E-16
3591.85501003265  8.935802E-16
3594.70579910278  1.090202E-15
3597.55658817291  7.839930E-16
3600.40737724304  7.665824E-16
3603.25816631317  9.830553E-16
3606.1089553833  9.997926E-16
3608.95974445343  9.959443E-16
3611.81053352356  8.304902E-16
3614.66132259369  9.718592E-16
3617.51211166382  1.060480E-15
3620.36290073395  8.332896E-16
3623.21368980408  8.606190E-16
3626.06447887421  8.991804E-16
3628.91526794433  1.088346E-15
3631.76605701446  9.088528E-16
3634.61684608459  9.328019E-16
3637.46763515472  9.929781E-16
3640.31842422485  9.441156E-16
3643.16921329498  8.686967E-16
3646.02000236511  9.064758E-16
3648.87079143524  8.709324E-16
3651.72158050537  1.064126E-15
3654.5723695755  1.063056E-15
3657.42315864563  1.019039E-15
3660.27394771576  1.154318E-15
3663.12473678589  1.224805E-15
3665.97552585602  1.033054E-15
3668.82631492615  9.947687E-16
3671.67710399627  1.158658E-15
3674.52789306641  1.215360E-15
3677.37868213653  1.106032E-15
3680.22947120666  1.130524E-15
3683.08026027679  1.254364E-15
3685.93104934692  9.877600E-16
3688.78183841705  9.997050E-16
3691.63262748718  1.175395E-15
3694.48341655731  1.004921E-15
3697.33420562744  1.128312E-15
3700.18499469757  9.980352E-16
3703.0357837677  8.765971E-16
3705.88657283783  9.682095E-16
3708.73736190796  9.168674E-16
3711.58815097809  1.067194E-15
3714.43894004822  1.046426E-15
3717.28972911835  1.008068E-15
3720.14051818847  1.061504E-15
3722.9913072586  1.374367E-15
3725.84209632873  1.165290E-15
3728.69288539886  1.052104E-15
3731.54367446899  9.534785E-16
3734.39446353912  1.167795E-15
3737.24525260925  1.238201E-15
3740.09604167938  1.028734E-15
3742.94683074951  1.248562E-15
3745.79761981964  1.000733E-15
3748.64840888977  1.039025E-15
3751.4991979599  9.202166E-16
3754.34998703003  9.436058E-16
3757.20077610016  9.696961E-16
3760.05156517029  8.736111E-16
3762.90235424042  9.106255E-16
3765.75314331055  1.021406E-15
3768.60393238068  1.147421E-15
3771.4547214508  9.773869E-16
3774.30551052093  9.061681E-16
3777.15629959106  8.817162E-16
3780.00708866119  1.031420E-15
3782.85787773132  8.994101E-16
3785.70866680145  9.422467E-16
3788.55945587158  6.453389E-16
3791.41024494171  9.161947E-16
3794.26103401184  8.707339E-16
3797.11182308197  9.114948E-16
3799.9626121521  8.014953E-16
3802.81340122223  9.509978E-16
3805.66419029236  8.727473E-16
3808.51497936249  9.455194E-16
3811.36576843262  1.133632E-15
3814.21655750274  1.247561E-15
3817.06734657287  9.758920E-16
3819.918135643  9.102067E-16
3822.76892471313  1.115734E-15
3825.61971378326  9.173614E-16
3828.47050285339  9.058838E-16
3831.32129192352  1.140154E-15
3834.17208099365  9.088001E-16
3837.02287006378  8.880852E-16
3839.87365913391  9.833417E-16
3842.72444820404  9.830244E-16
3845.57523727417  1.028439E-15
3848.4260263443  9.743371E-16
3851.27681541443  9.641228E-16
3854.12760448456  9.886876E-16
3856.97839355469  9.698894E-16
3859.82918262482  9.721986E-16
3862.67997169495  8.945587E-16
3865.53076076507  1.035372E-15
3868.3815498352  1.126079E-15
3871.23233890533  1.040479E-15
3874.08312797546  9.635778E-16
3876.93391704559  1.297664E-15
3879.78470611572  1.111947E-15
3882.63549518585  1.189765E-15
3885.48628425598  1.134885E-15
3888.33707332611  1.032635E-15
3891.18786239624  9.589902E-16
3894.03865146637  1.178014E-15
3896.8894405365  1.196523E-15
3899.74022960663  1.215069E-15
3902.59101867676  1.087848E-15
3905.44180774689  1.034533E-15
3908.29259681702  1.100469E-15
3911.14338588714  9.661895E-16
3913.99417495727  8.870684E-16
3916.8449640274  9.685316E-16
3919.69575309753  9.532623E-16
3922.54654216766  9.524084E-16
3925.39733123779  9.257283E-16
3928.24812030792  8.545764E-16
3931.09890937805  8.174691E-16
3933.94969844818  1.009317E-15
3936.80048751831  7.760713E-16
3939.65127658844  8.825098E-16
3942.50206565857  9.697569E-16
3945.3528547287  8.525782E-16
3948.20364379883  8.874522E-16
3951.05443286896  8.890013E-16
3953.90522193909  8.328618E-16
3956.75601100921  8.525920E-16
3959.60680007934  8.768520E-16
3962.45758914947  7.843690E-16
3965.3083782196  9.861149E-16
3968.15916728973  7.920692E-16
3971.00995635986  8.676476E-16
3973.86074542999  8.410623E-16
3976.71153450012  8.993780E-16
3979.56232357025  9.174122E-16
3982.41311264038  9.692114E-16
3985.26390171051  9.588799E-16
3988.11469078064  9.664156E-16
3990.96547985077  1.058552E-15
3993.8162689209  1.035181E-15
3996.66705799103  9.056213E-16
3999.51784706116  1.060647E-15
4002.36863613128  1.056643E-15
4005.21942520142  1.115715E-15
4008.07021427154  9.115356E-16
4010.92100334167  1.006887E-15
4013.7717924118  1.032267E-15
4016.62258148193  9.946162E-16
4019.47337055206  1.019168E-15
4022.32415962219  9.376909E-16
4025.17494869232  9.364399E-16
4028.02573776245  8.384307E-16
4030.87652683258  1.060029E-15
4033.72731590271  9.364423E-16
4036.57810497284  1.010378E-15
4039.42889404297  1.031307E-15
4042.2796831131  1.084993E-15
4045.13047218323  1.030312E-15
4047.98126125336  8.427922E-16
4050.83205032348  9.830079E-16
4053.68283939361  1.056076E-15
4056.53362846374  8.857111E-16
4059.38441753387  8.870379E-16
4062.235206604  1.020045E-15
4065.08599567413  1.040531E-15
4067.93678474426  9.818898E-16
4070.78757381439  1.078717E-15
4073.63836288452  1.056354E-15
4076.48915195465  1.047043E-15
4079.33994102478  1.072311E-15
4082.19073009491  1.133931E-15
4085.04151916504  1.039708E-15
4087.89230823517  1.046375E-15
4090.7430973053  1.097198E-15
4093.59388637543  1.059721E-15
4096.44467544555  1.193094E-15
4099.29546451568  1.073403E-15
4102.14625358581  1.059551E-15
4104.99704265594  1.069050E-15
4107.84783172607  1.199102E-15
4110.6986207962  1.153275E-15
4113.54940986633  1.189465E-15
4116.40019893646  1.125997E-15
4119.25098800659  1.132065E-15
4122.10177707672  1.092375E-15
4124.95256614685  1.105082E-15
4127.80335521698  1.071939E-15
4130.65414428711  1.155886E-15
4133.50493335724  1.021767E-15
4136.35572242737  1.082662E-15
4139.2065114975  1.015275E-15
4142.05730056762  1.159396E-15
4144.90808963775  9.905098E-16
4147.75887870788  9.859233E-16
4150.60966777801  1.065189E-15
4153.46045684814  9.322812E-16
4156.31124591827  9.885474E-16
4159.1620349884  9.773597E-16
4162.01282405853  9.242540E-16
4164.86361312866  9.626940E-16
4167.71440219879  1.069164E-15
4170.56519126892  1.039184E-15
4173.41598033905  9.241746E-16
4176.26676940918  1.045782E-15
4179.11755847931  9.720781E-16
4181.96834754944  1.062542E-15
4184.81913661956  9.280970E-16
4187.6699256897  1.032552E-15
4190.52071475983  9.608582E-16
4193.37150382995  9.422524E-16
4196.22229290008  9.255247E-16
4199.07308197021  1.019458E-15
4201.92387104034  9.784224E-16
4204.77466011047  9.555769E-16
4207.6254491806  1.040839E-15
4210.47623825073  9.907184E-16
4213.32702732086  9.083167E-16
4216.17781639099  9.742587E-16
4219.02860546112  9.260825E-16
4221.87939453125  1.008886E-15
4224.73018360138  9.367733E-16
4227.58097267151  9.357945E-16
4230.43176174164  1.078053E-15
4233.28255081177  1.034361E-15
4236.1333398819  8.975007E-16
4238.98412895202  9.849189E-16
4241.83491802215  9.559761E-16
4244.68570709228  1.012570E-15
4247.53649616241  9.800551E-16
4250.38728523254  9.418412E-16
4253.23807430267  1.042125E-15
4256.0888633728  9.526844E-16
4258.93965244293  9.255446E-16
4261.79044151306  9.479884E-16
4264.64123058319  9.451331E-16
4267.49201965332  9.966153E-16
4270.34280872345  9.290059E-16
4273.19359779358  8.806085E-16
4276.04438686371  1.026363E-15
4278.89517593384  9.471733E-16
4281.74596500397  9.451525E-16
4284.59675407409  9.773881E-16
4287.44754314422  1.015715E-15
4290.29833221435  9.317227E-16
4293.14912128448  1.035273E-15
4295.99991035461  1.028092E-15
4298.85069942474  9.639547E-16
4301.70148849487  9.293224E-16
4304.552277565  1.086873E-15
4307.40306663513  1.044625E-15
4310.25385570526  1.024087E-15
4313.10464477539  9.846137E-16
4315.95543384552  9.560554E-16
4318.80622291565  9.516122E-16
4321.65701198578  1.009724E-15
4324.50780105591  9.680114E-16
4327.35859012604  8.745161E-16
4330.20937919616  9.567052E-16
4333.0601682663  9.856072E-16
4335.91095733642  9.543607E-16
4338.76174640655  9.315434E-16
4341.61253547668  9.164704E-16
4344.46332454681  8.896946E-16
4347.31411361694  8.486692E-16
4350.16490268707  9.043917E-16
4353.0156917572  9.128477E-16
4355.86648082733  1.000756E-15
4358.71726989746  8.730492E-16
4361.56805896759  9.253221E-16
4364.41884803772  8.802364E-16
4367.26963710785  7.915647E-16
4370.12042617798  8.542324E-16
4372.97121524811  8.394924E-16
4375.82200431824  8.483934E-16
4378.67279338837  8.171291E-16
4381.52358245849  7.832410E-16
4384.37437152862  7.674787E-16
4387.22516059875  7.744761E-16
4390.07594966888  7.525672E-16
4392.92673873901  7.785811E-16
4395.77752780914  7.016844E-16
4398.62831687927  7.503803E-16
4401.4791059494  7.918899E-16
4404.32989501953  7.520713E-16
4407.18068408966  8.294745E-16
4410.03147315979  6.986337E-16
4412.88226222992  7.538744E-16
4415.73305130005  7.984896E-16
4418.58384037018  7.346433E-16
4421.43462944031  7.066059E-16
4424.28541851043  7.974048E-16
4427.13620758056  6.893250E-16
4429.98699665069  7.796612E-16
4432.83778572082  6.562124E-16
4435.68857479095  6.982382E-16
4438.53936386108  7.332290E-16
4441.39015293121  7.706414E-16
4444.24094200134  7.761593E-16
4447.09173107147  7.923524E-16
4449.9425201416  7.570185E-16
4452.79330921173  7.656057E-16
4455.64409828186  8.240185E-16
4458.49488735199  8.483580E-16
4461.34567642212  7.489641E-16
4464.19646549225  8.293853E-16
4467.04725456238  7.495635E-16
4469.89804363251  8.281798E-16
4472.74883270264  7.448740E-16
4475.59962177276  8.693044E-16
4478.45041084289  8.553062E-16
4481.30119991302  8.774359E-16
4484.15198898315  8.761799E-16
4487.00277805328  8.197576E-16
4489.85356712341  8.149146E-16
4492.70435619354  8.366541E-16
4495.55514526367  8.312066E-16
4498.4059343338  8.690243E-16
4501.25672340393  8.775337E-16
4504.10751247406  8.940786E-16
4506.95830154419  8.590645E-16
4509.80909061432  1.002538E-15
4512.65987968445  9.115978E-16
4515.51066875458  9.396996E-16
4518.36145782471  9.410586E-16
4521.21224689484  8.666510E-16
4524.06303596496  9.060698E-16
4526.91382503509  9.499854E-16
4529.76461410522  9.475658E-16
4532.61540317535  8.967001E-16
4535.46619224548  9.310280E-16
4538.31698131561  9.004795E-16
4541.16777038574  9.155134E-16
4544.01855945587  1.002460E-15
4546.869348526  9.650798E-16
4549.72013759613  9.565241E-16
4552.57092666626  9.144446E-16
4555.42171573639  9.136429E-16
4558.27250480652  8.943995E-16
4561.12329387665  9.441390E-16
4563.97408294678  8.446019E-16
4566.8248720169  9.360779E-16
4569.67566108703  8.629871E-16
4572.52645015716  9.329298E-16
4575.37723922729  9.213408E-16
4578.22802829742  8.778551E-16
4581.07881736755  8.550374E-16
4583.92960643768  8.680618E-16
4586.78039550781  8.836200E-16
4589.63118457794  9.362458E-16
4592.48197364807  9.521960E-16
4595.3327627182  8.459508E-16
4598.18355178833  8.814217E-16
4601.03434085846  9.451796E-16
4603.88512992859  8.806828E-16
4606.73591899872  9.133432E-16
4609.58670806885  8.979617E-16
4612.43749713898  9.029446E-16
4615.28828620911  9.305428E-16
4618.13907527923  9.317133E-16
4620.98986434936  9.303004E-16
4623.84065341949  8.870135E-16
4626.69144248962  9.017964E-16
4629.54223155975  8.526374E-16
4632.39302062988  8.907739E-16
4635.24380970001  9.058621E-16
4638.09459877014  9.597029E-16
4640.94538784027  9.537251E-16
4643.7961769104  8.838101E-16
4646.64696598053  8.357122E-16
4649.49775505066  8.654628E-16
4652.34854412079  8.841771E-16
4655.19933319092  8.759233E-16
4658.05012226105  9.418768E-16
4660.90091133118  9.145477E-16
4663.7517004013  8.862976E-16
4666.60248947143  8.049444E-16
4669.45327854156  8.661331E-16
4672.30406761169  8.386769E-16
4675.15485668182  8.479859E-16
4678.00564575195  8.704679E-16
4680.85643482208  8.688254E-16
4683.70722389221  7.995726E-16
4686.55801296234  8.392858E-16
4689.40880203247  8.625057E-16
4692.2595911026  8.443236E-16
4695.11038017273  9.007234E-16
4697.96116924286  9.311984E-16
4700.81195831299  8.740596E-16
4703.66274738312  8.935452E-16
4706.51353645325  9.084001E-16
4709.36432552337  9.261202E-16
4712.2151145935  9.347894E-16
4715.06590366363  9.981553E-16
4717.91669273376  8.673679E-16
4720.76748180389  1.002696E-15
4723.61827087402  9.427502E-16
4726.46905994415  9.438263E-16
4729.31984901428  9.347177E-16
4732.17063808441  8.962449E-16
4735.02142715454  9.363495E-16
4737.87221622467  9.114069E-16
4740.7230052948  9.295034E-16
4743.57379436493  9.541036E-16
4746.42458343506  9.345916E-16
4749.27537250519  8.777980E-16
4752.12616157531  1.005273E-15
4754.97695064544  9.756020E-16
4757.82773971558  9.678328E-16
4760.6785287857  9.205183E-16
4763.52931785583  9.525270E-16
4766.38010692596  9.340170E-16
4769.23089599609  9.424305E-16
4772.08168506622  9.417332E-16
4774.93247413635  9.605434E-16
4777.78326320648  9.451964E-16
4780.63405227661  9.346900E-16
4783.48484134674  9.478758E-16
4786.33563041687  9.450454E-16
4789.186419487  8.867150E-16
4792.03720855713  9.215749E-16
4794.88799762726  9.625440E-16
4797.73878669739  8.768098E-16
4800.58957576752  8.907504E-16
4803.44036483764  8.955396E-16
4806.29115390777  8.912079E-16
4809.1419429779  9.321836E-16
4811.99273204803  9.099842E-16
4814.84352111816  8.442084E-16
4817.69431018829  8.493734E-16
4820.54509925842  8.932795E-16
4823.39588832855  8.423026E-16
4826.24667739868  8.419542E-16
4829.09746646881  8.341382E-16
4831.94825553894  8.825014E-16
4834.79904460907  8.797339E-16
4837.6498336792  8.267830E-16
4840.50062274933  8.196063E-16
4843.35141181946  8.372578E-16
4846.20220088959  8.305944E-16
4849.05298995971  8.641324E-16
4851.90377902984  8.570700E-16
4854.75456809997  8.294789E-16
4857.6053571701  8.646361E-16
4860.45614624023  7.919045E-16
4863.30693531036  8.428490E-16
4866.15772438049  8.539427E-16
4869.00851345062  8.075431E-16
4871.85930252075  8.512417E-16
4874.71009159088  8.641777E-16
4877.56088066101  8.261190E-16
4880.41166973114  8.452835E-16
4883.26245880127  8.408900E-16
4886.1132478714  8.039809E-16
4888.96403694153  8.038629E-16
4891.81482601166  7.751503E-16
4894.66561508178  7.456420E-16
4897.51640415191  8.528492E-16
4900.36719322204  7.516522E-16
4903.21798229217  8.378836E-16
4906.0687713623  7.523009E-16
4908.91956043243  8.071524E-16
4911.77034950256  8.311291E-16
4914.62113857269  7.768709E-16
4917.47192764282  7.493434E-16
4920.32271671295  7.486235E-16
4923.17350578308  7.893935E-16
4926.02429485321  8.071051E-16
4928.87508392334  7.875621E-16
4931.72587299347  7.880509E-16
4934.5766620636  7.809881E-16
4937.42745113373  7.865095E-16
4940.27824020386  7.882710E-16
4943.12902927399  7.707767E-16
4945.97981834411  8.116200E-16
4948.83060741424  7.448321E-16
4951.68139648437  8.078219E-16
4954.5321855545  7.666891E-16
4957.38297462463  8.123132E-16
4960.23376369476  7.745821E-16
4963.08455276489  8.055011E-16
4965.93534183502  7.836036E-16
4968.78613090515  8.724832E-16
4971.63691997528  8.972325E-16
4974.48770904541  9.020070E-16
4977.33849811554  8.593497E-16
4980.18928718567  8.164710E-16
4983.0400762558  8.340507E-16
4985.89086532593  8.107709E-16
4988.74165439606  8.200471E-16
4991.59244346618  7.838825E-16
4994.44323253631  8.057388E-16
4997.29402160644  8.199440E-16
5000.14481067657  7.898689E-16
5002.9955997467  8.063645E-16
5005.84638881683  7.559503E-16
5008.69717788696  7.940027E-16
5011.54796695709  7.910111E-16
5014.39875602722  7.858994E-16
5017.24954509735  7.942636E-16
5020.10033416748  7.625069E-16
5022.95112323761  7.770294E-16
5025.80191230774  8.024628E-16
5028.65270137787  7.651439E-16
5031.503490448  7.292240E-16
5034.35427951813  7.800517E-16
5037.20506858826  7.372477E-16
5040.05585765838  7.794114E-16
5042.90664672851  7.912000E-16
5045.75743579864  7.373735E-16
5048.60822486877  7.952646E-16
5051.4590139389  7.927787E-16
5054.30980300903  8.214634E-16
5057.16059207916  7.103136E-16
5060.01138114929  7.843851E-16
5062.86217021942  7.786969E-16
5065.71295928955  7.188631E-16
5068.56374835968  7.084165E-16
5071.41453742981  7.761478E-16
5074.26532649994  7.764605E-16
5077.11611557007  6.863988E-16
5079.9669046402  6.524235E-16
5082.81769371033  6.674567E-16
5085.66848278046  7.070193E-16
5088.51927185058  7.074960E-16
5091.37006092072  7.193418E-16
5094.22084999084  6.727595E-16
5097.07163906097  6.241949E-16
5099.9224281311  6.907996E-16
5102.77321720123  6.978047E-16
5105.62400627136  6.974266E-16
5108.47479534149  6.917136E-16
5111.32558441162  6.558245E-16
5114.17637348175  6.895258E-16
5117.02716255188  7.104904E-16
5119.87795162201  6.271086E-16
5122.72874069214  6.807854E-16
5125.57952976227  6.466662E-16
5128.4303188324  5.950483E-16
5131.28110790253  6.593603E-16
5134.13189697265  6.202506E-16
5136.98268604278  5.893609E-16
5139.83347511291  6.570842E-16
5142.68426418304  6.414797E-16
5145.53505325317  5.810971E-16
5148.3858423233  6.487598E-16
5151.23663139343  6.149858E-16
5154.08742046356  6.486848E-16
5156.93820953369  7.033982E-16
5159.78899860382  6.528716E-16
5162.63978767395  6.032205E-16
5165.49057674408  6.479615E-16
5168.34136581421  6.641825E-16
5171.19215488434  6.707321E-16
5174.04294395447  6.374594E-16
5176.8937330246  6.850427E-16
5179.74452209473  6.441638E-16
5182.59531116485  6.618186E-16
5185.44610023498  6.730772E-16
5188.29688930511  6.567128E-16
5191.14767837524  7.116898E-16
5193.99846744537  6.215338E-16
5196.8492565155  6.822055E-16
5199.70004558563  6.959508E-16
5202.55083465576  6.714642E-16
5205.40162372589  6.854751E-16
5208.25241279602  6.129481E-16
5211.10320186615  7.319696E-16
5213.95399093628  6.612927E-16
5216.80478000641  6.977737E-16
5219.65556907654  7.166286E-16
5222.50635814667  7.668907E-16
5225.3571472168  6.973404E-16
5228.20793628692  6.966557E-16
5231.05872535705  7.302890E-16
5233.90951442718  7.483005E-16
5236.76030349731  6.928319E-16
5239.61109256744  6.731261E-16
5242.46188163757  7.061893E-16
5245.3126707077  7.191819E-16
5248.16345977783  7.206421E-16
5251.01424884796  7.573200E-16
5253.86503791809  7.132251E-16
5256.71582698822  7.503469E-16
5259.56661605835  7.426431E-16
5262.41740512848  7.140007E-16
5265.26819419861  7.856195E-16
5268.11898326874  7.500139E-16
5270.96977233887  7.354646E-16
5273.820561409  7.643505E-16
5276.67135047912  7.713201E-16
5279.52213954925  7.428702E-16
5282.37292861938  7.117480E-16
5285.22371768951  7.380600E-16
5288.07450675964  7.325858E-16
5290.92529582977  7.371772E-16
5293.7760848999  7.016927E-16
5296.62687397003  7.299579E-16
5299.47766304016  7.214410E-16
5302.32845211029  6.969267E-16
5305.17924118042  7.038243E-16
5308.03003025055  7.316375E-16
5310.88081932068  6.902049E-16
5313.73160839081  7.189600E-16
5316.58239746094  7.771681E-16
5319.43318653107  7.738291E-16
5322.28397560119  7.424313E-16
5325.13476467133  7.322570E-16
5327.98555374145  7.849173E-16
5330.83634281158  7.277509E-16
5333.68713188171  7.304551E-16
5336.53792095184  7.786608E-16
5339.38871002197  7.654732E-16
5342.2394990921  7.818996E-16
5345.09028816223  6.894762E-16
5347.94107723236  7.166909E-16
5350.79186630249  7.543322E-16
5353.64265537262  7.508517E-16
5356.49344444275  7.969665E-16
5359.34423351288  7.557317E-16
5362.19502258301  7.420083E-16
5365.04581165314  8.233578E-16
5367.89660072327  7.652759E-16
5370.74738979339  7.621047E-16
5373.59817886352  7.442640E-16
5376.44896793365  7.139015E-16
5379.29975700378  7.290529E-16
5382.15054607391  7.842935E-16
5385.00133514404  7.374414E-16
5387.85212421417  7.066360E-16
5390.7029132843  7.270472E-16
5393.55370235443  6.890393E-16
5396.40449142456  7.678658E-16
5399.25528049469  7.145250E-16
5402.10606956482  7.505402E-16
5404.95685863495  7.169469E-16
5407.80764770508  8.108474E-16
5410.65843677521  7.497983E-16
5413.50922584534  7.729212E-16
5416.36001491546  7.839713E-16
5419.2108039856  7.901996E-16
5422.06159305572  7.400444E-16
5424.91238212585  7.562108E-16
5427.76317119598  7.537391E-16
5430.61396026611  7.645559E-16
5433.46474933624  7.280380E-16
5436.31553840637  7.498948E-16
5439.1663274765  7.210364E-16
5442.01711654663  6.730196E-16
5444.86790561676  7.438272E-16
5447.71869468689  8.030307E-16
5450.56948375702  7.486419E-16
5453.42027282715  7.216541E-16
5456.27106189728  6.985268E-16
5459.12185096741  6.725705E-16
5461.97264003754  7.634470E-16
5464.82342910766  7.180535E-16
5467.67421817779  7.196018E-16
5470.52500724792  7.353357E-16
5473.37579631805  7.352798E-16
5476.22658538818  6.959446E-16
5479.07737445831  7.423119E-16
5481.92816352844  7.431781E-16
5484.77895259857  6.835789E-16
5487.6297416687  7.529941E-16
5490.48053073883  6.963862E-16
5493.33131980896  6.723789E-16
5496.18210887909  7.566113E-16
5499.03289794922  7.219837E-16
5501.88368701935  6.905843E-16
5504.73447608948  7.030048E-16
5507.58526515961  6.936300E-16
5510.43605422973  6.925929E-16
5513.28684329986  7.121526E-16
5516.13763236999  6.955274E-16
5518.98842144012  7.324744E-16
5521.83921051025  6.737373E-16
5524.68999958038  7.000283E-16
5527.54078865051  7.032824E-16
5530.39157772064  7.161506E-16
5533.24236679077  7.157864E-16
5536.0931558609  6.962651E-16
5538.94394493103  7.097825E-16
5541.79473400116  7.238711E-16
5544.64552307129  6.983849E-16
5547.49631214142  7.274870E-16
5550.34710121155  7.056972E-16
5553.19789028168  7.064307E-16
5556.04867935181  7.291192E-16
5558.89946842193  7.621102E-16
5561.75025749206  8.026553E-16
5564.60104656219  7.237325E-16
5567.45183563232  7.118649E-16
5570.30262470245  7.159225E-16
5573.15341377258  6.902438E-16
5576.00420284271  7.140805E-16
5578.85499191284  7.440139E-16
5581.70578098297  7.720868E-16
5584.5565700531  7.380507E-16
5587.40735912323  7.445140E-16
5590.25814819336  7.584635E-16
5593.10893726349  7.325309E-16
5595.95972633362  6.997995E-16
5598.81051540375  6.875271E-16
5601.66130447388  7.270033E-16
5604.512093544  7.020601E-16
5607.36288261414  7.775593E-16
5610.21367168426  6.981993E-16
5613.06446075439  7.299037E-16
5615.91524982452  7.519551E-16
5618.76603889465  6.980291E-16
5621.61682796478  7.165295E-16
5624.46761703491  6.862774E-16
5627.31840610504  6.996742E-16
5630.16919517517  6.769226E-16
5633.0199842453  6.563269E-16
5635.87077331543  7.282934E-16
5638.72156238556  7.027690E-16
5641.57235145569  7.675886E-16
5644.42314052582  6.180550E-16
5647.27392959595  6.623812E-16
5650.12471866608  7.049233E-16
5652.97550773621  8.046181E-16
5655.82629680633  6.866914E-16
5658.67708587647  6.866134E-16
5661.52787494659  6.789817E-16
5664.37866401672  7.323549E-16
5667.22945308685  7.253262E-16
5670.08024215698  7.059834E-16
5672.93103122711  6.885497E-16
5675.78182029724  7.700158E-16
5678.63260936737  6.443041E-16
5681.4833984375  7.283333E-16
5684.33418750763  7.646144E-16
5687.18497657776  7.442541E-16
5690.03576564789  7.409034E-16
5692.88655471802  7.426958E-16
5695.73734378815  6.938080E-16
5698.58813285827  7.178675E-16
5701.43892192841  7.493193E-16
5704.28971099853  7.234837E-16
5707.14050006866  6.754704E-16
5709.99128913879  7.064306E-16
5712.84207820892  7.621746E-16
5715.69286727905  7.800873E-16
5718.54365634918  7.913993E-16
5721.39444541931  7.272233E-16
5724.24523448944  7.050335E-16
5727.09602355957  6.911708E-16
5729.9468126297  7.252499E-16
5732.79760169983  7.526971E-16
5735.64839076996  7.380569E-16
5738.49917984009  7.456906E-16
5741.34996891022  7.241690E-16
5744.20075798035  7.808109E-16
5747.05154705048  7.431772E-16
5749.9023361206  6.847442E-16
5752.75312519073  6.996222E-16
5755.60391426086  7.095218E-16
5758.45470333099  7.079311E-16
5761.30549240112  6.775861E-16
5764.15628147125  7.002946E-16
5767.00707054138  7.857014E-16
5769.85785961151  7.619566E-16
5772.70864868164  7.014553E-16
5775.55943775177  7.544860E-16
5778.4102268219  7.464053E-16
5781.26101589203  7.231136E-16
5784.11180496216  6.811709E-16
5786.96259403229  7.417310E-16
5789.81338310242  7.353522E-16
5792.66417217255  7.147759E-16
5795.51496124267  7.509270E-16
5798.3657503128  7.364005E-16
5801.21653938293  7.408004E-16
5804.06732845306  7.142782E-16
5806.91811752319  7.147898E-16
5809.76890659332  7.345399E-16
5812.61969566345  6.959857E-16
5815.47048473358  7.129878E-16
5818.32127380371  7.337536E-16
5821.17206287384  7.143558E-16
5824.02285194397  6.840713E-16
5826.8736410141  7.901862E-16
5829.72443008423  7.803483E-16
5832.57521915436  7.720761E-16
5835.42600822449  7.101078E-16
5838.27679729462  7.154801E-16
5841.12758636474  7.356558E-16
5843.97837543487  7.062930E-16
5846.829164505  6.960304E-16
5849.67995357513  7.143121E-16
5852.53074264526  7.348939E-16
5855.38153171539  7.684714E-16
5858.23232078552  8.036258E-16
5861.08310985565  7.318957E-16
5863.93389892578  7.114375E-16
5866.78468799591  7.608406E-16
5869.63547706604  7.365045E-16
5872.48626613617  7.904525E-16
5875.3370552063  7.782986E-16
5878.18784427643  7.204807E-16
5881.03863334656  7.383101E-16
5883.88942241668  7.287704E-16
5886.74021148682  6.819444E-16
5889.59100055694  6.681450E-16
5892.44178962707  7.365174E-16
5895.2925786972  6.725246E-16
5898.14336776733  7.065347E-16
5900.99415683746  6.818034E-16
5903.84494590759  7.466332E-16
5906.69573497772  7.046036E-16
5909.54652404785  7.009769E-16
5912.39731311798  7.472808E-16
5915.24810218811  7.217317E-16
5918.09889125824  6.165406E-16
5920.94968032837  6.628953E-16
5923.8004693985  6.923568E-16
5926.65125846863  6.660633E-16
5929.50204753876  7.239485E-16
5932.35283660889  7.011905E-16
5935.20362567901  6.289056E-16
5938.05441474914  6.541994E-16
5940.90520381927  7.397697E-16
5943.7559928894  7.966057E-16
5946.60678195953  7.288562E-16
5949.45757102966  7.101502E-16
5952.30836009979  7.055845E-16
5955.15914916992  7.201805E-16
5958.00993824005  7.473204E-16
5960.86072731018  7.029820E-16
5963.71151638031  7.316472E-16
5966.56230545044  7.682356E-16
5969.41309452057  7.036080E-16
5972.2638835907  7.226985E-16
5975.11467266083  7.166383E-16
5977.96546173096  7.136852E-16
5980.81625080109  7.924459E-16
5983.66703987121  6.667473E-16
5986.51782894134  7.144626E-16
5989.36861801147  7.142627E-16
5992.2194070816  7.406480E-16
5995.07019615173  6.845649E-16
5997.92098522186  7.231697E-16
6000.77177429199  6.993754E-16
6003.62256336212  7.621287E-16
6006.47335243225  7.666943E-16
6009.32414150238  6.915013E-16
6012.17493057251  7.324203E-16
6015.02571964264  7.485450E-16
6017.87650871277  6.844183E-16
6020.7272977829  6.805157E-16
6023.57808685303  6.998647E-16
6026.42887592315  6.708480E-16
6029.27966499328  6.318359E-16
6032.13045406341  6.985506E-16
6034.98124313354  6.938840E-16
6037.83203220367  7.208353E-16
6040.6828212738  6.768933E-16
6043.53361034393  6.845339E-16
6046.38439941406  7.405637E-16
6049.23518848419  7.517171E-16
6052.08597755432  7.531864E-16
6054.93676662445  7.552471E-16
6057.78755569458  7.426075E-16
6060.63834476471  7.339801E-16
6063.48913383484  7.266183E-16
6066.33992290497  7.133043E-16
6069.1907119751  7.882236E-16
6072.04150104523  7.781249E-16
6074.89229011536  7.140408E-16
6077.74307918548  7.365792E-16
6080.59386825561  7.767402E-16
6083.44465732574  7.437146E-16
6086.29544639587  7.416597E-16
6089.146235466  7.347521E-16
6091.99702453613  7.101478E-16
6094.84781360626  7.386140E-16
6097.69860267639  7.083351E-16
6100.54939174652  7.326036E-16
6103.40018081665  7.689331E-16
6106.25096988678  6.817175E-16
6109.10175895691  7.048942E-16
6111.95254802704  6.700557E-16
6114.80333709717  6.865014E-16
6117.6541261673  7.369572E-16
6120.50491523743  7.497597E-16
6123.35570430755  7.598577E-16
6126.20649337768  7.205657E-16
6129.05728244781  6.696468E-16
6131.90807151794  7.293433E-16
6134.75886058807  7.243364E-16
6137.6096496582  7.191041E-16
6140.46043872833  7.142197E-16
6143.31122779846  7.841057E-16
6146.16201686859  7.294088E-16
6149.01280593872  6.855156E-16
6151.86359500885  7.369773E-16
6154.71438407898  7.648543E-16
6157.56517314911  7.089676E-16
6160.41596221924  7.348241E-16
6163.26675128937  7.696973E-16
6166.1175403595  7.827239E-16
6168.96832942963  7.236900E-16
6171.81911849975  7.381302E-16
6174.66990756988  7.611388E-16
6177.52069664001  7.261096E-16
6180.37148571014  7.260825E-16
6183.22227478027  8.008481E-16
6186.0730638504  7.142210E-16
6188.92385292053  6.708143E-16
6191.77464199066  6.945352E-16
6194.62543106079  6.949741E-16
6197.47622013092  7.675471E-16
6200.32700920105  7.622958E-16
6203.17779827118  7.350819E-16
6206.02858734131  7.414896E-16
6208.87937641144  7.476297E-16
6211.73016548157  7.512274E-16
6214.5809545517  7.563585E-16
6217.43174362183  7.625923E-16
6220.28253269195  7.463467E-16
6223.13332176208  7.820750E-16
6225.98411083221  7.321123E-16
6228.83489990234  6.979632E-16
6231.68568897247  8.028456E-16
6234.5364780426  7.692987E-16
6237.38726711273  6.888464E-16
6240.23805618286  7.143518E-16
6243.08884525299  7.827298E-16
6245.93963432312  7.648145E-16
6248.79042339325  7.396949E-16
6251.64121246338  7.396863E-16
6254.49200153351  7.154727E-16
6257.34279060364  7.867474E-16
6260.19357967377  7.632779E-16
6263.0443687439  7.709139E-16
6265.89515781402  7.341821E-16
6268.74594688415  7.163871E-16
6271.59673595428  7.341050E-16
6274.44752502441  7.331641E-16
6277.29831409454  7.671889E-16
6280.14910316467  7.523890E-16
6282.9998922348  7.358572E-16
6285.85068130493  7.242618E-16
6288.70147037506  7.283957E-16
6291.55225944519  7.184512E-16
6294.40304851532  6.734951E-16
6297.25383758545  6.510673E-16
6300.10462665558  7.282934E-16
6302.95541572571  7.501146E-16
6305.80620479584  7.164281E-16
6308.65699386597  6.968112E-16
6311.50778293609  7.062612E-16
6314.35857200623  6.913766E-16
6317.20936107635  7.281215E-16
6320.06015014648  6.990363E-16
6322.91093921661  6.945782E-16
6325.76172828674  6.932614E-16
6328.61251735687  7.017217E-16
6331.463306427  6.507011E-16
6334.31409549713  7.234982E-16
6337.16488456726  7.203531E-16
6340.01567363739  6.747664E-16
6342.86646270752  6.340856E-16
6345.71725177765  6.163388E-16
6348.56804084778  7.056867E-16
6351.41882991791  6.031949E-16
6354.26961898803  6.638177E-16
6357.12040805817  6.613877E-16
6359.97119712829  6.488178E-16
6362.82198619842  6.631474E-16
6365.67277526855  6.539290E-16
6368.52356433868  6.378914E-16
6371.37435340881  6.524108E-16
6374.22514247894  6.532838E-16
6377.07593154907  6.661591E-16
6379.9267206192  6.871199E-16
6382.77750968933  6.694659E-16
6385.62829875946  6.647715E-16
6388.47908782959  6.884986E-16
6391.32987689972  6.456602E-16
6394.18066596985  6.573268E-16
6397.03145503998  7.068014E-16
6399.88224411011  7.208561E-16
6402.73303318024  7.150549E-16
6405.58382225036  6.541342E-16
6408.43461132049  7.200268E-16
6411.28540039062  6.743470E-16
6414.13618946075  6.415785E-16
6416.98697853088  7.316717E-16
6419.83776760101  6.564546E-16
6422.68855667114  6.041730E-16
6425.53934574127  6.759896E-16
6428.3901348114  6.900235E-16
6431.24092388153  6.411074E-16
6434.09171295166  6.558833E-16
6436.94250202179  6.720808E-16
6439.79329109192  6.515497E-16
6442.64408016205  6.986916E-16
6445.49486923218  7.173151E-16
6448.34565830231  7.104737E-16
6451.19644737244  6.610896E-16
6454.04723644256  6.464883E-16
6456.8980255127  7.050267E-16
6459.74881458282  7.422142E-16
6462.59960365295  6.975440E-16
6465.45039272308  6.773747E-16
6468.30118179321  6.565639E-16
6471.15197086334  6.907627E-16
6474.00275993347  6.775293E-16
6476.8535490036  7.135806E-16
6479.70433807373  7.181213E-16
6482.55512714386  7.577413E-16
6485.40591621399  7.158507E-16
6488.25670528412  7.413272E-16
6491.10749435425  7.269698E-16
6493.95828342438  7.372178E-16
6496.80907249451  7.665925E-16
6499.65986156464  7.162370E-16
6502.51065063477  7.137582E-16
6505.36143970489  7.272178E-16
6508.21222877502  7.101357E-16
6511.06301784515  7.092594E-16
6513.91380691528  6.830844E-16
6516.76459598541  7.098625E-16
6519.61538505554  7.590545E-16
6522.46617412567  6.830290E-16
6525.3169631958  7.370087E-16
6528.16775226593  6.392956E-16
6531.01854133606  6.852281E-16
6533.86933040619  7.084986E-16
6536.72011947632  7.106747E-16
6539.57090854645  6.985127E-16
6542.42169761658  6.774133E-16
6545.2724866867  7.267740E-16
6548.12327575683  7.042738E-16
6550.97406482696  6.992528E-16
6553.82485389709  6.738265E-16
6556.67564296722  6.373279E-16
6559.52643203735  7.121260E-16
6562.37722110748  7.509514E-16
6565.22801017761  6.813039E-16
6568.07879924774  6.987907E-16
6570.92958831787  6.642587E-16
6573.780377388  6.565876E-16
6576.63116645813  7.089105E-16
6579.48195552826  6.655210E-16
6582.33274459839  6.673596E-16
6585.18353366852  7.129244E-16
6588.03432273865  6.793604E-16
6590.88511180878  6.349580E-16
6593.7359008789  5.919564E-16
6596.58668994903  6.519236E-16
6599.43747901916  7.230175E-16
6602.28826808929  6.504892E-16
6605.13905715942  6.430107E-16
6607.98984622955  6.404863E-16
6610.84063529968  6.570986E-16
6613.69142436981  6.516173E-16
6616.54221343994  6.187087E-16
6619.39300251007  7.029538E-16
6622.2437915802  6.656522E-16
6625.09458065033  6.677051E-16
6627.94536972046  6.275058E-16
6630.79615879059  7.155739E-16
6633.64694786072  6.857183E-16
6636.49773693084  6.944727E-16
6639.34852600097  6.342194E-16
6642.19931507111  6.862252E-16
6645.05010414123  6.231466E-16
6647.90089321136  6.707837E-16
6650.75168228149  6.964333E-16
6653.60247135162  7.052018E-16
6656.45326042175  7.292541E-16
6659.30404949188  6.809411E-16
6662.15483856201  7.256692E-16
6665.00562763214  6.924663E-16
6667.85641670227  6.833090E-16
6670.7072057724  6.924683E-16
6673.55799484253  6.781954E-16
6676.40878391266  6.564786E-16
6679.25957298279  6.807700E-16
6682.11036205292  6.799487E-16
6684.96115112305  6.658128E-16
6687.81194019317  6.788383E-16
6690.6627292633  7.045757E-16
6693.51351833343  7.262004E-16
6696.36430740356  7.351868E-16
6699.21509647369  7.506175E-16
6702.06588554382  8.339857E-16
6704.91667461395  9.866832E-16
6707.76746368408  1.106947E-15
6710.61825275421  1.222286E-15
6713.46904182434  1.300632E-15
6716.31983089447  1.304104E-15
6719.1706199646  1.147876E-15
6722.02140903473  9.015808E-16
6724.87219810486  8.555477E-16
6727.72298717499  8.419500E-16
6730.57377624512  8.656679E-16
6733.42456531525  8.492545E-16
6736.27535438538  8.174638E-16
6739.1261434555  8.032670E-16
6741.97693252564  7.296636E-16
6744.82772159576  7.191359E-16
6747.67851066589  6.355647E-16
6750.52929973602  6.529960E-16
6753.38008880615  6.703353E-16
6756.23087787628  7.158933E-16
6759.08166694641  6.520849E-16
6761.93245601654  6.367823E-16
6764.78324508667  6.667749E-16
6767.6340341568  6.812427E-16
6770.48482322693  6.318623E-16
6773.33561229706  6.359837E-16
6776.18640136719  6.436081E-16
6779.03719043731  7.115275E-16
6781.88797950744  7.067944E-16
6784.73876857757  6.820527E-16
6787.5895576477  6.428858E-16
6790.44034671783  5.963648E-16
6793.29113578796  6.531492E-16
6796.14192485809  6.578361E-16
6798.99271392822  5.923981E-16
6801.84350299835  6.209731E-16
6804.69429206848  6.662426E-16
6807.54508113861  6.695361E-16
6810.39587020874  6.341713E-16
6813.24665927887  6.484999E-16
6816.097448349  7.390485E-16
6818.94823741913  6.311786E-16
6821.79902648926  6.348220E-16
6824.64981555939  6.053284E-16
6827.50060462952  6.130468E-16
6830.35139369964  6.803101E-16
6833.20218276977  6.560101E-16
6836.0529718399  6.934736E-16
6838.90376091003  6.422455E-16
6841.75454998016  6.429822E-16
6844.60533905029  6.192774E-16
6847.45612812042  6.538966E-16
6850.30691719055  6.427599E-16
6853.15770626068  6.031765E-16
6856.00849533081  6.442645E-16
6858.85928440094  6.345180E-16
6861.71007347107  6.731931E-16
6864.5608625412  6.522074E-16
6867.41165161133  6.763985E-16
6870.26244068146  6.856018E-16
6873.11322975159  7.294821E-16
6875.96401882171  6.926554E-16
6878.81480789184  6.195850E-16
6881.66559696197  6.528574E-16
6884.5163860321  6.694920E-16
6887.36717510223  7.086871E-16
6890.21796417236  7.162241E-16
6893.06875324249  6.273057E-16
6895.91954231262  6.258329E-16
6898.77033138275  6.402959E-16
6901.62112045288  6.154404E-16
6904.47190952301  6.451462E-16
6907.32269859314  5.849661E-16
6910.17348766327  6.127683E-16
6913.0242767334  6.417252E-16
6915.87506580353  6.177263E-16
6918.72585487366  6.168924E-16
6921.57664394378  5.899506E-16
6924.42743301391  6.489400E-16
6927.27822208404  6.134011E-16
6930.12901115417  6.099127E-16
6932.9798002243  5.944281E-16
6935.83058929443  5.909173E-16
6938.68137836456  6.123793E-16
6941.53216743469  6.106814E-16
6944.38295650482  6.169095E-16
6947.23374557495  6.307063E-16
6950.08453464508  5.877174E-16
6952.93532371521  5.890556E-16
6955.78611278534  6.533821E-16
6958.63690185547  6.259636E-16
6961.4876909256  5.902684E-16
6964.33847999573  6.385275E-16
6967.18926906586  6.544475E-16
6970.04005813599  6.299864E-16
6972.89084720611  6.099264E-16
6975.74163627624  6.326274E-16
6978.59242534637  6.745577E-16
6981.4432144165  6.328395E-16
6984.29400348663  6.085176E-16
6987.14479255676  6.160279E-16
6989.99558162689  5.930967E-16
6992.84637069702  5.733526E-16
6995.69715976715  5.466951E-16
6998.54794883728  6.393530E-16
7001.39873790741  6.011051E-16
7004.24952697754  6.496894E-16
7007.10031604767  6.011237E-16
7009.9511051178  5.991400E-16
7012.80189418793  6.350499E-16
7015.65268325806  5.916531E-16
7018.50347232818  6.041694E-16
7021.35426139831  6.226724E-16
7024.20505046844  5.915759E-16
7027.05583953857  5.827304E-16
7029.9066286087  5.524429E-16
7032.75741767883  5.836293E-16
7035.60820674896  6.349257E-16
7038.45899581909  5.963466E-16
7041.30978488922  6.140702E-16
7044.16057395935  6.189431E-16
7047.01136302948  6.005149E-16
7049.86215209961  6.099073E-16
7052.71294116974  6.140394E-16
7055.56373023987  6.237412E-16
7058.41451931  6.336167E-16
7061.26530838013  6.337037E-16
7064.11609745026  6.505097E-16
7066.96688652038  5.268956E-16
7069.81767559051  5.911418E-16
7072.66846466064  5.882686E-16
7075.51925373077  5.967526E-16
7078.3700428009  5.979359E-16
7081.22083187103  6.235504E-16
7084.07162094116  5.718064E-16
7086.92241001129  6.105489E-16
7089.77319908142  5.967742E-16
7092.62398815155  5.913343E-16
7095.47477722168  6.090691E-16
7098.32556629181  5.882796E-16
7101.17635536194  6.231142E-16
7104.02714443207  5.998419E-16
7106.8779335022  5.873866E-16
7109.72872257233  6.572267E-16
7112.57951164245  5.597031E-16
7115.43030071258  5.828494E-16
7118.28108978271  6.163482E-16
7121.13187885284  5.927992E-16
7123.98266792297  6.631954E-16
7126.8334569931  6.091631E-16
7129.68424606323  6.025240E-16
7132.53503513336  6.200117E-16
7135.38582420349  5.975217E-16
7138.23661327362  5.616487E-16
7141.08740234375  6.090517E-16
7143.93819141388  6.301963E-16
7146.78898048401  6.200794E-16
7149.63976955414  6.185361E-16
7152.49055862427  6.102413E-16
7155.3413476944  6.111769E-16
7158.19213676453  5.893454E-16
7161.04292583465  5.672794E-16
7163.89371490478  5.645620E-16
7166.74450397491  5.772315E-16
7169.59529304504  5.922285E-16
7172.44608211517  5.973068E-16
7175.2968711853  5.817500E-16
7178.14766025543  5.890793E-16
7180.99844932556  7.078960E-16
7183.84923839569  6.030754E-16
7186.70002746582  6.274021E-16
7189.55081653595  5.745492E-16
7192.40160560608  5.879765E-16
7195.25239467621  5.989344E-16
7198.10318374634  5.865757E-16
7200.95397281647  5.597399E-16
7203.80476188659  5.563243E-16
7206.65555095672  5.898772E-16
7209.50634002685  5.766477E-16
7212.35712909698  5.518123E-16
7215.20791816711  5.544137E-16
7218.05870723724  6.249407E-16
7220.90949630737  6.144745E-16
7223.7602853775  5.925734E-16
7226.61107444763  6.001931E-16
7229.46186351776  5.357512E-16
7232.31265258789  5.439148E-16
7235.16344165802  6.257614E-16
7238.01423072815  6.168121E-16
7240.86501979828  6.330278E-16
7243.71580886841  5.675960E-16
7246.56659793854  5.811134E-16
7249.41738700867  5.685191E-16
7252.2681760788  6.487926E-16
7255.11896514892  5.282459E-16
7257.96975421905  5.609085E-16
7260.82054328918  5.319130E-16
7263.67133235931  5.963037E-16
7266.52212142944  6.239848E-16
7269.37291049957  5.605532E-16
7272.2236995697  5.631602E-16
7275.07448863983  4.867555E-16
7277.92527770996  5.523250E-16
7280.77606678009  6.139009E-16
7283.62685585022  5.533056E-16
7286.47764492035  5.593113E-16
7289.32843399048  5.750774E-16
7292.17922306061  5.643383E-16
7295.03001213074  5.411111E-16
7297.88080120087  5.566977E-16
7300.73159027099  5.681404E-16
7303.58237934113  5.568041E-16
7306.43316841125  5.700704E-16
7309.28395748138  5.681713E-16
7312.13474655151  5.610936E-16
7314.98553562164  5.616165E-16
7317.83632469177  5.784106E-16
7320.6871137619  5.969675E-16
7323.53790283203  6.678626E-16
7326.38869190216  6.087010E-16
7329.23948097229  5.362969E-16
7332.09027004242  5.523974E-16
7334.94105911255  5.250172E-16
7337.79184818268  5.639150E-16
7340.64263725281  6.011807E-16
7343.49342632294  5.671950E-16
7346.34421539307  5.631166E-16
7349.19500446319  5.812071E-16
7352.04579353332  6.026502E-16
7354.89658260345  5.881073E-16
7357.74737167358  5.392782E-16
7360.59816074371  6.847085E-16
7363.44894981384  5.988333E-16
7366.29973888397  5.354550E-16
7369.1505279541  6.387066E-16
7372.00131702423  5.579492E-16
7374.85210609436  5.820579E-16
7377.70289516449  5.821114E-16
7380.55368423462  5.514688E-16
7383.40447330475  5.624360E-16
7386.25526237488  6.142398E-16
7389.10605144501  6.414789E-16
7391.95684051514  6.193751E-16
7394.80762958526  5.858126E-16
7397.65841865539  5.659569E-16
7400.50920772552  6.107030E-16
7403.35999679565  6.101202E-16
7406.21078586578  5.853648E-16
7409.06157493591  6.272523E-16
7411.91236400604  6.211917E-16
7414.76315307617  5.650360E-16
7417.6139421463  5.718188E-16
7420.46473121643  5.975831E-16
7423.31552028656  6.251431E-16
7426.16630935669  5.654346E-16
7429.01709842682  6.326230E-16
7431.86788749695  6.240014E-16
7434.71867656708  5.669952E-16
7437.56946563721  6.118378E-16
7440.42025470734  6.043083E-16
7443.27104377746  6.283622E-16
7446.12183284759  6.559970E-16
7448.97262191772  5.531052E-16
7451.82341098785  6.011690E-16
7454.67420005798  6.181312E-16
7457.52498912811  5.880157E-16
7460.37577819824  6.789003E-16
7463.22656726837  6.011725E-16
7466.0773563385  5.783299E-16
7468.92814540863  5.774125E-16
7471.77893447876  5.870825E-16
7474.62972354889  6.721117E-16
7477.48051261902  5.908945E-16
7480.33130168915  5.833793E-16
7483.18209075928  6.405063E-16
7486.03287982941  6.139801E-16
7488.88366889953  5.553052E-16
7491.73445796966  6.161217E-16
7494.58524703979  6.651233E-16
7497.43603610992  6.450647E-16
7500.28682518005  6.102488E-16
7503.13761425018  6.113878E-16
7505.98840332031  6.006294E-16
7508.83919239044  6.541446E-16
7511.68998146057  6.212807E-16
7514.5407705307  6.066822E-16
7517.39155960083  5.782269E-16
7520.24234867096  5.589606E-16
7523.09313774109  5.836805E-16
7525.94392681122  5.950325E-16
7528.79471588135  6.196658E-16
7531.64550495148  5.867001E-16
7534.49629402161  5.839032E-16
7537.34708309174  5.790591E-16
7540.19787216186  5.878497E-16
7543.04866123199  5.871772E-16
7545.89945030212  5.729136E-16
7548.75023937225  6.366529E-16
7551.60102844238  5.892055E-16
7554.45181751251  5.126303E-16
7557.30260658264  5.547834E-16
7560.15339565277  6.255404E-16
7563.0041847229  6.310151E-16
7565.85497379303  6.115903E-16
7568.70576286316  5.856618E-16
7571.55655193329  6.073331E-16
7574.40734100342  5.710954E-16
7577.25813007355  6.277497E-16
7580.10891914367  5.820514E-16
7582.95970821381  6.259518E-16
7585.81049728394  6.407332E-16
7588.66128635406  5.680518E-16
7591.51207542419  5.778197E-16
7594.36286449432  4.820366E-16
7597.21365356445  6.309918E-16
7600.06444263458  5.577481E-16
7602.91523170471  6.159921E-16
7605.76602077484  5.360135E-16
7608.61680984497  6.504964E-16
7611.4675989151  6.358615E-16
7614.31838798523  5.467243E-16
7617.16917705536  5.686764E-16
7620.01996612549  5.267612E-16
7622.87075519562  5.625347E-16
7625.72154426575  6.894864E-16
7628.57233333587  6.369696E-16
7631.423122406  5.639537E-16
7634.27391147613  6.177652E-16
7637.12470054626  6.218405E-16
7639.97548961639  5.658672E-16
7642.82627868652  5.855371E-16
7645.67706775665  4.592424E-16
7648.52785682678  5.589260E-16
7651.37864589691  5.241853E-16
7654.22943496704  6.181421E-16
7657.08022403717  5.806125E-16
7659.9310131073  6.255472E-16
7662.78180217743  6.492043E-16
7665.63259124756  5.875844E-16
7668.48338031769  5.480498E-16
7671.33416938782  5.981718E-16
7674.18495845795  6.066125E-16
7677.03574752808  5.693645E-16
7679.8865365982  5.947494E-16
7682.73732566833  6.167606E-16
7685.58811473846  6.083790E-16
7688.43890380859  6.372945E-16
7691.28969287872  5.424231E-16
7694.14048194885  5.838631E-16
7696.99127101898  6.115234E-16
7699.84206008911  6.125104E-16
7702.69284915924  5.795991E-16
7705.54363822937  5.882322E-16
7708.3944272995  6.084130E-16
7711.24521636963  5.708787E-16
7714.09600543976  5.968918E-16
7716.94679450989  6.163589E-16
7719.79758358002  5.960094E-16
7722.64837265014  6.691270E-16
7725.49916172028  6.182852E-16
7728.3499507904  5.803792E-16
7731.20073986053  5.492657E-16
7734.05152893066  5.681106E-16
7736.90231800079  4.394054E-16
7739.75310707092  6.286249E-16
7742.60389614105  5.951535E-16
7745.45468521118  6.300498E-16
7748.30547428131  6.589774E-16
7751.15626335144  5.972303E-16
7754.00705242157  5.749849E-16
7756.8578414917  5.524217E-16
7759.70863056183  5.589226E-16
7762.55941963196  6.182443E-16
7765.41020870208  5.699549E-16
7768.26099777222  5.395864E-16
7771.11178684234  5.148381E-16
7773.96257591247  5.903392E-16
7776.8133649826  5.592502E-16
7779.66415405273  5.015680E-16
7782.51494312286  5.301596E-16
7785.36573219299  5.702272E-16
7788.21652126312  5.155213E-16
7791.06731033325  5.692457E-16
7793.91809940338  6.140986E-16
7796.76888847351  5.289723E-16
7799.61967754364  5.408536E-16
7802.47046661377  6.201141E-16
7805.3212556839  5.648140E-16
7808.17204475403  5.532589E-16
7811.02283382416  5.560882E-16
7813.87362289429  5.651621E-16
7816.72441196442  5.366117E-16
7819.57520103454  5.689586E-16
7822.42599010467  4.981369E-16
7825.2767791748  4.893608E-16
7828.12756824493  5.466200E-16
7830.97835731506  5.768625E-16
7833.82914638519  5.695113E-16
7836.67993545532  5.548434E-16
7839.53072452545  5.551317E-16
7842.38151359558  5.972561E-16
7845.23230266571  5.774209E-16
7848.08309173584  4.906376E-16
7850.93388080597  4.799613E-16
7853.7846698761  6.276924E-16
7856.63545894623  5.769201E-16
7859.48624801636  5.668967E-16
7862.33703708649  5.500826E-16
7865.18782615662  5.316024E-16
7868.03861522674  5.624740E-16
7870.88940429687  5.406905E-16
7873.740193367  5.654114E-16
7876.59098243713  6.318020E-16
7879.44177150726  6.451940E-16
7882.29256057739  5.762914E-16
7885.14334964752  5.447111E-16
7887.99413871765  5.977769E-16
7890.84492778778  5.323897E-16
7893.69571685791  6.054421E-16
7896.54650592804  5.957978E-16
7899.39729499817  5.121986E-16
7902.2480840683  5.174992E-16
7905.09887313843  5.848865E-16
7907.94966220856  6.263921E-16
7910.80045127869  5.097469E-16
7913.65124034881  5.307085E-16
7916.50202941894  6.024361E-16
7919.35281848907  5.409043E-16
7922.2036075592  5.779265E-16
7925.05439662933  5.738765E-16
7927.90518569946  6.643455E-16
7930.75597476959  5.832145E-16
7933.60676383972  6.261184E-16
7936.45755290985  5.408840E-16
7939.30834197998  5.559821E-16
7942.15913105011  5.784363E-16
7945.00992012024  6.278556E-16
7947.86070919037  6.068423E-16
7950.7114982605  6.327452E-16
7953.56228733063  6.059144E-16
7956.41307640076  5.114629E-16
7959.26386547089  6.005829E-16
7962.11465454101  5.919747E-16
7964.96544361114  6.017442E-16
7967.81623268127  5.818939E-16
7970.6670217514  4.733255E-16
7973.51781082153  5.643350E-16
7976.36859989166  6.259140E-16
7979.21938896179  5.650233E-16
7982.07017803192  5.593045E-16
7984.92096710205  5.836014E-16
7987.77175617218  6.004538E-16
7990.62254524231  5.395636E-16
7993.47333431244  5.153474E-16
7996.32412338257  6.163982E-16
7999.1749124527  6.105429E-16
8002.02570152283  6.341302E-16
8004.87649059295  6.531935E-16
8007.72727966308  6.283992E-16
8010.57806873321  6.133904E-16
8013.42885780334  5.610360E-16
8016.27964687347  5.592088E-16
8019.1304359436  6.441391E-16
8021.98122501373  6.477530E-16
8024.83201408386  5.816524E-16
8027.68280315399  6.034602E-16
8030.53359222412  6.373754E-16
8033.38438129425  6.922193E-16
8036.23517036438  5.875808E-16
8039.08595943451  6.965397E-16
8041.93674850464  5.866790E-16
8044.78753757477  6.524027E-16
8047.6383266449  6.493844E-16
8050.48911571502  6.093462E-16
8053.33990478515  6.005492E-16
8056.19069385528  5.843658E-16
8059.04148292541  6.188355E-16
8061.89227199554  5.404132E-16
8064.74306106567  5.367052E-16
8067.5938501358  7.329173E-16
8070.44463920593  6.026711E-16
8073.29542827606  6.129781E-16
8076.14621734619  5.704796E-16
8078.99700641632  5.805580E-16
8081.84779548645  5.695100E-16
8084.69858455658  5.923131E-16
8087.54937362671  5.849322E-16
8090.40016269684  5.653030E-16
8093.25095176697  5.564568E-16
8096.1017408371  5.875426E-16
8098.95252990723  5.771639E-16
8101.80331897736  6.019458E-16
8104.65410804748  6.203913E-16
8107.50489711761  6.097947E-16
8110.35568618774  5.726200E-16
8113.20647525787  5.593217E-16
8116.057264328  6.130207E-16
8118.90805339813  6.107317E-16
8121.75884246826  5.223736E-16
8124.60963153839  5.790182E-16
8127.46042060852  6.381922E-16
8130.31120967865  5.992328E-16
8133.16199874878  6.494913E-16
8136.01278781891  6.344717E-16
8138.86357688904  5.611688E-16
8141.71436595917  5.368469E-16
8144.56515502929  5.500899E-16
8147.41594409943  6.230076E-16
8150.26673316955  6.391736E-16
8153.11752223968  5.402095E-16
8155.96831130981  5.559034E-16
8158.81910037994  6.422863E-16
8161.66988945007  6.023611E-16
8164.5206785202  5.679943E-16
8167.37146759033  6.127200E-16
8170.22225666046  6.212829E-16
8173.07304573059  5.599575E-16
8175.92383480072  5.656737E-16
8178.77462387085  5.640263E-16
8181.62541294098  6.433792E-16
8184.47620201111  5.970583E-16
8187.32699108124  5.769832E-16
8190.17778015136  5.819414E-16
8193.02856922149  5.463208E-16
8195.87935829162  5.768924E-16
8198.73014736175  5.974993E-16
8201.58093643188  5.446873E-16
8204.43172550201  5.968693E-16
8207.28251457214  5.750941E-16
8210.13330364227  5.717337E-16
8212.9840927124  5.492857E-16
8215.83488178253  5.159197E-16
8218.68567085266  5.654778E-16
8221.53645992279  6.395029E-16
8224.38724899292  6.196710E-16
8227.23803806305  5.712736E-16
8230.08882713318  5.456149E-16
8232.93961620331  4.961671E-16
8235.79040527344  5.303254E-16
8238.64119434357  5.530433E-16
8241.4919834137  6.121047E-16
8244.34277248382  5.881165E-16
8247.19356155395  4.829286E-16
8250.04435062408  5.379806E-16
8252.89513969421  5.779990E-16
8255.74592876434  5.166526E-16
8258.59671783447  4.977446E-16
8261.4475069046  4.904023E-16
8264.29829597473  5.262840E-16
8267.14908504486  5.545876E-16
8269.99987411499  5.557444E-16
8272.85066318512  5.874670E-16
8275.70145225525  5.819723E-16
8278.55224132538  5.064757E-16
8281.40303039551  5.095819E-16
8284.25381946564  5.281121E-16
8287.10460853577  4.682678E-16
8289.95539760589  4.958042E-16
8292.80618667602  5.638375E-16
8295.65697574615  6.218086E-16
8298.50776481628  6.108851E-16
8301.35855388641  5.685757E-16
8304.20934295654  5.230693E-16
8307.06013202667  4.436107E-16
8309.9109210968  5.190157E-16
8312.76171016693  5.502697E-16
8315.61249923706  5.266670E-16
8318.46328830719  5.706361E-16
8321.31407737732  5.535615E-16
8324.16486644745  4.879459E-16
8327.01565551758  4.822549E-16
8329.8664445877  5.123781E-16
8332.71723365784  5.112661E-16
8335.56802272796  6.603485E-16
8338.41881179809  5.549949E-16
8341.26960086822  6.160851E-16
8344.12038993835  5.988376E-16
8346.97117900848  5.434600E-16
8349.82196807861  5.321960E-16
8352.67275714874  5.045918E-16
8355.52354621887  5.962687E-16
8358.374335289  4.993916E-16
8361.22512435913  4.587184E-16
8364.07591342926  5.122809E-16
8366.92670249939  5.663694E-16
8369.77749156952  5.082851E-16
8372.62828063965  4.823801E-16
8375.47906970978  5.450680E-16
8378.32985877991  5.602114E-16
8381.18064785004  5.089934E-16
8384.03143692016  5.934093E-16
8386.8822259903  6.341616E-16
8389.73301506042  6.139450E-16
8392.58380413055  4.682399E-16
8395.43459320068  3.956751E-16
8398.28538227081  4.630985E-16
8401.13617134094  5.083876E-16
8403.98696041107  4.704698E-16
8406.8377494812  5.001315E-16
8409.68853855133  6.037543E-16
8412.53932762146  5.542821E-16
8415.39011669159  4.949941E-16
8418.24090576172  5.348712E-16
8421.09169483185  4.390554E-16
8423.94248390198  4.007993E-16
8426.79327297211  5.612162E-16
8429.64406204223  6.184400E-16
8432.49485111236  5.584611E-16
8435.34564018249  5.749042E-16
8438.19642925262  5.669340E-16
8441.04721832275  5.234893E-16
8443.89800739288  5.191181E-16
8446.74879646301  4.702896E-16
8449.59958553314  5.637773E-16
8452.45037460327  5.965577E-16
8455.3011636734  5.670727E-16
8458.15195274353  5.245634E-16
8461.00274181366  5.502207E-16
8463.85353088379  5.800715E-16
8466.70431995392  5.043965E-16
8469.55510902405  5.090737E-16
8472.40589809418  5.396000E-16
8475.2566871643  5.386903E-16
8478.10747623443  5.619601E-16
8480.95826530456  5.478911E-16
8483.80905437469  5.254030E-16
8486.65984344482  4.655683E-16
8489.51063251495  4.859697E-16
8492.36142158508  5.381231E-16
8495.21221065521  5.296818E-16
8498.06299972534  6.020003E-16
8500.91378879547  5.439870E-16
8503.7645778656  5.646473E-16
8506.61536693573  5.355265E-16
8509.46615600586  5.285251E-16
8512.31694507599  5.852755E-16
8515.16773414612  5.626502E-16
8518.01852321625  4.958546E-16
8520.86931228638  5.309021E-16
8523.72010135651  5.769842E-16
8526.57089042664  5.158498E-16
8529.42167949676  5.187604E-16
8532.27246856689  5.559179E-16
8535.12325763702  4.285080E-16
8537.97404670715  4.913481E-16
8540.82483577728  5.515332E-16
8543.67562484741  4.801954E-16
8546.52641391754  4.814379E-16
8549.37720298767  5.319443E-16
8552.2279920578  5.511228E-16
8555.07878112793  5.434163E-16
8557.92957019806  6.160584E-16
8560.78035926819  5.275125E-16
8563.63114833832  5.174751E-16
8566.48193740845  5.353558E-16
8569.33272647857  5.264633E-16
8572.18351554871  4.762556E-16
8575.03430461883  4.745734E-16
8577.88509368896  5.114321E-16
8580.73588275909  5.339956E-16
8583.58667182922  5.477336E-16
8586.43746089935  5.584356E-16
8589.28824996948  4.693913E-16
8592.13903903961  5.625321E-16
8594.98982810974  5.682744E-16
8597.84061717987  5.343194E-16
8600.69140625  5.608110E-16
8603.54219532013  5.189650E-16
8606.39298439026  4.998199E-16
8609.24377346039  5.267677E-16
8612.09456253052  3.668637E-16
8614.94535160064  4.752945E-16
8617.79614067077  5.098477E-16
8620.6469297409  5.537074E-16
8623.49771881103  5.588825E-16
8626.34850788116  4.593405E-16
8629.19929695129  4.509224E-16
8632.05008602142  5.003538E-16
8634.90087509155  5.043826E-16
8637.75166416168  4.691096E-16
8640.60245323181  5.516300E-16
8643.45324230194  4.841867E-16
8646.30403137207  5.555785E-16
8649.1548204422  4.957360E-16
8652.00560951233  4.205318E-16
8654.85639858246  4.280842E-16
8657.70718765259  4.597966E-16
8660.55797672272  5.180552E-16
8663.40876579285  5.178554E-16
8666.25955486298  4.746597E-16
8669.1103439331  5.113380E-16
8671.96113300323  5.460546E-16
8674.81192207336  5.196830E-16
8677.66271114349  5.204346E-16
8680.51350021362  5.213789E-16
8683.36428928375  5.032539E-16
8686.21507835388  5.672233E-16
8689.06586742401  5.525679E-16
8691.91665649414  4.987707E-16
8694.76744556427  5.104206E-16
8697.6182346344  5.425050E-16
8700.46902370453  5.068427E-16
8703.31981277466  4.442330E-16
8706.17060184479  3.959988E-16
8709.02139091492  5.033349E-16
8711.87217998505  5.470769E-16
8714.72296905517  4.668848E-16
8717.5737581253  5.087458E-16
8720.42454719543  4.761127E-16
8723.27533626556  4.754816E-16
8726.12612533569  4.896574E-16
8728.97691440582  4.887356E-16
8731.82770347595  4.561806E-16
8734.67849254608  4.701124E-16
8737.52928161621  4.688524E-16
8740.38007068634  5.247894E-16
8743.23085975647  4.251696E-16
8746.0816488266  4.327120E-16
8748.93243789673  5.567950E-16
8751.78322696686  5.132231E-16
8754.63401603698  5.168413E-16
8757.48480510712  6.077641E-16
8760.33559417724  5.736213E-16
8763.18638324737  6.171552E-16
8766.0371723175  5.508807E-16
8768.88796138763  5.681229E-16
8771.73875045776  5.810562E-16
8774.58953952789  5.813433E-16
8777.44032859802  5.868997E-16
8780.29111766815  5.124598E-16
8783.14190673828  5.215550E-16
8785.99269580841  6.118070E-16
8788.84348487854  5.833486E-16
8791.69427394867  5.416938E-16
8794.5450630188  5.327042E-16
8797.39585208893  5.227259E-16
8800.24664115906  4.447080E-16
8803.09743022919  4.471138E-16
8805.94821929931  5.239270E-16
8808.79900836944  5.796325E-16
8811.64979743958  6.296784E-16
8814.5005865097  5.517660E-16
8817.35137557983  4.865074E-16
8820.20216464996  6.698043E-16
8823.05295372009  6.864105E-16
8825.90374279022  6.548221E-16
8828.75453186035  5.478779E-16
8831.60532093048  4.522908E-16
8834.45611000061  4.910334E-16
8837.30689907074  5.837567E-16
8840.15768814087  5.463493E-16
8843.008477211  4.919664E-16
8845.85926628113  4.467782E-16
8848.71005535126  3.906966E-16
8851.56084442139  4.027658E-16
8854.41163349151  4.487790E-16
8857.26242256164  4.625849E-16
8860.11321163177  4.090526E-16
8862.9640007019  4.440660E-16
8865.81478977203  5.535898E-16
8868.66557884216  5.042696E-16
8871.51636791229  4.485775E-16
8874.36715698242  5.138865E-16
8877.21794605255  5.463848E-16
8880.06873512268  5.802509E-16
8882.91952419281  5.666837E-16
8885.77031326294  5.012367E-16
8888.62110233307  4.397116E-16
8891.4718914032  6.087618E-16
8894.32268047333  6.023949E-16
8897.17346954346  5.356250E-16
8900.02425861358  4.695922E-16
8902.87504768371  4.925987E-16
8905.72583675384  5.953124E-16
8908.57662582397  6.243566E-16
8911.4274148941  5.717432E-16
8914.27820396423  6.154173E-16
8917.12899303436  5.536373E-16
8919.97978210449  5.811442E-16
8922.83057117462  5.293212E-16
8925.68136024475  4.438963E-16
8928.53214931488  5.958393E-16
8931.38293838501  5.952053E-16
8934.23372745514  4.488338E-16
8937.08451652527  4.545925E-16
8939.9353055954  4.866060E-16
8942.78609466553  5.255320E-16
8945.63688373566  4.233168E-16
8948.48767280578  3.809848E-16
8951.33846187592  4.439054E-16
8954.18925094604  4.250331E-16
8957.04004001617  6.244225E-16
8959.8908290863  4.988477E-16
8962.74161815643  6.061110E-16
8965.59240722656  5.524285E-16
8968.44319629669  5.078045E-16
8971.29398536682  4.373357E-16
8974.14477443695  3.292837E-16
8976.99556350708  3.851443E-16
8979.84635257721  4.021468E-16
8982.69714164734  3.694535E-16
8985.54793071747  4.035890E-16
8988.3987197876  4.001031E-16
8991.24950885772  3.846663E-16
8994.10029792785  3.371223E-16
8996.95108699799  3.674077E-16
8999.80187606811  4.249085E-16
9002.65266513824  3.658873E-16
9005.50345420837  4.664964E-16
9008.3542432785  3.318260E-16
9011.20503234863  3.469913E-16
9014.05582141876  3.626991E-16
9016.90661048889  3.948538E-16
9019.75739955902  5.023829E-16
9022.60818862915  4.115975E-16
9025.45897769928  4.046593E-16
9028.30976676941  4.246999E-16
9031.16055583954  3.710694E-16
9034.01134490967  3.494718E-16
9036.8621339798  3.739864E-16
9039.71292304992  3.064537E-16
9042.56371212005  3.110869E-16
9045.41450119018  4.031405E-16
9048.26529026031  3.525914E-16
9051.11607933044  3.375164E-16
9053.96686840057  4.069625E-16
9056.8176574707  3.614846E-16
9059.66844654083  2.570320E-16
9062.51923561096  2.831814E-16
9065.37002468109  3.229591E-16
9068.22081375122  3.110892E-16
9071.07160282135  3.324435E-16
9073.92239189148  3.050888E-16
9076.77318096161  2.553018E-16
9079.62397003174  2.447795E-16
9082.47475910187  3.176053E-16
9085.325548172  2.741344E-16
9088.17633724213  2.331592E-16
9091.02712631225  3.048960E-16
9093.87791538238  2.855327E-16
9096.72870445251  1.898448E-16
9099.57949352264  2.234840E-16
9102.43028259277  2.257161E-16
9105.2810716629  1.730722E-16
9108.13186073303  1.280326E-16
9110.98264980316  1.436641E-16
9113.83343887329  1.795210E-16
9116.68422794342  1.805375E-16
9119.53501701355  1.823665E-16
9122.38580608368  1.842260E-16
9125.23659515381  1.861164E-16
9128.08738422394  1.880411E-16
9130.93817329407  1.899978E-16
9133.78896236419  1.919896E-16
9136.63975143433  1.940121E-16
