3663.37904167     1.55996e-17     
3668.9042339      1.24388e-17     
3674.42942612     1.77878e-17     
3679.95461835     3.45161e-18     
3685.47981058     7.20246e-18     
3691.0050028      7.87144e-18     
3696.53019503     3.30589e-18     
3702.05538726     1.10288e-17     
3707.58057949     2.30682e-17     
3713.10577171     3.22818e-18     
3718.63096394     1.58251e-17     
3724.15615617     -6.70234e-18    
3729.68134839     -1.07044e-17    
3735.20654062     8.40372e-18     
3740.73173285     -2.13333e-18    
3746.25692507     1.55545e-17     
3751.7821173      1.21665e-18     
3757.30730953     2.55258e-19     
3762.83250175     -4.64087e-18    
3768.35769398     4.26684e-19     
3773.88288621     1.66152e-17     
3779.40807843     1.31598e-17     
3784.93327066     1.70203e-17     
3790.45846289     6.53846e-18     
3795.98365512     -7.16551e-18    
3801.50884734     2.89314e-17     
3807.03403957     2.50879e-18     
3812.5592318      1.62638e-17     
3818.08442402     1.05295e-17     
3823.60961625     -2.8466e-18     
3829.13480848     2.90223e-18     
3834.6600007      8.82434e-19     
3840.18519293     -1.4452e-17     
3845.71038516     -1.73333e-17    
3851.23557738     -8.79036e-18    
3856.76076961     1.74318e-17     
3862.28596184     -3.14758e-19    
3867.81115406     -2.59848e-18    
3873.33634629     3.36887e-18     
3878.86153852     8.11975e-19     
3884.38673075     2.64452e-17     
3889.91192297     1.65085e-17     
3895.4371152      1.58485e-17     
3900.96230743     8.4393e-18      
3906.48749965     1.3374e-17      
3912.01269188     3.99045e-18     
3917.53788411     -9.69978e-18    
3923.06307633     6.51063e-18     
3928.58826856     9.08733e-18     
3934.11346079     6.73886e-18     
3939.63865301     -2.25993e-18    
3945.16384524     1.48127e-17     
3950.68903747     5.64696e-18     
3956.21422969     2.32622e-18     
3961.73942192     2.19753e-17     
3967.26461415     6.51575e-18     
3972.78980638     7.67126e-18     
3978.3149986      2.61519e-17     
3983.84019083     -9.64723e-18    
3989.36538306     1.55372e-17     
3994.89057528     1.71564e-17     
4000.41576751     -2.81824e-19    
4005.94095974     1.32577e-17     
4011.46615196     1.82535e-17     
4016.99134419     1.3503e-17      
4022.51653642     1.63376e-17     
4028.04172864     1.41614e-17     
4033.56692087     1.22742e-17     
4039.0921131      -1.57305e-17    
4044.61730532     2.1871e-17      
4050.14249755     2.11626e-17     
4055.66768978     4.74855e-18     
4061.19288201     1.14001e-17     
4066.71807423     1.32628e-17     
4072.24326646     2.24451e-17     
4077.76845869     9.51597e-18     
4083.29365091     1.29454e-17     
4088.81884314     1.83019e-17     
4094.34403537     1.57587e-17     
4099.86922759     1.15345e-17     
4105.39441982     9.57167e-18     
4110.91961205     1.24749e-17     
4116.44480427     3.4078e-17      
4121.9699965      2.33703e-17     
4127.49518873     1.69527e-17     
4133.02038096     1.64841e-17     
4138.54557318     1.32991e-17     
4144.07076541     1.05247e-17     
4149.59595764     2.37362e-17     
4155.12114986     2.80754e-17     
4160.64634209     1.05565e-17     
4166.17153432     1.09779e-17     
4171.69672654     1.20891e-17     
4177.22191877     3.11439e-17     
4182.747111       1.74308e-17     
4188.27230322     1.63742e-17     
4193.79749545     1.50746e-17     
4199.32268768     7.62859e-18     
4204.8478799      7.81239e-18     
4210.37307213     1.50097e-17     
4215.89826436     1.41998e-17     
4221.42345659     1.14968e-17     
4226.94864881     1.61169e-17     
4232.47384104     7.50168e-18     
4237.99903327     7.86232e-20     
4243.52422549     3.81385e-18     
4249.04941772     1.53496e-17     
4254.57460995     1.71107e-17     
4260.09980217     1.61879e-17     
4265.6249944      1.84683e-17     
4271.15018663     1.0464e-17      
4276.67537885     1.54368e-17     
4282.20057108     1.17663e-17     
4287.72576331     1.43298e-17     
4293.25095553     1.1557e-17      
4298.77614776     1.61556e-17     
4304.30133999     1.78853e-17     
4309.82653222     1.18108e-17     
4315.35172444     8.27449e-18     
4320.87691667     6.59355e-18     
4326.4021089      2.23429e-17     
4331.92730112     2.25186e-17     
4337.45249335     1.94471e-17     
4342.97768558     1.33765e-17     
4348.5028778      1.48261e-17     
4354.02807003     1.61951e-17     
4359.55326226     1.78032e-17     
4365.07845448     2.31186e-17     
4370.60364671     2.50079e-17     
4376.12883894     1.70351e-17     
4381.65403116     6.79783e-18     
4387.17922339     1.41822e-17     
4392.70441562     1.87478e-17     
4398.22960785     1.60172e-17     
4403.75480007     2.1927e-17      
4409.2799923      2.26033e-17     
4414.80518453     1.88309e-17     
4420.33037675     2.1287e-17      
4425.85556898     1.97896e-17     
4431.38076121     2.2194e-17      
4436.90595343     3.03074e-17     
4442.43114566     1.23259e-17     
4447.95633789     1.58355e-17     
4453.48153011     2.99564e-17     
4459.00672234     1.89101e-17     
4464.53191457     1.58858e-17     
4470.0571068      2.68476e-17     
4475.58229902     2.47007e-17     
4481.10749125     2.04069e-17     
4486.63268348     2.27255e-17     
4492.1578757      1.8301e-17      
4497.68306793     1.82631e-17     
4503.20826016     2.2934e-17      
4508.73345238     1.54772e-17     
4514.25864461     1.27379e-17     
4519.78383684     7.7245e-18      
4525.30902906     9.91229e-18     
4530.83422129     1.52046e-17     
4536.35941352     1.11176e-17     
4541.88460574     9.7919e-18      
4547.40979797     6.02349e-18     
4552.9349902      1.71162e-17     
4558.46018243     1.11549e-17     
4563.98537465     5.40248e-18     
4569.51056688     1.62321e-17     
4575.03575911     1.6676e-17      
4580.56095133     1.69486e-17     
4586.08614356     8.93971e-18     
4591.61133579     2.2581e-17      
4597.13652801     1.53722e-17     
4602.66172024     2.36892e-17     
4608.18691247     2.52428e-17     
4613.71210469     2.52898e-17     
4619.23729692     3.14962e-17     
4624.76248915     1.20325e-17     
4630.28768137     2.84495e-17     
4635.8128736      2.15118e-17     
4641.33806583     2.09655e-17     
4646.86325806     2.25501e-17     
4652.38845028     2.92874e-17     
4657.91364251     2.6899e-17      
4663.43883474     3.46873e-17     
4668.96402696     3.28242e-17     
4674.48921919     2.94299e-17     
4680.01441142     2.64223e-17     
4685.53960364     3.10982e-17     
4691.06479587     3.08132e-17     
4696.5899881      3.99623e-17     
4702.11518032     4.1077e-17      
4707.64037255     5.32431e-17     
4713.16556478     3.73185e-17     
4718.690757       2.57658e-17     
4724.21594923     3.03136e-17     
4729.74114146     1.58763e-17     
4735.26633369     2.29985e-17     
4740.79152591     1.95781e-17     
4746.31671814     2.79681e-17     
4751.84191037     2.54028e-17     
4757.36710259     2.61033e-17     
4762.89229482     3.51321e-17     
4768.41748705     3.13184e-17     
4773.94267927     2.74611e-17     
4779.4678715      2.41752e-17     
4784.99306373     3.51666e-17     
4790.51825595     2.92299e-17     
4796.04344818     3.37039e-17     
4801.56864041     2.75126e-17     
4807.09383263     2.8961e-17      
4812.61902486     2.38003e-17     
4818.14421709     2.82756e-17     
4823.66940932     2.1763e-17      
4829.19460154     1.89129e-17     
4834.71979377     2.25451e-17     
4840.244986       1.85114e-17     
4845.77017822     1.89708e-17     
4851.29537045     1.83295e-17     
4856.82056268     2.32503e-17     
4862.3457549      2.24388e-17     
4867.87094713     1.68773e-17     
4873.39613936     2.03915e-17     
4878.92133158     2.17898e-17     
4884.44652381     2.33268e-17     
4889.97171604     1.61594e-17     
4895.49690827     1.57763e-17     
4901.02210049     1.97051e-17     
4906.54729272     1.40957e-17     
4912.07248495     2.59146e-17     
4917.59767717     2.54221e-17     
4923.1228694      1.91671e-17     
4928.64806163     1.89115e-17     
4934.17325385     3.07261e-17     
4939.69844608     1.48986e-17     
4945.22363831     2.30908e-17     
4950.74883053     3.36612e-17     
4956.27402276     3.41305e-17     
4961.79921499     3.7806e-17      
4967.32440721     4.05975e-17     
4972.84959944     3.83575e-17     
4978.37479167     3.28746e-17     
4983.8999839      3.3271e-17      
4989.42517612     3.20341e-17     
4994.95036835     2.30526e-17     
5000.47556058     1.49352e-17     
5006.0007528      1.16591e-17     
5011.52594503     1.07978e-17     
5017.05113726     1.14666e-17     
5022.57632948     1.29312e-17     
5028.10152171     1.27137e-17     
5033.62671394     2.0104e-17      
5039.15190616     2.42264e-17     
5044.67709839     2.83797e-17     
5050.20229062     4.57545e-17     
5055.72748284     4.59912e-17     
5061.25267507     4.79646e-17     
5066.7778673      3.11233e-17     
5072.30305953     5.22446e-17     
5077.82825175     4.1814e-17      
5083.35344398     3.71268e-17     
5088.87863621     3.04668e-17     
5094.40382843     2.36339e-17     
5099.92902066     2.50904e-17     
5105.45421289     2.55262e-17     
5110.97940511     2.19181e-17     
5116.50459734     2.25437e-17     
5122.02978957     1.56045e-17     
5127.55498179     2.15438e-17     
5133.08017402     1.13547e-17     
5138.60536625     1.22495e-17     
5144.13055847     1.07699e-17     
5149.6557507      1.03474e-17     
5155.18094293     3.60592e-18     
5160.70613516     9.52236e-18     
5166.23132738     9.91099e-18     
5171.75651961     1.84955e-17     
5177.28171184     9.54888e-18     
5182.80690406     1.0584e-17      
5188.33209629     1.63393e-17     
5193.85728852     1.61596e-17     
5199.38248074     2.33641e-17     
5204.90767297     1.81813e-17     
5210.4328652      2.17585e-17     
5215.95805742     2.28491e-17     
5221.48324965     1.0929e-17      
5227.00844188     1.24399e-17     
5232.5336341      2.77952e-17     
5238.05882633     2.4194e-17      
5243.58401856     1.94855e-17     
5249.10921079     1.98584e-17     
5254.63440301     1.77593e-17     
5260.15959524     1.86944e-17     
5265.68478747     2.98525e-17     
5271.20997969     2.49995e-17     
5276.73517192     1.94181e-17     
5282.26036415     2.09883e-17     
5287.78555637     2.07343e-17     
5293.3107486      1.55876e-17     
5298.83594083     1.7285e-17      
5304.36113305     1.76295e-17     
5309.88632528     1.83929e-17     
5315.41151751     2.74799e-17     
5320.93670974     2.03895e-17     
5326.46190196     1.6857e-17      
5331.98709419     2.35314e-17     
5337.51228642     1.98909e-17     
5343.03747864     1.9057e-17      
5348.56267087     2.6313e-17      
5354.0878631      2.3969e-17      
5359.61305532     2.33577e-17     
5365.13824755     2.42502e-17     
5370.66343978     2.94008e-17     
5376.188632       2.21469e-17     
5381.71382423     2.60438e-17     
5387.23901646     2.91777e-17     
5392.76420868     2.60334e-17     
5398.28940091     2.87996e-17     
5403.81459314     2.95612e-17     
5409.33978537     2.49797e-17     
5414.86497759     1.96154e-17     
5420.39016982     2.54054e-17     
5425.91536205     3.54386e-17     
5431.44055427     2.6038e-17      
5436.9657465      1.99814e-17     
5442.49093873     1.9796e-17      
5448.01613095     2.03313e-17     
5453.54132318     2.62389e-17     
5459.06651541     2.70744e-17     
5464.59170763     3.20968e-17     
5470.11689986     3.15689e-17     
5475.64209209     3.2766e-17      
5481.16728431     2.70426e-17     
5486.69247654     3.60204e-17     
5492.21766877     3.41643e-17     
5497.742861       3.84356e-17     
5503.26805322     2.72034e-17     
5508.79324545     2.78509e-17     
5514.31843768     2.57985e-17     
5519.8436299      2.02961e-17     
5525.36882213     2.25006e-17     
5530.89401436     2.90264e-17     
5536.41920658     2.62622e-17     
5541.94439881     2.57109e-17     
5547.46959104     3.89015e-17     
5552.99478326     2.68355e-17     
5558.51997549     3.41347e-17     
5564.04516772     4.84811e-17     
5569.57035994     5.82551e-17     
5575.09555217     5.15258e-17     
5580.6207444      4.53498e-17     
5586.14593663     5.71054e-17     
5591.67112885     3.87965e-17     
5597.19632108     3.52588e-17     
5602.72151331     3.35526e-17     
5608.24670553     2.43616e-17     
5613.77189776     2.85639e-17     
5619.29708999     2.77244e-17     
5624.82228221     3.04384e-17     
5630.34747444     3.33775e-17     
5635.87266667     2.69528e-17     
5641.39785889     2.89375e-17     
5646.92305112     2.79859e-17     
5652.44824335     2.94158e-17     
5657.97343557     2.86349e-17     
5663.4986278      2.69773e-17     
5669.02382003     2.67321e-17     
5674.54901226     3.07073e-17     
5680.07420448     1.65336e-17     
5685.59939671     2.65709e-17     
5691.12458894     3.0875e-17      
5696.64978116     2.6594e-17      
5702.17497339     2.8411e-17      
5707.70016562     2.99319e-17     
5713.22535784     2.63164e-17     
5718.75055007     2.60422e-17     
5724.2757423      2.62622e-17     
5729.80093452     2.40035e-17     
5735.32612675     2.50075e-17     
5740.85131898     2.07626e-17     
5746.37651121     2.20513e-17     
5751.90170343     2.40522e-17     
5757.42689566     2.18604e-17     
5762.95208789     2.70962e-17     
5768.47728011     2.39994e-17     
5774.00247234     2.67107e-17     
5779.52766457     2.68533e-17     
5785.05285679     2.15766e-17     
5790.57804902     2.05189e-17     
5796.10324125     2.53149e-17     
5801.62843347     2.18013e-17     
5807.1536257      1.64442e-17     
5812.67881793     1.36263e-17     
5818.20401015     1.55263e-17     
5823.72920238     1.58755e-17     
5829.25439461     1.31921e-17     
5834.77958684     8.37143e-18     
5840.30477906     1.31167e-17     
5845.82997129     7.51897e-18     
5851.35516352     7.22549e-18     
5856.88035574     9.47596e-18     
5862.40554797     6.29735e-18     
5867.9307402      6.73082e-18     
5873.45593242     9.13323e-18     
5878.98112465     1.11003e-17     
5884.50631688     9.98789e-18     
5890.0315091      1.34197e-17     
5895.55670133     1.49246e-17     
5901.08189356     1.30444e-17     
5906.60708578     1.80412e-17     
5912.13227801     1.90438e-17     
5917.65747024     1.83673e-17     
5923.18266247     2.9327e-17      
5928.70785469     4.01432e-17     
5934.23304692     4.683e-17       
5939.75823915     5.26214e-17     
5945.28343137     4.70267e-17     
5950.8086236      4.22392e-17     
5956.33381583     3.18333e-17     
5961.85900805     2.74905e-17     
5967.38420028     3.67437e-17     
5972.90939251     3.91448e-17     
5978.43458473     2.94627e-17     
5983.95977696     2.77633e-17     
5989.48496919     2.87109e-17     
5995.01016141     2.99475e-17     
6000.53535364     2.19417e-17     
6006.06054587     2.00649e-17     
6011.5857381      2.40363e-17     
6017.11093032     1.85458e-17     
6022.63612255     2.91444e-17     
6028.16131478     3.25973e-17     
6033.686507       3.46425e-17     
6039.21169923     3.40068e-17     
6044.73689146     2.5866e-17      
6050.26208368     1.88302e-17     
6055.78727591     2.12512e-17     
6061.31246814     1.8136e-17      
6066.83766036     2.55759e-17     
6072.36285259     2.33554e-17     
6077.88804482     1.55222e-17     
6083.41323705     2.18035e-17     
6088.93842927     1.95875e-17     
6094.4636215      2.23937e-17     
6099.98881373     2.27289e-17     
6105.51400595     1.96583e-17     
6111.03919818     2.00626e-17     
6116.56439041     2.17929e-17     
6122.08958263     2.36093e-17     
6127.61477486     2.51114e-17     
6133.13996709     2.23247e-17     
6138.66515931     2.47232e-17     
6144.19035154     2.35743e-17     
6149.71554377     2.22119e-17     
6155.24073599     2.24594e-17     
6160.76592822     2.45436e-17     
6166.29112045     2.42846e-17     
6171.81631268     2.50551e-17     
6177.3415049      2.45372e-17     
6182.86669713     2.71318e-17     
6188.39188936     2.19424e-17     
6193.91708158     2.81753e-17     
6199.44227381     2.91788e-17     
6204.96746604     2.39808e-17     
6210.49265826     2.65029e-17     
6216.01785049     2.66454e-17     
6221.54304272     2.70368e-17     
6227.06823494     2.87875e-17     
6232.59342717     2.20776e-17     
6238.1186194      1.97774e-17     
6243.64381162     2.42368e-17     
6249.16900385     2.13244e-17     
6254.69419608     1.68069e-17     
6260.21938831     1.39051e-17     
6265.74458053     1.40437e-17     
6271.26977276     1.95109e-17     
6276.79496499     2.64254e-17     
6282.32015721     2.6e-17         
6287.84534944     3.7366e-17      
6293.37054167     4.17341e-17     
6298.89573389     3.45591e-17     
6304.42092612     2.87922e-17     
6309.94611835     3.99227e-17     
6315.47131057     3.34652e-17     
6320.9965028      1.87388e-17     
6326.52169503     2.31835e-17     
6332.04688725     2.15618e-17     
6337.57207948     1.69705e-17     
6343.09727171     2.81655e-17     
6348.62246394     2.71858e-17     
6354.14765616     3.15455e-17     
6359.67284839     2.37434e-17     
6365.19804062     1.20418e-17     
6370.72323284     2.49736e-17     
6376.24842507     2.13766e-17     
6381.7736173      2.24002e-17     
6387.29880952     2.17642e-17     
6392.82400175     2.19542e-17     
6398.34919398     2.2435e-17      
6403.8743862      2.46921e-17     
6409.39957843     2.44029e-17     
6414.92477066     2.48821e-17     
6420.44996288     2.20272e-17     
6425.97515511     2.44104e-17     
6431.50034734     2.18301e-17     
6437.02553957     1.75383e-17     
6442.55073179     1.80604e-17     
6448.07592402     1.87721e-17     
6453.60111625     2.18917e-17     
6459.12630847     1.69052e-17     
6464.6515007      2.10471e-17     
6470.17669293     2.48986e-17     
6475.70188515     2.14107e-17     
6481.22707738     1.95161e-17     
6486.75226961     2.21945e-17     
6492.27746183     2.85765e-17     
6497.80265406     3.31214e-17     
6503.32784629     3.66407e-17     
6508.85303852     2.91866e-17     
6514.37823074     2.65323e-17     
6519.90342297     2.7797e-17      
6525.4286152      2.17731e-17     
6530.95380742     2.2148e-17      
6536.47899965     2.17578e-17     
6542.00419188     2.12029e-17     
6547.5293841      3.13236e-17     
6553.05457633     3.35531e-17     
6558.57976856     3.83601e-17     
6564.10496078     3.82977e-17     
6569.63015301     3.29705e-17     
6575.15534524     2.63214e-17     
6580.68053746     2.44701e-17     
6586.20572969     2.33388e-17     
6591.73092192     2.20102e-17     
6597.25611415     2.55714e-17     
6602.78130637     2.4017e-17      
6608.3064986      3.40228e-17     
6613.83169083     3.02847e-17     
6619.35688305     2.26387e-17     
6624.88207528     2.52852e-17     
6630.40726751     2.04467e-17     
6635.93245973     1.54594e-17     
6641.45765196     2.2021e-17      
6646.98284419     2.41226e-17     
6652.50803641     2.59115e-17     
6658.03322864     2.54778e-17     
6663.55842087     2.32165e-17     
6669.08361309     1.54428e-17     
6674.60880532     1.85842e-17     
6680.13399755     1.90403e-17     
6685.65918978     1.76221e-17     
6691.184382       2.2553e-17      
6696.70957423     1.66554e-17     
6702.23476646     1.19834e-17     
6707.75995868     1.13997e-17     
6713.28515091     1.4648e-17      
6718.81034314     2.07453e-17     
6724.33553536     2.42111e-17     
6729.86072759     2.60556e-17     
6735.38591982     2.54988e-17     
6740.91111204     2.5516e-17      
6746.43630427     1.44645e-17     
6751.9614965      1.51178e-17     
6757.48668872     1.77053e-17     
6763.01188095     1.81821e-17     
6768.53707318     1.42937e-17     
6774.06226541     1.63917e-17     
6779.58745763     1.19915e-17     
6785.11264986     1.38944e-17     
6790.63784209     1.39007e-17     
6796.16303431     1.58713e-17     
6801.68822654     1.44482e-17     
6807.21341877     1.4508e-17      
6812.73861099     1.4287e-17      
6818.26380322     1.94608e-17     
6823.78899545     2.26282e-17     
6829.31418767     1.93317e-17     
6834.8393799      1.56557e-17     
6840.36457213     1.88552e-17     
6845.88976435     1.70146e-17     
6851.41495658     1.74072e-17     
6856.94014881     1.39315e-17     
6862.46534104     1.272e-17       
6867.99053326     1.52922e-17     
6873.51572549     1.87047e-17     
6879.04091772     1.9038e-17      
6884.56610994     1.90709e-17     
6890.09130217     2.05644e-17     
6895.6164944      1.339e-17       
6901.14168662     9.56292e-18     
6906.66687885     2.12314e-17     
6912.19207108     1.83118e-17     
6917.7172633      1.58021e-17     
6923.24245553     1.43533e-17     
6928.76764776     2.02402e-17     
6934.29283999     1.79007e-17     
6939.81803221     9.6839e-18      
6945.34322444     1.47631e-17     
6950.86841667     6.89767e-18     
6956.39360889     1.66996e-17     
6961.91880112     1.85336e-17     
6967.44399335     1.6162e-17      
6972.96918557     1.52099e-17     
6978.4943778      1.39547e-17     
6984.01957003     1.32706e-17     
6989.54476225     2.0224e-17      
6995.06995448     1.55479e-17     
7000.59514671     1.21394e-17     
7006.12033893     1.32783e-17     
7011.64553116     1.68857e-17     
7017.17072339     1.28844e-17     
7022.69591562     1.18853e-17     
7028.22110784     1.3362e-17      
7033.74630007     1.06382e-17     
7039.2714923      8.87751e-18     
7044.79668452     1.14388e-17     
7050.32187675     1.78345e-17     
7055.84706898     1.92707e-17     
7061.3722612      2.08659e-17     
7066.89745343     1.34661e-17     
7072.42264566     1.49647e-17     
7077.94783788     1.64433e-17     
7083.47303011     1.66575e-17     
7088.99822234     1.65137e-17     
7094.52341456     1.54596e-17     
7100.04860679     2.10019e-17     
7105.57379902     2.07253e-17     
7111.09899125     2.0533e-17      
7116.62418347     1.25641e-17     
7122.1493757      1.09279e-17     
7127.67456793     2.24512e-17     
7133.19976015     2.33278e-17     
7138.72495238     2.88891e-17     
7144.25014461     2.19229e-17     
7149.77533683     2.0635e-17      
7155.30052906     2.07876e-17     
7160.82572129     1.79733e-17     
7166.35091351     1.83492e-17     
7171.87610574     1.48917e-17     
7177.40129797     1.63888e-17     
7182.92649019     1.66212e-17     
7188.45168242     1.5858e-17      
7193.97687465     2.45017e-17     
7199.50206688     2.61512e-17     
7205.0272591      2.26691e-17     
7210.55245133     2.38642e-17     
7216.07764356     2.41799e-17     
7221.60283578     2.67141e-17     
7227.12802801     2.58861e-17     
7232.65322024     1.58597e-17     
7238.17841246     2.19842e-17     
7243.70360469     1.84369e-17     
7249.22879692     1.67729e-17     
7254.75398914     1.62795e-17     
7260.27918137     1.78591e-17     
7265.8043736      2.33526e-17     
7271.32956583     4.05827e-17     
7276.85475805     4.03956e-17     
7282.37995028     2.8952e-17      
7287.90514251     2.26157e-17     
7293.43033473     2.17205e-17     
7298.95552696     2.55638e-17     
7304.48071919     2.54726e-17     
7310.00591141     1.93398e-17     
7315.53110364     2.12048e-17     
7321.05629587     2.47952e-17     
7326.58148809     3.45825e-17     
7332.10668032     4.02484e-17     
7337.63187255     3.79269e-17     
7343.15706477     3.47229e-17     
7348.682257       3.57903e-17     
7354.20744923     4.0364e-17      
7359.73264146     4.06971e-17     
7365.25783368     5.26999e-17     
7370.78302591     4.61182e-17     
7376.30821814     5.16696e-17     
7381.83341036     5.26132e-17     
7387.35860259     4.42611e-17     
7392.88379482     3.64939e-17     
7398.40898704     2.67946e-17     
7403.93417927     1.4019e-17      
7409.4593715      2.43765e-17     
7414.98456372     2.67473e-17     
7420.50975595     2.34152e-17     
7426.03494818     1.64593e-17     
7431.5601404      1.70211e-17     
7437.08533263     1.37887e-17     
7442.61052486     1.8e-17         
7448.13571709     1.85327e-17     
7453.66090931     1.80538e-17     
7459.18610154     1.43758e-17     
7464.71129377     1.42808e-17     
7470.23648599     1.87258e-17     
7475.76167822     2.17343e-17     
7481.28687045     2.22427e-17     
7486.81206267     1.81505e-17     
7492.3372549      1.36561e-17     
7497.86244713     1.07732e-17     
7503.38763935     1.97797e-17     
7508.91283158     2.53923e-17     
7514.43802381     3.08064e-17     
7519.96321603     2.65977e-17     
7525.48840826     2.26081e-17     
7531.01360049     2.4771e-17      
7536.53879272     2.36308e-17     
7542.06398494     2.75743e-17     
7547.58917717     2.36819e-17     
7553.1143694      1.54285e-17     
7558.63956162     1.70598e-17     
7564.16475385     1.47297e-17     
7569.68994608     1.4799e-17      
7575.2151383      2.21628e-17     
7580.74033053     3.14783e-17     
7586.26552276     2.97238e-17     
7591.79071498     2.57034e-17     
7597.31590721     2.03284e-17     
7602.84109944     1.47856e-17     
7608.36629166     1.23155e-17     
7613.89148389     1.45282e-17     
7619.41667612     1.38544e-17     
7624.94186835     7.37914e-18     
7630.46706057     6.29226e-18     
7635.9922528      6.73311e-18     
7641.51744503     9.61138e-18     
7647.04263725     1.4062e-17      
7652.56782948     1.25505e-17     
7658.09302171     1.29003e-17     
7663.61821393     1.21695e-17     
7669.14340616     6.82947e-18     
7674.66859839     1.06096e-17     
7680.19379061     1.044e-17       
7685.71898284     1.60437e-17     
7691.24417507     1.21901e-17     
7696.7693673      4.27775e-18     
7702.29455952     1.29317e-17     
7707.81975175     1.67084e-17     
7713.34494398     2.36528e-17     
7718.8701362      3.27276e-17     
7724.39532843     2.56744e-17     
7729.92052066     1.8364e-17      
7735.44571288     1.10745e-17     
7740.97090511     1.4575e-17      
7746.49609734     1.97957e-17     
7752.02128956     2.76104e-17     
7757.54648179     2.97599e-17     
7763.07167402     2.65798e-17     
7768.59686624     2.31132e-17     
7774.12205847     2.13793e-17     
7779.6472507      1.86622e-17     
7785.17244293     2.41661e-17     
7790.69763515     3.11816e-17     
7796.22282738     2.40018e-17     
7801.74801961     1.13486e-17     
7807.27321183     8.70027e-18     
7812.79840406     7.03687e-18     
7818.32359629     1.9981e-17      
7823.84878851     2.34327e-17     
7829.37398074     3.15417e-17     
7834.89917297     2.75285e-17     
7840.42436519     1.98393e-17     
7845.94955742     1.40199e-17     
7851.47474965     1.60149e-17     
7856.99994187     2.15507e-17     
7862.5251341      2.56179e-17     
7868.05032633     1.99178e-17     
7873.57551856     1.43107e-17     
7879.10071078     6.72288e-18     
7884.62590301     1.49693e-19     
7890.15109524     1.49518e-17     
7895.67628746     2.17471e-17     
7901.20147969     1.85607e-17     
7906.72667192     7.64234e-18     
7912.25186414     -1.44835e-17    
7917.77705637     -2.36358e-17    
7923.3022486      1.26405e-18     
7928.82744082     2.41741e-17     
7934.35263305     2.06674e-17     
7939.87782528     1.59189e-17     
7945.4030175      5.32447e-18     
7950.92820973     5.24213e-18     
7956.45340196     8.66229e-18     
7961.97859419     3.11032e-17     
7967.50378641     3.27558e-17     
7973.02897864     2.7665e-17      
7978.55417087     1.93648e-17     
7984.07936309     1.13659e-17     
7989.60455532     5.11105e-18     
7995.12974755     6.94078e-18     
8000.65493977     1.29443e-17     
8006.180132       1.90909e-17     
8011.70532423     1.65323e-17     
8017.23051645     4.20969e-18     
8022.75570868     -9.18884e-18    
8028.28090091     -2.0255e-18     
8033.80609313     1.2774e-17      
8039.33128536     1.64852e-17     
8044.85647759     1.73302e-17     
8050.38166982     1.40582e-17     
8055.90686204     8.50503e-18     
8061.43205427     1.26465e-17     
8066.9572465      1.30756e-17     
8072.48243872     1.92788e-17     
8078.00763095     1.78809e-17     
8083.53282318     1.48509e-17     
8089.0580154      1.34634e-17     
8094.58320763     1.13933e-17     
8100.10839986     1.30798e-17     
8105.63359208     1.42155e-17     
8111.15878431     2.03422e-17     
8116.68397654     1.74304e-17     
8122.20916877     7.02991e-18     
8127.73436099     1.1216e-17      
8133.25955322     9.66194e-18     
8138.78474545     1.10341e-17     
8144.30993767     1.73952e-17     
8149.8351299      1.66458e-17     
8155.36032213     1.63544e-17     
8160.88551435     1.01516e-17     
8166.41070658     9.22273e-18     
8171.93589881     8.003e-18       
8177.46109103     2.28678e-17     
8182.98628326     2.89736e-17     
8188.51147549     2.2142e-17      
8194.03666771     1.60824e-17     
8199.56185994     8.86647e-18     
8205.08705217     9.10117e-18     
8210.6122444      1.60438e-17     
8216.13743662     2.2076e-17      
8221.66262885     1.46726e-17     
8227.18782108     8.45049e-18     
8232.7130133      8.50153e-18     
8238.23820553     -5.60676e-19    
8243.76339776     6.30848e-18     
8249.28858998     1.58825e-17     
8254.81378221     2.1715e-17      
8260.33897444     2.41292e-17     
8265.86416666     1.46363e-17     
8271.38935889     -2.34548e-19    
8276.91455112     -5.73309e-18    
8282.43974334     1.02384e-17     
8287.96493557     3.58873e-17     
8293.4901278      6.97285e-17     
8299.01532003     5.58504e-17     
8304.54051225     1.86177e-17     
8310.06570448     1.06525e-18     
8315.59089671     7.21216e-18     
8321.11608893     1.50098e-17     
8326.64128116     2.33172e-17     
8332.16647339     2.50089e-17     
8337.69166561     -5.86189e-19    
8343.21685784     -3.10643e-17    
8348.74205007     -3.94319e-17    
8354.26724229     -1.57733e-17    
8359.79243452     1.99445e-17     
8365.31762675     1.6676e-17      
8370.84281897     2.92254e-17     
8376.3680112      1.41451e-17     
8381.89320343     3.01321e-18     
8387.41839566     3.48739e-18     
8392.94358788     1.85184e-17     
8398.46878011     3.50683e-17     
8403.99397234     4.41121e-17     
8409.51916456     2.63769e-17     
8415.04435679     9.13708e-18     
8420.56954902     -1.32961e-17    
8426.09474124     -2.00817e-17    
8431.61993347     -5.96431e-18    
8437.1451257      5.75574e-18     
8442.67031792     1.38832e-17     
8448.19551015     6.51029e-18     
8453.72070238     -6.953e-18      
8459.2458946      -2.2079e-17     
8464.77108683     -2.60214e-17    
8470.29627906     -1.21709e-17    
8475.82147129     1.15962e-18     
8481.34666351     1.28e-17        
8486.87185574     7.17006e-18     
8492.39704797     -4.25775e-18    
8497.92224019     -1.51644e-17    
8503.44743242     -1.72756e-17    
8508.97262465     -6.1311e-18     
8514.49781687     5.95778e-18     
8520.0230091      1.55365e-17     
8525.54820133     1.0616e-17      
8531.07339355     2.67974e-18     
8536.59858578     -6.1033e-18     
8542.12377801     -7.06169e-19    
8547.64897024     1.73219e-17     
8553.17416246     2.21909e-17     
8558.69935469     2.55425e-17     
8564.22454692     1.50873e-17     
8569.74973914     1.10979e-17     
8575.27493137     1.25226e-17     
8580.8001236      8.68056e-18     
8586.32531582     2.74289e-17     
8591.85050805     3.39011e-17     
8597.37570028     3.66978e-17     
8602.9008925      2.42955e-17     
8608.42608473     1.49926e-17     
8613.95127696     2.99969e-18     
8619.47646918     3.59911e-18     
8625.00166141     3.22765e-17     
8630.52685364     4.71868e-17     
8636.05204587     3.69204e-17     
8641.57723809     2.93499e-17     
8647.10243032     8.47989e-18     
8652.62762255     -1.56177e-17    
8658.15281477     2.93062e-18     
8663.678007       2.08912e-17     
8669.20319923     3.13822e-17     
8674.72839145     2.59402e-17     
8680.25358368     2.05378e-17     
8685.77877591     1.59311e-17     
8691.30396813     7.56767e-18     
8696.82916036     1.9183e-17      
8702.35435259     3.29778e-17     
8707.87954481     4.52934e-17     
8713.40473704     4.64893e-17     
8718.92992927     4.73825e-17     
8724.4551215      4.18172e-17     
8729.98031372     4.16887e-17     
8735.50550595     4.76591e-17     
8741.03069818     4.64444e-17     
8746.5558904      5.49285e-17     
8752.08108263     5.61486e-17     
8757.60627486     2.28662e-17     
8763.13146708     -1.57033e-17    
8768.65665931     -2.10572e-17    
8774.18185154     1.9806e-17      
8779.70704376     5.7407e-17      
8785.23223599     5.109e-17       
8790.75742822     3.12005e-17     
8796.28262044     2.07379e-17     
8801.80781267     1.69287e-17     
8807.3330049      1.92406e-17     
8812.85819713     1.88089e-17     
8818.38338935     5.65539e-17     
8823.90858158     1.102e-16       
8829.43377381     6.44066e-17     
8834.95896603     1.34172e-17     
8840.48415826     2.16231e-17     
8846.00935049     1.53316e-17     
8851.53454271     1.30437e-17     
8857.05973494     1.76109e-17     
8862.58492717     2.74789e-17     
8868.11011939     9.24585e-18     
8873.63531162     -9.4863e-20     
8879.16050385     -6.62941e-18    
8884.68569608     4.48114e-18     
8890.2108883      2.70893e-17     
8895.73608053     4.20165e-17     
8901.26127276     2.921e-17       
8906.78646498     7.80756e-18     
8912.31165721     -2.39577e-17    
8917.83684944     -2.36721e-17    
8923.36204166     -6.17999e-18    
8928.88723389     1.60897e-17     
8934.41242612     2.66773e-17     
8939.93761834     1.20309e-17     
8945.46281057     -7.41318e-18    
8950.9880028      -2.36957e-17    
8956.51319502     -6.26022e-18    
8962.03838725     1.32294e-17     
8967.56357948     1.82648e-17     
8973.08877171     7.59348e-18     
8978.61396393     -8.36153e-20    
8984.13915616     -3.68339e-18    
8989.66434839     -5.37079e-21    
8995.18954061     2.66465e-17     
9000.71473284     4.35015e-17     
9006.23992507     3.18783e-17     
9011.76511729     1.20682e-17     
9017.29030952     2.11405e-18     
9022.81550175     9.95408e-18     
9028.34069397     1.93071e-17     
9033.8658862      2.18061e-17     
9039.39107843     2.25306e-17     
9044.91627065     1.08423e-17     
9050.44146288     5.89514e-18     
9055.96665511     5.67217e-18     
9061.49184734     1.85151e-17     
9067.01703956     2.22078e-17     
9072.54223179     1.22812e-17     
9078.06742402     7.051e-18       
9083.59261624     -1.0161e-18     
9089.11780847     1.03067e-17     
9094.6430007      2.20678e-17     
9100.16819292     1.83518e-17     
9105.69338515     2.28624e-17     
9111.21857738     5.88932e-19     
9116.7437696      -4.97815e-19    
9122.26896183     -4.81421e-20    
9127.79415406     7.17368e-18     
9133.31934628     1.19336e-17     
9138.84453851     1.04808e-17     
9144.36973074     7.20092e-19     
9149.89492297     -4.39593e-20    
9155.42011519     6.37395e-18     
9160.94530742     9.66776e-18     
9166.47049965     1.22152e-17     
9171.99569187     5.17804e-18     
9177.5208841      8.73297e-18     
9183.04607633     1.25709e-17     
9188.57126855     1.25086e-17     
9194.09646078     4.32208e-18     
9199.62165301     7.94453e-18     
9205.14684523     2.31657e-17     
9210.67203746     3.72091e-17     
9216.19722969     1.49229e-17     
9221.72242191     7.85303e-18     
9227.24761414     1.63371e-17     
9232.77280637     6.60758e-18     
9238.2979986      1.66084e-17     
9243.82319082     -4.87587e-18    
9249.34838305     -1.53479e-18    
9254.87357528     1.29923e-17     
9260.3987675      4.53488e-18     
9265.92395973     1.18701e-18     
