3357.55442834     -2.80396e-17    
3361.64102004     7.24404e-17     
3365.72761174     -1.30687e-18    
3369.81420344     1.37105e-17     
3373.90079514     6.30143e-17     
3377.98738684     7.1093e-17      
3382.07397854     -3.56784e-17    
3386.16057024     -5.12335e-17    
3390.24716194     4.0492e-17      
3394.33375364     1.94445e-18     
3398.42034534     1.52333e-17     
3402.50693704     1.11906e-17     
3406.59352874     -4.36839e-18    
3410.68012044     2.12339e-17     
3414.76671214     -1.82971e-19    
3418.85330384     -1.2825e-17     
3422.93989554     -1.29372e-17    
3427.02648724     3.50133e-17     
3431.11307894     2.02018e-18     
3435.19967065     2.14769e-17     
3439.28626235     -5.1826e-18     
3443.37285405     2.55292e-17     
3447.45944575     2.90929e-17     
3451.54603745     2.66601e-17     
3455.63262915     1.20055e-17     
3459.71922085     -1.66054e-17    
3463.80581255     9.16881e-18     
3467.89240425     1.34594e-17     
3471.97899595     -2.51086e-17    
3476.06558765     4.56185e-17     
3480.15217935     -5.41316e-18    
3484.23877105     3.54008e-17     
3488.32536275     -6.43579e-18    
3492.41195445     -1.35908e-17    
3496.49854615     2.27582e-18     
3500.58513785     6.63853e-18     
3504.67172955     1.57897e-17     
3508.75832125     1.66881e-17     
3512.84491295     7.40857e-18     
3516.93150465     1.64731e-17     
3521.01809635     5.0787e-19      
3525.10468805     2.45001e-17     
3529.19127975     3.13553e-17     
3533.27787145     3.03386e-17     
3537.36446315     2.58842e-17     
3541.45105485     3.48281e-18     
3545.53764655     -9.53853e-18    
3549.62423825     4.58249e-18     
3553.71082995     1.76118e-17     
3557.79742165     -1.92605e-17    
3561.88401335     -3.7623e-18     
3565.97060505     -1.35922e-17    
3570.05719675     -5.06498e-19    
3574.14378845     1.29113e-17     
3578.23038015     2.50162e-17     
3582.31697186     -1.00201e-17    
3586.40356356     2.2948e-17      
3590.49015526     1.82094e-17     
3594.57674696     9.51222e-18     
3598.66333866     1.73053e-17     
3602.74993036     2.10136e-18     
3606.83652206     2.71875e-17     
3610.92311376     1.0275e-17      
3615.00970546     2.76348e-17     
3619.09629716     1.50542e-17     
3623.18288886     3.31586e-17     
3627.26948056     2.50824e-17     
3631.35607226     2.13941e-17     
3635.44266396     1.54121e-17     
3639.52925566     3.27887e-17     
3643.61584736     3.26816e-17     
3647.70243906     1.44572e-17     
3651.78903076     2.75129e-17     
3655.87562246     9.8275e-18      
3659.96221416     1.88706e-17     
3664.04880586     7.27526e-18     
3668.13539756     8.22276e-18     
3672.22198926     1.77744e-17     
3676.30858096     1.86386e-17     
3680.39517266     -2.79878e-18    
3684.48176436     1.38747e-17     
3688.56835606     1.78636e-17     
3692.65494776     2.77302e-17     
3696.74153946     2.61881e-17     
3700.82813116     2.48023e-17     
3704.91472286     1.78276e-17     
3709.00131456     3.97999e-18     
3713.08790626     1.48001e-17     
3717.17449796     3.01585e-18     
3721.26108966     1.97762e-17     
3725.34768136     8.56139e-18     
3729.43427307     2.67349e-17     
3733.52086477     2.78947e-17     
3737.60745647     2.19754e-17     
3741.69404817     4.23955e-18     
3745.78063987     9.26851e-18     
3749.86723157     2.29746e-17     
3753.95382327     3.1113e-17      
3758.04041497     3.37218e-17     
3762.12700667     3.26574e-17     
3766.21359837     1.6561e-17      
3770.30019007     3.0261e-17      
3774.38678177     2.5566e-17      
3778.47337347     2.67694e-17     
3782.55996517     2.95531e-17     
3786.64655687     1.67444e-17     
3790.73314857     2.37846e-17     
3794.81974027     3.20663e-17     
3798.90633197     2.87086e-17     
3802.99292367     1.46619e-17     
3807.07951537     1.24384e-17     
3811.16610707     2.08794e-17     
3815.25269877     1.49388e-17     
3819.33929047     3.01425e-17     
3823.42588217     1.45465e-17     
3827.51247387     1.37969e-17     
3831.59906557     1.45256e-17     
3835.68565727     2.10467e-17     
3839.77224897     1.37465e-17     
3843.85884067     2.50008e-17     
3847.94543237     2.99268e-18     
3852.03202407     2.85047e-17     
3856.11861577     2.32435e-17     
3860.20520747     1.46438e-17     
3864.29179917     1.05685e-17     
3868.37839087     2.34455e-17     
3872.46498257     1.03352e-17     
3876.55157428     2.45392e-17     
3880.63816598     1.27841e-17     
3884.72475768     1.084e-17       
3888.81134938     2.22653e-17     
3892.89794108     1.35728e-17     
3896.98453278     1.89885e-17     
3901.07112448     1.61316e-17     
3905.15771618     1.691e-17       
3909.24430788     6.60183e-18     
3913.33089958     1.01782e-17     
3917.41749128     2.23079e-17     
3921.50408298     1.20939e-17     
3925.59067468     2.16618e-17     
3929.67726638     1.50307e-17     
3933.76385808     1.85225e-17     
3937.85044978     1.92038e-17     
3941.93704148     2.20865e-17     
3946.02363318     2.43933e-17     
3950.11022488     2.9358e-17      
3954.19681658     2.06618e-17     
3958.28340828     1.82251e-17     
3962.36999998     2.71991e-17     
3966.45659168     2.98045e-17     
3970.54318338     2.74977e-17     
3974.62977508     2.88925e-17     
3978.71636678     3.85312e-17     
3982.80295848     3.51814e-17     
3986.88955018     4.00376e-17     
3990.97614188     3.7326e-17      
3995.06273358     2.55377e-17     
3999.14932528     3.70833e-17     
4003.23591698     3.97959e-17     
4007.32250868     3.92532e-17     
4011.40910038     4.03175e-17     
4015.49569208     2.66014e-17     
4019.58228378     2.64458e-17     
4023.66887549     3.10898e-17     
4027.75546719     2.27236e-17     
4031.84205889     4.2483e-18      
4035.92865059     3.25617e-17     
4040.01524229     2.95174e-17     
4044.10183399     3.61881e-17     
4048.18842569     2.41854e-17     
4052.27501739     3.17722e-17     
4056.36160909     3.83987e-17     
4060.44820079     3.86737e-17     
4064.53479249     3.98251e-17     
4068.62138419     3.36918e-17     
4072.70797589     4.14466e-17     
4076.79456759     3.7537e-17      
4080.88115929     3.11464e-17     
4084.96775099     2.35384e-17     
4089.05434269     -3.70842e-18    
4093.14093439     4.51677e-17     
4097.22752609     3.19562e-17     
4101.31411779     3.51754e-17     
4105.40070949     3.4782e-17      
4109.48730119     5.01278e-17     
4113.57389289     3.68246e-17     
4117.66048459     3.55768e-17     
4121.74707629     4.42173e-17     
4125.83366799     2.83177e-17     
4129.92025969     3.79188e-17     
4134.00685139     2.13477e-17     
4138.09344309     3.19792e-17     
4142.18003479     3.0097e-17      
4146.26662649     3.82948e-17     
4150.35321819     4.53322e-17     
4154.43980989     4.30083e-17     
4158.52640159     3.13987e-17     
4162.61299329     3.84792e-17     
4166.69958499     4.45878e-17     
4170.7861767      4.3076e-17      
4174.8727684      4.65715e-17     
4178.9593601      4.09941e-17     
4183.0459518      3.91316e-17     
4187.1325435      3.41134e-17     
4191.2191352      3.12303e-17     
4195.3057269      3.22841e-17     
4199.3923186      3.77575e-17     
4203.4789103      3.10748e-17     
4207.565502       3.61372e-17     
4211.6520937      2.81847e-17     
4215.7386854      3.88961e-17     
4219.8252771      3.16063e-17     
4223.9118688      3.32491e-17     
4227.9984605      3.17669e-17     
4232.0850522      3.23378e-17     
4236.1716439      3.06274e-17     
4240.2582356      2.91893e-17     
4244.3448273      3.08758e-17     
4248.431419       3.66709e-17     
4252.5180107      3.36476e-17     
4256.6046024      3.39449e-17     
4260.6911941      3.09428e-17     
4264.7777858      3.28872e-17     
4268.8643775      3.12298e-17     
4272.9509692      2.97571e-17     
4277.0375609      2.98604e-17     
4281.1241526      2.94102e-17     
4285.2107443      2.60431e-17     
4289.297336       2.59502e-17     
4293.3839277      2.90357e-17     
4297.4705194      3.22187e-17     
4301.5571111      2.93993e-17     
4305.6437028      4.16337e-17     
4309.7302945      3.62658e-17     
4313.8168862      4.18737e-17     
4317.90347791     3.96213e-17     
4321.99006961     3.35706e-17     
4326.07666131     4.25762e-17     
4330.16325301     4.71885e-17     
4334.24984471     4.60144e-17     
4338.33643641     4.11922e-17     
4342.42302811     3.97537e-17     
4346.50961981     3.63332e-17     
4350.59621151     3.59523e-17     
4354.68280321     3.08079e-17     
4358.76939491     2.05e-17        
4362.85598661     4.09144e-17     
4366.94257831     4.33478e-17     
4371.02917001     3.17903e-17     
4375.11576171     3.01983e-17     
4379.20235341     3.56722e-17     
4383.28894511     3.60187e-17     
4387.37553681     3.61353e-17     
4391.46212851     3.47428e-17     
4395.54872021     3.85709e-17     
4399.63531191     4.27221e-17     
4403.72190361     2.87409e-17     
4407.80849531     4.0178e-17      
4411.89508701     9.87889e-18     
4415.98167871     3.87081e-17     
4420.06827041     4.08129e-17     
4424.15486211     4.95423e-17     
4428.24145381     4.34988e-17     
4432.32804551     3.92971e-17     
4436.41463721     5.11142e-17     
4440.50122891     4.1605e-17      
4444.58782061     4.49299e-17     
4448.67441231     4.60653e-17     
4452.76100401     3.77221e-17     
4456.84759571     4.64976e-17     
4460.93418741     3.87412e-17     
4465.02077912     4.0531e-17      
4469.10737082     3.81699e-17     
4473.19396252     3.18621e-17     
4477.28055422     3.06797e-17     
4481.36714592     2.68453e-17     
4485.45373762     3.16695e-17     
4489.54032932     3.45071e-17     
4493.62692102     2.98159e-17     
4497.71351272     3.42007e-17     
4501.80010442     2.38984e-17     
4505.88669612     3.13323e-17     
4509.97328782     2.31969e-17     
4514.05987952     2.38259e-17     
4518.14647122     2.23377e-17     
4522.23306292     2.32738e-17     
4526.31965462     2.92229e-17     
4530.40624632     3.00114e-17     
4534.49283802     3.10093e-17     
4538.57942972     2.65932e-17     
4542.66602142     2.57883e-17     
4546.75261312     2.2572e-17      
4550.83920482     2.49926e-17     
4554.92579652     2.70801e-17     
4559.01238822     3.14338e-17     
4563.09897992     3.29262e-17     
4567.18557162     4.10784e-17     
4571.27216332     4.02809e-17     
4575.35875502     3.70815e-17     
4579.44534672     4.20052e-17     
4583.53193842     4.43891e-17     
4587.61853012     4.31962e-17     
4591.70512182     4.84353e-17     
4595.79171352     4.1989e-17      
4599.87830522     4.15457e-17     
4603.96489692     5.11483e-17     
4608.05148862     4.2857e-17      
4612.13808033     4.45367e-17     
4616.22467203     5.44843e-17     
4620.31126373     4.61429e-17     
4624.39785543     4.55768e-17     
4628.48444713     4.92652e-17     
4632.57103883     5.78971e-17     
4636.65763053     6.265e-17       
4640.74422223     5.86858e-17     
4644.83081393     5.80129e-17     
4648.91740563     6.15305e-17     
4653.00399733     6.5656e-17      
4657.09058903     7.37378e-17     
4661.17718073     6.85234e-17     
4665.26377243     7.73176e-17     
4669.35036413     8.14184e-17     
4673.43695583     8.59532e-17     
4677.52354753     9.12458e-17     
4681.61013923     1.0428e-16      
4685.69673093     1.05878e-16     
4689.78332263     1.2475e-16      
4693.86991433     1.31835e-16     
4697.95650603     1.43302e-16     
4702.04309773     1.44795e-16     
4706.12968943     1.30689e-16     
4710.21628113     1.16687e-16     
4714.30287283     1.05505e-16     
4718.38946453     9.05664e-17     
4722.47605623     8.72331e-17     
4726.56264793     8.50729e-17     
4730.64923963     7.50868e-17     
4734.73583133     7.15221e-17     
4738.82242303     8.02994e-17     
4742.90901473     7.49075e-17     
4746.99560643     7.73443e-17     
4751.08219813     7.945e-17       
4755.16878983     9.09734e-17     
4759.25538154     9.29249e-17     
4763.34197324     9.58195e-17     
4767.42856494     1.03576e-16     
4771.51515664     1.1006e-16      
4775.60174834     9.32687e-17     
4779.68834004     9.70824e-17     
4783.77493174     6.99355e-17     
4787.86152344     6.76196e-17     
4791.94811514     6.66189e-17     
4796.03470684     5.5468e-17      
4800.12129854     5.41013e-17     
4804.20789024     4.11225e-17     
4808.29448194     4.28811e-17     
4812.38107364     3.66522e-17     
4816.46766534     3.41986e-17     
4820.55425704     3.41774e-17     
4824.64084874     3.51054e-17     
4828.72744044     3.03777e-17     
4832.81403214     3.26043e-17     
4836.90062384     3.761e-17       
4840.98721554     4.13848e-17     
4845.07380724     3.91894e-17     
4849.16039894     4.68147e-17     
4853.24699064     4.26815e-17     
4857.33358234     4.85913e-17     
4861.42017404     5.71335e-17     
4865.50676574     4.55147e-17     
4869.59335744     4.78056e-17     
4873.67994914     4.37634e-17     
4877.76654084     4.31414e-17     
4881.85313254     4.32282e-17     
4885.93972424     3.47822e-17     
4890.02631594     4.65522e-17     
4894.11290764     4.16005e-17     
4898.19949934     3.95351e-17     
4902.28609104     4.31968e-17     
4906.37268275     4.40903e-17     
4910.45927445     4.99291e-17     
4914.54586615     4.88009e-17     
4918.63245785     5.06008e-17     
4922.71904955     4.81057e-17     
4926.80564125     6.27805e-17     
4930.89223295     6.25065e-17     
4934.97882465     7.46869e-17     
4939.06541635     8.48893e-17     
4943.15200805     9.05449e-17     
4947.23859975     9.81697e-17     
4951.32519145     9.68953e-17     
4955.41178315     1.11416e-16     
4959.49837485     9.49164e-17     
4963.58496655     9.97803e-17     
4967.67155825     9.05769e-17     
4971.75814995     7.68364e-17     
4975.84474165     7.77967e-17     
4979.93133335     5.58322e-17     
4984.01792505     5.20124e-17     
4988.10451675     4.41115e-17     
4992.19110845     4.38994e-17     
4996.27770015     3.89827e-17     
5000.36429185     4.88391e-17     
5004.45088355     4.38812e-17     
5008.53747525     4.38714e-17     
5012.62406695     4.61498e-17     
5016.71065865     4.7103e-17      
5020.79725035     5.90884e-17     
5024.88384205     6.48686e-17     
5028.97043375     7.57121e-17     
5033.05702545     8.86465e-17     
5037.14361715     1.01908e-16     
5041.23020885     1.12894e-16     
5045.31680055     1.37974e-16     
5049.40339225     1.49575e-16     
5053.48998396     1.53444e-16     
5057.57657566     1.59107e-16     
5061.66316736     1.66419e-16     
5065.74975906     1.63089e-16     
5069.83635076     1.52125e-16     
5073.92294246     1.40469e-16     
5078.00953416     1.29439e-16     
5082.09612586     1.19629e-16     
5086.18271756     1.02919e-16     
5090.26930926     8.36639e-17     
5094.35590096     6.85271e-17     
5098.44249266     5.9295e-17      
5102.52908436     5.91475e-17     
5106.61567606     5.44844e-17     
5110.70226776     4.72347e-17     
5114.78885946     3.7568e-17      
5118.87545116     3.13383e-17     
5122.96204286     3.48243e-17     
5127.04863456     3.27915e-17     
5131.13522626     3.00006e-17     
5135.22181796     2.81281e-17     
5139.30840966     3.00951e-17     
5143.39500136     2.64815e-17     
5147.48159306     2.70156e-17     
5151.56818476     2.76268e-17     
5155.65477646     2.61802e-17     
5159.74136816     4.04557e-17     
5163.82795986     2.52073e-17     
5167.91455156     3.27974e-17     
5172.00114326     4.40081e-17     
5176.08773496     3.88432e-17     
5180.17432666     3.69126e-17     
5184.26091836     4.19191e-17     
5188.34751006     4.26587e-17     
5192.43410176     5.04479e-17     
5196.52069346     5.0083e-17      
5200.60728517     5.46517e-17     
5204.69387687     4.75813e-17     
5208.78046857     5.60826e-17     
5212.86706027     4.94322e-17     
5216.95365197     5.33939e-17     
5221.04024367     4.86664e-17     
5225.12683537     4.52675e-17     
5229.21342707     4.90029e-17     
5233.30001877     4.1822e-17      
5237.38661047     4.81814e-17     
5241.47320217     5.00701e-17     
5245.55979387     4.91696e-17     
5249.64638557     4.51635e-17     
5253.73297727     4.45922e-17     
5257.81956897     5.52919e-17     
5261.90616067     4.91769e-17     
5265.99275237     4.32511e-17     
5270.07934407     4.77696e-17     
5274.16593577     4.49049e-17     
5278.25252747     4.45311e-17     
5282.33911917     4.61139e-17     
5286.42571087     4.64097e-17     
5290.51230257     4.31127e-17     
5294.59889427     4.40423e-17     
5298.68548597     4.38941e-17     
5302.77207767     4.01832e-17     
5306.85866937     5.08043e-17     
5310.94526107     4.96401e-17     
5315.03185277     5.30123e-17     
5319.11844447     4.60481e-17     
5323.20503617     5.37448e-17     
5327.29162787     5.5995e-17      
5331.37821957     5.62196e-17     
5335.46481127     5.34039e-17     
5339.55140297     6.85355e-17     
5343.63799467     6.26479e-17     
5347.72458638     6.63462e-17     
5351.81117808     6.81382e-17     
5355.89776978     6.75237e-17     
5359.98436148     6.87842e-17     
5364.07095318     7.02119e-17     
5368.15754488     7.59971e-17     
5372.24413658     8.12469e-17     
5376.33072828     7.98301e-17     
5380.41731998     8.31482e-17     
5384.50391168     8.23706e-17     
5388.59050338     7.85312e-17     
5392.67709508     8.3822e-17      
5396.76368678     8.31942e-17     
5400.85027848     8.95195e-17     
5404.93687018     8.95015e-17     
5409.02346188     8.45408e-17     
5413.11005358     7.05195e-17     
5417.19664528     7.54103e-17     
5421.28323698     7.6049e-17      
5425.36982868     7.13645e-17     
5429.45642038     7.66335e-17     
5433.54301208     7.174e-17       
5437.62960378     7.28396e-17     
5441.71619548     8.23738e-17     
5445.80278718     8.59195e-17     
5449.88937888     9.14083e-17     
5453.97597058     9.90863e-17     
5458.06256228     1.12165e-16     
5462.14915398     1.15925e-16     
5466.23574568     1.07063e-16     
5470.32233738     1.03256e-16     
5474.40892908     9.31294e-17     
5478.49552078     8.64256e-17     
5482.58211248     7.98345e-17     
5486.66870418     7.35147e-17     
5490.75529588     7.35919e-17     
5494.84188758     7.01686e-17     
5498.92847929     6.9141e-17      
5503.01507099     6.41114e-17     
5507.10166269     7.30093e-17     
5511.18825439     7.23953e-17     
5515.27484609     7.75438e-17     
5519.36143779     7.53231e-17     
5523.44802949     7.55909e-17     
5527.53462119     8.09353e-17     
5531.62121289     8.23502e-17     
5535.70780459     9.37072e-17     
5539.79439629     1.04285e-16     
5543.88098799     1.07662e-16     
5547.96757969     1.10007e-16     
5552.05417139     1.04499e-16     
5556.14076309     1.1702e-16      
5560.22735479     1.39974e-16     
5564.31394649     1.61582e-16     
5568.40053819     1.84348e-16     
5572.48712989     1.83637e-16     
5576.57372159     1.85877e-16     
5580.66031329     1.83584e-16     
5584.74690499     1.7366e-16      
5588.83349669     1.63436e-16     
5592.92008839     1.51931e-16     
5597.00668009     1.24832e-16     
5601.09327179     1.23385e-16     
5605.17986349     1.19487e-16     
5609.26645519     1.05877e-16     
5613.35304689     9.85518e-17     
5617.43963859     1.06616e-16     
5621.52623029     1.10548e-16     
5625.61282199     1.1293e-16      
5629.69941369     1.17224e-16     
5633.78600539     1.09682e-16     
5637.87259709     1.05823e-16     
5641.95918879     9.533e-17       
5646.0457805      8.56751e-17     
5650.1323722      8.26241e-17     
5654.2189639      8.8597e-17      
5658.3055556      1.06539e-16     
5662.3921473      1.10542e-16     
5666.478739       9.66687e-17     
5670.5653307      9.85978e-17     
5674.6519224      9.30014e-17     
5678.7385141      8.67732e-17     
5682.8251058      8.66368e-17     
5686.9116975      9.05619e-17     
5690.9982892      9.89688e-17     
5695.0848809      1.04304e-16     
5699.1714726      1.02157e-16     
5703.2580643      1.02219e-16     
5707.344656       9.99391e-17     
5711.4312477      1.0536e-16      
5715.5178394      1.08885e-16     
5719.6044311      1.11907e-16     
5723.6910228      1.03236e-16     
5727.7776145      9.99071e-17     
5731.8642062      1.03733e-16     
5735.9507979      9.18533e-17     
5740.0373896      9.15276e-17     
5744.1239813      1.00047e-16     
5748.210573       9.44116e-17     
5752.2971647      8.55298e-17     
5756.3837564      8.61891e-17     
5760.4703481      9.44342e-17     
5764.5569398      1.00593e-16     
5768.6435315      1.03163e-16     
5772.7301232      1.09413e-16     
5776.8167149      1.02287e-16     
5780.9033066      9.9533e-17      
5784.9898983      1.02688e-16     
5789.07649        1.04138e-16     
5793.16308171     9.75683e-17     
5797.24967341     8.62618e-17     
5801.33626511     7.32123e-17     
5805.42285681     6.11371e-17     
5809.50944851     5.51612e-17     
5813.59604021     4.37251e-17     
5817.68263191     4.13719e-17     
5821.76922361     5.57373e-17     
5825.85581531     5.01297e-17     
5829.94240701     4.33192e-17     
5834.02899871     4.37062e-17     
5838.11559041     4.01328e-17     
5842.20218211     3.03382e-17     
5846.28877381     2.85051e-17     
5850.37536551     2.80015e-17     
5854.46195721     2.20506e-17     
5858.54854891     2.1776e-17      
5862.63514061     1.60559e-17     
5866.72173231     2.24034e-17     
5870.80832401     3.84915e-17     
5874.89491571     4.36971e-17     
5878.98150741     4.15175e-17     
5883.06809911     4.02149e-17     
5887.15469081     4.46633e-17     
5891.24128251     5.67883e-17     
5895.32787421     6.07155e-17     
5899.41446591     5.35974e-17     
5903.50105761     6.81461e-17     
5907.58764931     7.76686e-17     
5911.67424101     7.77544e-17     
5915.76083271     8.31093e-17     
5919.84742441     1.0539e-16      
5923.93401611     1.17663e-16     
5928.02060781     1.38902e-16     
5932.10719951     1.61111e-16     
5936.19379121     1.65409e-16     
5940.28038292     1.60355e-16     
5944.36697462     1.60918e-16     
5948.45356632     1.54501e-16     
5952.54015802     1.33077e-16     
5956.62674972     1.24803e-16     
5960.71334142     1.20096e-16     
5964.79993312     1.24961e-16     
5968.88652482     1.27512e-16     
5972.97311652     1.23663e-16     
5977.05970822     1.07751e-16     
5981.14629992     1.01281e-16     
5985.23289162     1.03041e-16     
5989.31948332     1.04105e-16     
5993.40607502     9.34863e-17     
5997.49266672     9.97776e-17     
6001.57925842     9.75306e-17     
6005.66585012     8.49471e-17     
6009.75244182     7.99499e-17     
6013.83903352     6.81574e-17     
6017.92562522     7.50212e-17     
6022.01221692     9.52105e-17     
6026.09880862     1.02338e-16     
6030.18540032     1.22421e-16     
6034.27199202     1.22213e-16     
6038.35858372     1.22338e-16     
6042.44517542     1.07704e-16     
6046.53176712     1.01894e-16     
6050.61835882     8.23516e-17     
6054.70495052     6.84836e-17     
6058.79154222     6.85363e-17     
6062.87813392     7.43263e-17     
6066.96472562     8.29649e-17     
6071.05131732     7.84537e-17     
6075.13790902     7.50875e-17     
6079.22450072     7.16825e-17     
6083.31109242     6.15192e-17     
6087.39768413     7.67567e-17     
6091.48427583     8.66918e-17     
6095.57086753     8.12238e-17     
6099.65745923     7.85733e-17     
6103.74405093     7.95966e-17     
6107.83064263     6.49171e-17     
6111.91723433     6.53404e-17     
6116.00382603     7.44901e-17     
6120.09041773     7.10011e-17     
6124.17700943     6.84986e-17     
6128.26360113     7.50519e-17     
6132.35019283     7.371e-17       
6136.43678453     6.68e-17        
6140.52337623     6.24864e-17     
6144.60996793     6.21321e-17     
6148.69655963     6.44876e-17     
6152.78315133     5.31627e-17     
6156.86974303     6.77491e-17     
6160.95633473     6.11734e-17     
6165.04292643     5.52651e-17     
6169.12951813     6.18022e-17     
6173.21610983     6.75444e-17     
6177.30270153     7.91567e-17     
6181.38929323     8.64619e-17     
6185.47588493     8.7359e-17      
6189.56247663     9.40784e-17     
6193.64906833     9.48389e-17     
6197.73566003     9.21625e-17     
6201.82225173     9.66015e-17     
6205.90884343     8.61099e-17     
6209.99543513     7.97769e-17     
6214.08202683     8.14064e-17     
6218.16861853     7.52327e-17     
6222.25521023     6.2281e-17      
6226.34180193     6.82901e-17     
6230.42839363     5.80019e-17     
6234.51498534     5.81501e-17     
6238.60157704     6.20602e-17     
6242.68816874     5.73225e-17     
6246.77476044     5.32546e-17     
6250.86135214     4.74399e-17     
6254.94794384     5.08305e-17     
6259.03453554     5.87612e-17     
6263.12112724     5.88709e-17     
6267.20771894     5.81419e-17     
6271.29431064     7.51947e-17     
6275.38090234     7.59942e-17     
6279.46749404     9.44998e-17     
6283.55408574     1.08427e-16     
6287.64067744     1.35762e-16     
6291.72726914     1.40325e-16     
6295.81386084     1.2494e-16      
6299.90045254     1.3151e-16      
6303.98704424     1.40901e-16     
6308.07363594     1.35627e-16     
6312.16022764     1.22246e-16     
6316.24681934     1.14879e-16     
6320.33341104     1.11572e-16     
6324.42000274     1.02433e-16     
6328.50659444     9.71386e-17     
6332.59318614     8.05982e-17     
6336.67977784     7.01232e-17     
6340.76636954     6.4203e-17      
6344.85296124     5.33792e-17     
6348.93955294     7.26741e-17     
6353.02614464     7.81897e-17     
6357.11273634     7.24179e-17     
6361.19932804     7.16315e-17     
6365.28591974     6.49527e-17     
6369.37251144     5.73222e-17     
6373.45910314     5.00077e-17     
6377.54569484     5.24191e-17     
6381.63228655     6.22014e-17     
6385.71887825     6.39346e-17     
6389.80546995     5.86672e-17     
6393.89206165     5.1797e-17      
6397.97865335     5.73195e-17     
6402.06524505     5.44863e-17     
6406.15183675     5.31666e-17     
6410.23842845     5.70952e-17     
6414.32502015     6.27915e-17     
6418.41161185     6.32776e-17     
6422.49820355     5.37042e-17     
6426.58479525     5.10398e-17     
6430.67138695     5.07593e-17     
6434.75797865     4.22474e-17     
6438.84457035     3.70215e-17     
6442.93116205     4.09433e-17     
6447.01775375     4.80973e-17     
6451.10434545     5.05825e-17     
6455.19093715     5.04547e-17     
6459.27752885     5.6627e-17      
6463.36412055     5.18285e-17     
6467.45071225     5.12321e-17     
6471.53730395     5.68958e-17     
6475.62389565     6.17546e-17     
6479.71048735     6.86987e-17     
6483.79707905     8.06642e-17     
6487.88367075     7.76592e-17     
6491.97026245     9.10031e-17     
6496.05685415     1.09749e-16     
6500.14344585     1.11821e-16     
6504.23003755     1.16784e-16     
6508.31662925     1.04196e-16     
6512.40322095     9.65983e-17     
6516.48981265     8.58984e-17     
6520.57640435     7.31307e-17     
6524.66299605     7.52854e-17     
6528.74958776     7.75264e-17     
6532.83617946     7.60485e-17     
6536.92277116     7.99436e-17     
6541.00936286     8.30573e-17     
6545.09595456     8.57241e-17     
6549.18254626     9.79443e-17     
6553.26913796     1.25991e-16     
6557.35572966     1.30421e-16     
6561.44232136     1.53036e-16     
6565.52891306     1.44871e-16     
6569.61550476     1.42787e-16     
6573.70209646     1.36941e-16     
6577.78868816     1.18612e-16     
6581.87527986     1.04311e-16     
6585.96187156     9.19562e-17     
6590.04846326     8.78644e-17     
6594.13505496     8.41669e-17     
6598.22164666     7.94936e-17     
6602.30823836     9.70926e-17     
6606.39483006     9.80677e-17     
6610.48142176     1.10957e-16     
6614.56801346     1.03092e-16     
6618.65460516     8.46024e-17     
6622.74119686     7.1049e-17      
6626.82778856     6.55087e-17     
6630.91438026     7.09808e-17     
6635.00097196     7.21499e-17     
6639.08756366     6.74897e-17     
6643.17415536     7.07269e-17     
6647.26074706     8.47301e-17     
6651.34733876     9.53925e-17     
6655.43393046     9.25996e-17     
6659.52052216     8.91502e-17     
6663.60711386     7.96707e-17     
6667.69370556     8.42138e-17     
6671.78029726     7.39153e-17     
6675.86688897     7.01934e-17     
6679.95348067     7.62389e-17     
6684.04007237     7.80135e-17     
6688.12666407     7.50023e-17     
6692.21325577     6.73222e-17     
6696.29984747     6.27622e-17     
6700.38643917     6.70018e-17     
6704.47303087     6.44177e-17     
6708.55962257     5.05133e-17     
6712.64621427     4.50504e-17     
6716.73280597     6.45747e-17     
6720.81939767     6.87453e-17     
6724.90598937     7.8505e-17      
6728.99258107     8.71781e-17     
6733.07917277     8.9615e-17      
6737.16576447     8.82214e-17     
6741.25235617     7.89172e-17     
6745.33894787     7.07413e-17     
6749.42553957     6.31688e-17     
6753.51213127     5.19089e-17     
6757.59872297     5.69233e-17     
6761.68531467     8.29911e-17     
6765.77190637     8.46367e-17     
6769.85849807     8.10035e-17     
6773.94508977     7.43962e-17     
6778.03168147     6.52183e-17     
6782.11827317     6.17345e-17     
6786.20486487     6.40273e-17     
6790.29145657     5.85494e-17     
6794.37804827     5.33799e-17     
6798.46463997     6.26723e-17     
6802.55123167     6.63732e-17     
6806.63782337     5.76459e-17     
6810.72441507     5.98148e-17     
6814.81100677     5.89257e-17     
6818.89759847     6.09882e-17     
6822.98419018     6.87256e-17     
6827.07078188     6.10336e-17     
6831.15737358     6.0042e-17      
6835.24396528     5.65494e-17     
6839.33055698     6.36532e-17     
6843.41714868     7.4269e-17      
6847.50374038     7.9189e-17      
6851.59033208     7.72458e-17     
6855.67692378     7.16952e-17     
6859.76351548     6.32245e-17     
6863.85010718     6.0725e-17      
6867.93669888     6.05483e-17     
6872.02329058     5.36239e-17     
6876.10988228     6.04614e-17     
6880.19647398     7.03811e-17     
6884.28306568     6.3745e-17      
6888.36965738     5.77196e-17     
6892.45624908     7.4362e-17      
6896.54284078     7.73132e-17     
6900.62943248     7.42978e-17     
6904.71602418     8.00761e-17     
6908.80261588     7.58376e-17     
6912.88920758     7.10307e-17     
6916.97579928     7.81224e-17     
6921.06239098     7.56485e-17     
6925.14898268     6.47063e-17     
6929.23557438     7.04933e-17     
6933.32216608     6.76386e-17     
6937.40875778     6.54688e-17     
6941.49534948     6.44256e-17     
6945.58194118     5.76706e-17     
6949.66853288     4.88634e-17     
6953.75512458     6.05547e-17     
6957.84171628     6.49714e-17     
6961.92830798     6.05268e-17     
6966.01489968     6.35338e-17     
6970.10149139     5.84075e-17     
6974.18808309     6.12163e-17     
6978.27467479     6.1607e-17      
6982.36126649     6.24956e-17     
6986.44785819     6.36428e-17     
6990.53444989     5.03402e-17     
6994.62104159     5.53579e-17     
6998.70763329     5.00959e-17     
7002.79422499     5.42382e-17     
7006.88081669     5.16725e-17     
7010.96740839     5.6696e-17      
7015.05400009     5.55462e-17     
7019.14059179     4.83225e-17     
7023.22718349     5.50745e-17     
7027.31377519     4.42543e-17     
7031.40036689     4.23849e-17     
7035.48695859     3.23235e-17     
7039.57355029     4.16842e-17     
7043.66014199     4.86808e-17     
7047.74673369     5.44634e-17     
7051.83332539     6.66168e-17     
7055.91991709     7.33315e-17     
7060.00650879     7.58292e-17     
7064.09310049     7.69355e-17     
7068.17969219     7.58647e-17     
7072.26628389     6.77915e-17     
7076.35287559     6.00799e-17     
7080.43946729     6.3034e-17      
7084.52605899     6.11442e-17     
7088.61265069     5.52041e-17     
7092.69924239     5.72974e-17     
7096.78583409     6.85091e-17     
7100.87242579     6.17474e-17     
7104.95901749     4.81337e-17     
7109.04560919     3.16691e-17     
7113.13220089     6.60466e-17     
7117.2187926      5.87005e-17     
7121.3053843      5.6305e-17      
7125.391976       7.20373e-17     
7129.4785677      7.40713e-17     
7133.5651594      8.70303e-17     
7137.6517511      8.61821e-17     
7141.7383428      8.27893e-17     
7145.8249345      7.58536e-17     
7149.9115262      7.38949e-17     
7153.9981179      7.23148e-17     
7158.0847096      7.66356e-17     
7162.1713013      8.48286e-17     
7166.257893       7.74472e-17     
7170.3444847      7.62248e-17     
7174.4310764      7.3411e-17      
7178.5176681      6.80374e-17     
7182.6042598      7.12692e-17     
7186.6908515      7.63292e-17     
7190.7774432      8.12862e-17     
7194.8640349      6.38998e-17     
7198.9506266      6.15557e-17     
7203.0372183      7.13622e-17     
7207.12381        6.36347e-17     
7211.2104017      6.21696e-17     
7215.2969934      6.78839e-17     
7219.3835851      5.82498e-17     
7223.4701768      6.10275e-17     
7227.5567685      6.85978e-17     
7231.6433602      6.42999e-17     
7235.7299519      6.22403e-17     
7239.8165436      6.96739e-17     
7243.9031353      7.57193e-17     
7247.989727       6.43603e-17     
7252.0763187      5.6454e-17      
7256.1629104      6.03805e-17     
7260.2495021      6.31621e-17     
7264.33609381     7.61984e-17     
7268.42268551     1.03023e-16     
7272.50927721     1.03814e-16     
7276.59586891     9.88465e-17     
7280.68246061     9.31473e-17     
7284.76905231     8.83823e-17     
7288.85564401     8.42279e-17     
7292.94223571     7.58281e-17     
7297.02882741     6.49596e-17     
7301.11541911     5.75985e-17     
7305.20201081     6.39134e-17     
7309.28860251     6.40094e-17     
7313.37519421     5.86308e-17     
7317.46178591     5.85452e-17     
7321.54837761     6.51548e-17     
7325.63496931     5.34923e-17     
7329.72156101     5.94599e-17     
7333.80815271     6.34163e-17     
7337.89474441     6.5578e-17      
7341.98133611     7.19493e-17     
7346.06792781     7.62712e-17     
7350.15451951     8.68738e-17     
7354.24111121     9.11173e-17     
7358.32770291     9.33875e-17     
7362.41429461     1.08049e-16     
7366.50088631     1.22892e-16     
7370.58747801     1.14974e-16     
7374.67406971     1.08018e-16     
7378.76066141     1.07827e-16     
7382.84725311     9.90043e-17     
7386.93384481     8.81757e-17     
7391.02043651     8.60372e-17     
7395.10702821     7.92718e-17     
7399.19361991     8.37298e-17     
7403.28021161     9.34129e-17     
7407.36680331     8.65677e-17     
7411.45339502     7.64848e-17     
7415.53998672     6.7851e-17      
7419.62657842     6.67455e-17     
7423.71317012     5.69707e-17     
7427.79976182     6.44416e-17     
7431.88635352     5.58682e-17     
7435.97294522     5.46207e-17     
7440.05953692     6.28798e-17     
7444.14612862     6.30996e-17     
7448.23272032     5.17913e-17     
7452.31931202     4.86668e-17     
7456.40590372     5.46428e-17     
7460.49249542     5.69529e-17     
7464.57908712     5.96795e-17     
7468.66567882     5.5346e-17      
7472.75227052     4.94064e-17     
7476.83886222     4.84514e-17     
7480.92545392     5.54512e-17     
7485.01204562     5.73151e-17     
