3650.06738281  8.246389E-17
3655.58652686823  6.746068E-17
3661.10567092646  7.850870E-17
3666.62481498469  7.477028E-17
3672.14395904292  6.776158E-17
3677.66310310115  7.793144E-17
3683.18224715938  7.005981E-17
3688.70139121761  7.901921E-17
3694.22053527584  8.181381E-17
3699.73967933407  7.777118E-17
3705.2588233923  7.500694E-17
3710.77796745053  8.297184E-17
3716.29711150876  6.549996E-17
3721.81625556699  7.302984E-17
3727.33539962522  7.640479E-17
3732.85454368345  7.766151E-17
3738.37368774168  8.322938E-17
3743.89283179991  6.899280E-17
3749.41197585814  7.351216E-17
3754.93111991637  8.100937E-17
3760.4502639746  7.626953E-17
3765.96940803283  7.612077E-17
3771.48855209106  7.540297E-17
3777.00769614929  8.658092E-17
3782.52684020752  8.213221E-17
3788.04598426575  7.117628E-17
3793.56512832398  7.448257E-17
3799.08427238221  8.099831E-17
3804.60341644044  8.198966E-17
3810.12256049867  6.925298E-17
3815.6417045569  7.526622E-17
3821.16084861513  8.641979E-17
3826.67999267336  7.207004E-17
3832.19913673159  9.292022E-17
3837.71828078982  7.049356E-17
3843.23742484805  7.700240E-17
3848.75656890628  8.166396E-17
3854.27571296451  7.964885E-17
3859.79485702274  8.807924E-17
3865.31400108097  8.578942E-17
3870.8331451392  7.866657E-17
3876.35228919743  8.163876E-17
3881.87143325566  7.772502E-17
3887.39057731389  8.801465E-17
3892.90972137212  7.829980E-17
3898.42886543035  8.084294E-17
3903.94800948858  7.098855E-17
3909.46715354681  8.078507E-17
3914.98629760504  6.924172E-17
3920.50544166327  7.395962E-17
3926.0245857215  8.367306E-17
3931.54372977973  7.871510E-17
3937.06287383796  7.546743E-17
3942.58201789619  7.451008E-17
3948.10116195442  8.495762E-17
3953.62030601265  8.630394E-17
3959.13945007088  8.048007E-17
3964.65859412911  8.647784E-17
3970.17773818734  8.256603E-17
3975.69688224557  8.417819E-17
3981.2160263038  7.715269E-17
3986.73517036203  8.347338E-17
3992.25431442026  8.082204E-17
3997.77345847849  8.126814E-17
4003.29260253672  8.711625E-17
4008.81174659495  7.298225E-17
4014.33089065318  8.076881E-17
4019.85003471141  7.729407E-17
4025.36917876964  8.421782E-17
4030.88832282787  8.541533E-17
4036.4074668861  8.420450E-17
4041.92661094433  8.238032E-17
4047.44575500256  8.300843E-17
4052.96489906079  7.644411E-17
4058.48404311902  8.642099E-17
4064.00318717725  8.356505E-17
4069.52233123548  7.477409E-17
4075.04147529371  7.922991E-17
4080.56061935194  7.877318E-17
4086.07976341017  8.651755E-17
4091.5989074684  7.975761E-17
4097.11805152663  8.450629E-17
4102.63719558486  8.005273E-17
4108.15633964309  7.647452E-17
4113.67548370132  8.857281E-17
4119.19462775955  8.343918E-17
4124.71377181778  7.560480E-17
4130.23291587601  8.033834E-17
4135.75205993424  7.717682E-17
4141.27120399247  8.768946E-17
4146.7903480507  7.308831E-17
4152.30949210893  8.279784E-17
4157.82863616716  8.066237E-17
4163.34778022539  8.277822E-17
4168.86692428362  8.429362E-17
4174.38606834185  8.060086E-17
4179.90521240008  8.433720E-17
4185.42435645832  7.900579E-17
4190.94350051654  7.631211E-17
4196.46264457477  7.898723E-17
4201.981788633  8.541342E-17
4207.50093269123  8.157355E-17
4213.02007674946  8.626054E-17
4218.53922080769  7.829228E-17
4224.05836486592  7.769162E-17
4229.57750892415  7.536275E-17
4235.09665298238  7.855203E-17
4240.61579704061  8.197330E-17
4246.13494109884  8.011046E-17
4251.65408515707  7.963041E-17
4257.1732292153  8.234159E-17
4262.69237327353  7.629506E-17
4268.21151733176  7.922668E-17
4273.73066138999  8.677437E-17
4279.24980544822  8.514138E-17
4284.76894950645  7.589772E-17
4290.28809356468  7.875730E-17
4295.80723762291  7.313713E-17
4301.32638168114  7.856639E-17
4306.84552573937  7.423824E-17
4312.3646697976  7.437904E-17
4317.88381385583  7.691651E-17
4323.40295791406  7.658567E-17
4328.92210197229  7.654459E-17
4334.44124603052  8.002661E-17
4339.96039008875  8.369020E-17
4345.47953414698  8.257301E-17
4350.99867820521  7.885911E-17
4356.51782226344  8.077703E-17
4362.03696632167  8.437556E-17
4367.5561103799  7.415001E-17
4373.07525443813  7.791949E-17
4378.59439849636  7.888391E-17
4384.11354255459  7.564148E-17
4389.63268661282  7.568034E-17
4395.15183067105  7.869902E-17
4400.67097472929  7.981286E-17
4406.19011878751  8.263311E-17
4411.70926284574  7.787301E-17
4417.22840690398  7.557094E-17
4422.7475509622  7.406849E-17
4428.26669502043  7.784589E-17
4433.78583907866  7.198769E-17
4439.30498313689  7.332587E-17
4444.82412719512  7.819624E-17
4450.34327125335  7.201620E-17
4455.86241531158  7.654288E-17
4461.38155936981  7.440652E-17
4466.90070342804  7.979462E-17
4472.41984748627  7.371326E-17
4477.9389915445  7.868614E-17
4483.45813560273  7.842507E-17
4488.97727966096  8.953774E-17
4494.49642371919  8.684117E-17
4500.01556777742  8.935456E-17
4505.53471183565  8.782410E-17
4511.05385589388  7.905318E-17
4516.57299995211  7.990340E-17
4522.09214401034  7.986001E-17
4527.61128806857  7.596289E-17
4533.1304321268  7.965066E-17
4538.64957618503  8.142346E-17
4544.16872024326  7.480495E-17
4549.68786430149  7.892983E-17
4555.20700835973  7.213889E-17
4560.72615241795  8.117694E-17
4566.24529647618  7.802513E-17
4571.76444053441  7.423026E-17
4577.28358459264  7.637788E-17
4582.80272865087  7.499897E-17
4588.3218727091  7.253205E-17
4593.84101676733  7.417726E-17
4599.36016082556  6.884969E-17
4604.87930488379  6.931003E-17
4610.39844894202  6.805458E-17
4615.91759300025  7.129646E-17
4621.43673705848  6.874355E-17
4626.95588111671  7.162033E-17
4632.47502517494  7.334954E-17
4637.99416923317  7.260055E-17
4643.5133132914  7.114064E-17
4649.03245734963  7.320589E-17
4654.55160140786  7.152387E-17
4660.07074546609  6.915451E-17
4665.58988952433  6.912148E-17
4671.10903358255  7.231069E-17
4676.62817764078  6.648042E-17
4682.14732169901  7.141127E-17
4687.66646575724  7.400778E-17
4693.18560981547  6.617161E-17
4698.7047538737  7.110343E-17
4704.22389793194  7.007660E-17
4709.74304199017  7.706292E-17
4715.26218604839  7.473604E-17
4720.78133010662  6.894974E-17
4726.30047416485  7.838595E-17
4731.81961822308  7.426195E-17
4737.33876228131  8.121292E-17
4742.85790633954  8.217769E-17
4748.37705039777  8.238562E-17
4753.896194456  9.419277E-17
4759.41533851424  9.549628E-17
4764.93448257246  9.223131E-17
4770.45362663069  8.329143E-17
4775.97277068892  8.057230E-17
4781.49191474715  8.036058E-17
4787.01105880538  7.264496E-17
4792.53020286362  7.832811E-17
4798.04934692185  7.798108E-17
4803.56849098007  7.338303E-17
4809.0876350383  7.345887E-17
4814.60677909653  7.352937E-17
4820.12592315476  7.445802E-17
4825.64506721299  7.472742E-17
4831.16421127122  7.108601E-17
4836.68335532945  7.030660E-17
4842.20249938768  7.099355E-17
4847.72164344591  6.891284E-17
4853.24078750414  7.579841E-17
4858.75993156237  6.796609E-17
4864.2790756206  6.964825E-17
4869.79821967883  6.889910E-17
4875.31736373706  7.043439E-17
4880.8365077953  7.289451E-17
4886.35565185353  6.943750E-17
4891.87479591176  7.146800E-17
4897.39393996999  7.021113E-17
4902.91308402821  7.356465E-17
4908.43222808644  7.141967E-17
4913.95137214467  7.071756E-17
4919.4705162029  6.883899E-17
4924.98966026114  6.801865E-17
4930.50880431936  7.235410E-17
4936.02794837759  7.455710E-17
4941.54709243582  6.711112E-17
4947.06623649405  7.181483E-17
4952.58538055228  7.108981E-17
4958.10452461051  7.065093E-17
4963.62366866874  6.920741E-17
4969.14281272697  7.073614E-17
4974.66195678521  6.863704E-17
4980.18110084343  6.832518E-17
4985.70024490167  7.044480E-17
4991.2193889599  7.211834E-17
4996.73853301812  7.190270E-17
5002.25767707635  7.361882E-17
5007.77682113459  6.924787E-17
5013.29596519282  6.975467E-17
5018.81510925104  7.471484E-17
5024.33425330928  6.469187E-17
5029.85339736751  6.612153E-17
5035.37254142574  7.025471E-17
5040.89168548397  7.212671E-17
5046.4108295422  7.067758E-17
5051.92997360042  7.145367E-17
5057.44911765865  6.795943E-17
5062.96826171689  7.361178E-17
5068.48740577511  6.589912E-17
5074.00654983334  6.326300E-17
5079.52569389158  6.850789E-17
5085.04483794981  6.993560E-17
5090.56398200803  6.634250E-17
5096.08312606626  6.693425E-17
5101.6022701245  6.504337E-17
5107.12141418273  6.954607E-17
5112.64055824095  7.282329E-17
5118.15970229918  6.887255E-17
5123.67884635741  6.926433E-17
5129.19799041565  6.811259E-17
5134.71713447387  6.718700E-17
5140.23627853211  7.129862E-17
5145.75542259033  6.759794E-17
5151.27456664857  5.922358E-17
5156.7937107068  6.734032E-17
5162.31285476503  6.508769E-17
5167.83199882326  6.329427E-17
5173.35114288149  6.736158E-17
5178.87028693971  6.222893E-17
5184.38943099794  6.501738E-17
5189.90857505618  6.464223E-17
5195.4277191144  6.678855E-17
5200.94686317264  6.297798E-17
5206.46600723087  6.371485E-17
5211.9851512891  6.437613E-17
5217.50429534732  5.891621E-17
5223.02343940556  6.347555E-17
5228.54258346379  6.351428E-17
5234.06172752201  6.161855E-17
5239.58087158025  6.405213E-17
5245.10001563848  6.531444E-17
5250.61915969671  6.373499E-17
5256.13830375494  6.684640E-17
5261.65744781317  7.004378E-17
5267.17659187139  6.613855E-17
5272.69573592963  6.901167E-17
5278.21487998786  7.121932E-17
5283.73402404609  7.017004E-17
5289.25316810432  6.915197E-17
5294.77231216255  7.147648E-17
5300.29145622077  7.698976E-17
5305.810600279  8.116184E-17
5311.32974433723  8.908739E-17
5316.84888839547  9.652324E-17
5322.36803245369  1.036262E-16
5327.88717651192  1.039659E-16
5333.40632057015  1.001933E-16
5338.92546462839  9.176368E-17
5344.44460868662  8.145277E-17
5349.96375274485  7.432077E-17
5355.48289680308  8.004847E-17
5361.00204086131  7.477236E-17
5366.52118491954  6.496941E-17
5372.04032897777  7.300181E-17
5377.559473036  6.660242E-17
5383.07861709423  6.460392E-17
5388.59776115246  6.251416E-17
5394.11690521069  6.186847E-17
5399.63604926891  6.587308E-17
5405.15519332715  6.421150E-17
5410.67433738538  6.177280E-17
5416.19348144361  6.471515E-17
5421.71262550183  6.285155E-17
5427.23176956006  6.407633E-17
5432.75091361829  6.839326E-17
5438.27005767653  5.998713E-17
5443.78920173476  6.282173E-17
5449.30834579299  6.679726E-17
5454.82748985122  6.274167E-17
5460.34663390945  5.999954E-17
5465.86577796768  6.212109E-17
5471.38492202591  6.280069E-17
5476.90406608414  6.538957E-17
5482.42321014236  6.540955E-17
5487.9423542006  6.893197E-17
5493.46149825883  6.732980E-17
5498.98064231706  6.189671E-17
5504.49978637529  6.314757E-17
5510.01893043352  6.054550E-17
5515.53807449175  6.271169E-17
5521.05721854997  6.306217E-17
5526.57636260821  6.409679E-17
5532.09550666644  6.475495E-17
5537.61465072467  6.002933E-17
5543.1337947829  6.057124E-17
5548.65293884113  5.849729E-17
5554.17208289935  6.261867E-17
5559.69122695759  5.901797E-17
5565.21037101582  5.997020E-17
5570.72951507405  7.203498E-17
5576.24865913227  7.124524E-17
5581.76780319051  6.221617E-17
5587.28694724873  5.233732E-17
5592.80609130697  5.712667E-17
5598.3252353652  5.710130E-17
5603.84437942343  5.891801E-17
5609.36352348166  6.061648E-17
5614.88266753988  5.967742E-17
5620.40181159812  5.851994E-17
5625.92095565635  5.685508E-17
5631.44009971458  6.263886E-17
5636.95924377281  6.252057E-17
5642.47838783104  5.888281E-17
5647.99753188927  5.523933E-17
5653.5166759475  5.977700E-17
5659.03582000573  6.082398E-17
5664.55496406396  5.807482E-17
5670.07410812219  5.791988E-17
5675.59325218042  6.018243E-17
5681.11239623865  5.920956E-17
5686.63154029688  6.114060E-17
5692.15068435511  5.468467E-17
5697.66982841334  5.945157E-17
5703.18897247157  5.965800E-17
5708.7081165298  6.275968E-17
5714.22726058803  6.078914E-17
5719.74640464626  5.897792E-17
5725.26554870449  5.918095E-17
5730.78469276272  5.847388E-17
5736.30383682095  6.373711E-17
5741.82298087918  5.518022E-17
5747.34212493741  5.418740E-17
5752.86126899564  6.196340E-17
5758.38041305387  5.624745E-17
5763.8995571121  5.810682E-17
5769.41870117033  5.681947E-17
5774.93784522856  5.897895E-17
5780.45698928679  5.841222E-17
5785.97613334502  5.984250E-17
5791.49527740324  5.607800E-17
5797.01442146148  5.488534E-17
5802.5335655197  5.887958E-17
5808.05270957793  5.918180E-17
5813.57185363617  5.826783E-17
5819.0909976944  5.537440E-17
5824.61014175263  6.002829E-17
5830.12928581086  5.731673E-17
5835.64842986909  5.610362E-17
5841.16757392732  5.851016E-17
5846.68671798555  5.551524E-17
5852.20586204378  5.510356E-17
5857.72500610201  5.712363E-17
5863.24415016024  5.671016E-17
5868.76329421847  5.510269E-17
5874.2824382767  5.538344E-17
5879.80158233493  5.410967E-17
5885.32072639316  5.299942E-17
5890.83987045139  5.201898E-17
5896.35901450962  5.139576E-17
5901.87815856785  5.365225E-17
5907.39730262608  5.692921E-17
5912.91644668431  5.452248E-17
5918.43559074254  5.803801E-17
5923.95473480077  5.653736E-17
5929.473878859  5.610994E-17
5934.99302291723  5.140588E-17
5940.51216697546  5.126675E-17
5946.03131103369  5.487947E-17
5951.55045509192  5.689456E-17
5957.06959915015  5.083393E-17
5962.58874320838  5.276540E-17
5968.10788726661  5.160829E-17
5973.62703132484  5.186530E-17
5979.14617538307  5.257360E-17
5984.6653194413  5.179650E-17
5990.18446349952  5.497089E-17
5995.70360755776  5.534522E-17
6001.22275161599  5.545581E-17
6006.74189567422  5.328118E-17
6012.26103973245  5.635550E-17
6017.78018379068  5.080655E-17
6023.29932784891  5.215523E-17
6028.81847190714  5.026762E-17
6034.33761596537  5.695872E-17
6039.8567600236  5.528600E-17
6045.37590408183  5.226114E-17
6050.89504814006  5.253117E-17
6056.41419219829  5.080842E-17
6061.93333625652  5.220904E-17
6067.45248031475  5.359666E-17
6072.97162437298  5.344169E-17
6078.49076843121  5.808739E-17
6084.00991248943  4.873994E-17
6089.52905654767  5.085125E-17
6095.0482006059  4.976137E-17
6100.56734466413  5.026082E-17
6106.08648872236  4.889001E-17
6111.60563278059  4.822009E-17
6117.12477683882  5.343850E-17
6122.64392089705  4.994885E-17
6128.16306495528  5.373556E-17
6133.68220901351  5.329892E-17
6139.20135307174  5.020016E-17
6144.72049712997  4.833954E-17
6150.2396411882  4.751360E-17
6155.75878524643  5.138416E-17
6161.27792930466  5.079000E-17
6166.79707336289  4.741423E-17
6172.31621742112  5.055544E-17
6177.83536147935  5.053653E-17
6183.35450553758  5.053965E-17
6188.87364959581  4.970660E-17
6194.39279365404  4.834902E-17
6199.91193771227  4.866584E-17
6205.4310817705  5.318939E-17
6210.95022582873  5.020875E-17
6216.46936988696  5.093643E-17
6221.98851394519  4.726365E-17
6227.50765800342  4.253733E-17
6233.02680206165  4.648735E-17
6238.54594611988  4.971541E-17
6244.06509017811  5.023988E-17
6249.58423423634  4.693449E-17
6255.10337829457  4.909398E-17
6260.6225223528  4.816188E-17
6266.14166641103  4.551957E-17
6271.66081046926  5.421890E-17
6277.17995452749  4.867827E-17
6282.69909858572  4.930431E-17
6288.21824264395  4.558272E-17
6293.73738670218  4.933350E-17
6299.25653076041  5.327499E-17
6304.77567481864  4.740678E-17
6310.29481887687  4.560911E-17
6315.8139629351  4.959867E-17
6321.33310699333  4.729501E-17
6326.85225105156  4.934934E-17
6332.37139510979  4.299680E-17
6337.89053916802  4.972769E-17
6343.40968322625  4.458259E-17
6348.92882728448  4.549220E-17
6354.44797134271  4.751119E-17
6359.96711540094  4.794864E-17
6365.48625945917  4.689951E-17
6371.0054035174  5.091532E-17
6376.52454757563  4.962689E-17
6382.04369163386  4.383194E-17
6387.56283569209  5.243663E-17
6393.08197975032  4.504730E-17
6398.60112380855  5.102018E-17
6404.12026786678  4.830748E-17
6409.639411925  4.876371E-17
6415.15855598324  4.913271E-17
6420.67770004147  5.128333E-17
6426.1968440997  5.346823E-17
6431.71598815793  5.046416E-17
6437.23513221616  5.202555E-17
6442.75427627439  5.231977E-17
6448.27342033262  5.220889E-17
6453.79256439085  5.215754E-17
6459.31170844908  5.054663E-17
6464.83085250731  4.981173E-17
6470.34999656554  4.858671E-17
6475.86914062377  4.869150E-17
6481.388284682  5.010804E-17
6486.90742874023  4.807083E-17
6492.42657279846  4.918519E-17
6497.94571685669  4.703074E-17
6503.46486091492  4.357897E-17
6508.98400497315  4.738797E-17
6514.50314903138  4.418332E-17
6520.02229308961  4.291512E-17
6525.54143714784  4.610760E-17
6531.06058120607  4.510994E-17
6536.5797252643  4.582761E-17
6542.09886932253  4.767171E-17
6547.61801338076  4.888386E-17
6553.13715743899  4.632674E-17
6558.65630149722  4.878429E-17
6564.17544555544  4.485889E-17
6569.69458961368  4.886266E-17
6575.21373367191  4.899160E-17
6580.73287773014  4.400100E-17
6586.25202178837  4.363274E-17
6591.7711658466  4.223606E-17
6597.29030990483  4.451889E-17
6602.80945396306  4.430955E-17
6608.32859802129  4.756539E-17
6613.84774207952  4.601713E-17
6619.36688613775  4.268030E-17
6624.88603019598  4.554617E-17
6630.40517425421  4.404672E-17
6635.92431831244  3.945234E-17
6641.44346237067  4.290209E-17
6646.9626064289  4.420368E-17
6652.48175048713  4.691355E-17
6658.00089454536  4.933460E-17
6663.52003860359  4.585701E-17
6669.03918266182  4.330122E-17
6674.55832672005  4.224569E-17
6680.07747077828  4.521524E-17
6685.59661483651  4.339415E-17
6691.11575889474  4.671269E-17
6696.63490295297  5.026614E-17
6702.1540470112  4.376129E-17
6707.67319106943  4.514475E-17
6713.19233512766  4.722230E-17
6718.71147918589  4.771190E-17
6724.23062324412  5.027582E-17
6729.74976730235  4.539272E-17
6735.26891136058  4.562582E-17
6740.78805541881  4.183434E-17
6746.30719947704  4.314126E-17
6751.82634353527  4.429900E-17
6757.3454875935  4.577293E-17
6762.86463165173  4.244604E-17
6768.38377570996  4.340446E-17
6773.90291976819  4.428265E-17
6779.42206382642  4.351085E-17
6784.94120788465  4.629311E-17
6790.46035194288  4.406512E-17
6795.97949600111  4.411204E-17
6801.49864005934  4.501910E-17
6807.01778411757  4.479694E-17
6812.5369281758  4.525701E-17
6818.05607223403  4.245997E-17
6823.57521629226  4.455031E-17
6829.09436035049  4.373058E-17
6834.61350440872  4.213758E-17
6840.13264846695  4.346495E-17
6845.65179252518  4.282086E-17
6851.17093658341  4.346565E-17
6856.69008064164  4.276747E-17
6862.20922469987  4.126685E-17
6867.7283687581  4.015801E-17
6873.24751281633  3.861361E-17
6878.76665687456  3.956219E-17
6884.28580093279  4.363274E-17
6889.80494499102  4.594121E-17
6895.32408904925  4.105061E-17
6900.84323310748  4.091771E-17
6906.36237716571  3.913899E-17
6911.88152122394  3.858505E-17
6917.40066528217  4.255981E-17
6922.9198093404  4.564883E-17
6928.43895339863  3.524430E-17
6933.95809745686  4.258238E-17
6939.47724151509  4.120989E-17
6944.99638557332  3.980845E-17
6950.51552963155  4.237671E-17
6956.03467368978  3.784125E-17
6961.55381774801  3.729988E-17
6967.07296180624  4.012107E-17
6972.59210586447  4.411718E-17
6978.1112499227  4.248834E-17
6983.63039398093  4.243758E-17
6989.14953803916  4.387484E-17
6994.66868209739  4.185407E-17
7000.18782615562  4.259973E-17
7005.70697021385  4.668147E-17
7011.22611427208  4.578013E-17
7016.74525833031  4.193007E-17
7022.26440238854  4.187996E-17
7027.78354644677  4.189401E-17
7033.302690505  4.152590E-17
7038.82183456323  4.305668E-17
7044.34097862146  3.918439E-17
7049.86012267969  4.021698E-17
7055.37926673792  4.074264E-17
7060.89841079615  4.146285E-17
7066.41755485438  4.251871E-17
7071.93669891261  4.430172E-17
7077.45584297084  4.529252E-17
7082.97498702907  4.028313E-17
7088.4941310873  3.928277E-17
7094.01327514553  4.483527E-17
7099.53241920376  4.273997E-17
7105.05156326199  4.159051E-17
7110.57070732022  4.415178E-17
7116.08985137845  4.311876E-17
7121.60899543668  4.506358E-17
7127.12813949491  4.540784E-17
7132.64728355314  5.020893E-17
7138.16642761137  4.809254E-17
7143.6855716696  4.859567E-17
7149.20471572783  5.045232E-17
7154.72385978606  5.359491E-17
7160.24300384429  5.447148E-17
7165.76214790252  5.887408E-17
7171.28129196075  6.943964E-17
7176.80043601898  8.074905E-17
7182.31958007721  9.963988E-17
7187.83872413544  1.077530E-16
7193.35786819367  1.025344E-16
7198.8770122519  9.426136E-17
7204.39615631013  8.147124E-17
7209.91530036836  6.595292E-17
7215.43444442659  6.612291E-17
7220.95358848482  5.848842E-17
7226.47273254305  5.474749E-17
7231.99187660128  5.262084E-17
7237.51102065951  5.036349E-17
7243.03016471774  4.816063E-17
7248.54930877597  4.349969E-17
7254.0684528342  4.735549E-17
7259.58759689243  4.226587E-17
7265.10674095066  3.793879E-17
7270.62588500889  4.342138E-17
7276.14502906712  4.457294E-17
7281.66417312535  4.457809E-17
7287.18331718358  4.015100E-17
7292.70246124181  3.609965E-17
7298.22160530004  3.913777E-17
7303.74074935827  4.097062E-17
7309.2598934165  3.967421E-17
7314.77903747473  4.150059E-17
7320.29818153296  3.991729E-17
7325.81732559119  3.921460E-17
7331.33646964942  4.051039E-17
7336.85561370765  4.375688E-17
7342.37475776588  4.163223E-17
7347.89390182411  3.581810E-17
7353.41304588234  3.931651E-17
7358.93218994057  3.931236E-17
7364.4513339988  3.674340E-17
7369.97047805703  3.424936E-17
7375.48962211526  4.021406E-17
7381.00876617349  4.261635E-17
7386.52791023172  3.599784E-17
7392.04705428995  4.432069E-17
7397.56619834818  3.960798E-17
7403.08534240641  3.900931E-17
7408.60448646464  4.025526E-17
7414.12363052287  3.882047E-17
7419.6427745811  3.822938E-17
7425.16191863933  4.011562E-17
7430.68106269756  3.810354E-17
7436.20020675579  3.874808E-17
7441.71935081402  3.510277E-17
7447.23849487225  3.496701E-17
7452.75763893048  3.942578E-17
7458.27678298871  3.783185E-17
7463.79592704694  4.127736E-17
7469.31507110517  4.010713E-17
7474.8342151634  3.523672E-17
7480.35335922163  4.054810E-17
7485.87250327986  4.122430E-17
7491.39164733809  3.660353E-17
7496.91079139632  3.575588E-17
7502.42993545455  3.503208E-17
7507.94907951278  3.891469E-17
7513.46822357101  3.634036E-17
7518.98736762924  3.926027E-17
7524.50651168747  3.999838E-17
7530.0256557457  3.648357E-17
7535.54479980393  3.713875E-17
7541.06394386216  3.655858E-17
7546.58308792039  3.844277E-17
7552.10223197862  3.555375E-17
7557.62137603685  3.594101E-17
7563.14052009508  3.849202E-17
7568.65966415331  3.969407E-17
7574.17880821154  3.857728E-17
7579.69795226977  3.644476E-17
7585.217096328  3.579323E-17
7590.73624038623  3.622446E-17
7596.25538444446  3.412900E-17
7601.77452850269  3.226855E-17
7607.29367256092  2.662754E-17
7612.81281661915  3.570130E-17
7618.33196067738  3.962144E-17
7623.85110473561  3.128129E-17
7629.37024879384  3.613999E-17
7634.88939285207  4.053457E-17
7640.4085369103  3.355761E-17
7645.92768096853  3.646779E-17
7651.44682502676  3.393342E-17
7656.96596908499  3.635211E-17
7662.48511314322  3.604510E-17
7668.00425720145  3.358374E-17
7673.52340125968  3.677637E-17
7679.04254531791  3.306775E-17
7684.56168937614  3.663781E-17
7690.08083343437  3.648016E-17
7695.5999774926  4.183589E-17
7701.11912155083  3.844289E-17
7706.63826560906  3.270234E-17
7712.15740966729  4.129027E-17
7717.67655372552  3.898434E-17
7723.19569778375  3.778088E-17
7728.71484184198  3.733140E-17
7734.23398590021  3.577192E-17
7739.75312995844  3.931161E-17
7745.27227401667  4.205355E-17
7750.7914180749  4.097564E-17
7756.31056213313  3.944651E-17
7761.82970619136  3.602043E-17
7767.34885024959  3.729650E-17
7772.86799430782  3.647564E-17
7778.38713836605  3.548842E-17
7783.90628242428  4.245926E-17
7789.42542648251  3.941155E-17
7794.94457054074  3.864782E-17
7800.46371459897  4.008305E-17
7805.9828586572  3.513733E-17
7811.50200271543  3.279708E-17
7817.02114677366  3.726207E-17
7822.54029083189  3.755988E-17
7828.05943489012  3.195214E-17
7833.57857894835  3.552261E-17
7839.09772300658  3.627112E-17
7844.61686706481  3.567455E-17
7850.13601112304  3.352769E-17
7855.65515518127  3.330752E-17
7861.1742992395  3.871331E-17
7866.69344329773  2.773624E-17
7872.21258735596  3.041445E-17
7877.73173141419  3.416492E-17
7883.25087547242  2.921694E-17
7888.77001953065  3.692958E-17
7894.28916358888  3.440068E-17
7899.80830764711  3.056697E-17
7905.32745170534  3.020953E-17
7910.84659576357  3.182830E-17
7916.3657398218  3.438863E-17
7921.88488388003  2.904641E-17
7927.40402793826  2.708605E-17
7932.92317199649  3.693501E-17
7938.44231605472  3.672682E-17
7943.96146011295  3.214883E-17
7949.48060417118  3.050933E-17
7954.99974822941  3.197415E-17
7960.51889228764  3.876134E-17
7966.03803634587  4.469844E-17
7971.5571804041  3.115648E-17
7977.07632446233  3.327866E-17
7982.59546852056  3.427085E-17
7988.11461257879  3.804364E-17
7993.63375663702  3.398169E-17
7999.15290069525  3.404352E-17
8004.67204475348  3.374744E-17
8010.19118881171  2.836330E-17
8015.71033286994  3.190700E-17
8021.22947692817  3.814726E-17
8026.7486209864  3.130441E-17
8032.26776504463  2.730464E-17
8037.78690910286  2.844875E-17
8043.30605316109  2.953999E-17
8048.82519721932  3.063035E-17
8054.34434127755  3.449766E-17
8059.86348533578  3.936484E-17
8065.38262939401  2.980864E-17
8070.90177345224  2.790748E-17
8076.42091751047  3.115830E-17
8081.9400615687  2.779554E-17
8087.45920562693  3.506642E-17
8092.97834968516  2.855532E-17
8098.49749374339  3.382663E-17
8104.01663780162  3.039522E-17
8109.53578185985  3.281673E-17
8115.05492591808  3.013229E-17
8120.57406997631  3.034143E-17
8126.09321403454  3.195643E-17
8131.61235809277  3.121410E-17
8137.131502151  3.180484E-17
8142.65064620923  3.337822E-17
8148.16979026746  3.091745E-17
8153.68893432569  2.846937E-17
8159.20807838392  3.076225E-17
8164.72722244215  3.253498E-17
8170.24636650038  2.894031E-17
8175.76551055861  3.027028E-17
8181.28465461684  3.178864E-17
8186.80379867507  3.023783E-17
8192.3229427333  2.960502E-17
8197.84208679153  2.791429E-17
8203.36123084976  3.003307E-17
8208.88037490799  2.811780E-17
8214.39951896622  3.074246E-17
8219.91866302445  3.548625E-17
8225.43780708268  2.982475E-17
8230.95695114091  2.830818E-17
8236.47609519914  2.639021E-17
8241.99523925737  3.721580E-17
8247.5143833156  3.839564E-17
8253.03352737383  3.298120E-17
8258.55267143206  3.232850E-17
8264.07181549029  2.996924E-17
8269.59095954852  2.917153E-17
8275.11010360675  3.230850E-17
8280.62924766498  3.373416E-17
8286.14839172321  2.931866E-17
8291.66753578144  3.275676E-17
8297.18667983967  3.006210E-17
8302.7058238979  2.960861E-17
8308.22496795613  3.430685E-17
8313.74411201436  3.349124E-17
8319.26325607259  2.833745E-17
8324.78240013082  2.941653E-17
8330.30154418905  2.634852E-17
8335.82068824728  2.742310E-17
8341.33983230551  2.758321E-17
8346.85897636374  3.197111E-17
8352.37812042197  3.327943E-17
8357.8972644802  3.461521E-17
8363.41640853843  3.378069E-17
8368.93555259666  3.052702E-17
8374.45469665489  2.826996E-17
8379.97384071312  2.975213E-17
8385.49298477135  2.939324E-17
8391.01212882958  3.199964E-17
8396.53127288781  3.929164E-17
8402.05041694604  3.426544E-17
8407.56956100427  2.783983E-17
8413.0887050625  3.211609E-17
8418.60784912073  2.418157E-17
8424.12699317896  3.153810E-17
8429.64613723719  3.644444E-17
8435.16528129542  3.329030E-17
8440.68442535365  2.939876E-17
8446.20356941188  2.352008E-17
8451.72271347011  2.486687E-17
8457.24185752834  2.771039E-17
8462.76100158657  2.618290E-17
8468.2801456448  2.501502E-17
8473.79928970303  2.711734E-17
8479.31843376126  2.786372E-17
8484.83757781949  3.162525E-17
8490.35672187772  2.882388E-17
8495.87586593595  2.990588E-17
8501.39500999418  2.919989E-17
8506.91415405241  2.512978E-17
8512.43329811064  3.400713E-17
8517.95244216887  2.841208E-17
8523.4715862271  3.138493E-17
8528.99073028533  3.019900E-17
8534.50987434356  2.796357E-17
8540.02901840179  2.584404E-17
8545.54816246002  3.820444E-17
8551.06730651825  1.971775E-17
8556.58645057648  2.808271E-17
8562.10559463471  2.678874E-17
8567.62473869294  3.093820E-17
8573.14388275117  2.367426E-17
8578.6630268094  2.472625E-17
8584.18217086763  2.848723E-17
8589.70131492586  3.197051E-17
8595.22045898409  2.210458E-17
8600.73960304232  2.393681E-17
8606.25874710055  2.444008E-17
8611.77789115878  2.879850E-17
8617.29703521701  2.673663E-17
8622.81617927524  1.689934E-17
8628.33532333347  4.008925E-17
8633.8544673917  3.267900E-17
8639.37361144993  2.676833E-17
8644.89275550816  1.927240E-17
8650.41189956639  2.508304E-17
8655.93104362462  3.372894E-17
8661.45018768285  3.564551E-17
8666.96933174108  2.990717E-17
8672.48847579931  2.396241E-17
8678.00761985754  3.148582E-17
8683.52676391577  2.332524E-17
8689.045907974  2.416485E-17
8694.56505203223  2.800711E-17
8700.08419609046  2.709572E-17
8705.60334014869  2.550032E-17
8711.12248420692  2.641796E-17
8716.64162826515  3.209113E-17
8722.16077232338  2.725398E-17
8727.67991638161  2.322202E-17
8733.19906043984  2.345486E-17
8738.71820449807  2.657678E-17
8744.2373485563  2.882404E-17
8749.75649261453  2.614842E-17
8755.27563667276  2.970162E-17
8760.79478073099  2.558943E-17
8766.31392478922  2.878170E-17
8771.83306884745  2.054872E-17
8777.35221290568  1.408879E-17
8782.87135696391  2.213059E-17
8788.39050102214  2.336275E-17
8793.90964508037  2.979624E-17
8799.4287891386  2.231553E-17
8804.94793319683  2.399059E-17
8810.46707725506  1.872265E-17
8815.98622131329  2.913959E-17
8821.50536537152  3.018182E-17
8827.02450942975  2.834107E-17
8832.54365348798  2.542527E-17
8838.06279754621  2.765136E-17
8843.58194160444  2.681735E-17
8849.10108566267  2.880129E-17
8854.6202297209  3.333375E-17
8860.13937377913  3.127722E-17
8865.65851783736  2.831587E-17
8871.17766189559  3.358474E-17
8876.69680595382  2.446690E-17
8882.21595001205  2.179477E-17
8887.73509407028  2.173881E-17
8893.25423812851  2.960253E-17
8898.77338218674  3.021962E-17
8904.29252624497  2.295114E-17
8909.8116703032  2.569367E-17
8915.33081436143  2.680507E-17
8920.84995841966  2.598349E-17
8926.36910247789  2.593390E-17
8931.88824653612  2.254731E-17
8937.40739059435  2.872830E-17
8942.92653465258  2.955657E-17
8948.44567871081  3.029109E-17
8953.96482276904  3.392884E-17
8959.48396682727  2.536965E-17
8965.0031108855  2.045283E-17
8970.52225494373  2.107401E-17
8976.04139900196  2.998849E-17
8981.56054306019  3.324450E-17
8987.07968711842  3.253125E-17
8992.59883117665  2.965676E-17
8998.11797523488  2.447178E-17
9003.63711929311  2.206101E-17
9009.15626335134  2.950356E-17
9014.67540740957  1.358633E-17
9020.1945514678  2.034101E-17
9025.71369552603  2.410821E-17
9031.23283958426  2.506210E-17
9036.75198364249  2.195486E-17
9042.27112770072  2.517111E-17
9047.79027175895  2.434942E-17
9053.30941581718  2.657088E-17
9058.82855987541  2.247000E-17
9064.34770393364  2.047966E-17
9069.86684799187  2.576637E-17
9075.3859920501  3.233823E-17
9080.90513610833  3.512992E-17
9086.42428016656  2.381863E-17
9091.94342422479  2.779164E-17
9097.46256828302  3.477393E-17
9102.98171234125  3.058351E-17
9108.50085639948  1.910513E-17
9114.02000045771  2.749023E-17
9119.53914451594  3.046325E-17
9125.05828857417  2.345468E-17
9130.5774326324  2.889954E-17
9136.09657669063  2.503474E-17
9141.61572074886  2.637515E-17
9147.13486480709  3.210272E-17
9152.65400886532  2.026610E-17
9158.17315292355  2.118303E-17
9163.69229698178  2.462608E-17
9169.21144104001  1.660398E-17
9174.73058509824  3.156571E-17
9180.24972915647  3.083589E-17
9185.7688732147  2.644329E-17
9191.28801727293  2.628667E-17
9196.80716133116  1.596074E-17
9202.32630538939  1.915680E-17
9207.84544944762  2.506657E-17
9213.36459350585  2.605552E-17
9218.88373756408  2.051519E-17
9224.40288162231  2.523992E-17
9229.92202568054  2.577850E-17
9235.44116973877  2.401570E-17
9240.960313797  2.792636E-17
9246.47945785523  2.753301E-17
