3342.25447909 1.26822456312e-17
3345.49673478 1.49802648689e-17
3348.73899047 2.03165891467e-17
3351.98124615 8.41590524066e-18
3355.22350184 9.11672684692e-18
3358.46575753 1.60988535749e-17
3361.70801322 1.30762205826e-17
3364.9502689 2.05799691874e-17
3368.19252459 1.40022041075e-17
3371.43478028 3.96002751889e-18
3374.67703597 1.68318772477e-17
3377.91929165 2.34663669796e-17
3381.16154734 1.5178771148e-17
3384.40380303 2.18041286624e-18
3387.64605872 1.5449157435e-17
3390.88831441 7.37947957802e-18
3394.13057009 2.03288849911e-17
3397.37282578 2.55340058414e-17
3400.61508147 1.81736003398e-17
3403.85733716 2.35878855875e-17
3407.09959284 3.40776383852e-17
3410.34184853 5.08074011269e-18
3413.58410422 1.89421060419e-17
3416.82635991 1.19069650173e-17
3420.0686156 1.46988989391e-17
3423.31087128 2.07840770652e-17
3426.55312697 1.28726793129e-17
3429.79538266 1.72322478625e-17
3433.03763835 5.39529625682e-18
3436.27989403 8.73194506622e-18
3439.52214972 5.90723537311e-18
3442.76440541 1.35450611116e-17
3446.0066611 1.60256694568e-17
3449.24891678 1.29762295317e-17
3452.49117247 1.47664594148e-17
3455.73342816 3.19573354837e-17
3458.97568385 2.11964196281e-17
3462.21793954 1.46409021313e-17
3465.46019522 1.57119872955e-17
3468.70245091 1.49495185212e-17
3471.9447066 2.40124028876e-17
3475.18696229 2.46794865863e-17
3478.42921797 1.42259801282e-17
3481.67147366 2.15459920878e-17
3484.91372935 1.444109781e-17
3488.15598504 1.59162941319e-17
3491.39824072 1.89385626241e-17
3494.64049641 1.75071899217e-17
3497.8827521 2.21240692591e-17
3501.12500779 1.19883024638e-17
3504.36726348 1.77369771548e-17
3507.60951916 2.14448013584e-17
3510.85177485 2.91189452521e-17
3514.09403054 1.68002474809e-17
3517.33628623 2.03272107445e-17
3520.57854191 1.85056998003e-17
3523.8207976 1.84956810638e-17
3527.06305329 1.69878404618e-17
3530.30530898 1.52345573922e-17
3533.54756466 2.54250634719e-17
3536.78982035 1.02337630542e-17
3540.03207604 2.41869170926e-17
3543.27433173 1.35088981869e-17
3546.51658742 2.14056707358e-17
3549.7588431 2.96794321595e-17
3553.00109879 3.03824829374e-17
3556.24335448 2.40825224435e-17
3559.48561017 3.59504821122e-17
3562.72786585 3.00066729446e-17
3565.97012154 2.6534375693e-17
3569.21237723 2.86753812123e-17
3572.45463292 3.56014902081e-17
3575.69688861 1.90083502852e-17
3578.93914429 2.04484112809e-17
3582.18139998 2.06030243749e-17
3585.42365567 3.30822361121e-17
3588.66591136 3.08206931249e-17
3591.90816704 2.96703021825e-17
3595.15042273 3.01471639803e-17
3598.39267842 2.31094045781e-17
3601.63493411 1.93619979099e-17
3604.87718979 2.68099612827e-17
3608.11944548 3.90730526067e-17
3611.36170117 3.22174903322e-17
3614.60395686 3.24047340526e-17
3617.84621255 3.45989848523e-17
3621.08846823 2.54144667623e-17
3624.33072392 2.3137742713e-17
3627.57297961 2.91223852909e-17
3630.8152353 3.34981105951e-17
3634.05749098 2.99104489908e-17
3637.29974667 2.82159681646e-17
3640.54200236 3.93964809644e-17
3643.78425805 3.35548104254e-17
3647.02651373 3.48772322788e-17
3650.26876942 3.27089909505e-17
3653.51102511 2.74197255228e-17
3656.7532808 3.90797396308e-17
3659.99553649 3.08241577656e-17
3663.23779217 2.88763454174e-17
3666.48004786 4.06411561931e-17
3669.72230355 3.61147750225e-17
3672.96455924 3.16470296298e-17
3676.20681492 3.72458860525e-17
3679.44907061 3.95220593815e-17
3682.6913263 3.22189003808e-17
3685.93358199 3.88617337143e-17
3689.17583767 4.59558931104e-17
3692.41809336 4.32746100799e-17
3695.66034905 3.73668976296e-17
3698.90260474 3.27732339472e-17
3702.14486043 3.30539153143e-17
3705.38711611 3.74789491945e-17
3708.6293718 3.52409712951e-17
3711.87162749 4.36024406284e-17
3715.11388318 3.58118314385e-17
3718.35613886 4.32327392302e-17
3721.59839455 4.34014213276e-17
3724.84065024 4.1815332239e-17
3728.08290593 3.7375081914e-17
3731.32516162 4.62419377824e-17
3734.5674173 4.0323907807e-17
3737.80967299 4.02916952565e-17
3741.05192868 4.06162245661e-17
3744.29418437 4.24580703242e-17
3747.53644005 5.17126480504e-17
3750.77869574 4.29736493457e-17
3754.02095143 5.22116583214e-17
3757.26320712 4.97881569734e-17
3760.5054628 4.27444774977e-17
3763.74771849 4.16819847608e-17
3766.98997418 4.51481706754e-17
3770.23222987 3.81039711111e-17
3773.47448556 4.08846809426e-17
3776.71674124 3.36572271429e-17
3779.95899693 4.68815823153e-17
3783.20125262 3.90515051075e-17
3786.44350831 4.68227153796e-17
3789.68576399 4.09532088015e-17
3792.92801968 5.02005959987e-17
3796.17027537 4.23679134238e-17
3799.41253106 4.29061793648e-17
3802.65478674 4.59020459841e-17
3805.89704243 4.72519757353e-17
3809.13929812 4.29235348629e-17
3812.38155381 5.9167812711e-17
3815.6238095 4.81981535484e-17
3818.86606518 5.18686077619e-17
3822.10832087 4.76754684223e-17
3825.35057656 4.63351177784e-17
3828.59283225 4.32594566829e-17
3831.83508793 4.64040805553e-17
3835.07734362 5.54864625925e-17
3838.31959931 4.54217357213e-17
3841.561855 5.22526945633e-17
3844.80411069 4.68792371999e-17
3848.04636637 5.47998020699e-17
3851.28862206 5.2785697398e-17
3854.53087775 4.98744789842e-17
3857.77313344 5.59608104824e-17
3861.01538912 4.8816302526e-17
3864.25764481 5.09607403188e-17
3867.4999005 5.83618898022e-17
3870.74215619 5.81325677522e-17
3873.98441187 5.32724387414e-17
3877.22666756 5.19761511126e-17
3880.46892325 5.5708372184e-17
3883.71117894 5.58509475847e-17
3886.95343463 6.39969789432e-17
3890.19569031 5.37088645347e-17
3893.437946 5.81570906305e-17
3896.68020169 5.7121805147e-17
3899.92245738 6.54468861629e-17
3903.16471306 5.80128666287e-17
3906.40696875 5.79830922016e-17
3909.64922444 6.47381730443e-17
3912.89148013 7.24330520698e-17
3916.13373581 6.73940100344e-17
3919.3759915 6.40368038352e-17
3922.61824719 6.06506110755e-17
3925.86050288 6.72669717828e-17
3929.10275857 6.52043212283e-17
3932.34501425 7.02040958241e-17
3935.58726994 6.5024047814e-17
3938.82952563 6.21576212781e-17
3942.07178132 6.716998103e-17
3945.314037 6.41645667539e-17
3948.55629269 5.72871881755e-17
3951.79854838 6.78919069265e-17
3955.04080407 7.20038748757e-17
3958.28305975 6.46584462601e-17
3961.52531544 6.47688363231e-17
3964.76757113 6.63468884774e-17
3968.00982682 6.21209949014e-17
3971.25208251 6.2577490636e-17
3974.49433819 6.40489970017e-17
3977.73659388 6.86900541416e-17
3980.97884957 7.20267054425e-17
3984.22110526 7.06433232347e-17
3987.46336094 6.52201902662e-17
3990.70561663 7.4465474338e-17
3993.94787232 6.97465027812e-17
3997.19012801 6.66556391541e-17
4000.4323837 6.93879873117e-17
4003.67463938 6.40413570212e-17
4006.91689507 7.16909193135e-17
4010.15915076 7.52446845797e-17
4013.40140645 7.29650951164e-17
4016.64366213 7.35521128613e-17
4019.88591782 7.37828349102e-17
4023.12817351 6.91264188176e-17
4026.3704292 7.19230882928e-17
4029.61268488 6.9682073553e-17
4032.85494057 6.80872481353e-17
4036.09719626 7.32142190199e-17
4039.33945195 7.08457353329e-17
4042.58170764 7.60066836808e-17
4045.82396332 7.39338059955e-17
4049.06621901 6.84884305061e-17
4052.3084747 8.21111655605e-17
4055.55073039 8.33994440143e-17
4058.79298607 7.71776662452e-17
4062.03524176 7.34889553544e-17
4065.27749745 7.75041773269e-17
4068.51975314 7.80274319752e-17
4071.76200882 7.79184558534e-17
4075.00426451 6.89037333929e-17
4078.2465202 8.2112938843e-17
4081.48877589 6.92060559581e-17
4084.73103158 7.47088394495e-17
4087.97328726 7.70833852842e-17
4091.21554295 7.26991495734e-17
4094.45779864 7.38498516842e-17
4097.70005433 8.41121367282e-17
4100.94231001 7.93667339133e-17
4104.1845657 7.47078405209e-17
4107.42682139 6.97588120507e-17
4110.66907708 8.55363812579e-17
4113.91133276 8.16789755734e-17
4117.15358845 8.07764267783e-17
4120.39584414 8.14545564599e-17
4123.63809983 7.63268066821e-17
4126.88035552 7.71185044167e-17
4130.1226112 7.32349798148e-17
4133.36486689 7.80103580466e-17
4136.60712258 8.31124327884e-17
4139.84937827 7.89044717327e-17
4143.09163395 8.19900852819e-17
4146.33388964 7.63204533243e-17
4149.57614533 8.61084410531e-17
4152.81840102 8.64138367097e-17
4156.06065671 8.36026097978e-17
4159.30291239 7.47734369397e-17
4162.54516808 8.21225425102e-17
4165.78742377 8.08012791145e-17
4169.02967946 9.0510192343e-17
4172.27193514 9.37249488591e-17
4175.51419083 8.6848178155e-17
4178.75644652 9.30718989531e-17
4181.99870221 9.16120594726e-17
4185.24095789 8.83726376067e-17
4188.48321358 8.50731330893e-17
4191.72546927 8.67597280055e-17
4194.96772496 8.58218792984e-17
4198.20998065 9.27994886113e-17
4201.45223633 9.57797150595e-17
4204.69449202 8.2963253884e-17
4207.93674771 8.66183357591e-17
4211.1790034 8.54776810193e-17
4214.42125908 8.45856104848e-17
4217.66351477 9.50898475513e-17
4220.90577046 8.6824237617e-17
4224.14802615 9.3967414453e-17
4227.39028183 8.99846519142e-17
4230.63253752 8.74254340743e-17
4233.87479321 8.78528791298e-17
4237.1170489 8.90376141754e-17
4240.35930459 9.45578522873e-17
4243.60156027 1.02599700907e-16
4246.84381596 9.16013401074e-17
4250.08607165 9.10549556762e-17
4253.32832734 8.90005996501e-17
4256.57058302 8.89306693624e-17
4259.81283871 8.61146511033e-17
4263.0550944 9.6861911861e-17
4266.29735009 1.00055663091e-16
4269.53960578 9.34775876805e-17
4272.78186146 9.73280287771e-17
4276.02411715 9.69944312505e-17
4279.26637284 9.28393207327e-17
4282.50862853 1.01716653429e-16
4285.75088421 9.00178925643e-17
4288.9931399 9.29025652149e-17
4292.23539559 9.14452093523e-17
4295.47765128 9.85915346183e-17
4298.71990696 8.64063846866e-17
4301.96216265 9.0721924237e-17
4305.20441834 1.03081455086e-16
4308.44667403 8.8578723303e-17
4311.68892972 9.08725131022e-17
4314.9311854 9.27982907803e-17
4318.17344109 9.9768887809e-17
4321.41569678 9.46348742268e-17
4324.65795247 9.21583278787e-17
4327.90020815 1.00127276786e-16
4331.14246384 1.01325287385e-16
4334.38471953 8.99882282482e-17
4337.62697522 9.81660079003e-17
4340.8692309 9.943541589e-17
4344.11148659 9.66863160181e-17
4347.35374228 9.42498179026e-17
4350.59599797 1.01835587092e-16
4353.83825366 8.40940360429e-17
4357.08050934 9.00566978909e-17
4360.32276503 8.77541759474e-17
4363.56502072 8.54723061098e-17
4366.80727641 9.15465879416e-17
4370.04953209 9.84189318063e-17
4373.29178778 9.15122503327e-17
4376.53404347 9.24308072984e-17
4379.77629916 9.58401632392e-17
4383.01855484 8.64008197694e-17
4386.26081053 9.86005273123e-17
4389.50306622 9.52341789206e-17
4392.74532191 9.82953708299e-17
4395.9875776 9.61437913233e-17
4399.22983328 9.26980680125e-17
4402.47208897 9.49840200426e-17
4405.71434466 1.02022294002e-16
4408.95660035 8.9279228452e-17
4412.19885603 9.20390129056e-17
4415.44111172 9.72180470181e-17
4418.68336741 9.3325938325e-17
4421.9256231 1.0019834863e-16
4425.16787879 9.64715283432e-17
4428.41013447 8.77887476862e-17
4431.65239016 9.61988360984e-17
4434.89464585 9.58099556165e-17
4438.13690154 1.01610302195e-16
4441.37915722 9.62313642182e-17
4444.62141291 8.54669247783e-17
4447.8636686 9.06550982893e-17
4451.10592429 9.51031177204e-17
4454.34817997 9.42164574995e-17
4457.59043566 9.49170395585e-17
4460.83269135 9.37633379824e-17
4464.07494704 1.0722120329e-16
4467.31720273 1.05176267808e-16
4470.55945841 9.53949740793e-17
4473.8017141 9.97675024908e-17
4477.04396979 1.02822038943e-16
4480.28622548 1.00627252709e-16
4483.52848116 1.06531252019e-16
4486.77073685 1.10182589582e-16
4490.01299254 1.02651796001e-16
4493.25524823 1.08091624416e-16
4496.49750391 9.17213686547e-17
4499.7397596 1.02069186193e-16
4502.98201529 1.08140130081e-16
4506.22427098 1.04786222401e-16
4509.46652667 1.0215397311e-16
4512.70878235 1.08062230903e-16
4515.95103804 1.07050105536e-16
4519.19329373 1.03104357807e-16
4522.43554942 1.02916844736e-16
4525.6778051 1.10979839386e-16
4528.92006079 1.05953804648e-16
4532.16231648 1.0690273313e-16
4535.40457217 1.16582535436e-16
4538.64682785 1.16167162225e-16
4541.88908354 1.08201381531e-16
4545.13133923 1.16063988165e-16
4548.37359492 1.13127038751e-16
4551.61585061 1.23714308014e-16
4554.85810629 1.19720732981e-16
4558.10036198 1.21762283449e-16
4561.34261767 1.25568351666e-16
4564.58487336 1.24819099702e-16
4567.82712904 1.27537733269e-16
4571.06938473 1.21221406585e-16
4574.31164042 1.2920064851e-16
4577.55389611 1.27642070599e-16
4580.7961518 1.30556746277e-16
4584.03840748 1.26644829211e-16
4587.28066317 1.29350462502e-16
4590.52291886 1.21498097783e-16
4593.76517455 1.38050514692e-16
4597.00743023 1.33055895275e-16
4600.24968592 1.33958456535e-16
4603.49194161 1.33626189079e-16
4606.7341973 1.3914684228e-16
4609.97645298 1.4001297761e-16
4613.21870867 1.37601294223e-16
4616.46096436 1.38407846521e-16
4619.70322005 1.31524319636e-16
4622.94547574 1.41618607118e-16
4626.18773142 1.35719637561e-16
4629.42998711 1.39356623913e-16
4632.6722428 1.32316599672e-16
4635.91449849 1.39197144565e-16
4639.15675417 1.3300483184e-16
4642.39900986 1.41400618674e-16
4645.64126555 1.40865656741e-16
4648.88352124 1.42276878142e-16
4652.12577692 1.43971086351e-16
4655.36803261 1.51202428861e-16
4658.6102883 1.43580755278e-16
4661.85254399 1.50716645003e-16
4665.09479968 1.47759028827e-16
4668.33705536 1.5394597775e-16
4671.57931105 1.50013288045e-16
4674.82156674 1.48173268805e-16
4678.06382243 1.44609787887e-16
4681.30607811 1.44484276031e-16
4684.5483338 1.42764179458e-16
4687.79058949 1.40486262213e-16
4691.03284518 1.43703543983e-16
4694.27510087 1.34928463861e-16
4697.51735655 1.4491674469e-16
4700.75961224 1.46236756269e-16
4704.00186793 1.46896998644e-16
4707.24412362 1.44456784388e-16
4710.4863793 1.49045758e-16
4713.72863499 1.4387716146e-16
4716.97089068 1.42401434698e-16
4720.21314637 1.42291546912e-16
4723.45540205 1.49131946964e-16
4726.69765774 1.49524934184e-16
4729.93991343 1.48606901578e-16
4733.18216912 1.42442746962e-16
4736.42442481 1.47909694943e-16
4739.66668049 1.35924306257e-16
4742.90893618 1.48808403455e-16
4746.15119187 1.42528137613e-16
4749.39344756 1.46884641683e-16
4752.63570324 1.50856519774e-16
4755.87795893 1.47003459883e-16
4759.12021462 1.40818781895e-16
4762.36247031 1.40673562377e-16
4765.60472599 1.31923362496e-16
4768.84698168 1.28805277153e-16
4772.08923737 1.33435213343e-16
4775.33149306 1.3484274569e-16
4778.57374875 1.32875455751e-16
4781.81600443 1.32149046451e-16
4785.05826012 1.27141848616e-16
4788.30051581 1.25502132945e-16
4791.5427715 1.34274089665e-16
4794.78502718 1.29690119094e-16
4798.02728287 1.33109087592e-16
4801.26953856 1.35616876249e-16
4804.51179425 1.2915644334e-16
4807.75404993 1.33080351703e-16
4810.99630562 1.23540373771e-16
4814.23856131 1.36195151378e-16
4817.480817 1.30050508621e-16
4820.72307269 1.27225562463e-16
4823.96532837 1.31426454602e-16
4827.20758406 1.30395996861e-16
4830.44983975 1.24458219512e-16
4833.69209544 1.2247058844e-16
4836.93435112 1.2551089944e-16
4840.17660681 1.29095972431e-16
4843.4188625 1.28456986014e-16
4846.66111819 1.31083966188e-16
4849.90337388 1.31207657061e-16
4853.14562956 1.15274645008e-16
4856.38788525 1.16292099762e-16
4859.63014094 1.19434371368e-16
4862.87239663 1.20228070263e-16
4866.11465231 1.1504715657e-16
4869.356908 1.18793827327e-16
4872.59916369 1.20248759963e-16
4875.84141938 1.12429901064e-16
4879.08367506 1.23909429337e-16
4882.32593075 1.18212616345e-16
4885.56818644 1.16212076696e-16
4888.81044213 1.22347464859e-16
4892.05269782 1.13520605884e-16
4895.2949535 1.18089812614e-16
4898.53720919 1.2237726937e-16
4901.77946488 1.10218002309e-16
4905.02172057 1.1898080919e-16
4908.26397625 1.16977182584e-16
4911.50623194 1.23692776685e-16
4914.74848763 1.21533124329e-16
4917.99074332 1.17484036061e-16
4921.232999 1.17496550572e-16
4924.47525469 1.20345190018e-16
4927.71751038 1.17952291022e-16
4930.95976607 1.21172976716e-16
4934.20202176 1.2059843968e-16
4937.44427744 1.22844873933e-16
4940.68653313 1.20926840565e-16
4943.92878882 1.31484825662e-16
4947.17104451 1.2507177683e-16
4950.41330019 1.20940558221e-16
4953.65555588 1.13702117064e-16
4956.89781157 1.12399949519e-16
4960.14006726 1.19567910829e-16
4963.38232294 1.14075651383e-16
4966.62457863 1.21781806811e-16
4969.86683432 1.1813372676e-16
4973.10909001 1.12134335005e-16
4976.3513457 1.24889152112e-16
4979.59360138 1.2547323488e-16
4982.83585707 1.21182841913e-16
4986.07811276 1.24993000448e-16
4989.32036845 1.2560823454e-16
4992.56262413 1.23152492556e-16
4995.80487982 1.17011573208e-16
4999.04713551 1.19113113721e-16
5002.2893912 1.20221986948e-16
5005.53164689 1.18665320789e-16
5008.77390257 1.15779544364e-16
5012.01615826 1.20334806105e-16
5015.25841395 1.19402179556e-16
5018.50066964 1.26942260794e-16
5021.74292532 1.16982696619e-16
5024.98518101 1.22228314831e-16
5028.2274367 1.27002722719e-16
5031.46969239 1.25479905055e-16
5034.71194807 1.23905294172e-16
5037.95420376 1.24568085036e-16
5041.19645945 1.24399801487e-16
5044.43871514 1.2654132146e-16
5047.68097083 1.21764691288e-16
5050.92322651 1.23717378796e-16
5054.1654822 1.29839924948e-16
5057.40773789 1.31097831826e-16
5060.64999358 1.2576309562e-16
5063.89224926 1.32223253187e-16
5067.13450495 1.33354754623e-16
5070.37676064 1.32839160747e-16
5073.61901633 1.28162252145e-16
5076.86127201 1.33637464093e-16
5080.1035277 1.3051669826e-16
5083.34578339 1.329379088e-16
5086.58803908 1.30038363889e-16
5089.83029477 1.34371978124e-16
5093.07255045 1.34718341575e-16
5096.31480614 1.36517864811e-16
5099.55706183 1.42656124921e-16
5102.79931752 1.30203392874e-16
5106.0415732 1.38828999761e-16
5109.28382889 1.29850253303e-16
5112.52608458 1.31775844121e-16
5115.76834027 1.44423226806e-16
5119.01059596 1.41616680688e-16
5122.25285164 1.35710781561e-16
5125.49510733 1.35044991103e-16
5128.73736302 1.39140382741e-16
5131.97961871 1.41107300444e-16
5135.22187439 1.39951111132e-16
5138.46413008 1.40377537247e-16
5141.70638577 1.44752844179e-16
5144.94864146 1.3958864024e-16
5148.19089714 1.41954627598e-16
5151.43315283 1.35357284178e-16
5154.67540852 1.48730974958e-16
5157.91766421 1.42080349565e-16
5161.1599199 1.53971753044e-16
5164.40217558 1.4807319772e-16
5167.64443127 1.58503036876e-16
5170.88668696 1.45714334374e-16
5174.12894265 1.5580293035e-16
5177.37119833 1.54155433857e-16
5180.61345402 1.4875310478e-16
5183.85570971 1.56072162484e-16
5187.0979654 1.64283670442e-16
5190.34022108 1.6566508216e-16
5193.58247677 1.62069276208e-16
5196.82473246 1.62030447778e-16
5200.06698815 1.72056313888e-16
5203.30924384 1.6326461785e-16
5206.55149952 1.70742909779e-16
5209.79375521 1.68992358274e-16
5213.0360109 1.68092879511e-16
5216.27826659 1.66753798331e-16
5219.52052227 1.74344658254e-16
5222.76277796 1.75296137456e-16
5226.00503365 1.70671856634e-16
5229.24728934 1.7505042652e-16
5232.48954502 1.82428639173e-16
5235.73180071 1.83142617795e-16
5238.9740564 1.6962021039e-16
5242.21631209 1.70265196162e-16
5245.45856778 1.83923740772e-16
5248.70082346 1.81656134621e-16
5251.94307915 1.69610551482e-16
5255.18533484 1.85716913816e-16
5258.42759053 1.78084621731e-16
5261.66984621 1.90254413695e-16
5264.9121019 1.95795695054e-16
5268.15435759 1.9210082171e-16
5271.39661328 1.90402364622e-16
5274.63886897 1.89245163046e-16
5277.88112465 1.96363568059e-16
5281.12338034 1.92830654252e-16
5284.36563603 1.96517169843e-16
5287.60789172 2.01182974608e-16
5290.8501474 2.01243486741e-16
5294.09240309 1.93006758082e-16
5297.33465878 1.92141376263e-16
5300.57691447 2.01464480248e-16
5303.81917015 1.90828350554e-16
5307.06142584 1.93136250052e-16
5310.30368153 2.06917340573e-16
5313.54593722 2.07717415267e-16
5316.78819291 2.04274163457e-16
5320.03044859 2.12481048742e-16
5323.27270428 2.07829298012e-16
5326.51495997 1.93333959749e-16
5329.75721566 2.13829715666e-16
5332.99947134 2.23142113005e-16
5336.24172703 2.12453544374e-16
5339.48398272 2.02791952278e-16
5342.72623841 2.07829905547e-16
5345.96849409 2.10310072585e-16
5349.21074978 2.14317102368e-16
5352.45300547 2.18395269196e-16
5355.69526116 2.06207618937e-16
5358.93751685 2.16967822003e-16
5362.17977253 2.04371762069e-16
5365.42202822 2.02939395249e-16
5368.66428391 2.22151832166e-16
5371.9065396 2.09866767297e-16
5375.14879528 2.1583744993e-16
5378.39105097 2.19336995274e-16
5381.63330666 2.09741510189e-16
5384.87556235 2.19704956403e-16
5388.11781804 2.10420462569e-16
5391.36007372 2.16229744942e-16
5394.60232941 2.22295218604e-16
5397.8445851 2.14122878206e-16
5401.08684079 2.20402412194e-16
5404.32909647 2.14778739285e-16
5407.57135216 2.12911259843e-16
5410.81360785 2.18016712922e-16
5414.05586354 2.15184914315e-16
5417.29811922 2.19673743719e-16
5420.54037491 2.15668875479e-16
5423.7826306 2.10920376756e-16
5427.02488629 2.11107214965e-16
5430.26714198 2.19724617098e-16
5433.50939766 2.10237487568e-16
5436.75165335 2.17993666748e-16
5439.99390904 2.22701427708e-16
5443.23616473 2.20340838364e-16
5446.47842041 2.23678260531e-16
5449.7206761 2.13297281368e-16
5452.96293179 2.1347433562e-16
5456.20518748 2.18035641402e-16
5459.44744316 2.17146539094e-16
5462.68969885 2.18139611304e-16
5465.93195454 2.14603055913e-16
5469.17421023 2.13501210805e-16
5472.41646592 2.08484661046e-16
5475.6587216 2.21676305978e-16
5478.90097729 2.13301131962e-16
5482.14323298 2.13072218572e-16
5485.38548867 2.02987306806e-16
5488.62774435 2.06727644115e-16
5491.87000004 2.00554964182e-16
5495.11225573 1.9983704513e-16
5498.35451142 1.99800568202e-16
5501.5967671 2.04048707445e-16
5504.83902279 1.98804124558e-16
5508.08127848 2.04744810228e-16
5511.32353417 1.8935760214e-16
5514.56578986 1.89072243082e-16
5517.80804554 2.06822539743e-16
5521.05030123 2.00987486929e-16
5524.29255692 1.97333112061e-16
;5527.53481261 1.79089117671e-16
;5530.77706829 1.35614789455e-16
;5543.74609105 1.76356464396e-16
;5546.98834673 1.76018827235e-16
5550.23060242 1.71439337553e-16
5553.47285811 1.73128717859e-16
5556.7151138 1.74331009426e-16
5559.95736948 1.77387347431e-16
5563.19962517 1.87421218129e-16
5566.44188086 1.7130943262e-16
5569.68413655 1.82448811093e-16
5572.92639223 1.68635544014e-16
5576.16864792 1.72626402257e-16
5579.41090361 1.88283372e-16
5582.6531593 1.74674647129e-16
5585.89541499 1.75105400702e-16
5589.13767067 1.75219386226e-16
5592.37992636 1.5749044324e-16
5595.62218205 1.80299723009e-16
5598.86443774 1.80717559199e-16
5602.10669342 1.73056423783e-16
5605.34894911 1.88875194601e-16
5608.5912048 1.79822470732e-16
5611.83346049 1.73649695668e-16
5615.07571617 1.79585744489e-16
5618.31797186 1.83271851859e-16
5621.56022755 1.85148094628e-16
5624.80248324 1.71671979831e-16
5628.04473893 1.76720727747e-16
5631.28699461 1.88696469378e-16
5634.5292503 1.8079929693e-16
5637.77150599 1.84471482228e-16
5641.01376168 1.77976087974e-16
5644.25601736 1.74004837271e-16
5647.49827305 1.79468782448e-16
5650.74052874 1.78818176281e-16
5653.98278443 1.74362819062e-16
5657.22504011 1.7275889479e-16
5660.4672958 1.73429015297e-16
5663.70955149 1.73245900936e-16
5666.95180718 1.72573940394e-16
5670.19406287 1.62227227649e-16
5673.43631855 1.57846734992e-16
5676.67857424 1.62765201718e-16
5679.92082993 1.69741840697e-16
5683.16308562 1.73668904531e-16
5686.4053413 1.57414674524e-16
5689.64759699 1.57323024533e-16
5692.88985268 1.71672700814e-16
5696.13210837 1.59621355035e-16
5699.37436406 1.5287897974e-16
5702.61661974 1.45027481495e-16
5705.85887543 1.57383595306e-16
5709.10113112 1.55645493947e-16
5712.34338681 1.53787674673e-16
5715.58564249 1.55075971544e-16
5718.82789818 1.54854071142e-16
5722.07015387 1.51634599619e-16
5725.31240956 1.49935325669e-16
5728.55466524 1.5773050538e-16
5731.79692093 1.44610011944e-16
5735.03917662 1.42310698252e-16
5738.28143231 1.44450002046e-16
5741.523688 1.42196212019e-16
5744.76594368 1.35278436816e-16
5748.00819937 1.35932776377e-16
5751.25045506 1.3993293493e-16
5754.49271075 1.32416284125e-16
5757.73496643 1.3724963814e-16
5760.97722212 1.39715125783e-16
5764.21947781 1.37596379541e-16
5767.4617335 1.39497301247e-16
5770.70398918 1.40788406312e-16
5773.94624487 1.36181027766e-16
5777.18850056 1.38398538403e-16
5780.43075625 1.39035233812e-16
5783.67301194 1.40433166809e-16
5786.91526762 1.3780464962e-16
5790.15752331 1.34326244629e-16
5793.399779 1.31122617561e-16
5796.64203469 1.35481781914e-16
5799.88429037 1.26745338524e-16
5803.12654606 1.3211632289e-16
5806.36880175 1.32995690749e-16
5809.61105744 1.30338040409e-16
5812.85331313 1.3655003218e-16
5816.09556881 1.3458402851e-16
5819.3378245 1.29557599717e-16
5822.58008019 1.30145216131e-16
5825.82233588 1.38360965404e-16
5829.06459156 1.33329297069e-16
5832.30684725 1.33422111234e-16
5835.54910294 1.30948639503e-16
5838.79135863 1.28888126927e-16
5842.03361431 1.34946173142e-16
5845.27587 1.26117011852e-16
5848.51812569 1.28318603121e-16
5851.76038138 1.32498528562e-16
5855.00263707 1.28040423325e-16
5858.24489275 1.21720244499e-16
5861.48714844 1.23307598001e-16
5864.72940413 1.28005629522e-16
5867.97165982 1.25572497236e-16
5871.2139155 1.27649656934e-16
5874.45617119 1.20460265828e-16
5877.69842688 1.24084892713e-16
5880.94068257 1.2131547569e-16
5884.18293825 1.17051716441e-16
5887.42519394 1.2558101661e-16
5890.66744963 1.22675304835e-16
5893.90970532 1.2523108082e-16
5897.15196101 1.20422188843e-16
5900.39421669 1.1739161342e-16
5903.63647238 1.2189879672e-16
5906.87872807 1.24570987606e-16
5910.12098376 1.19268205028e-16
5913.36323944 1.22178342775e-16
5916.60549513 1.21457703653e-16
5919.84775082 1.18570488029e-16
5923.09000651 1.14217938256e-16
5926.33226219 1.17282040726e-16
5929.57451788 1.13837026525e-16
5932.81677357 1.12873533224e-16
5936.05902926 1.1780308876e-16
5939.30128495 1.154871341e-16
5942.54354063 1.14229638239e-16
5945.78579632 1.10350265729e-16
5949.02805201 1.13389559751e-16
5952.2703077 1.07655165633e-16
5955.51256338 1.13048470811e-16
5958.75481907 1.12761774003e-16
5961.99707476 1.16132670554e-16
5965.23933045 1.10104859837e-16
5968.48158614 1.08037150551e-16
5971.72384182 1.14802033277e-16
5974.96609751 1.11612123446e-16
5978.2083532 1.1083357544e-16
5981.45060889 1.08657902862e-16
5984.69286457 1.10331435311e-16
5987.93512026 1.1315127069e-16
5991.17737595 1.0949262143e-16
5994.41963164 1.14246255668e-16
5997.66188732 1.06748343307e-16
6000.90414301 1.13877995325e-16
6004.1463987 1.089739628e-16
6007.38865439 1.13331305635e-16
6010.63091008 1.11145265611e-16
6013.87316576 1.12613339101e-16
6017.11542145 1.14707456177e-16
6020.35767714 1.06531399269e-16
6023.59993283 1.08424047892e-16
6026.84218851 1.08797630309e-16
6030.0844442 1.08147385437e-16
6033.32669989 1.09837792013e-16
6036.56895558 1.06959990732e-16
6039.81121126 1.12339444998e-16
6043.05346695 1.0602084349e-16
6046.29572264 1.05487755045e-16
6049.53797833 1.08983106359e-16
6052.78023402 1.09965777078e-16
6056.0224897 1.07230535776e-16
6059.26474539 1.04863916346e-16
6062.50700108 1.08370703845e-16
6065.74925677 1.07449343879e-16
6068.99151245 1.03499261482e-16
6072.23376814 1.07225526464e-16
6075.47602383 9.95447129119e-17
6078.71827952 1.06948832417e-16
6081.9605352 1.05121938543e-16
6085.20279089 1.02092673691e-16
6088.44504658 1.01667704716e-16
6091.68730227 1.04410768406e-16
6094.92955796 1.08769978771e-16
6098.17181364 1.08325693206e-16
6101.41406933 1.04392712318e-16
6104.65632502 1.07893918582e-16
6107.89858071 1.04755066343e-16
6111.14083639 1.00843697816e-16
6114.38309208 1.03729892374e-16
6117.62534777 9.87626641784e-17
6120.86760346 1.10351458868e-16
6124.10985915 1.05403886454e-16
6127.35211483 1.04967664141e-16
6130.59437052 1.00979359336e-16
6133.83662621 9.91534504893e-17
6137.0788819 9.79562764475e-17
6140.32113758 9.39196436861e-17
6143.56339327 1.01746351658e-16
6146.80564896 9.98888264027e-17
6150.04790465 9.83293854347e-17
6153.29016033 1.00308775845e-16
6156.53241602 1.03537604754e-16
6159.77467171 9.78764034966e-17
6163.0169274 1.00937051732e-16
6166.25918309 9.79108230856e-17
6169.50143877 1.00677336324e-16
6172.74369446 1.02707321226e-16
6175.98595015 1.03476505471e-16
6179.22820584 9.94948495243e-17
6182.47046152 9.95833843437e-17
6185.71271721 9.71688621683e-17
6188.9549729 1.01315503491e-16
6192.19722859 1.00180746088e-16
6195.43948427 9.92735580842e-17
6198.68173996 1.02001703823e-16
6201.92399565 9.58746233544e-17
6205.16625134 9.95093730467e-17
6208.40850703 9.79943503665e-17
6211.65076271 1.00594967528e-16
6214.8930184 9.65116873669e-17
6218.13527409 9.82171018778e-17
6221.37752978 9.6313040148e-17
6224.61978546 9.56038012925e-17
6227.86204115 9.78145878589e-17
6231.10429684 9.94434754905e-17
6234.34655253 9.90399837668e-17
6237.58880822 9.36072899276e-17
6240.8310639 1.00004935278e-16
6244.07331959 1.01695835123e-16
6247.31557528 9.29532443518e-17
6250.55783097 9.0722896799e-17
6253.80008665 9.90886182419e-17
6257.04234234 1.03253811535e-16
6260.28459803 9.64158007864e-17
6263.52685372 9.31623390387e-17
6266.7691094 9.64350834955e-17
6270.01136509 9.30139352346e-17
6273.25362078 9.603129979e-17
6276.49587647 9.52769567154e-17
6279.73813216 9.35485889638e-17
6282.98038784 9.91312794806e-17
6286.22264353 9.93343758522e-17
6289.46489922 9.34440938402e-17
6292.70715491 9.52705560833e-17
6295.94941059 9.69371317093e-17
6299.19166628 9.85701615759e-17
6302.43392197 8.91737329801e-17
6305.67617766 9.228579971e-17
6308.91843334 9.85745005958e-17
6312.16068903 9.97273848461e-17
6315.40294472 9.60866213393e-17
6318.64520041 9.52229742303e-17
6321.8874561 9.46978333945e-17
6325.12971178 9.55193437852e-17
6328.37196747 9.91388480329e-17
6331.61422316 9.87713305679e-17
6334.85647885 9.74872483404e-17
6338.09873453 9.47101169241e-17
6341.34099022 9.6370403116e-17
6344.58324591 1.00064734874e-16
6347.8255016 1.0120397179e-16
6351.06775728 9.88146037027e-17
6354.31001297 1.03333580146e-16
6357.55226866 1.01617716272e-16
6360.79452435 9.97147515134e-17
6364.03678004 9.92527103319e-17
6367.27903572 9.85072431315e-17
6370.52129141 1.04338954033e-16
6373.7635471 1.00898318092e-16
6377.00580279 1.02663172321e-16
6380.24805847 1.02821223846e-16
6383.49031416 1.05514839507e-16
6386.73256985 1.06527835668e-16
6389.97482554 1.04467689682e-16
6393.21708123 1.00803505544e-16
6396.45933691 1.06018591044e-16
6399.7015926 1.01870442197e-16
6402.94384829 1.06128441874e-16
6406.18610398 1.04947358245e-16
6409.42835966 1.01946350856e-16
6412.67061535 9.82735866203e-17
6415.91287104 1.04716342563e-16
6419.15512673 1.03508244199e-16
6422.39738241 1.08202816521e-16
6425.6396381 1.03851294017e-16
6428.88189379 1.02792244033e-16
6432.12414948 1.06225098073e-16
6435.36640517 1.05113278737e-16
6438.60866085 1.03439689506e-16
6441.85091654 1.05991418946e-16
6445.09317223 1.06941359536e-16
6448.33542792 1.0931483741e-16
6451.5776836 1.07830235462e-16
6454.81993929 1.04608305026e-16
6458.06219498 1.05442542362e-16
6461.30445067 1.07796907664e-16
6464.54670635 1.05300933632e-16
6467.78896204 1.073990408e-16
6471.03121773 1.09971572106e-16
6474.27347342 1.07072331421e-16
6477.51572911 1.07086777499e-16
6480.75798479 1.07695082031e-16
6484.00024048 1.13807037459e-16
6487.24249617 1.1085054495e-16
6490.48475186 1.11189362462e-16
6493.72700754 1.10327289243e-16
6496.96926323 1.12075045852e-16
6500.21151892 1.15431732881e-16
6503.45377461 1.07566044266e-16
6506.69603029 1.09987596674e-16
6509.93828598 1.13597361285e-16
6513.18054167 1.11759217453e-16
6516.42279736 1.09280070301e-16
6519.66505305 1.13887937714e-16
6522.90730873 1.11425332393e-16
6526.14956442 1.12602075264e-16
6529.39182011 1.12121929173e-16
6532.6340758 1.15097302247e-16
6535.87633148 1.15542654889e-16
6539.11858717 1.14459636069e-16
6542.36084286 1.14034892119e-16
6545.60309855 1.16810333761e-16
6548.84535424 1.11277287813e-16
6552.08760992 1.15062374167e-16
6555.32986561 1.13655906367e-16
6558.5721213 1.10829531044e-16
6561.81437699 1.18873995441e-16
6565.05663267 1.14203284223e-16
6568.29888836 1.12522062107e-16
6571.54114405 1.13070955471e-16
6574.78339974 1.08781425916e-16
6578.02565542 1.10155608123e-16
6581.26791111 1.13131774991e-16
6584.5101668 1.1441047644e-16
6587.75242249 1.14541742683e-16
6590.99467818 1.13255530077e-16
6594.23693386 1.098772771e-16
6597.47918955 1.16101290487e-16
6600.72144524 1.124734143e-16
6603.96370093 1.11451210606e-16
6607.20595661 1.12283093237e-16
6610.4482123 1.11006714644e-16
6613.69046799 1.13137201541e-16
6616.93272368 1.12518746135e-16
6620.17497936 1.12402701193e-16
6623.41723505 1.08301108287e-16
6626.65949074 1.11994123441e-16
6629.90174643 1.13026344437e-16
6633.14400212 1.13888693762e-16
6636.3862578 1.16838476188e-16
6639.62851349 1.13627251143e-16
6642.87076918 1.16027381482e-16
6646.11302487 1.15063173527e-16
6649.35528055 1.12201797045e-16
6652.59753624 1.13478601322e-16
6655.83979193 1.1169265028e-16
6659.08204762 1.14171556416e-16
6662.32430331 1.09867399366e-16
6665.56655899 1.14911998584e-16
6668.80881468 1.16207999657e-16
6672.05107037 1.14383382906e-16
6675.29332606 1.17358196184e-16
6678.53558174 1.15973149865e-16
6681.77783743 1.20009293328e-16
6685.02009312 1.14123205089e-16
6688.26234881 1.1511556582e-16
6691.50460449 1.18646532816e-16
6694.74686018 1.14691369018e-16
6697.98911587 1.1169364396e-16
6701.23137156 1.14677791416e-16
6704.47362725 1.17616789503e-16
6707.71588293 1.14461123203e-16
6710.95813862 1.13027936956e-16
6714.20039431 1.12678936631e-16
6717.44265 1.14395126137e-16
6720.68490568 1.13311997945e-16
6723.92716137 1.11634913114e-16
6727.16941706 1.11709889017e-16
6730.41167275 1.16881426602e-16
6733.65392843 1.1543229977e-16
6736.89618412 1.13422412724e-16
6740.13843981 1.12330780454e-16
6743.3806955 1.10037525627e-16
6746.62295119 1.06575271227e-16
6749.86520687 1.10384382486e-16
6753.10746256 1.08052328244e-16
6756.34971825 1.14189118421e-16
6759.59197394 1.10120237818e-16
6762.83422962 1.07854614206e-16
6766.07648531 1.12096420653e-16
6769.318741 1.08678299914e-16
6772.56099669 1.09088329488e-16
6775.80325237 1.11179681203e-16
6779.04550806 1.08542671807e-16
6782.28776375 1.08103064081e-16
6785.53001944 1.10470188591e-16
6788.77227513 1.05914541156e-16
6792.01453081 1.10985904218e-16
6795.2567865 1.06065010787e-16
6798.49904219 1.08919121054e-16
6801.74129788 1.07574974274e-16
6804.98355356 1.04717322767e-16
6808.22580925 1.01853302162e-16
6811.46806494 1.06640851807e-16
6814.71032063 1.08112105134e-16
6817.95257632 1.02715455151e-16
6821.194832 1.07278482613e-16
6824.43708769 1.04703589398e-16
6827.67934338 1.02586564646e-16
6830.92159907 1.06748753324e-16
6834.16385475 1.0667444753e-16
6837.40611044 1.00786179414e-16
6840.64836613 1.01062988953e-16
6843.89062182 1.01295094345e-16
6847.1328775 1.02309714447e-16
6850.37513319 9.95922857311e-17
;6853.61738888 9.92104678052e-17
;6856.85964457 1.02110999989e-16
;6860.10190026 1.00590552104e-16
;6863.34415594 9.85753844053e-17
;6866.58641163 9.26411662128e-17
;6869.82866732 7.63475777546e-17
;6873.07092301 7.77046027807e-17
;6876.31317869 8.05429394067e-17
;6879.55543438 8.97590488986e-17
;6882.79769007 9.61301300311e-17
;6886.03994576 8.77106857026e-17
;6889.28220144 8.44743367688e-17
;6892.52445713 8.86340966414e-17
;6895.76671282 8.97238545983e-17
;6899.00896851 8.79257023873e-17
;6902.2512242 9.31390066779e-17
;6905.49347988 9.37094679692e-17
;6908.73573557 9.12078775035e-17
;6911.97799126 9.27213162255e-17
;6915.22024695 9.14235979127e-17
;6918.46250263 9.04849263099e-17
6921.70475832 9.49566746831e-17
6924.94701401 9.48337160672e-17
6928.1892697 9.08589042495e-17
6931.43152538 9.66641965153e-17
6934.67378107 9.05655446418e-17
6937.91603676 9.37547087597e-17
6941.15829245 9.54840290663e-17
6944.40054814 9.34659360234e-17
6947.64280382 9.33484641833e-17
6950.88505951 8.65452848591e-17
6954.1273152 9.08207678203e-17
6957.36957089 9.14043140483e-17
6960.61182657 9.31165589592e-17
6963.85408226 9.06882141058e-17
6967.09633795 9.19998865187e-17
6970.33859364 8.88997562452e-17
6973.58084933 8.78980515867e-17
6976.82310501 9.05145943203e-17
6980.0653607 8.88634922977e-17
6983.30761639 9.19458239632e-17
6986.54987208 8.90400839415e-17
6989.79212776 9.12910194715e-17
6993.03438345 9.27328409572e-17
6996.27663914 8.96496781324e-17
6999.51889483 8.95530227262e-17
7002.76115051 8.91316124098e-17
7006.0034062 9.07548946464e-17
7009.24566189 8.96717073478e-17
7012.48791758 9.05041880575e-17
7015.73017327 8.87481762684e-17
7018.97242895 9.14086895113e-17
7022.21468464 8.68882552468e-17
7025.45694033 8.85448728868e-17
7028.69919602 8.65810842251e-17
7031.9414517 8.63841848395e-17
7035.18370739 8.68879930263e-17
7038.42596308 8.95058355421e-17
7041.66821877 8.42110112405e-17
7044.91047445 8.39989692278e-17
7048.15273014 8.89873359386e-17
7051.39498583 8.76648902271e-17
7054.63724152 8.80295897647e-17
7057.87949721 8.72394890596e-17
7061.12175289 8.72133883937e-17
7064.36400858 8.81405544456e-17
7067.60626427 8.79801381105e-17
7070.84851996 8.19002008767e-17
7074.09077564 8.71921840969e-17
7077.33303133 8.51434482274e-17
7080.57528702 8.46905647152e-17
7083.81754271 8.5089117837e-17
7087.0597984 8.66174040671e-17
7090.30205408 8.35164725326e-17
7093.54430977 8.68107744697e-17
7096.78656546 8.77007587263e-17
7100.02882115 8.68086504244e-17
7103.27107683 8.40570178958e-17
7106.51333252 8.51428913029e-17
7109.75558821 8.19947774633e-17
7112.9978439 8.22500155773e-17
7116.24009958 8.16012736692e-17
7119.48235527 8.36527933904e-17
7122.72461096 8.53607237036e-17
7125.96686665 8.5296790646e-17
7129.20912234 8.30572361061e-17
7132.45137802 8.16046236567e-17
7135.69363371 8.66632137046e-17
7138.9358894 8.51017868537e-17
7142.17814509 8.38238358713e-17
7145.42040077 8.44046138372e-17
7148.66265646 8.13892521898e-17
7151.90491215 8.2777665913e-17
7155.14716784 8.45473785623e-17
7158.38942352 8.38509230285e-17
7161.63167921 8.45485433995e-17
7164.8739349 8.33710373852e-17
7168.11619059 8.49644416845e-17
7171.35844628 8.28783851127e-17
7174.60070196 8.23930753713e-17
7177.84295765 8.56334743742e-17
7181.08521334 8.0958195564e-17
7184.32746903 8.31452528366e-17
7187.56972471 8.16562387699e-17
7190.8119804 8.41890802565e-17
7194.05423609 8.12623627275e-17
7197.29649178 8.04415658474e-17
7200.53874746 7.94598341461e-17
7203.78100315 8.07329963717e-17
7207.02325884 8.07497297529e-17
7210.26551453 8.28741582307e-17
7213.50777022 8.07826215465e-17
7216.7500259 7.99177313169e-17
7219.99228159 7.88421402524e-17
7223.23453728 7.79762607341e-17
7226.47679297 8.00321354842e-17
7229.71904865 8.07185634142e-17
7232.96130434 7.86585118099e-17
7236.20356003 7.97450548054e-17
7239.44581572 8.06490941709e-17
7242.68807141 7.96728441683e-17
7245.93032709 7.48015918693e-17
7249.17258278 7.86217967368e-17
7252.41483847 8.11764361656e-17
7255.65709416 7.58983596205e-17
7258.89934984 7.94195122749e-17
7262.14160553 7.86012308054e-17
7265.38386122 7.75039861686e-17
7268.62611691 7.84541148499e-17
7271.86837259 7.65700905244e-17
7275.11062828 7.5221369294e-17
7278.35288397 7.67649428766e-17
7281.59513966 7.38810771417e-17
7284.83739535 7.47958292853e-17
7288.07965103 7.41828077355e-17
7291.32190672 7.52228111343e-17
7294.56416241 7.58743631167e-17
7297.8064181 7.34875010779e-17
7301.04867378 7.70866024913e-17
7304.29092947 7.35289021718e-17
7307.53318516 7.33260231199e-17
7310.77544085 7.38887356468e-17
7314.01769653 7.33395449734e-17
7317.25995222 7.31534637247e-17
7320.50220791 7.32141765714e-17
7323.7444636 7.1494915036e-17
7326.98671929 7.24560278947e-17
7330.22897497 7.42791641788e-17
7333.47123066 7.08434828301e-17
7336.71348635 7.55179475422e-17
7339.95574204 7.20696824667e-17
7343.19799772 7.22400890791e-17
7346.44025341 7.51948245241e-17
7349.6825091 7.15554394121e-17
7352.92476479 7.15657156081e-17
7356.16702047 7.22847381048e-17
7359.40927616 7.67217686919e-17
7362.65153185 6.92847189807e-17
7365.89378754 7.34430506821e-17
7369.13604323 7.54750811381e-17
7372.37829891 6.93820543673e-17
7375.6205546 7.08988152108e-17
7378.86281029 7.0378127516e-17
7382.10506598 7.10851403825e-17
7385.34732166 7.06458481855e-17
7388.58957735 6.84456609951e-17
7391.83183304 6.85158322204e-17
7395.07408873 7.29592049889e-17
7398.31634442 6.92017027658e-17
7401.5586001 6.44948772609e-17
7404.80085579 6.83262238991e-17
7408.04311148 6.87351360092e-17
7411.28536717 6.79530822386e-17
7414.52762285 6.58457876696e-17
7417.76987854 6.30765916481e-17
7421.01213423 6.80637389352e-17
7424.25438992 6.89261920696e-17
7427.4966456 6.81131360852e-17
7430.73890129 6.71486337729e-17
7433.98115698 6.43142045832e-17
7437.22341267 6.18761274112e-17
7440.46566836 6.41113494962e-17
7443.70792404 6.19770806638e-17
7446.95017973 6.34533930156e-17
7450.19243542 6.63692689812e-17
7453.43469111 6.47717013439e-17
7456.67694679 6.47438969492e-17
7459.91920248 6.16665119155e-17
7463.16145817 6.08169478292e-17
7466.40371386 6.16062206446e-17
7469.64596954 6.10188668254e-17
7472.88822523 6.07142895659e-17
7476.13048092 6.10262086198e-17
7479.37273661 6.22813666057e-17
7482.6149923 6.00154344829e-17
7485.85724798 6.09278141469e-17
7489.09950367 6.25723727791e-17
7492.34175936 6.03163627123e-17
7495.58401505 6.06993204505e-17
7498.82627073 5.82263596879e-17
7502.06852642 6.04099522059e-17
7505.31078211 5.69015079571e-17
7508.5530378 6.04126534745e-17
7511.79529349 5.94086820701e-17
7515.03754917 6.01263760868e-17
7518.27980486 6.17539532823e-17
7521.52206055 5.8616362599e-17
7524.76431624 5.66986810892e-17
7528.00657192 6.1202424634e-17
7531.24882761 5.91424616791e-17
7534.4910833 5.7821600313e-17
7537.73333899 6.0451317208e-17
7540.97559467 5.85638626698e-17
7544.21785036 5.95709397922e-17
7547.46010605 5.88608682336e-17
7550.70236174 5.81925747113e-17
7553.94461743 5.77766159506e-17
7557.18687311 5.68118856939e-17
7560.4291288 5.88724390686e-17
7563.67138449 5.89259736805e-17
7566.91364018 5.89266405506e-17
7570.15589586 5.88222092631e-17
7573.39815155 5.61310834284e-17
7576.64040724 5.87828128226e-17
7579.88266293 6.05365380526e-17
;7583.12491861 6.06898159117e-17
;7586.3671743 5.59609108582e-17
;7589.60942999 5.58124231883e-17
;7592.85168568 5.2647458226e-17
;7596.09394137 3.81298546048e-17
;7599.33619705 2.5306756905e-17
;7602.57845274 2.21759441844e-17
;7605.82070843 2.05159651973e-17
;7609.06296412 1.88177639089e-17
;7612.3052198 2.4274730726e-17
;7615.54747549 3.58774094035e-17
;7618.78973118 4.61140317185e-17
;7622.03198687 4.02720832699e-17
;7625.27424255 3.25267002507e-17
;7628.51649824 3.27950113899e-17
;7631.75875393 3.36470841818e-17
;7635.00100962 3.31480073489e-17
;7638.24326531 3.23604966717e-17
;7641.48552099 3.34473656121e-17
;7644.72777668 3.83811913887e-17
;7647.97003237 4.1481774114e-17
;7651.21228806 3.93901941226e-17
;7654.45454374 4.12598515479e-17
;7657.69679943 4.45938137837e-17
;7660.93905512 4.10860324335e-17
;7664.18131081 4.48947756071e-17
7667.4235665 4.58499909226e-17
7670.66582218 4.8097545315e-17
7673.90807787 4.70145158926e-17
7677.15033356 4.66135891955e-17
7680.39258925 4.87605089416e-17
7683.63484493 4.79315618765e-17
7686.87710062 4.81768438475e-17
7690.11935631 4.99225409917e-17
7693.361612 4.75274163747e-17
7696.60386768 4.79260358622e-17
7699.84612337 4.92382150095e-17
7703.08837906 4.72107859829e-17
7706.33063475 4.56412074051e-17
7709.57289044 4.5722810598e-17
7712.81514612 4.6280849012e-17
7716.05740181 4.86121026432e-17
7719.2996575 5.04568109073e-17
7722.54191319 5.18830229351e-17
7725.78416887 5.0807440515e-17
7729.02642456 4.94264335303e-17
7732.26868025 4.84894838779e-17
7735.51093594 4.96579408659e-17
7738.75319162 4.82229925765e-17
7741.99544731 4.77269777512e-17
7745.237703 4.87808726201e-17
7748.47995869 4.49842840568e-17
7751.72221438 4.48231839928e-17
7754.96447006 4.65609485986e-17
7758.20672575 4.93528407663e-17
7761.44898144 4.63960233601e-17
7764.69123713 4.74841600341e-17
7767.93349281 4.85332762008e-17
7771.1757485 5.07752204192e-17
7774.41800419 5.08567082875e-17
7777.66025988 4.8864072549e-17
7780.90251556 5.12117584249e-17
7784.14477125 4.70753451838e-17
7787.38702694 4.77150798009e-17
7790.62928263 4.93576793787e-17
7793.87153832 4.71061080017e-17
7797.113794 4.94019352757e-17
7800.35604969 4.90211339176e-17
7803.59830538 5.02279253849e-17
7806.84056107 4.97011777097e-17
7810.08281675 4.47715332015e-17
7813.32507244 5.08712223483e-17
7816.56732813 5.17189448245e-17
7819.80958382 4.49058183528e-17
7823.05183951 4.43820672895e-17
7826.29409519 4.79356856042e-17
7829.53635088 5.05763123643e-17
7832.77860657 5.15749483839e-17
7836.02086226 4.87966985214e-17
7839.26311794 4.48316424359e-17
7842.50537363 4.6076580545e-17
7845.74762932 4.64425119591e-17
7848.98988501 4.71864960253e-17
7852.23214069 4.38958956938e-17
7855.47439638 4.63030967093e-17
7858.71665207 4.86628543635e-17
7861.95890776 5.13494116425e-17
7865.20116345 4.9794192048e-17
7868.44341913 4.65207533975e-17
7871.68567482 4.60121367804e-17
7874.92793051 4.64023683161e-17
7878.1701862 4.96595668338e-17
7881.41244188 5.26170812195e-17
7884.65469757 5.17824471107e-17
7887.89695326 4.9809662722e-17
7891.13920895 4.91567360055e-17
7894.38146463 5.09409855969e-17
7897.62372032 4.99406676019e-17
7900.86597601 4.67553594088e-17
7904.1082317 5.11039653179e-17
7907.35048739 4.92405891016e-17
7910.59274307 5.12997186017e-17
7913.83499876 4.91899272147e-17
7917.07725445 4.98742090073e-17
7920.31951014 5.14029546874e-17
7923.56176582 5.23711756494e-17
7926.80402151 4.90789292683e-17
7930.0462772 5.20834178599e-17
7933.28853289 4.75027040193e-17
7936.53078858 5.18291087482e-17
7939.77304426 5.31447989324e-17
7943.01529995 5.11603559852e-17
7946.25755564 5.09023599535e-17
7949.49981133 5.1563921402e-17
7952.74206701 5.11414682566e-17
7955.9843227 5.01242963546e-17
7959.22657839 5.13463059972e-17
7962.46883408 5.40490822603e-17
7965.71108976 5.01702642821e-17
7968.95334545 4.97702686428e-17
7972.19560114 5.1567098759e-17
7975.43785683 4.97972608602e-17
7978.68011252 5.26551070157e-17
7981.9223682 5.21003707201e-17
7985.16462389 5.18960147635e-17
7988.40687958 5.28143950618e-17
7991.64913527 5.31876576086e-17
7994.89139095 5.04998241112e-17
7998.13364664 5.10446566911e-17
8001.37590233 5.51773369912e-17
8004.61815802 5.0984518291e-17
8007.8604137 5.27417420852e-17
8011.10266939 5.28154092422e-17
8014.34492508 4.98118743103e-17
8017.58718077 5.0594804972e-17
8020.82943646 5.28372746642e-17
8024.07169214 5.41278991319e-17
8027.31394783 5.22179661243e-17
8030.55620352 5.43899918072e-17
8033.79845921 5.61609631845e-17
8037.04071489 5.42636258475e-17
8040.28297058 5.16995375818e-17
8043.52522627 5.21898269408e-17
8046.76748196 5.39974013877e-17
8050.00973764 5.15284854531e-17
8053.25199333 5.49389434803e-17
8056.49424902 5.23314295378e-17
8059.73650471 5.37606959211e-17
8062.9787604 4.88946124273e-17
8066.22101608 5.41974968971e-17
8069.46327177 5.06066317535e-17
8072.70552746 4.99149041126e-17
8075.94778315 5.24094991684e-17
8079.19003883 4.81783814917e-17
8082.43229452 5.41512486336e-17
8085.67455021 4.97700084683e-17
8088.9168059 5.02572105548e-17
8092.15906159 5.32658992261e-17
8095.40131727 5.08389728798e-17
8098.64357296 5.03355667313e-17
8101.88582865 4.83941847251e-17
8105.12808434 5.05958750168e-17
8108.37034002 4.80758630844e-17
8111.61259571 4.74625452948e-17
8114.8548514 5.01089814553e-17
8118.09710709 5.29537361423e-17
8121.33936277 4.87037702658e-17
8124.58161846 4.97418282868e-17
8127.82387415 4.80613598848e-17
8131.06612984 5.03925646174e-17
8134.30838553 5.01737959811e-17
8137.55064121 4.94409542382e-17
8140.7928969 4.84833673377e-17
8144.03515259 4.99950664191e-17
8147.27740828 4.69980076414e-17
8150.51966396 4.95690152934e-17
8153.76191965 5.2054275799e-17
8157.00417534 4.86521391828e-17
8160.24643103 5.08827221687e-17
8163.48868671 5.04044225199e-17
8166.7309424 4.81399911099e-17
8169.97319809 4.92731530605e-17
8173.21545378 4.81169202345e-17
8176.45770947 5.05809844589e-17
8179.69996515 5.14303896987e-17
8182.94222084 4.89385080605e-17
8186.18447653 5.18749908062e-17
8189.42673222 4.75890625307e-17
8192.6689879 4.7482620605e-17
8195.91124359 4.97923146423e-17
8199.15349928 4.96996402144e-17
8202.39575497 5.11137398662e-17
8205.63801066 4.87641715258e-17
8208.88026634 5.01618676074e-17
8212.12252203 5.15312880625e-17
8215.36477772 5.0291559337e-17
8218.60703341 5.15861156537e-17
8221.84928909 5.22499724592e-17
8225.09154478 4.88812795409e-17
8228.33380047 4.7101807407e-17
8231.57605616 4.84559243959e-17
8234.81831184 4.8653557223e-17
8238.06056753 4.82097059964e-17
8241.30282322 4.85484439439e-17
8244.54507891 5.06021192555e-17
8247.7873346 5.20721377319e-17
8251.02959028 5.03199415186e-17
8254.27184597 4.97115677659e-17
8257.51410166 4.87086679828e-17
8260.75635735 4.82676500067e-17
8263.99861303 5.14328947903e-17
8267.24086872 5.00738935929e-17
8270.48312441 4.930464792e-17
8273.7253801 4.90016537328e-17
8276.96763578 4.57973863619e-17
8280.20989147 4.93853435163e-17
8283.45214716 5.18055176879e-17
8286.69440285 5.44367202063e-17
8289.93665854 5.22742910616e-17
8293.17891422 4.81865313187e-17
8296.42116991 5.2753502214e-17
8299.6634256 5.32024149736e-17
8302.90568129 4.96109152674e-17
8306.14793697 4.91969687998e-17
8309.39019266 5.07805510897e-17
8312.63244835 5.14045100515e-17
8315.87470404 5.09258771808e-17
8319.11695972 5.24738895638e-17
8322.35921541 5.32339978851e-17
8325.6014711 5.10206234277e-17
8328.84372679 5.15218335708e-17
8332.08598248 5.23588477458e-17
8335.32823816 5.51030973652e-17
8338.57049385 5.33925884882e-17
8341.81274954 5.42708373794e-17
8345.05500523 5.21086108338e-17
8348.29726091 5.27297439175e-17
8351.5395166 5.18270132213e-17
8354.78177229 5.82238951853e-17
8358.02402798 5.37478087658e-17
8361.26628367 5.77772551109e-17
8364.50853935 5.55756598182e-17
8367.75079504 5.4393794518e-17
8370.99305073 5.37139546086e-17
8374.23530642 5.72335009222e-17
8377.4775621 5.4987562838e-17
8380.71981779 5.51841794283e-17
8383.96207348 5.46495812581e-17
8387.20432917 5.3996780127e-17
8390.44658485 5.51881090493e-17
8393.68884054 5.51989216703e-17
8396.93109623 6.04743775266e-17
8400.17335192 5.64519381177e-17
8403.41560761 5.564702386e-17
8406.65786329 5.70522854663e-17
8409.90011898 5.73486713228e-17
8413.14237467 5.78182020881e-17
8416.38463036 5.9279787247e-17
8419.62688604 5.68095855425e-17
8422.86914173 5.81084858669e-17
8426.11139742 5.98147552647e-17
8429.35365311 5.92411290557e-17
8432.59590879 6.22671463295e-17
8435.83816448 5.73851637275e-17
8439.08042017 5.87738199437e-17
8442.32267586 6.04816198013e-17
8445.56493155 5.97410226022e-17
8448.80718723 6.39477791387e-17
8452.04944292 6.03720676151e-17
8455.29169861 5.93948206909e-17
8458.5339543 6.11988019782e-17
8461.77620998 6.5253224279e-17
8465.01846567 6.21452367171e-17
8468.26072136 6.37976013462e-17
8471.50297705 6.3753379339e-17
8474.74523273 6.42303022071e-17
8477.98748842 6.02916309027e-17
8481.22974411 6.48029430178e-17
8484.4719998 6.56754739409e-17
8487.71425549 6.56889253574e-17
8490.95651117 6.67870436183e-17
8494.19876686 6.30008392329e-17
8497.44102255 6.4875967793e-17
8500.68327824 6.50781959933e-17
8503.92553392 6.64057892918e-17
8507.16778961 6.61837838951e-17
8510.4100453 6.62303768361e-17
8513.65230099 6.6800409313e-17
8516.89455668 6.29469500083e-17
8520.13681236 6.60655244998e-17
8523.37906805 6.79986221582e-17
8526.62132374 6.79643977907e-17
8529.86357943 6.63450132535e-17
8533.10583511 6.76756676471e-17
8536.3480908 6.61961837817e-17
8539.59034649 6.45603530234e-17
8542.83260218 6.94868543019e-17
8546.07485786 6.83844533903e-17
8549.31711355 7.01083068906e-17
8552.55936924 7.09190042916e-17
8555.80162493 6.89927077912e-17
8559.04388062 7.07749410354e-17
8562.2861363 7.02284172858e-17
8565.52839199 7.10429589699e-17
8568.77064768 7.23269204386e-17
8572.01290337 7.17206409381e-17
8575.25515905 7.41207592057e-17
8578.49741474 7.44364577039e-17
8581.73967043 7.23646786239e-17
8584.98192612 7.39466702631e-17
8588.2241818 7.51131411706e-17
8591.46643749 7.56588643868e-17
8594.70869318 7.61229547411e-17
8597.95094887 7.28390709297e-17
8601.19320456 7.60694073747e-17
8604.43546024 7.59580704023e-17
8607.67771593 7.43415658525e-17
8610.91997162 7.72151527414e-17
8614.16222731 7.57493506819e-17
8617.40448299 7.6187661087e-17
8620.64673868 7.48918922649e-17
8623.88899437 8.04415495271e-17
8627.13125006 7.59244012598e-17
8630.37350575 7.33647098243e-17
8633.61576143 7.855121639e-17
8636.85801712 7.9260227237e-17
8640.10027281 7.92054711152e-17
8643.3425285 7.56983937706e-17
8646.58478418 7.69904612739e-17
8649.82703987 7.81526263611e-17
8653.06929556 8.2610462216e-17
8656.31155125 8.08476654529e-17
8659.55380693 8.34631934534e-17
8662.79606262 8.43079241396e-17
8666.03831831 8.15938952249e-17
8669.280574 8.14207957445e-17
8672.52282969 8.34927972707e-17
8675.76508537 8.71791104674e-17
8679.00734106 8.41748990467e-17
8682.24959675 8.50523263277e-17
8685.49185244 8.67340885488e-17
8688.73410812 8.38244077128e-17
8691.97636381 8.36378830404e-17
8695.2186195 8.48798744196e-17
8698.46087519 8.65110892053e-17
8701.70313087 8.62003709849e-17
8704.94538656 8.39045644916e-17
8708.18764225 8.6422118784e-17
8711.42989794 8.53740368289e-17
8714.67215363 8.68923930238e-17
8717.91440931 8.86142606231e-17
8721.156665 8.51788608493e-17
8724.39892069 8.70761015168e-17
8727.64117638 8.62142569736e-17
8730.88343206 8.59751386525e-17
8734.12568775 8.55300216908e-17
8737.36794344 8.94002926138e-17
8740.61019913 9.08510468099e-17
8743.85245481 8.85985015254e-17
8747.0947105 8.82337347676e-17
8750.33696619 8.52776037185e-17
8753.57922188 8.64318269706e-17
8756.82147757 8.74991200191e-17
8760.06373325 8.88391395076e-17
8763.30598894 8.92737522369e-17
8766.54824463 8.88960867158e-17
8769.79050032 9.16554811007e-17
8773.032756 8.8218074391e-17
8776.27501169 8.64691696412e-17
8779.51726738 8.72724496327e-17
8782.75952307 9.02113072829e-17
8786.00177876 8.91986187145e-17
8789.24403444 8.63106522432e-17
8792.48629013 8.7378182874e-17
8795.72854582 9.04554073464e-17
8798.97080151 8.71352981161e-17
8802.21305719 8.72594363659e-17
8805.45531288 8.930345634e-17
8808.69756857 9.11787987011e-17
8811.93982426 8.72113192511e-17
8815.18207994 8.91310445309e-17
8818.42433563 9.03230872387e-17
8821.66659132 9.14334194904e-17
8824.90884701 9.33908423435e-17
8828.1511027 8.22919408427e-17
8831.39335838 8.91782812498e-17
8834.63561407 8.60189629975e-17
8837.87786976 8.58086547844e-17
8841.12012545 8.99949783875e-17
8844.36238113 8.76004420931e-17
8847.60463682 8.51448411001e-17
8850.84689251 8.81124653688e-17
8854.0891482 8.49949377679e-17
8857.33140388 8.71725442342e-17
8860.57365957 8.60364835943e-17
8863.81591526 8.87604232362e-17
8867.05817095 8.87020671987e-17
8870.30042664 8.90879581781e-17
8873.54268232 8.68069855196e-17
8876.78493801 8.6996683871e-17
8880.0271937 8.86909804597e-17
8883.26944939 8.51954993326e-17
8886.51170507 8.55240528315e-17
8889.75396076 8.97464903566e-17
8892.99621645 8.62988423134e-17
8896.23847214 8.7692050212e-17
8899.48072782 8.78014694522e-17
8902.72298351 7.93886604883e-17
8905.9652392 8.65001265277e-17
8909.20749489 8.65508559392e-17
8912.44975058 8.53855504353e-17
8915.69200626 8.5701199387e-17
8918.93426195 8.34778850112e-17
8922.17651764 8.35202430945e-17
8925.41877333 8.61676030256e-17
8928.66102901 8.36441444741e-17
8931.9032847 8.32541026494e-17
8935.14554039 8.59377185208e-17
8938.38779608 8.73270313399e-17
8941.63005177 9.06794121776e-17
8944.87230745 8.39663415319e-17
8948.11456314 8.37896892548e-17
8951.35681883 8.45590405326e-17
8954.59907452 8.25702012123e-17
8957.8413302 8.11403254543e-17
8961.08358589 8.25203863991e-17
8964.32584158 8.30016405122e-17
8967.56809727 8.56191496241e-17
8970.81035295 8.20226313954e-17
8974.05260864 8.28475842213e-17
8977.29486433 8.16720873738e-17
8980.53712002 8.1409505634e-17
8983.77937571 8.35992727589e-17
8987.02163139 8.27899430596e-17
8990.26388708 7.9115491896e-17
8993.50614277 7.90723595156e-17
8996.74839846 8.38086454883e-17
8999.99065414 8.35495736628e-17
9003.23290983 7.85537646476e-17
9006.47516552 8.04381748894e-17
9009.71742121 7.90836770877e-17
9012.95967689 8.24283712374e-17
9016.20193258 7.81104727156e-17
9019.44418827 7.65880645125e-17
9022.68644396 8.11403917198e-17
9025.92869965 7.83513786017e-17
9029.17095533 7.80826589247e-17
9032.41321102 8.42989097774e-17
9035.65546671 7.99838868139e-17
9038.8977224 7.93332362754e-17
9042.13997808 7.88748335095e-17
9045.38223377 8.0892048504e-17
9048.62448946 7.80799202935e-17
9051.86674515 8.00149527326e-17
9055.10900084 7.81019973441e-17
9058.35125652 7.88717134843e-17
9061.59351221 7.80520027951e-17
9064.8357679 7.34476971854e-17
9068.07802359 7.32038233186e-17
9071.32027927 7.34128999849e-17
9074.56253496 7.28107764706e-17
9077.80479065 7.46466341993e-17
9081.04704634 7.39895372499e-17
9084.28930202 7.29547960246e-17
9087.53155771 7.31722827576e-17
9090.7738134 7.29325669029e-17
9094.01606909 7.48808143594e-17
9097.25832478 7.40019870464e-17
9100.50058046 7.15425821249e-17
9103.74283615 7.37333058199e-17
9106.98509184 6.96466024709e-17
9110.22734753 7.15516998101e-17
9113.46960321 7.23319476909e-17
9116.7118589 7.10295125905e-17
9119.95411459 7.0117323919e-17
9123.19637028 7.23672751328e-17
9126.43862596 7.16619678755e-17
9129.68088165 7.04757884501e-17
9132.92313734 7.00067133205e-17
9136.16539303 7.15460400687e-17
9139.40764872 6.99868211015e-17
9142.6499044 7.14927903622e-17
9145.89216009 6.92395510742e-17
9149.13441578 6.48177427042e-17
9152.37667147 6.66180553685e-17
9155.61892715 6.52191739214e-17
9158.86118284 6.73500453312e-17
9162.10343853 6.70837899396e-17
9165.34569422 6.47916375439e-17
9168.5879499 6.39541097863e-17
9171.83020559 6.61086238675e-17
9175.07246128 6.72700953976e-17
9178.31471697 6.58978861339e-17
9181.55697266 6.23734829319e-17
9184.79922834 6.3672248528e-17
9188.04148403 6.41458816781e-17
9191.28373972 6.4353717885e-17
9194.52599541 6.38291558912e-17
9197.76825109 6.19930433555e-17
9201.01050678 6.0476812238e-17
9204.25276247 6.18505105102e-17
9207.49501816 6.15898093694e-17
9210.73727385 6.19987703152e-17
9213.97952953 5.88525882688e-17
9217.22178522 5.81027045637e-17
9220.46404091 5.85474348572e-17
9223.7062966 5.89037447417e-17
9226.94855228 6.04719739242e-17
9230.19080797 5.9509821594e-17
9233.43306366 5.72059578983e-17
9236.67531935 5.77363627906e-17
9239.91757503 5.58543322484e-17
9243.15983072 5.91941911785e-17
9246.40208641 5.64911996791e-17
9249.6443421 5.37151240966e-17
9252.88659779 5.62708181411e-17
9256.12885347 5.45828283131e-17
9259.37110916 5.71185451923e-17
9262.61336485 5.57978740105e-17
9265.85562054 5.59763653457e-17
9269.09787622 5.47091556415e-17
9272.34013191 5.46046637867e-17
9275.5823876 5.22217433151e-17
9278.82464329 5.35144002958e-17
9282.06689897 4.98034988945e-17
9285.30915466 5.05889090518e-17
9288.55141035 5.14113351733e-17
9291.79366604 5.20782022307e-17
9295.03592173 4.99151238401e-17
9298.27817741 5.06720663077e-17
9301.5204331 5.16129430985e-17
9304.76268879 5.08335838716e-17
9308.00494448 4.67458221188e-17
9311.24720016 4.79615491765e-17
9314.48945585 5.32378726448e-17
9317.73171154 4.36272870854e-17
9320.97396723 4.78713744508e-17
9324.21622291 4.26798240627e-17
9327.4584786 4.65080261126e-17
9330.70073429 4.91934417244e-17
9333.94298998 4.34425773832e-17
9337.18524567 4.02035174956e-17
9340.42750135 3.97787616742e-17
9343.66975704 3.78177196066e-17
9346.91201273 3.80575857898e-17
9350.15426842 4.78402838486e-17
9353.3965241 4.10152341654e-17
9356.63877979 3.79051739396e-17
9359.88103548 3.93376969256e-17
9363.12329117 4.59637182111e-17
9366.36554686 4.58666138585e-17
9369.60780254 4.18309894981e-17
9372.85005823 3.87265517215e-17
9376.09231392 4.58773246603e-17
9379.33456961 4.63651816332e-17
9382.57682529 4.25720710198e-17
9385.81908098 4.53028051932e-17
9389.06133667 4.32720234326e-17
9392.30359236 4.81257004064e-17
9395.54584804 4.7179422962e-17
9398.78810373 4.57002705942e-17
9402.03035942 4.61447349653e-17
9405.27261511 4.83594152654e-17
9408.5148708 4.68888481537e-17
9411.75712648 4.47625495707e-17
9414.99938217 4.43307980602e-17
9418.24163786 4.54917672202e-17
9421.48389355 4.26546505005e-17
9424.72614923 4.14521439364e-17
9427.96840492 3.85318170268e-17
9431.21066061 3.9408926603e-17
9434.4529163 4.44971344674e-17
9437.69517198 4.49488774765e-17
9440.93742767 3.90871076802e-17
9444.17968336 4.08154252457e-17
9447.42193905 4.43199556903e-17
9450.66419474 4.61254938238e-17
9453.90645042 4.2914940271e-17
9457.14870611 3.97891674731e-17
9460.3909618 4.19145019851e-17
9463.63321749 4.38782766928e-17
9466.87547317 4.29584289396e-17
9470.11772886 4.10751770917e-17
9473.35998455 4.03378010752e-17
9476.60224024 4.91889473914e-17
9479.84449593 4.62514063391e-17
9483.08675161 4.21372888837e-17
9486.3290073 4.2141031193e-17
9489.57126299 4.30903909341e-17
9492.81351868 3.98757995549e-17
9496.05577436 3.89603852006e-17
9499.29803005 3.79438603331e-17
9502.54028574 3.82930015745e-17
9505.78254143 4.34394657874e-17
9509.02479711 4.20118402669e-17
9512.2670528 4.43827895855e-17
9515.50930849 4.07060546956e-17
9518.75156418 3.84361027679e-17
9521.99381987 4.13810081578e-17
9525.23607555 4.05317805908e-17
9528.47833124 4.2987292111e-17
9531.72058693 4.05544767655e-17
9534.96284262 3.87173105193e-17
9538.2050983 4.17933123873e-17
9541.44735399 3.98123564392e-17
9544.68960968 3.66914282348e-17
9547.93186537 3.98545126253e-17
9551.17412105 4.03180978024e-17
9554.41637674 3.76984685348e-17
9557.65863243 3.83815823772e-17
9560.90088812 3.89693217486e-17
9564.14314381 3.90634161137e-17
9567.38539949 3.84013208037e-17
9570.62765518 4.44298842871e-17
9573.86991087 4.16603545644e-17
9577.11216656 4.48441719536e-17
9580.35442224 3.96318903666e-17
9583.59667793 3.94465233387e-17
9586.83893362 4.23335066845e-17
9590.08118931 4.0591625216e-17
9593.32344499 3.78523464389e-17
9596.56570068 4.04398997914e-17
9599.80795637 4.42809117809e-17
9603.05021206 4.19055678592e-17
9606.29246775 3.82330556337e-17
9609.53472343 4.02206962083e-17
9612.77697912 4.08703882629e-17
9616.01923481 3.82075026029e-17
9619.2614905 3.94508640594e-17
9622.50374618 3.91363696371e-17
9625.74600187 4.07707749549e-17
9628.98825756 3.89047779392e-17
9632.23051325 3.91473354812e-17
9635.47276894 4.05661415924e-17
9638.71502462 3.8868445755e-17
9641.95728031 4.06960360734e-17
9645.199536 3.94161896929e-17
9648.44179169 4.16655424857e-17
9651.68404737 4.04729958308e-17
9654.92630306 4.25583668202e-17
9658.16855875 4.16991480356e-17
9661.41081444 4.00555709388e-17
9664.65307012 3.71639285987e-17
9667.89532581 3.71489668803e-17
9671.1375815 4.05906355349e-17
9674.37983719 4.0806778088e-17
9677.62209288 3.84725510875e-17
9680.86434856 3.47603872592e-17
9684.10660425 3.67020454439e-17
9687.34885994 4.14105612546e-17
9690.59111563 4.07944780273e-17
9693.83337131 4.11333436088e-17
9697.075627 4.06841855884e-17
9700.31788269 4.0427858376e-17
9703.56013838 4.10790374568e-17
9706.80239406 3.93388753157e-17
9710.04464975 3.88584229849e-17
9713.28690544 4.71796374841e-17
9716.52916113 4.43539622099e-17
9719.77141682 4.22253240716e-17
9723.0136725 4.06430934478e-17
9726.25592819 3.70706741779e-17
9729.49818388 4.05749978847e-17
9732.74043957 3.5361462664e-17
9735.98269525 3.78895078829e-17
9739.22495094 3.90409857055e-17
9742.46720663 4.20056019908e-17
9745.70946232 4.19413485533e-17
9748.951718 4.13760800165e-17
9752.19397369 4.03848735737e-17
9755.43622938 3.98412634306e-17
9758.67848507 3.8968657013e-17
9761.92074076 4.04752757293e-17
9765.16299644 3.82921402792e-17
9768.40525213 3.83133115111e-17
9771.64750782 3.99896445164e-17
9774.88976351 3.56022851043e-17
9778.13201919 4.1679831251e-17
9781.37427488 4.15829603148e-17
9784.61653057 3.93443829094e-17
9787.85878626 3.93521065632e-17
9791.10104195 3.73674180455e-17
9794.34329763 3.36311914814e-17
9797.58555332 4.17900881469e-17
9800.82780901 3.68733854155e-17
9804.0700647 3.77280484091e-17
9807.31232038 3.93762888854e-17
9810.55457607 3.6138551244e-17
9813.79683176 3.82093417624e-17
9817.03908745 3.61336575202e-17
9820.28134313 3.69426240191e-17
9823.52359882 3.67703815516e-17
9826.76585451 3.6507865946e-17
9830.0081102 3.54473439935e-17
9833.25036589 3.66914452733e-17
9836.49262157 3.84734562042e-17
9839.73487726 3.66346017708e-17
9842.97713295 4.0913556294e-17
9846.21938864 3.83257885167e-17
9849.46164432 3.39910309188e-17
9852.70390001 3.43288147752e-17
9855.9461557 3.29377967959e-17
9859.18841139 3.375004283e-17
9862.43066707 3.57101979246e-17
9865.67292276 3.46305094229e-17
9868.91517845 4.17200488431e-17
9872.15743414 4.42356952861e-17
9875.39968983 4.04865384227e-17
9878.64194551 3.56531302574e-17
9881.8842012 3.37845944013e-17
9885.12645689 3.08130644131e-17
9888.36871258 3.30146071454e-17
9891.61096826 3.9208827707e-17
9894.85322395 4.5563101074e-17
9898.09547964 3.77911469277e-17
9901.33773533 3.28378370521e-17
9904.57999102 3.39075792538e-17
9907.8222467 3.52059103361e-17
9911.06450239 3.67035449178e-17
9914.30675808 4.33319036434e-17
9917.54901377 4.15568178233e-17
9920.79126945 3.28402271021e-17
9924.03352514 3.49493516981e-17
9927.27578083 3.15189899933e-17
9930.51803652 3.14635219023e-17
9933.7602922 3.45791786332e-17
9937.00254789 3.54482187101e-17
9940.24480358 4.20866240248e-17
9943.48705927 4.30748014396e-17
9946.72931496 4.11867911393e-17
9949.97157064 4.21037036553e-17
9953.21382633 3.18324449892e-17
9956.45608202 3.17799193963e-17
9959.69833771 3.98143343498e-17
9962.94059339 3.3611838479e-17
9966.18284908 3.02447063341e-17
9969.42510477 2.97326318833e-17
9972.66736046 2.81165431879e-17
9975.90961614 3.1674534235e-17
9979.15187183 3.58115042733e-17
9982.39412752 3.11382627055e-17
9985.63638321 3.36567642096e-17
9988.8786389 3.63771335641e-17
9992.12089458 3.62655876078e-17
9995.36315027 3.60604044659e-17
9998.60540596 3.20087629974e-17
10001.8476616 3.86471352749e-17
10005.0899173 3.33291364141e-17
10008.332173 3.27615683424e-17
10011.5744287 3.51078934633e-17
10014.8166844 3.52824021481e-17
10018.0589401 3.51634630792e-17
10021.3011958 3.05908615082e-17
10024.5434515 3.73100802374e-17
10027.7857071 4.00244010638e-17
10031.0279628 2.95185896409e-17
10034.2702185 3.23419005192e-17
10037.5124742 3.42983610011e-17
10040.7547299 3.91152552176e-17
10043.9969856 3.60111331649e-17
10047.2392413 3.45432315869e-17
10050.481497 3.71502944954e-17
10053.7237526 3.22757430622e-17
10056.9660083 3.12514515903e-17
10060.208264 3.29263798295e-17
10063.4505197 3.62930962038e-17
10066.6927754 3.04303108702e-17
10069.9350311 3.42561691867e-17
10073.1772868 3.88973667827e-17
10076.4195425 3.6551073228e-17
10079.6617982 3.54290923113e-17
10082.9040538 3.89274218255e-17
10086.1463095 2.46652821184e-17
10089.3885652 3.47193677564e-17
10092.6308209 3.35782504345e-17
10095.8730766 2.82918939311e-17
10099.1153323 3.58368440816e-17
10102.357588 2.91968098121e-17
10105.5998437 3.04085435342e-17
10108.8420993 2.80235193847e-17
10112.084355 3.50687357669e-17
10115.3266107 3.50558785683e-17
10118.5688664 3.75626098255e-17
10121.8111221 3.76238466644e-17
10125.0533778 2.93614458264e-17
10128.2956335 3.10917734912e-17
10131.5378892 1.91966649493e-17
10134.7801448 1.94305424987e-17
10138.0224005 3.27137193801e-17
10141.2646562 2.93720730908e-17
10144.5069119 4.51710705759e-17
10147.7491676 3.56805926633e-17
10150.9914233 3.23290928048e-17
10154.233679 4.90322233536e-17
10157.4759347 4.41980417849e-17
10160.7181903 2.97838827672e-17
10163.960446 3.31057089505e-17
10167.2027017 5.07736155635e-17
10170.4449574 3.61465168898e-17
10173.6872131 4.15363604787e-17
10176.9294688 2.57710749603e-17
10180.1717245 3.01990893815e-17
10183.4139802 2.44792830946e-17
10186.6562358 4.49503003276e-17
10189.8984915 2.61975399281e-17
10193.1407472 2.97562883886e-17
10196.3830029 3.66880374681e-17
10199.6252586 3.49318919055e-17
10202.8675143 2.89879592741e-17
10206.10977 3.00417811759e-17
10209.3520257 4.13156982712e-17
10212.5942813 4.93380239562e-17
10215.836537 2.27511504715e-17
10219.0787927 2.9692249497e-17
10222.3210484 3.99643612713e-17
10225.5633041 3.22908248157e-17
10228.8055598 3.79329920018e-17
10232.0478155 2.2139526963e-17
10235.2900712 3.41795042837e-17
10238.5323268 4.14868069262e-17
10241.7745825 3.41147879956e-17
10245.0168382 2.99527204726e-17
10248.2590939 3.0010707822e-17
10251.5013496 3.09823336398e-17
10254.7436053 3.59854325613e-17
10257.985861 4.09877152927e-17
10261.2281167 2.77799707713e-17
10264.4703724 2.78189206715e-17
