3656.23193359  6.653393E-18
3661.75017404181  3.539618E-17
3667.26841449362  2.476497E-17
3672.78665494543  -2.562544E-18
3678.30489539724  -9.913784E-18
3683.82313584905  9.744281E-18
3689.34137630086  -1.349624E-17
3694.85961675267  1.269874E-18
3700.37785720448  2.665763E-18
3705.89609765629  -1.439602E-17
3711.4143381081  2.475375E-17
3716.93257855991  9.989364E-18
3722.45081901172  6.033362E-18
3727.96905946353  -6.493142E-18
3733.48729991534  -7.801341E-18
3739.00554036715  -1.716316E-18
3744.52378081896  -4.935449E-18
3750.04202127077  5.845482E-18
3755.56026172258  2.967902E-17
3761.07850217439  1.489111E-17
3766.5967426262  3.796382E-18
3772.11498307801  -1.055041E-17
3777.63322352982  -5.174297E-18
3783.15146398163  -2.775116E-18
3788.66970443344  2.616595E-18
3794.18794488525  1.562833E-17
3799.70618533706  3.578695E-17
3805.22442578887  1.786922E-17
3810.74266624068  1.288110E-18
3816.26090669249  1.766319E-17
3821.7791471443  2.687130E-17
3827.29738759611  1.070339E-17
3832.81562804792  6.396935E-18
3838.33386849973  4.214988E-17
3843.85210895154  -1.656368E-17
3849.37034940335  1.900391E-17
3854.88858985516  -3.447897E-19
3860.40683030697  8.589649E-18
3865.92507075878  1.297218E-17
3871.44331121059  1.200125E-17
3876.9615516624  8.307483E-18
3882.47979211421  2.044800E-17
3887.99803256602  3.576014E-17
3893.51627301783  -7.797507E-18
3899.03451346964  1.493551E-17
3904.55275392145  7.097606E-18
3910.07099437326  6.447676E-19
3915.58923482507  1.911879E-17
3921.10747527688  2.005992E-17
3926.62571572869  1.319415E-17
3932.1439561805  1.545695E-18
3937.66219663231  1.178405E-17
3943.18043708412  2.212744E-17
3948.69867753593  1.371857E-17
3954.21691798774  8.436346E-18
3959.73515843955  7.685206E-18
3965.25339889136  1.474545E-17
3970.77163934317  1.795409E-17
3976.28987979498  4.718599E-18
3981.80812024679  1.339021E-17
3987.3263606986  1.309975E-17
3992.84460115041  1.209697E-17
3998.36284160222  1.119721E-17
4003.88108205403  4.075686E-18
4009.39932250584  2.329693E-17
4014.91756295765  7.617998E-18
4020.43580340946  6.631138E-18
4025.95404386127  -1.117065E-18
4031.47228431308  3.171488E-17
4036.99052476489  2.801206E-17
4042.5087652167  1.275405E-17
4048.02700566851  1.969835E-17
4053.54524612032  3.330268E-17
4059.06348657213  2.935660E-17
4064.58172702394  3.091391E-17
4070.09996747575  3.321699E-17
4075.61820792756  2.194174E-17
4081.13644837937  2.944169E-17
4086.65468883118  4.410383E-17
4092.17292928299  3.311495E-17
4097.6911697348  1.264580E-17
4103.20941018661  1.962760E-17
4108.72765063842  2.564408E-17
4114.24589109023  2.468328E-17
4119.76413154204  3.153122E-17
4125.28237199385  2.524472E-17
4130.80061244566  2.382566E-17
4136.31885289747  2.695394E-17
4141.83709334928  2.443854E-17
4147.35533380109  2.941615E-17
4152.8735742529  3.235994E-17
4158.39181470471  2.444161E-17
4163.91005515652  9.978401E-18
4169.42829560833  2.676969E-17
4174.94653606014  2.681030E-17
4180.46477651195  1.531102E-17
4185.98301696376  1.331469E-17
4191.50125741557  7.910815E-18
4197.01949786738  1.619088E-17
4202.53773831919  3.989143E-18
4208.055978771  1.122633E-17
4213.57421922281  4.050461E-17
4219.09245967462  1.820189E-17
4224.61070012643  1.593106E-17
4230.12894057824  1.054691E-17
4235.64718103005  3.159945E-17
4241.16542148186  1.358525E-17
4246.68366193367  1.901784E-17
4252.20190238548  3.396006E-18
4257.72014283729  7.226359E-18
4263.2383832891  1.936499E-17
4268.75662374091  2.158497E-17
4274.27486419272  2.452377E-17
4279.79310464453  2.606021E-17
4285.31134509634  1.741088E-17
4290.82958554815  1.551241E-17
4296.34782599996  2.777468E-17
4301.86606645177  1.221138E-17
4307.38430690358  3.062545E-17
4312.90254735539  1.408550E-17
4318.4207878072  7.779951E-18
4323.93902825901  1.755460E-17
4329.45726871082  2.659512E-17
4334.97550916263  1.430323E-17
4340.49374961444  1.741591E-17
4346.01199006625  1.343516E-17
4351.53023051806  2.296278E-17
4357.04847096987  1.714049E-17
4362.56671142168  1.189271E-17
4368.08495187349  2.307848E-17
4373.6031923253  2.287455E-17
4379.12143277711  2.293516E-18
4384.63967322892  4.669729E-17
4390.15791368073  1.590167E-17
4395.67615413254  2.463187E-18
4401.19439458435  1.975151E-17
4406.71263503616  -5.365303E-18
4412.23087548797  1.279258E-17
4417.74911593978  2.398914E-17
4423.26735639159  1.710479E-17
4428.7855968434  2.841956E-17
4434.30383729521  1.086948E-17
4439.82207774702  3.164023E-17
4445.34031819883  3.183959E-17
4450.85855865064  2.231337E-17
4456.37679910245  8.392855E-18
4461.89503955426  1.341743E-17
4467.41328000607  2.338130E-17
4472.93152045788  1.992394E-17
4478.44976090969  1.236051E-17
4483.9680013615  7.849895E-18
4489.48624181331  1.584126E-17
4495.00448226512  1.614980E-17
4500.52272271693  6.683689E-18
4506.04096316874  1.799498E-17
4511.55920362055  4.924781E-18
4517.07744407236  2.484550E-17
4522.59568452417  1.892906E-17
4528.11392497598  2.059128E-17
4533.63216542779  2.976328E-17
4539.1504058796  1.477015E-17
4544.66864633141  1.978924E-17
4550.18688678322  1.291887E-17
4555.70512723503  2.639920E-17
4561.22336768684  2.015098E-17
4566.74160813865  1.344227E-17
4572.25984859046  2.192686E-17
4577.77808904227  2.117229E-17
4583.29632949408  3.745928E-17
4588.81456994589  3.138320E-17
4594.3328103977  3.621827E-17
4599.85105084951  2.479445E-17
4605.36929130132  2.124224E-17
4610.88753175313  3.988355E-17
4616.40577220494  1.858700E-17
4621.92401265675  3.860548E-17
4627.44225310856  3.859234E-17
4632.96049356037  2.516670E-17
4638.47873401218  2.605604E-17
4643.99697446399  2.535349E-17
4649.5152149158  2.682375E-17
4655.03345536761  2.731442E-17
4660.55169581942  3.052845E-17
4666.06993627123  4.169215E-17
4671.58817672304  3.956447E-17
4677.10641717485  3.124057E-17
4682.62465762666  4.133182E-17
4688.14289807847  4.271833E-17
4693.66113853028  5.461843E-17
4699.17937898209  4.819449E-17
4704.6976194339  4.120075E-17
4710.21585988571  3.277975E-17
4715.73410033752  3.867765E-17
4721.25234078933  4.450615E-17
4726.77058124114  4.312049E-17
4732.28882169295  3.180211E-17
4737.80706214476  2.173822E-17
4743.32530259657  3.490520E-17
4748.84354304839  4.245582E-17
4754.36178350019  3.412308E-17
4759.880023952  4.523584E-17
4765.39826440381  2.205179E-17
4770.91650485562  4.548434E-17
4776.43474530743  3.590275E-17
4781.95298575924  1.961545E-17
4787.47122621105  2.993276E-17
4792.98946666286  3.152373E-17
4798.50770711467  3.009981E-17
4804.02594756648  3.005692E-17
4809.5441880183  3.402353E-17
4815.0624284701  4.014160E-17
4820.58066892192  3.601845E-17
4826.09890937373  3.709275E-17
4831.61714982553  2.992756E-17
4837.13539027734  2.320416E-17
4842.65363072915  3.448502E-17
4848.17187118096  3.754904E-17
4853.69011163277  3.586078E-17
4859.20835208458  2.617054E-17
4864.72659253639  7.222802E-18
4870.2448329882  3.167877E-17
4875.76307344001  2.566910E-17
4881.28131389182  1.529109E-17
4886.79955434363  3.044786E-17
4892.31779479544  2.978491E-17
4897.83603524725  3.960331E-17
4903.35427569906  1.306376E-17
4908.87251615087  2.719933E-17
4914.39075660268  3.533410E-17
4919.90899705449  4.675672E-17
4925.4272375063  3.127990E-17
4930.94547795811  3.114971E-17
4936.46371840992  2.995310E-17
4941.98195886173  4.732716E-17
4947.50019931354  4.038377E-17
4953.01843976535  3.125319E-17
4958.53668021717  3.385529E-17
4964.05492066897  2.864776E-17
4969.57316112079  3.698949E-17
4975.09140157259  3.674170E-17
4980.6096420244  3.200123E-17
4986.12788247621  2.239906E-17
4991.64612292802  3.366758E-17
4997.16436337983  3.245528E-17
5002.68260383164  1.859736E-17
5008.20084428346  2.594569E-17
5013.71908473526  2.043771E-17
5019.23732518707  2.213514E-17
5024.75556563888  3.178813E-17
5030.27380609069  2.163893E-17
5035.79204654251  2.826855E-17
5041.31028699431  3.231738E-17
5046.82852744612  2.514185E-17
5052.34676789794  2.692553E-17
5057.86500834974  5.229462E-17
5063.38324880155  4.374778E-17
5068.90148925337  2.879209E-17
5074.41972970517  2.935624E-17
5079.93797015699  3.117971E-17
5085.45621060879  2.963516E-17
5090.97445106061  2.558819E-17
5096.49269151242  2.158678E-17
5102.01093196423  3.272426E-17
5107.52917241604  1.544570E-17
5113.04741286785  3.555153E-17
5118.56565331965  2.014526E-17
5124.08389377147  2.473700E-17
5129.60213422327  1.737791E-17
5135.12037467508  3.088023E-17
5140.63861512689  2.974741E-17
5146.1568555787  2.489085E-17
5151.67509603052  2.283511E-17
5157.19333648232  2.321574E-17
5162.71157693413  2.798020E-17
5168.22981738594  2.211747E-17
5173.74805783775  1.150014E-17
5179.26629828957  2.978045E-17
5184.78453874138  2.286354E-17
5190.30277919318  2.168075E-17
5195.82101964499  2.668483E-17
5201.3392600968  3.642548E-17
5206.85750054862  3.301578E-17
5212.37574100043  2.812847E-17
5217.89398145223  3.092986E-17
5223.41222190405  2.884387E-17
5228.93046235585  3.034595E-17
5234.44870280767  3.478329E-17
5239.96694325948  1.976445E-17
5245.48518371129  2.471381E-17
5251.0034241631  3.000837E-17
5256.5216646149  2.894233E-17
5262.03990506672  3.654014E-17
5267.55814551853  2.787146E-17
5273.07638597033  3.250417E-17
5278.59462642214  3.535184E-17
5284.11286687395  4.388008E-17
5289.63110732577  3.903365E-17
5295.14934777758  3.621480E-17
5300.66758822939  3.200108E-17
5306.1858286812  4.156809E-17
5311.70406913301  2.647974E-17
5317.22230958482  2.996767E-17
5322.74055003663  3.790965E-17
5328.25879048844  3.746334E-17
5333.77703094024  3.312329E-17
5339.29527139206  3.225977E-17
5344.81351184387  3.480521E-17
5350.33175229568  2.467324E-17
5355.84999274749  4.237420E-17
5361.3682331993  4.111699E-17
5366.88647365111  3.398334E-17
5372.40471410292  4.758619E-17
5377.92295455473  4.285839E-17
5383.44119500654  6.434688E-17
5388.95943545834  5.037167E-17
5394.47767591016  3.830823E-17
5399.99591636196  5.439910E-17
5405.51415681378  4.172377E-17
5411.03239726559  3.717771E-17
5416.55063771739  3.403166E-17
5422.0688781692  5.956770E-17
5427.58711862102  4.865193E-17
5433.10535907282  3.173775E-17
5438.62359952464  3.918994E-17
5444.14183997644  4.531662E-17
5449.66008042826  4.784022E-17
5455.17832088006  4.588050E-17
5460.69656133188  5.097477E-17
5466.21480178369  4.675472E-17
5471.7330422355  3.621449E-17
5477.2512826873  3.053702E-17
5482.76952313912  3.311842E-17
5488.28776359092  3.124515E-17
5493.80600404274  1.991742E-17
5499.32424449454  3.970059E-17
5504.84248494636  4.085151E-17
5510.36072539817  5.337724E-17
5515.87896584997  4.221316E-17
5521.39720630178  4.296585E-17
5526.9154467536  3.808600E-17
5532.43368720541  5.141618E-17
5537.95192765721  4.359683E-17
5543.47016810902  3.571402E-17
5548.98840856083  5.221731E-17
5554.50664901265  4.848568E-17
5560.02488946446  3.805212E-17
5565.54312991627  4.464916E-17
5571.06137036808  5.326035E-17
5576.57961081988  2.547239E-17
5582.0978512717  5.278713E-17
5587.61609172351  4.420810E-17
5593.13433217532  4.813596E-17
5598.65257262713  4.912350E-17
5604.17081307894  3.985802E-17
5609.68905353074  5.042101E-17
5615.20729398256  3.764375E-17
5620.72553443437  3.747807E-17
5626.24377488618  4.441241E-17
5631.76201533799  4.397578E-17
5637.28025578979  4.855733E-17
5642.79849624161  5.289836E-17
5648.31673669342  4.128771E-17
5653.83497714523  4.095449E-17
5659.35321759704  4.654265E-17
5664.87145804885  4.424174E-17
5670.38969850066  4.511093E-17
5675.90793895247  4.626808E-17
5681.42617940427  4.144456E-17
5686.94441985608  4.477742E-17
5692.46266030789  5.084958E-17
5697.98090075971  4.979076E-17
5703.49914121152  3.640538E-17
5709.01738166333  4.935316E-17
5714.53562211513  4.523687E-17
5720.05386256694  3.868459E-17
5725.57210301876  4.484611E-17
5731.09034347057  3.751692E-17
5736.60858392238  4.955925E-17
5742.12682437419  4.732842E-17
5747.645064826  4.500581E-17
5753.16330527781  4.402756E-17
5758.68154572962  4.830239E-17
5764.19978618143  4.883030E-17
5769.71802663324  3.541242E-17
5775.23626708504  4.957681E-17
5780.75450753686  4.675685E-17
5786.27274798867  3.172080E-17
5791.79098844048  3.055038E-17
5797.30922889229  3.641817E-17
5802.8274693441  3.525324E-17
5808.34570979591  3.135524E-17
5813.86395024772  2.422610E-17
5819.38219069953  2.898565E-17
5824.90043115134  2.411757E-17
5830.41867160315  3.076097E-17
5835.93691205495  3.514006E-17
5841.45515250677  3.208125E-17
5846.97339295857  4.545969E-17
5852.49163341039  3.199538E-17
5858.0098738622  2.215813E-17
5863.52811431401  2.582161E-17
5869.04635476582  3.835737E-17
5874.56459521763  4.452051E-17
5880.08283566943  2.900429E-17
5885.60107612125  2.415507E-17
5891.11931657306  3.272635E-17
5896.63755702487  3.268533E-17
5902.15579747668  5.191386E-17
5907.67403792849  5.070823E-17
5913.1922783803  4.269031E-17
5918.71051883211  4.361722E-17
5924.22875928392  3.800883E-17
5929.74699973573  4.229818E-17
5935.26524018754  5.226912E-17
5940.78348063935  5.009663E-17
5946.30172109116  4.061415E-17
5951.81996154297  4.750312E-17
5957.33820199478  4.610725E-17
5962.85644244659  4.604184E-17
5968.3746828984  6.040976E-17
5973.89292335021  5.827010E-17
5979.41116380201  4.505661E-17
5984.92940425383  3.544772E-17
5990.44764470563  4.277068E-17
5995.96588515745  4.667342E-17
6001.48412560926  5.685503E-17
6007.00236606107  5.073082E-17
6012.52060651288  4.588534E-17
6018.03884696469  5.639492E-17
6023.5570874165  4.687600E-17
6029.07532786831  4.770993E-17
6034.59356832011  4.405645E-17
6040.11180877193  5.565693E-17
6045.63004922374  4.289682E-17
6051.14828967555  5.138879E-17
6056.66653012736  4.412386E-17
6062.18477057917  2.777690E-17
6067.70301103098  5.785531E-17
6073.22125148279  4.336543E-17
6078.7394919346  2.994040E-17
6084.25773238641  4.991437E-17
6089.77597283822  5.060180E-17
6095.29421329003  4.119907E-17
6100.81245374184  4.609691E-17
6106.33069419365  4.025156E-17
6111.84893464546  4.768540E-17
6117.36717509727  4.434480E-17
6122.88541554908  4.063100E-17
6128.40365600089  5.018152E-17
6133.9218964527  4.889095E-17
6139.44013690451  3.173595E-17
6144.95837735632  4.322262E-17
6150.47661780813  3.176609E-17
6155.99485825994  3.680716E-17
6161.51309871175  4.582710E-17
6167.03133916356  5.201599E-17
6172.54957961537  3.376355E-17
6178.06782006718  3.330071E-17
6183.58606051899  2.504064E-17
6189.1043009708  2.109352E-17
6194.62254142261  4.119888E-17
6200.14078187442  4.305087E-17
6205.65902232623  3.249310E-17
6211.17726277804  3.545830E-17
6216.69550322985  4.220346E-17
6222.21374368166  3.659705E-17
6227.73198413347  4.918184E-17
6233.25022458528  4.446266E-17
6238.76846503709  4.193501E-17
6244.2867054889  5.491484E-17
6249.80494594071  4.558169E-17
6255.32318639252  4.540836E-17
6260.84142684433  5.471715E-17
6266.35966729614  4.998841E-17
6271.87790774795  4.702331E-17
6277.39614819976  3.710208E-17
6282.91438865157  4.118200E-17
6288.43262910338  3.917264E-17
6293.95086955519  3.934273E-17
6299.469110007  4.172017E-17
6304.98735045881  4.294781E-17
6310.50559091062  4.631185E-17
6316.02383136243  3.802231E-17
6321.54207181424  3.979697E-17
6327.06031226605  3.937551E-17
6332.57855271786  4.737535E-17
6338.09679316967  3.405353E-17
6343.61503362148  5.265775E-17
6349.13327407329  5.214675E-17
6354.6515145251  4.828078E-17
6360.16975497691  3.304833E-17
6365.68799542872  4.360844E-17
6371.20623588053  3.616137E-17
6376.72447633234  4.347059E-17
6382.24271678415  4.529525E-17
6387.76095723596  3.309189E-17
6393.27919768777  3.833845E-17
6398.79743813958  3.239172E-17
6404.31567859139  5.064767E-17
6409.8339190432  3.371526E-17
6415.35215949501  4.063169E-17
6420.87039994682  4.210336E-17
6426.38864039863  4.361351E-17
6431.90688085044  4.528869E-17
6437.42512130225  4.505050E-17
6442.94336175406  4.773200E-17
6448.46160220587  4.749200E-17
6453.97984265768  4.252759E-17
6459.49808310949  4.461964E-17
6465.0163235613  4.974058E-17
6470.53456401311  4.453910E-17
6476.05280446492  5.197070E-17
6481.57104491673  4.639033E-17
6487.08928536854  3.640870E-17
6492.60752582035  4.281336E-17
6498.12576627216  5.067981E-17
6503.64400672397  4.076076E-17
6509.16224717578  3.483375E-17
6514.68048762759  4.457295E-17
6520.1987280794  4.960906E-17
6525.7169685312  4.829608E-17
6531.23520898302  5.014390E-17
6536.75344943482  4.733849E-17
6542.27168988664  3.025707E-17
6547.78993033845  3.358544E-17
6553.30817079026  3.005669E-17
6558.82641124207  4.345187E-17
6564.34465169388  2.750643E-17
6569.86289214569  4.100274E-17
6575.3811325975  4.308136E-17
6580.89937304931  4.213279E-17
6586.41761350112  4.086199E-17
6591.93585395293  5.293206E-17
6597.45409440474  4.320033E-17
6602.97233485655  3.953669E-17
6608.49057530836  5.432487E-17
6614.00881576017  4.776872E-17
6619.52705621198  4.478344E-17
6625.04529666379  5.368435E-17
6630.5635371156  5.444484E-17
6636.08177756741  4.512241E-17
6641.60001801922  5.071286E-17
6647.11825847103  5.719216E-17
6652.63649892284  3.983581E-17
6658.15473937465  5.385151E-17
6663.67297982646  6.396265E-17
6669.19122027827  6.468808E-17
6674.70946073008  4.632522E-17
6680.22770118189  4.278713E-17
6685.7459416337  5.842457E-17
6691.26418208551  5.567091E-17
6696.78242253732  5.128116E-17
6702.30066298913  4.757005E-17
6707.81890344094  4.830074E-17
6713.33714389275  3.426704E-17
6718.85538434456  4.306152E-17
6724.37362479637  4.951179E-17
6729.89186524818  5.261933E-17
6735.41010569999  4.035261E-17
6740.9283461518  4.596294E-17
6746.44658660361  5.304691E-17
6751.96482705542  4.976896E-17
6757.48306750723  4.405447E-17
6763.00130795904  4.663671E-17
6768.51954841085  3.817465E-17
6774.03778886266  5.205112E-17
6779.55602931447  3.017692E-17
6785.07426976628  4.508667E-17
6790.59251021809  3.110572E-17
6796.1107506699  3.890245E-17
6801.62899112171  2.855299E-17
6807.14723157352  3.528252E-17
6812.66547202533  5.341248E-17
6818.18371247714  4.053551E-17
6823.70195292895  3.980446E-17
6829.22019338076  4.654207E-17
6834.73843383257  5.635485E-17
6840.25667428438  4.470476E-17
6845.77491473619  4.022122E-17
6851.293155188  4.542286E-17
6856.81139563981  3.844143E-17
6862.32963609162  3.738247E-17
6867.84787654343  4.805429E-17
6873.36611699524  4.928330E-17
6878.88435744705  4.498599E-17
6884.40259789886  6.138956E-17
6889.92083835067  5.082202E-17
6895.43907880248  3.559326E-17
6900.95731925429  3.403982E-17
6906.4755597061  4.212294E-17
6911.99380015791  4.251489E-17
6917.51204060972  3.663740E-17
6923.03028106153  4.467785E-17
6928.54852151334  4.105490E-17
6934.06676196515  3.267798E-17
6939.58500241696  4.947152E-17
6945.10324286877  4.339095E-17
6950.62148332058  2.773533E-17
6956.13972377239  5.756478E-17
6961.6579642242  4.266469E-17
6967.17620467601  2.366802E-17
6972.69444512782  3.163673E-17
6978.21268557963  2.634828E-17
6983.73092603144  4.293856E-17
6989.24916648325  5.032047E-17
6994.76740693506  3.171514E-17
7000.28564738687  3.919777E-17
7005.80388783868  3.547940E-17
7011.32212829049  3.120096E-17
7016.8403687423  3.104273E-17
7022.35860919411  3.442752E-17
7027.87684964592  3.869769E-17
7033.39509009773  3.866582E-17
7038.91333054954  4.980320E-17
7044.43157100135  4.406557E-17
7049.94981145316  3.296206E-17
7055.46805190497  4.355396E-17
7060.98629235678  3.725028E-17
7066.50453280859  4.238137E-17
7072.0227732604  9.963515E-18
7077.54101371221  4.318076E-17
7083.05925416402  3.247050E-17
7088.57749461583  4.175818E-17
7094.09573506764  4.205687E-17
7099.61397551945  4.148169E-17
7105.13221597126  3.677672E-17
7110.65045642307  4.279201E-17
7116.16869687488  3.326317E-17
7121.68693732669  4.688899E-17
7127.2051777785  4.700729E-17
7132.72341823031  3.669271E-17
7138.24165868212  4.531552E-17
7143.75989913393  4.840321E-17
7149.27813958574  3.002172E-17
7154.79638003755  2.663162E-17
7160.31462048936  4.114854E-17
7165.83286094117  4.726734E-17
7171.35110139298  3.363401E-17
7176.86934184479  4.254373E-17
7182.3875822966  4.099480E-17
7187.90582274841  3.242332E-17
7193.42406320022  5.171486E-17
7198.94230365203  5.151290E-17
7204.46054410384  3.547885E-17
7209.97878455565  3.304017E-17
7215.49702500746  4.867613E-17
7221.01526545927  5.369546E-17
7226.53350591108  4.865010E-17
7232.05174636289  4.140384E-17
7237.5699868147  3.816890E-17
7243.08822726651  3.260776E-17
7248.60646771832  5.624480E-17
7254.12470817013  3.976458E-17
7259.64294862194  4.768111E-17
7265.16118907375  4.078438E-17
7270.67942952556  4.230627E-17
7276.19766997737  4.796350E-17
7281.71591042918  5.540263E-17
7287.23415088099  4.502139E-17
7292.7523913328  3.524167E-17
7298.27063178461  4.377408E-17
7303.78887223642  3.639003E-17
7309.30711268823  4.539550E-17
7314.82535314004  3.019484E-17
7320.34359359185  3.201499E-17
7325.86183404366  3.586020E-17
7331.38007449547  4.163390E-17
7336.89831494728  4.631554E-17
7342.41655539909  3.524244E-17
7347.9347958509  3.281701E-17
7353.45303630271  2.510820E-17
7358.97127675452  3.794469E-17
7364.48951720633  5.128532E-17
7370.00775765814  4.419428E-17
7375.52599810995  3.636137E-17
7381.04423856176  2.949081E-17
7386.56247901357  4.776122E-17
7392.08071946538  5.481611E-17
7397.59895991719  4.935694E-17
7403.117200369  5.126056E-17
7408.63544082081  4.546117E-17
7414.15368127262  4.043608E-17
7419.67192172443  4.846243E-17
7425.19016217624  4.719969E-17
7430.70840262805  3.326713E-17
7436.22664307986  2.632034E-17
7441.74488353167  3.874766E-17
7447.26312398348  4.390894E-17
7452.78136443529  5.353465E-17
7458.2996048871  4.309212E-17
7463.81784533891  3.265020E-17
7469.33608579072  2.578020E-17
7474.85432624253  3.835974E-17
7480.37256669434  4.723886E-17
7485.89080714615  4.421973E-17
7491.40904759796  4.390401E-17
7496.92728804977  4.131911E-17
7502.44552850158  2.080032E-17
7507.96376895339  2.012829E-17
7513.4820094052  3.735722E-17
7519.00024985701  4.702478E-17
7524.51849030882  6.073180E-17
7530.03673076063  2.976788E-17
7535.55497121244  3.033670E-17
7541.07321166425  3.934650E-17
7546.59145211606  6.405419E-17
7552.10969256787  7.306114E-17
7557.62793301968  4.912039E-17
7563.14617347149  3.189363E-17
7568.6644139233  3.204067E-17
7574.18265437511  2.868046E-17
7579.70089482692  4.753411E-17
7585.21913527873  6.667077E-17
7590.73737573054  7.278485E-17
7596.25561618235  7.629125E-17
7601.77385663416  2.722874E-17
7607.29209708597  2.119308E-17
7612.81033753778  1.985130E-17
7618.32857798959  4.280114E-17
7623.8468184414  4.128528E-17
7629.36505889321  1.288560E-17
7634.88329934502  2.272730E-17
7640.40153979683  4.806943E-18
7645.91978024864  1.272445E-17
7651.43802070045  4.909833E-17
7656.95626115226  4.397074E-17
7662.47450160407  2.183261E-17
7667.99274205588  1.850779E-17
7673.51098250769  1.678944E-17
7679.0292229595  1.638245E-17
7684.54746341131  2.925720E-17
7690.06570386312  1.985484E-17
7695.58394431493  2.307060E-17
7701.10218476674  3.651349E-18
7706.62042521855  3.396929E-18
7712.13866567036  2.039001E-17
7717.65690612217  1.897365E-17
7723.17514657398  4.552169E-17
7728.69338702579  2.815863E-17
7734.2116274776  1.234413E-17
7739.72986792941  1.619893E-17
7745.24810838122  1.158471E-17
7750.76634883303  4.218932E-17
7756.28458928484  4.996495E-17
7761.80282973665  4.262473E-17
7767.32107018846  3.930578E-17
7772.83931064027  1.396546E-17
7778.35755109208  2.594829E-17
7783.87579154389  4.257618E-17
7789.3940319957  6.148463E-17
7794.91227244751  5.624939E-17
7800.43051289932  4.213867E-17
7805.94875335113  2.241765E-17
7811.46699380294  5.595098E-18
7816.98523425475  4.181398E-17
7822.50347470656  3.893001E-17
7828.02171515837  4.985771E-17
7833.53995561018  4.338618E-17
7839.05819606199  3.895525E-17
7844.5764365138  3.266121E-17
7850.09467696561  4.345521E-17
7855.61291741742  4.130074E-17
7861.13115786923  3.839521E-17
7866.64939832104  5.423815E-17
7872.16763877285  4.216325E-17
7877.68587922466  3.741646E-17
7883.20411967647  3.228890E-17
7888.72236012828  2.615363E-17
7894.24060058009  5.501473E-17
7899.7588410319  5.909867E-17
7905.27708148371  4.479509E-17
7910.79532193552  5.524425E-17
7916.31356238733  5.102915E-17
7921.83180283914  3.546907E-17
7927.35004329095  4.580420E-17
7932.86828374276  6.242689E-17
7938.38652419457  4.624041E-17
7943.90476464638  4.655409E-17
7949.42300509819  2.887068E-17
7954.94124555  5.608661E-17
7960.45948600181  5.090562E-17
7965.97772645362  5.104596E-17
7971.49596690543  6.979064E-17
7977.01420735724  4.111522E-17
7982.53244780905  4.179892E-17
7988.05068826086  2.794518E-17
7993.56892871267  3.028154E-17
7999.08716916448  3.601416E-17
8004.60540961629  4.854275E-17
8010.1236500681  4.250030E-17
8015.64189051991  4.122410E-17
8021.16013097172  2.687940E-17
8026.67837142353  3.377352E-17
8032.19661187534  5.000980E-17
8037.71485232715  6.138390E-17
8043.23309277896  6.583568E-17
8048.75133323077  5.046133E-17
8054.26957368258  4.169857E-17
8059.78781413439  2.389020E-17
8065.3060545862  3.877812E-17
8070.82429503801  6.588959E-17
8076.34253548982  6.604229E-17
8081.86077594163  5.430029E-17
8087.37901639344  3.751879E-17
8092.89725684525  3.639985E-17
8098.41549729706  3.362673E-18
8103.93373774887  1.046542E-17
8109.45197820068  4.387946E-17
8114.97021865249  4.115905E-17
8120.4884591043  2.392211E-17
8126.00669955611  1.509097E-17
8131.52494000792  1.784901E-17
8137.04318045973  2.793595E-17
8142.56142091154  4.461603E-17
8148.07966136335  3.169236E-17
8153.59790181516  6.003322E-17
8159.11614226697  2.966570E-17
8164.63438271878  3.245964E-18
8170.15262317059  3.049723E-17
8175.6708636224  2.077743E-17
8181.18910407421  2.720652E-17
8186.70734452602  3.063201E-17
8192.22558497783  1.650500E-17
8197.74382542964  1.829626E-17
8203.26206588145  5.427687E-18
8208.78030633326  4.654195E-19
8214.29854678507  -4.601032E-18
8219.81678723688  1.698973E-17
8225.33502768869  2.961058E-17
8230.8532681405  3.706513E-17
8236.37150859231  -9.023428E-18
8241.88974904412  6.277586E-18
8247.40798949593  2.089193E-18
8252.92622994774  9.213952E-18
8258.44447039955  4.885432E-17
8263.96271085136  1.152472E-17
8269.48095130317  2.670632E-17
8274.99919175498  9.298599E-18
8280.51743220679  -8.908225E-18
8286.0356726586  1.607912E-17
8291.55391311041  6.941845E-17
8297.07215356222  2.465069E-17
8302.59039401403  -6.524635E-18
8308.10863446584  8.845548E-18
8313.62687491765  3.096148E-18
8319.14511536946  5.188980E-18
8324.66335582127  9.490392E-18
8330.18159627308  -4.511448E-18
8335.69983672489  2.362935E-18
8341.2180771767  1.457502E-18
8346.73631762851  -7.360992E-18
8352.25455808032  -2.365162E-17
8357.77279853213  -1.770451E-18
8363.29103898394  3.824517E-17
8368.80927943575  2.265374E-17
8374.32751988756  1.213367E-17
8379.84576033937  1.781084E-17
8385.36400079118  3.490636E-18
8390.88224124299  5.961819E-18
8396.4004816948  3.310575E-17
8401.91872214661  -9.180351E-18
8407.43696259842  1.405520E-17
8412.95520305023  3.883756E-17
8418.47344350204  3.103509E-17
8423.99168395385  -2.061791E-17
8429.50992440566  3.383379E-17
8435.02816485747  -7.548249E-18
8440.54640530928  2.365755E-17
8446.06464576109  4.992941E-17
8451.5828862129  3.181335E-17
8457.10112666471  -3.277354E-18
8462.61936711652  -1.209571E-17
8468.13760756833  1.305147E-17
8473.65584802014  8.705856E-18
8479.17408847195  3.481755E-18
8484.69232892376  1.312545E-17
8490.21056937557  9.070788E-18
8495.72880982738  1.185326E-17
8501.24705027919  1.535716E-17
8506.765290731  1.607165E-17
8512.28353118281  -3.638567E-19
8517.80177163462  3.874115E-18
8523.32001208643  2.432892E-17
8528.83825253824  1.872534E-17
8534.35649299005  1.015670E-17
8539.87473344186  1.185198E-17
8545.39297389367  -3.066046E-17
8550.91121434548  3.055331E-17
8556.42945479729  5.263939E-17
8561.9476952491  2.736857E-17
8567.46593570091  3.162594E-17
8572.98417615272  3.498639E-17
8578.50241660453  1.143249E-17
8584.02065705634  2.324084E-17
8589.53889750815  4.812778E-17
8595.05713795996  3.610979E-17
8600.57537841177  2.171678E-17
8606.09361886358  2.911152E-17
8611.61185931539  4.315978E-17
8617.1300997672  3.374574E-17
8622.64834021901  4.209478E-17
8628.16658067082  4.179801E-17
8633.68482112263  4.716804E-17
8639.20306157444  5.701047E-17
8644.72130202625  2.105849E-17
8650.23954247806  1.453443E-17
8655.75778292987  3.753208E-17
8661.27602338168  3.288876E-17
8666.79426383349  1.560063E-17
8672.3125042853  6.563339E-17
8677.83074473711  4.502279E-17
8683.34898518892  5.633414E-17
8688.86722564073  6.727185E-17
8694.38546609254  2.641907E-17
8699.90370654435  4.921181E-17
8705.42194699616  7.381741E-17
8710.94018744797  6.738508E-17
8716.45842789978  8.538075E-17
8721.97666835159  6.682985E-17
8727.4949088034  4.544323E-17
8733.01314925521  3.753471E-17
8738.53138970702  2.703281E-17
8744.04963015883  6.525197E-17
8749.56787061064  4.544943E-17
8755.08611106245  4.871104E-17
8760.60435151426  5.507802E-17
8766.12259196607  4.784373E-17
8771.64083241788  2.641943E-17
8777.15907286969  3.186439E-17
8782.6773133215  6.622630E-17
8788.19555377331  7.056107E-17
8793.71379422512  6.911638E-17
8799.23203467693  5.666602E-17
8804.75027512874  3.380105E-17
8810.26851558055  3.562278E-17
8815.78675603236  7.123623E-17
8821.30499648417  8.451264E-17
8826.82323693598  1.157098E-16
8832.34147738779  1.160234E-16
8837.8597178396  4.463787E-17
8843.37795829141  3.881559E-17
8848.89619874322  8.555773E-17
8854.41443919503  4.901009E-17
8859.93267964684  7.133050E-17
8865.45092009865  6.034833E-17
8870.96916055046  6.240163E-17
8876.48740100227  3.978158E-17
8882.00564145408  2.390342E-17
8887.52388190589  -8.420169E-18
8893.0421223577  4.620557E-17
8898.56036280951  6.701504E-17
8904.07860326132  6.551934E-17
8909.59684371313  1.616670E-18
8915.11508416494  4.947120E-18
8920.63332461675  1.204855E-17
8926.15156506856  5.219627E-17
8931.66980552037  7.184037E-17
8937.18804597218  3.227363E-17
8942.70628642399  1.743242E-17
8948.2245268758  1.380559E-17
8953.74276732761  -3.543763E-18
8959.26100777942  8.835216E-18
8964.77924823123  4.186976E-17
8970.29748868304  3.480243E-17
8975.81572913485  3.970051E-17
8981.33396958666  1.808972E-17
8986.85221003847  1.919740E-17
8992.37045049028  4.766212E-17
8997.88869094209  4.104853E-17
9003.4069313939  4.482434E-17
9008.92517184571  4.016215E-17
9014.44341229752  4.950840E-17
9019.96165274933  2.507100E-17
9025.47989320114  7.994388E-18
9030.99813365295  6.980672E-18
9036.51637410476  4.913220E-17
9042.03461455657  -7.453079E-18
9047.55285500838  1.703883E-17
9053.07109546019  6.160777E-17
9058.589335912  1.675773E-17
9064.10757636381  6.643062E-17
9069.62581681562  1.586751E-17
9075.14405726743  5.566529E-17
9080.66229771924  4.071867E-17
9086.18053817105  4.046633E-17
9091.69877862286  2.790210E-18
9097.21701907467  2.561374E-17
9102.73525952648  4.565952E-17
9108.25349997829  4.778515E-17
9113.7717404301  2.843307E-18
9119.28998088191  2.106607E-17
9124.80822133372  1.902710E-17
9130.32646178553  1.530990E-17
9135.84470223734  3.599432E-18
9141.36294268915  2.114282E-17
9146.88118314096  5.822661E-17
9152.39942359277  4.420895E-17
9157.91766404458  3.658121E-17
9163.43590449639  5.000688E-17
9168.9541449482  1.722383E-17
9174.47238540001  2.565248E-17
9179.99062585182  3.583969E-17
9185.50886630363  1.370153E-17
9191.02710675544  4.765727E-17
9196.54534720725  4.011988E-17
9202.06358765906  5.977179E-20
9207.58182811087  2.188532E-17
9213.10006856268  4.173168E-17
9218.61830901449  5.867691E-17
9224.1365494663  8.304417E-17
9229.65478991811  1.411187E-17
9235.17303036992  1.736255E-17
9240.69127082173  3.645095E-17
9246.20951127354  0.
9251.72775172535  0.
