9350.87792969001  1.651139E-16
9357.81602812064  1.534604E-16
9364.75412655127  1.469162E-16
9371.6922249819  1.732026E-16
9378.63032341253  1.796821E-16
9385.56842184316  1.400293E-16
9392.5065202738  1.295846E-16
9399.44461870442  1.486087E-16
9406.38271713505  1.740661E-16
9413.32081556569  1.295425E-16
9420.25891399632  1.240951E-16
9427.19701242694  1.327331E-16
9434.13511085758  1.540363E-16
9441.0732092882  1.503531E-16
9448.01130771883  1.421934E-16
9454.94940614946  1.512015E-16
9461.88750458009  1.362981E-16
9468.82560301073  1.254093E-16
9475.76370144135  1.329995E-16
9482.70179987198  1.106976E-16
9489.63989830262  1.426227E-16
9496.57799673324  1.186084E-16
9503.51609516387  1.171593E-16
9510.4541935945  9.957130E-17
9517.39229202513  1.167002E-16
9524.33039045576  8.691981E-17
9531.26848888639  9.718753E-17
9538.20658731702  1.088608E-16
9545.14468574766  9.663214E-17
9552.08278417829  9.776457E-17
9559.02088260891  1.041942E-16
9565.95898103955  1.129417E-16
9572.89707947017  1.076997E-16
9579.8351779008  1.385855E-16
9586.77327633144  9.926532E-17
9593.71137476206  1.026759E-16
9600.64947319269  7.663025E-17
9607.58757162332  1.174378E-16
9614.52567005395  1.057514E-16
9621.46376848459  8.907297E-17
9628.40186691521  1.068044E-16
9635.33996534584  1.344455E-16
9642.27806377647  1.028579E-16
9649.2161622071  1.008614E-16
9656.15426063773  1.161760E-16
9663.09235906837  1.084419E-16
9670.03045749899  1.331714E-16
9676.96855592962  1.079361E-16
9683.90665436026  1.069093E-16
9690.84475279088  1.063096E-16
9697.78285122152  1.123148E-16
9704.72094965215  1.229321E-16
9711.65904808277  1.086836E-16
9718.59714651341  1.091104E-16
9725.53524494403  1.007309E-16
9732.47334337466  1.121319E-16
9739.41144180529  1.148957E-16
9746.34954023592  1.046447E-16
9753.28763866655  9.645809E-17
9760.22573709718  1.226164E-16
9767.16383552781  9.715940E-17
9774.10193395844  8.042325E-17
9781.04003238907  1.042546E-16
9787.97813081971  9.113595E-17
9794.91622925034  1.182679E-16
9801.85432768097  1.221056E-16
9808.79242611159  9.492508E-17
9815.73052454223  9.623790E-17
9822.66862297285  1.236807E-16
9829.60672140348  1.215983E-16
9836.54481983411  1.070891E-16
9843.48291826474  1.043455E-16
9850.42101669538  1.220243E-16
9857.35911512601  1.010660E-16
9864.29721355663  1.070097E-16
9871.23531198726  1.175620E-16
9878.17341041789  9.848807E-17
9885.11150884852  1.045845E-16
9892.04960727915  1.040389E-16
9898.98770570978  1.150194E-16
9905.92580414041  1.150562E-16
9912.86390257104  1.128098E-16
9919.80200100167  1.246241E-16
9926.74009943231  1.080596E-16
9933.67819786294  1.269890E-16
9940.61629629357  1.026546E-16
9947.5543947242  1.255427E-16
9954.49249315483  1.150732E-16
9961.43059158545  1.280807E-16
9968.36869001608  1.078398E-16
9975.30678844671  1.060125E-16
9982.24488687734  1.103349E-16
9989.18298530797  1.158760E-16
9996.1210837386  1.159554E-16
10003.0591821692  9.212621E-17
10009.9972805999  1.080436E-16
10016.9353790305  1.183589E-16
10023.8734774611  1.112672E-16
10030.8115758918  1.174344E-16
10037.7496743224  1.206455E-16
10044.687772753  9.159865E-17
10051.6258711836  1.244481E-16
10058.5639696143  1.089612E-16
10065.5020680449  1.113290E-16
10072.4401664755  1.093883E-16
10079.3782649062  1.015292E-16
10086.3163633368  9.606762E-17
10093.2544617674  9.348619E-17
10100.1925601981  1.000393E-16
10107.1306586287  1.010196E-16
10114.0687570593  1.076101E-16
10121.0068554899  1.052716E-16
10127.9449539206  1.177044E-16
10134.8830523512  1.214962E-16
10141.8211507818  1.182266E-16
10148.7592492125  1.049438E-16
10155.6973476431  9.742752E-17
10162.6354460737  9.690728E-17
10169.5735445044  7.436778E-17
10176.511642935  1.178803E-16
10183.4497413656  9.195744E-17
10190.3878397962  1.068255E-16
10197.3259382269  1.155829E-16
10204.2640366575  9.973511E-17
10211.2021350881  1.121403E-16
10218.1402335188  1.061354E-16
10225.0783319494  1.104575E-16
10232.01643038  1.093704E-16
10238.9545288107  9.207131E-17
10245.8926272413  1.008829E-16
10252.8307256719  9.742445E-17
10259.7688241025  1.067658E-16
10266.7069225332  1.025050E-16
10273.6450209638  1.072330E-16
10280.5831193944  8.986689E-17
10287.5212178251  1.110295E-16
10294.4593162557  1.000430E-16
10301.3974146863  9.765386E-17
10308.335513117  1.027558E-16
10315.2736115476  1.179505E-16
10322.2117099782  1.080451E-16
10329.1498084088  1.136311E-16
10336.0879068395  1.236643E-16
10343.0260052701  1.128899E-16
10349.9641037007  1.081626E-16
10356.9022021314  1.136083E-16
10363.840300562  9.943858E-17
10370.7783989926  1.030907E-16
10377.7164974233  9.722450E-17
10384.6545958539  9.019714E-17
10391.5926942845  9.088242E-17
10398.5307927151  8.859492E-17
10405.4688911458  7.660975E-17
10412.4069895764  8.242992E-17
10419.345088007  7.909586E-17
10426.2831864377  7.849145E-17
10433.2212848683  7.729765E-17
10440.1593832989  7.350987E-17
10447.0974817296  6.971868E-17
10454.0355801602  6.618494E-17
10460.9736785908  8.055928E-17
10467.9117770214  7.951565E-17
10474.8498754521  6.086744E-17
10481.7879738827  5.266091E-17
10488.7260723133  6.139435E-17
10495.664170744  4.798691E-17
10502.6022691746  5.918800E-17
10509.5403676052  7.811009E-17
10516.4784660359  6.207787E-17
10523.4165644665  4.625037E-17
10530.3546628971  5.335946E-17
10537.2927613277  5.949485E-17
10544.2308597584  5.454154E-17
10551.168958189  5.358462E-17
10558.1070566196  4.800780E-17
10565.0451550503  3.756187E-17
10571.9832534809  6.226019E-17
10578.9213519115  3.916244E-17
10585.8594503422  5.067064E-17
10592.7975487728  4.562759E-17
10599.7356472034  5.650790E-17
10606.673745634  5.574641E-17
10613.6118440647  6.730608E-17
10620.5499424953  6.218695E-17
10627.4880409259  6.561166E-17
10634.4261393566  6.535813E-17
10641.3642377872  7.424246E-17
10648.3023362178  9.548354E-17
10655.2404346485  1.048259E-16
10662.1785330791  9.186985E-17
10669.1166315097  1.038341E-16
10676.0547299403  1.044268E-16
10682.992828371  1.287709E-16
10689.9309268016  1.374715E-16
10696.8690252322  1.459385E-16
10703.8071236629  1.578158E-16
10710.7452220935  1.658881E-16
10717.6833205241  1.531361E-16
10724.6214189548  1.709280E-16
10731.5595173854  1.879349E-16
10738.497615816  2.043095E-16
10745.4357142466  2.043428E-16
10752.3738126773  1.957419E-16
10759.3119111079  1.910532E-16
10766.2500095385  2.064590E-16
10773.1881079692  2.121455E-16
10780.1262063998  2.212082E-16
10787.0643048304  2.180380E-16
10794.0024032611  2.242195E-16
10800.9405016917  2.279151E-16
10807.8786001223  2.490253E-16
10814.8166985529  2.464561E-16
10821.7547969836  2.504117E-16
10828.6928954142  2.570956E-16
10835.6309938448  2.412666E-16
10842.5690922755  2.569558E-16
10849.5071907061  2.514035E-16
10856.4452891367  2.604537E-16
10863.3833875674  2.733526E-16
10870.321485998  2.670752E-16
10877.2595844286  2.584740E-16
10884.1976828592  2.678122E-16
10891.1357812899  2.479859E-16
10898.0738797205  2.470718E-16
10905.0119781511  2.460510E-16
10911.9500765818  2.402941E-16
10918.8881750124  2.542155E-16
10925.826273443  2.660002E-16
10932.7643718737  2.472592E-16
10939.7024703043  2.422347E-16
10946.6405687349  2.400865E-16
10953.5786671655  2.364000E-16
10960.5167655962  2.386236E-16
10967.4548640268  2.271622E-16
10974.3929624574  2.208103E-16
10981.3310608881  2.197008E-16
10988.2691593187  2.260226E-16
10995.2072577493  2.229832E-16
11002.14535618  2.194037E-16
11009.0834546106  2.094386E-16
11016.0215530412  2.145257E-16
11022.9596514718  2.086950E-16
11029.8977499025  2.139067E-16
11036.8358483331  1.966696E-16
11043.7739467637  1.791834E-16
11050.7120451944  1.784897E-16
11057.650143625  1.777038E-16
11064.5882420556  1.789219E-16
11071.5263404863  1.785464E-16
11078.4644389169  1.799535E-16
11085.4025373475  1.586670E-16
11092.3406357781  1.426875E-16
11099.2787342088  1.576476E-16
11106.2168326394  1.494830E-16
11113.15493107  1.436152E-16
11120.0930295007  1.385285E-16
11127.0311279313  1.308192E-16
11133.9692263619  1.230125E-16
11140.9073247926  1.243219E-16
11147.8454232232  1.240979E-16
11154.7835216538  1.558533E-16
11161.7216200844  1.448245E-16
11168.6597185151  1.220015E-16
11175.5978169457  1.186809E-16
11182.5359153763  1.256267E-16
11189.474013807  1.414803E-16
11196.4121122376  1.189670E-16
11203.3502106682  9.395564E-17
11210.2883090989  1.148959E-16
11217.2264075295  1.420475E-16
11224.1645059601  1.164965E-16
11231.1026043907  1.067498E-16
11238.0407028214  9.681881E-17
11244.978801252  1.056527E-16
11251.9168996826  1.131162E-16
11258.8549981133  1.146271E-16
11265.7930965439  9.776106E-17
11272.7311949745  8.910525E-17
11279.6692934052  1.013033E-16
11286.6073918358  1.092347E-16
11293.5454902664  1.237944E-16
11300.483588697  1.097120E-16
11307.4216871277  1.078641E-16
11314.3597855583  9.522218E-17
11321.2978839889  6.576880E-17
11328.2359824196  8.041406E-17
11335.1740808502  1.250063E-16
11342.1121792808  1.041272E-16
11349.0502777115  1.291524E-16
11355.9883761421  1.024920E-16
11362.9264745727  9.990785E-17
11369.8645730033  9.701348E-17
11376.802671434  9.368341E-17
11383.7407698646  1.018912E-16
11390.6788682952  9.829731E-17
11397.6169667259  9.090231E-17
11404.5550651565  9.308089E-17
11411.4931635871  9.516041E-17
11418.4312620178  8.350063E-17
11425.3693604484  7.625328E-17
11432.307458879  8.006553E-17
11439.2455573096  8.172883E-17
11446.1836557403  7.911936E-17
11453.1217541709  7.898699E-17
11460.0598526015  8.263096E-17
11466.9979510322  8.266633E-17
11473.9360494628  7.169501E-17
11480.8741478934  7.581589E-17
11487.8122463241  8.013616E-17
11494.7503447547  8.008297E-17
11501.6884431853  7.434926E-17
11508.6265416159  6.443505E-17
11515.5646400466  7.207779E-17
11522.5027384772  6.747079E-17
11529.4408369078  5.958388E-17
11536.3789353385  6.255182E-17
11543.3170337691  7.729781E-17
11550.2551321997  6.658717E-17
11557.1932306304  6.584518E-17
11564.131329061  7.212818E-17
11571.0694274916  7.027629E-17
11578.0075259222  6.544989E-17
11584.9456243529  7.058951E-17
11591.8837227835  6.422692E-17
11598.8218212141  6.053757E-17
11605.7599196448  6.574678E-17
11612.6980180754  6.194227E-17
11619.636116506  6.573211E-17
11626.5742149367  6.328084E-17
11633.5123133673  5.604360E-17
11640.4504117979  6.580423E-17
11647.3885102285  6.907853E-17
11654.3266086592  6.329827E-17
11661.2647070898  5.906835E-17
11668.2028055204  4.605750E-17
11675.1409039511  5.993517E-17
11682.0790023817  6.940721E-17
11689.0171008123  5.885706E-17
11695.955199243  6.223587E-17
11702.8932976736  6.003680E-17
11709.8313961042  5.835611E-17
11716.7694945348  5.952642E-17
11723.7075929655  5.679869E-17
11730.6456913961  5.548149E-17
11737.5837898267  5.783334E-17
11744.5218882574  6.137249E-17
11751.459986688  6.242610E-17
11758.3980851186  5.824195E-17
11765.3361835493  6.784365E-17
11772.2742819799  6.391689E-17
11779.2123804105  5.889026E-17
11786.1504788411  6.692254E-17
11793.0885772718  6.077648E-17
11800.0266757024  6.226472E-17
11806.964774133  6.232369E-17
11813.9028725637  6.529244E-17
11820.8409709943  7.040738E-17
11827.7790694249  6.250927E-17
11834.7171678556  6.593095E-17
11841.6552662862  7.169836E-17
11848.5933647168  7.388347E-17
11855.5314631474  7.551044E-17
11862.4695615781  7.157454E-17
11869.4076600087  7.163442E-17
11876.3457584393  8.361391E-17
11883.28385687  7.002312E-17
11890.2219553006  6.938712E-17
11897.1600537312  7.357230E-17
11904.0981521619  7.671194E-17
11911.0362505925  7.715407E-17
11917.9743490231  7.450817E-17
11924.9124474537  8.213287E-17
11931.8505458844  8.512851E-17
11938.788644315  7.889457E-17
11945.7267427456  8.489912E-17
11952.6648411763  7.632470E-17
11959.6029396069  8.102010E-17
11966.5410380375  8.079980E-17
11973.4791364682  7.835063E-17
11980.4172348988  8.739226E-17
11987.3553333294  8.911452E-17
11994.29343176  9.122341E-17
12001.2315301907  9.462533E-17
12008.1696286213  9.636936E-17
12015.1077270519  9.477246E-17
12022.0458254826  1.023930E-16
12028.9839239132  9.596660E-17
12035.9220223438  9.648195E-17
12042.8601207745  1.024407E-16
12049.7982192051  1.017102E-16
12056.7363176357  1.014844E-16
12063.6744160663  1.013406E-16
12070.612514497  1.042925E-16
12077.5506129276  1.056439E-16
12084.4887113582  1.054426E-16
12091.4268097889  1.035357E-16
12098.3649082195  1.018278E-16
12105.3030066501  1.011146E-16
12112.2411050808  9.718714E-17
12119.1792035114  1.089134E-16
12126.117301942  9.723507E-17
12133.0554003726  1.016874E-16
12139.9934988033  1.067460E-16
12146.9315972339  9.512194E-17
12153.8696956645  9.041668E-17
12160.8077940952  8.695707E-17
12167.7458925258  9.229321E-17
12174.6839909564  9.514728E-17
12181.6220893871  9.736538E-17
12188.5601878177  9.198972E-17
12195.4982862483  9.949804E-17
12202.4363846789  9.430452E-17
12209.3744831096  8.605850E-17
12216.3125815402  9.333183E-17
12223.2506799708  9.046449E-17
12230.1887784015  8.730001E-17
12237.1268768321  9.289790E-17
12244.0649752627  9.645606E-17
12251.0030736934  8.525690E-17
12257.941172124  9.685000E-17
12264.8792705546  8.991947E-17
12271.8173689852  9.011504E-17
12278.7554674159  8.264133E-17
12285.6935658465  9.417631E-17
12292.6316642771  8.726170E-17
12299.5697627078  8.492338E-17
12306.5078611384  8.723625E-17
12313.445959569  7.672936E-17
12320.3840579997  9.100091E-17
12327.3221564303  7.754645E-17
12334.2602548609  8.543807E-17
12341.1983532915  8.528386E-17
12348.1364517222  9.451613E-17
12355.0745501528  9.069410E-17
12362.0126485834  8.679607E-17
12368.9507470141  8.523007E-17
12375.8888454447  7.540315E-17
12382.8269438753  8.682600E-17
12389.765042306  9.327769E-17
12396.7031407366  8.496736E-17
12403.6412391672  8.413490E-17
12410.5793375978  8.771062E-17
12417.5174360285  9.180448E-17
12424.4555344591  9.663146E-17
12431.3936328897  1.007231E-16
12438.3317313204  9.789620E-17
12445.269829751  9.603905E-17
12452.2079281816  8.593712E-17
12459.1460266123  8.111581E-17
12466.0841250429  9.060105E-17
12473.0222234735  1.042938E-16
12479.9603219041  9.765911E-17
12486.8984203348  9.314587E-17
12493.8365187654  9.855747E-17
12500.774617196  9.223540E-17
12507.7127156267  9.682203E-17
12514.6508140573  9.694238E-17
12521.5889124879  9.172620E-17
12528.5270109186  8.652413E-17
12535.4651093492  9.553574E-17
12542.4032077798  9.206985E-17
12549.3413062104  8.736830E-17
12556.2794046411  9.827088E-17
12563.2175030717  8.961327E-17
12570.1556015023  8.924034E-17
12577.093699933  8.727716E-17
12584.0317983636  9.556925E-17
12590.9698967942  9.152308E-17
12597.9079952249  9.132038E-17
12604.8460936555  9.074466E-17
12611.7841920861  9.156180E-17
12618.7222905167  9.834450E-17
12625.6603889474  9.319679E-17
12632.598487378  9.453796E-17
12639.5365858086  8.635215E-17
12646.4746842393  8.554239E-17
12653.4127826699  9.506781E-17
12660.3508811005  1.009607E-16
12667.2889795312  1.038686E-16
12674.2270779618  1.058290E-16
12681.1651763924  1.057961E-16
12688.103274823  9.766029E-17
12695.0413732537  1.057345E-16
12701.9794716843  9.756907E-17
12708.9175701149  8.191475E-17
12715.8556685456  8.735018E-17
12722.7937669762  8.521652E-17
12729.7318654068  9.895310E-17
12736.6699638375  8.415104E-17
12743.6080622681  8.697793E-17
12750.5461606987  8.942288E-17
12757.4842591293  1.052123E-16
12764.42235756  9.721359E-17
12771.3604559906  8.331032E-17
12778.2985544212  8.957937E-17
12785.2366528519  9.268114E-17
12792.1747512825  8.591105E-17
12799.1128497131  9.537670E-17
12806.0509481438  8.823047E-17
12812.9890465744  8.915237E-17
12819.927145005  8.661213E-17
12826.8652434356  7.567226E-17
12833.8033418663  7.080965E-17
12840.7414402969  8.723616E-17
12847.6795387275  6.955251E-17
12854.6176371582  7.510007E-17
12861.5557355888  8.269539E-17
12868.4938340194  7.661584E-17
12875.4319324501  7.451958E-17
12882.3700308807  7.524526E-17
12889.3081293113  7.607668E-17
12896.2462277419  8.341504E-17
12903.1843261726  8.171734E-17
12910.1224246032  6.663994E-17
12917.0605230338  7.022372E-17
12923.9986214645  7.351650E-17
12930.9367198951  7.877536E-17
12937.8748183257  6.494400E-17
12944.8129167564  6.906413E-17
12951.751015187  6.480714E-17
12958.6891136176  6.744777E-17
12965.6272120482  7.650147E-17
12972.5653104789  5.817559E-17
12979.5034089095  6.412732E-17
12986.4415073401  6.357716E-17
12993.3796057708  6.620318E-17
13000.3177042014  6.281052E-17
13007.255802632  6.260115E-17
13014.1939010627  6.485083E-17
13021.1319994933  6.191866E-17
13028.0700979239  6.703071E-17
13035.0081963545  6.293522E-17
13041.9462947852  5.471348E-17
13048.8843932158  4.975359E-17
13055.8224916464  6.181513E-17
13062.7605900771  5.832046E-17
13069.6986885077  5.643900E-17
13076.6367869383  5.481855E-17
13083.574885369  4.513254E-17
13090.5129837996  5.554676E-17
13097.4510822302  5.921044E-17
13104.3891806609  5.518037E-17
13111.3272790915  5.075866E-17
13118.2653775221  5.915022E-17
13125.2034759527  5.457713E-17
13132.1415743834  5.397470E-17
13139.079672814  5.789772E-17
13146.0177712446  5.820354E-17
13152.9558696753  6.040437E-17
13159.8939681059  5.646598E-17
13166.8320665365  5.389880E-17
13173.7701649671  5.787715E-17
13180.7082633978  6.392518E-17
13187.6463618284  5.904138E-17
13194.584460259  5.336244E-17
13201.5225586897  5.030179E-17
13208.4606571203  5.539036E-17
13215.3987555509  4.781699E-17
13222.3368539816  4.682052E-17
13229.2749524122  4.439982E-17
13236.2130508428  4.279310E-17
13243.1511492734  4.025763E-17
13250.0892477041  4.411641E-17
13257.0273461347  4.285752E-17
13263.9654445653  3.679261E-17
13270.903542996  3.955502E-17
13277.8416414266  5.059253E-17
13284.7797398572  4.780697E-17
13291.7178382879  4.070273E-17
13298.6559367185  4.179561E-17
13305.5940351491  4.339343E-17
13312.5321335797  3.829687E-17
13319.4702320104  3.777610E-17
13326.408330441  3.944043E-17
13333.3464288716  4.079338E-17
13340.2845273023  4.059812E-17
13347.2226257329  3.516618E-17
13354.1607241635  3.375844E-17
13361.0988225942  3.528605E-17
13368.0369210248  3.193066E-17
13374.9750194554  3.655619E-17
13381.913117886  3.206029E-17
13388.8512163167  3.292017E-17
13395.7893147473  3.095836E-17
13402.7274131779  3.654847E-17
13409.6655116086  3.457551E-17
13416.6036100392  2.790235E-17
13423.5417084698  2.251353E-17
13430.4798069005  3.415023E-17
13437.4179053311  3.166188E-17
13444.3560037617  2.250532E-17
13451.2941021923  2.885887E-17
13458.232200623  1.755343E-17
13465.1702990536  3.680437E-17
13472.1083974842  6.104126E-17
13479.0464959149  2.628507E-17
13485.9845943455  2.143904E-17
13492.9226927761  2.508143E-17
13499.8607912068  2.897096E-17
13506.7988896374  2.656405E-17
13513.736988068  2.702113E-17
13520.6750864986  6.262093E-18
13527.6131849293  2.307994E-17
13534.5512833599  2.147750E-17
13541.4893817905  2.775958E-17
13548.4274802212  4.896653E-18
13555.3655786518  5.737153E-17
13562.3036770824  4.039059E-17
13569.2417755131  3.185451E-17
13576.1798739437  7.940305E-17
13583.1179723743  3.272216E-17
13590.0560708049  -5.984070E-18
13596.9941692356  8.361609E-17
13603.9322676662  -1.876673E-17
13610.8703660968  1.757606E-17
13617.8084645275  2.224649E-17
13624.7465629581  9.514878E-18
13631.6846613887  5.076665E-17
13638.6227598194  7.277652E-17
13645.56085825  -2.036910E-17
13652.4989566806  1.085424E-17
13659.4370551113  6.308575E-17
13666.3751535419  -2.302298E-17
13673.3132519725  1.789717E-16
13680.2513504031  4.703042E-17
13687.1894488338  -5.907901E-18
13694.1275472644  -2.524987E-18
13701.065645695  9.244813E-17
13708.0037441257  1.344100E-17
13714.9418425563  6.633830E-17
13721.8799409869  2.968489E-18
13728.8180394176  6.482352E-17
13735.7561378482  3.449059E-17
13742.6942362788  3.711124E-17
13749.6323347094  6.721326E-17
13756.5704331401  5.948033E-17
13763.5085315707  1.562963E-17
13770.4466300013  -3.005159E-18
13777.384728432  2.988283E-17
13784.3228268626  5.203611E-20
13791.2609252932  -1.461351E-17
13798.1990237239  -2.565071E-17
13805.1371221545  5.844905E-18
13812.0752205851  3.836084E-17
13819.0133190157  5.986785E-16
13825.9514174464  2.698640E-17
13832.889515877  -9.420872E-18
13839.8276143076  1.904483E-17
13846.7657127383  1.449263E-16
13853.7038111689  6.893281E-17
13860.6419095995  -6.534157E-18
13867.5800080302  -1.054997E-17
13874.5181064608  4.307203E-17
13881.4562048914  2.363675E-17
13888.394303322  2.031711E-17
13895.3324017527  4.544541E-17
13902.2705001833  2.697946E-17
13909.2085986139  2.045844E-17
13916.1466970446  5.353351E-17
13923.0847954752  4.221204E-17
13930.0228939058  7.097302E-17
13936.9609923365  7.107291E-17
13943.8990907671  8.242801E-17
13950.8371891977  -1.245689E-17
13957.7752876283  9.304334E-17
13964.713386059  3.612083E-17
13971.6514844896  4.601409E-17
13978.5895829202  5.284441E-17
13985.5276813509  4.715036E-17
13992.4657797815  7.462688E-17
13999.4038782121  4.906318E-17
14006.3419766427  7.946578E-18
14013.2800750734  9.393803E-18
14020.218173504  3.692764E-17
14027.1562719346  6.274843E-17
14034.0943703653  4.780837E-17
14041.0324687959  1.016097E-16
14047.9705672265  7.126048E-17
14054.9086656572  6.891630E-17
14061.8467640878  7.053482E-17
14068.7848625184  5.628817E-17
14075.722960949  4.887546E-17
14082.6610593797  5.616592E-17
14089.5991578103  2.006303E-17
14096.5372562409  4.610759E-17
14103.4753546716  3.273934E-17
14110.4134531022  2.381882E-17
14117.3515515328  2.606985E-17
14124.2896499635  1.961387E-17
14131.2277483941  1.501260E-17
14138.1658468247  8.223417E-17
14145.1039452553  6.719333E-17
14152.042043686  6.388731E-17
14158.9801421166  4.427492E-17
14165.9182405472  4.522959E-17
14172.8563389779  5.350859E-17
14179.7944374085  6.772745E-17
14186.7325358391  4.469433E-17
14193.6706342698  6.749487E-17
14200.6087327004  5.858436E-17
14207.546831131  4.043930E-17
14214.4849295616  4.132543E-17
14221.4230279923  5.526990E-17
14228.3611264229  6.368170E-17
14235.2992248535  5.613317E-17
14242.2373232842  4.265232E-17
14249.1754217148  5.687586E-17
14256.1135201454  3.312383E-17
14263.0516185761  4.656037E-17
14269.9897170067  5.854712E-17
14276.9278154373  5.228872E-17
14283.8659138679  5.091677E-17
14290.8040122986  4.008163E-17
14297.7421107292  3.034055E-17
14304.6802091598  3.503681E-17
14311.6183075905  5.420305E-17
14318.5564060211  6.866663E-17
14325.4945044517  5.012509E-17
14332.4326028824  4.714567E-17
14339.370701313  6.226366E-17
14346.3087997436  5.533478E-17
14353.2468981743  3.518979E-17
14360.1849966049  4.019056E-17
14367.1230950355  5.533865E-17
14374.0611934661  3.857160E-17
14380.9992918968  4.938423E-17
14387.9373903274  5.624702E-17
14394.875488758  4.364361E-17
14401.8135871887  4.867499E-17
14408.7516856193  4.836642E-17
14415.6897840499  4.703802E-17
14422.6278824805  5.013806E-17
14429.5659809112  3.876920E-17
14436.5040793418  3.256017E-17
14443.4421777724  4.279428E-17
14450.3802762031  5.018790E-17
14457.3183746337  3.684107E-17
14464.2564730643  5.330917E-17
14471.194571495  4.655971E-17
14478.1326699256  4.391838E-17
14485.0707683562  3.422694E-17
14492.0088667868  3.208045E-17
14498.9469652175  4.206821E-17
14505.8850636481  4.816202E-17
14512.8231620787  4.469121E-17
14519.7612605094  4.622066E-17
14526.69935894  3.817251E-17
14533.6374573706  3.773348E-17
14540.5755558013  4.143011E-17
14547.5136542319  3.618321E-17
14554.4517526625  4.116183E-17
14561.3898510931  3.437492E-17
14568.3279495238  4.414108E-17
14575.2660479544  3.405959E-17
14582.204146385  3.796593E-17
14589.1422448157  3.264641E-17
14596.0803432463  4.330439E-17
14603.0184416769  4.249908E-17
14609.9565401076  2.952948E-17
14616.8946385382  3.374925E-17
14623.8327369688  4.818350E-17
14630.7708353994  3.960916E-17
14637.7089338301  3.209083E-17
14644.6470322607  3.492561E-17
14651.5851306913  3.106206E-17
14658.523229122  3.989519E-17
14665.4613275526  3.469164E-17
14672.3994259832  3.706807E-17
14679.3375244139  3.877609E-17
14686.2756228445  3.169542E-17
14693.2137212751  3.758810E-17
14700.1518197057  3.203335E-17
14707.0899181364  3.707816E-17
14714.028016567  5.029811E-17
14720.9661149976  4.979801E-17
14727.9042134283  4.181069E-17
14734.8423118589  2.802309E-17
14741.7804102895  3.562796E-17
14748.7185087202  4.059710E-17
14755.6566071508  3.464241E-17
14762.5947055814  3.514273E-17
14769.532804012  3.699939E-17
14776.4709024427  3.574781E-17
14783.4090008733  3.570353E-17
14790.3470993039  3.092693E-17
14797.2851977346  3.132537E-17
14804.2232961652  4.975305E-17
14811.1613945958  3.577988E-17
14818.0994930265  3.475096E-17
14825.0375914571  2.938765E-17
14831.9756898877  2.559165E-17
14838.9137883183  3.683941E-17
14845.851886749  3.590470E-17
14852.7899851796  3.101766E-17
14859.7280836102  1.823728E-17
14866.6661820409  3.915147E-17
14873.6042804715  5.030628E-17
14880.5423789021  4.583282E-17
14887.4804773328  4.645706E-17
14894.4185757634  3.463291E-17
14901.356674194  3.935217E-17
14908.2947726246  3.971720E-17
14915.2328710553  4.255861E-17
14922.1709694859  4.325357E-17
14929.1090679165  3.796725E-17
14936.0471663472  3.472513E-17
14942.9852647778  3.505508E-17
14949.9233632084  4.435445E-17
14956.8614616391  4.218902E-17
14963.7995600697  3.971481E-17
14970.7376585003  4.098788E-17
14977.6757569309  4.374288E-17
14984.6138553616  4.863354E-17
14991.5519537922  4.578033E-17
14998.4900522228  4.179398E-17
15005.4281506535  4.535868E-17
15012.3662490841  4.481194E-17
15019.3043475147  4.984282E-17
15026.2424459454  5.036931E-17
15033.180544376  4.933530E-17
15040.1186428066  5.649830E-17
15047.0567412373  3.697143E-17
15053.9948396679  5.261446E-17
15060.9329380985  5.154507E-17
15067.8710365291  5.103650E-17
15074.8091349598  5.430656E-17
15081.7472333904  4.393695E-17
15088.685331821  4.942567E-17
15095.6234302517  5.156696E-17
15102.5615286823  4.469444E-17
15109.4996271129  5.020544E-17
15116.4377255436  4.615149E-17
15123.3758239742  5.261071E-17
15130.3139224048  4.947679E-17
15137.2520208354  4.950036E-17
15144.1901192661  4.023441E-17
15151.1282176967  4.780231E-17
15158.0663161273  4.779065E-17
15165.004414558  4.320264E-17
15171.9425129886  4.512738E-17
15178.8806114192  4.654310E-17
15185.8187098498  4.871031E-17
15192.7568082805  4.940834E-17
15199.6949067111  5.571627E-17
15206.6330051417  4.800835E-17
15213.5711035724  4.452267E-17
15220.509202003  5.633966E-17
15227.4473004336  3.946294E-17
15234.3853988643  4.063277E-17
15241.3234972949  3.485794E-17
15248.2615957255  3.104436E-17
15255.1996941561  4.501843E-17
15262.1377925868  3.568620E-17
15269.0758910174  3.769403E-17
15276.013989448  4.367049E-17
15282.9520878787  4.279038E-17
15289.8901863093  4.068415E-17
15296.8282847399  4.550507E-17
15303.7663831706  4.274645E-17
15310.7044816012  3.034442E-17
15317.6425800318  2.595997E-17
15324.5806784624  3.782092E-17
15331.5187768931  3.096592E-17
15338.4568753237  4.017909E-17
15345.3949737543  3.169810E-17
15352.333072185  3.427024E-17
15359.2711706156  3.547178E-17
15366.2092690462  3.985508E-17
15373.1473674769  5.578965E-17
15380.0854659075  4.535426E-17
15387.0235643381  3.810705E-17
15393.9616627687  3.530637E-17
15400.8997611994  3.455215E-17
15407.83785963  2.877869E-17
15414.7759580606  3.288020E-17
15421.7140564913  3.761737E-17
15428.6521549219  4.128259E-17
15435.5902533525  4.194394E-17
15442.5283517832  4.208672E-17
15449.4664502138  3.416631E-17
15456.4045486444  4.264614E-17
15463.342647075  4.093590E-17
15470.2807455057  3.743304E-17
15477.2188439363  2.751174E-17
15484.1569423669  4.103858E-17
15491.0950407976  4.331864E-17
15498.0331392282  2.889596E-17
15504.9712376588  2.811416E-17
15511.9093360895  3.402179E-17
15518.8474345201  3.738985E-17
15525.7855329507  3.762350E-17
15532.7236313813  3.468026E-17
15539.661729812  2.560323E-17
15546.5998282426  3.581089E-17
15553.5379266732  3.991139E-17
15560.4760251039  1.794996E-17
15567.4141235345  3.816003E-17
15574.3522219651  3.419755E-17
15581.2903203958  3.279885E-17
15588.2284188264  2.775933E-17
15595.166517257  2.920248E-17
15602.1046156876  3.226219E-17
15609.0427141183  3.870006E-17
15615.9808125489  3.116319E-17
15622.9189109795  4.107765E-17
15629.8570094102  3.763115E-17
15636.7951078408  3.019575E-17
15643.7332062714  2.742423E-17
15650.6713047021  2.836787E-17
15657.6094031327  4.182094E-17
15664.5475015633  2.946386E-17
15671.485599994  3.584786E-17
15678.4236984246  3.350444E-17
15685.3617968552  3.923577E-17
15692.2998952858  3.085061E-17
15699.2379937165  3.102771E-17
15706.1760921471  3.291884E-17
15713.1141905777  2.599100E-17
15720.0522890084  3.017490E-17
15726.990387439  3.539965E-17
15733.9284858696  5.412479E-17
15740.8665843003  3.245418E-17
15747.8046827309  3.906173E-17
15754.7427811615  4.140180E-17
15761.6808795921  3.425587E-17
15768.6189780228  3.020840E-17
15775.5570764534  4.364212E-17
15782.495174884  2.266973E-17
15789.4332733147  2.482615E-17
15796.3713717453  3.836738E-17
15803.3094701759  3.420508E-17
15810.2475686066  3.434387E-17
15817.1856670372  3.969694E-17
15824.1237654678  5.333295E-17
15831.0618638984  1.603057E-17
15837.9999623291  2.607333E-17
15844.9380607597  4.607463E-17
15851.8761591903  2.903465E-17
15858.814257621  4.716625E-17
15865.7523560516  4.347086E-17
15872.6904544822  4.076404E-17
15879.6285529129  2.888560E-17
15886.5666513435  2.617868E-17
15893.5047497741  3.451733E-17
15900.4428482047  3.851457E-17
15907.3809466354  3.694257E-17
15914.319045066  2.830778E-17
15921.2571434966  4.592605E-17
15928.1952419273  2.884301E-17
15935.1333403579  4.304031E-17
15942.0714387885  4.084881E-17
15949.0095372192  4.700333E-17
15955.9476356498  4.141165E-17
15962.8857340804  3.274398E-17
15969.823832511  3.507187E-17
15976.7619309417  4.382519E-17
15983.7000293723  3.360117E-17
15990.6381278029  3.371724E-17
15997.5762262336  4.581446E-17
16004.5143246642  2.151425E-17
16011.4524230948  3.914104E-17
16018.3905215254  3.924359E-17
16025.3286199561  3.774819E-17
16032.2667183867  3.154565E-17
16039.2048168173  2.506492E-17
16046.142915248  3.873782E-17
16053.0810136786  3.080544E-17
16060.0191121092  5.180400E-17
16066.9572105399  3.266186E-17
16073.8953089705  3.916004E-17
16080.8334074011  4.064747E-17
16087.7715058318  4.523977E-17
16094.7096042624  4.003058E-17
16101.647702693  4.648203E-17
16108.5858011236  2.867282E-17
16115.5238995543  5.013886E-17
16122.4619979849  3.590482E-17
16129.4000964155  4.103303E-17
16136.3381948462  3.362155E-17
16143.2762932768  3.730145E-17
16150.2143917074  3.870158E-17
16157.1524901381  3.566146E-17
16164.0905885687  3.543899E-17
16171.0286869993  3.828020E-17
16177.9667854299  4.009948E-17
16184.9048838606  3.775588E-17
16191.8429822912  3.424794E-17
16198.7810807218  3.501170E-17
16205.7191791525  3.180754E-17
16212.6572775831  3.623595E-17
16219.5953760137  3.515088E-17
16226.5334744444  3.689403E-17
16233.471572875  4.593302E-17
16240.4096713056  4.273791E-17
16247.3477697362  4.103138E-17
16254.2858681669  5.071751E-17
16261.2239665975  4.615234E-17
16268.1620650281  3.765384E-17
16275.1001634588  4.201299E-17
16282.0382618894  4.250925E-17
16288.97636032  4.001513E-17
16295.9144587507  3.807669E-17
16302.8525571813  4.174496E-17
16309.7906556119  4.297286E-17
16316.7287540425  5.054585E-17
16323.6668524732  4.339606E-17
16330.6049509038  4.708290E-17
16337.5430493344  3.936006E-17
16344.4811477651  3.229043E-17
16351.4192461957  3.741731E-17
16358.3573446263  4.075520E-17
16365.295443057  4.176095E-17
16372.2335414876  4.353716E-17
16379.1716399182  4.143735E-17
16386.1097383488  4.182403E-17
16393.0478367795  4.219037E-17
16399.9859352101  4.367731E-17
16406.9240336407  4.357358E-17
16413.8621320714  4.218750E-17
16420.800230502  3.990156E-17
16427.7383289326  3.405518E-17
16434.6764273633  4.083952E-17
16441.6145257939  4.046207E-17
16448.5526242245  4.071554E-17
