3331.2495117188  1.779475E-16
3335.33984833754  2.005867E-16
3339.43018495629  2.469221E-16
3343.52052157503  3.006512E-16
3347.61085819377  2.551665E-16
3351.70119481251  3.590807E-16
3355.79153143126  3.985023E-16
3359.88186805  3.158330E-16
3363.97220466874  2.968130E-16
3368.06254128748  2.574063E-16
3372.15287790623  3.261217E-16
3376.24321452497  3.040871E-16
3380.33355114371  2.766717E-16
3384.42388776246  2.999527E-16
3388.5142243812  2.628171E-16
3392.60456099994  3.461227E-16
3396.69489761868  3.275357E-16
3400.78523423743  3.366918E-16
3404.87557085617  3.430321E-16
3408.96590747491  4.182618E-16
3413.05624409365  3.584922E-16
3417.1465807124  3.374127E-16
3421.23691733114  3.752273E-16
3425.32725394988  3.898992E-16
3429.41759056862  4.237977E-16
3433.50792718737  4.509113E-16
3437.59826380611  4.195474E-16
3441.68860042485  4.145555E-16
3445.7789370436  4.720338E-16
3449.86927366234  4.179924E-16
3453.95961028108  5.024425E-16
3458.04994689982  5.425252E-16
3462.14028351857  4.986505E-16
3466.23062013731  5.088231E-16
3470.32095675605  5.334293E-16
3474.4112933748  5.069219E-16
3478.50162999354  4.945927E-16
3482.59196661228  4.847023E-16
3486.68230323102  5.598372E-16
3490.77263984977  5.684201E-16
3494.86297646851  5.449611E-16
3498.95331308725  5.471452E-16
3503.04364970599  5.387465E-16
3507.13398632474  4.557904E-16
3511.22432294348  4.663321E-16
3515.31465956222  4.846138E-16
3519.40499618096  4.482127E-16
3523.49533279971  4.727238E-16
3527.58566941845  4.999126E-16
3531.67600603719  4.957683E-16
3535.76634265593  4.603424E-16
3539.85667927468  4.781731E-16
3543.94701589342  4.549490E-16
3548.03735251216  4.459109E-16
3552.12768913091  4.484824E-16
3556.21802574965  4.809301E-16
3560.30836236839  4.935825E-16
3564.39869898713  5.248911E-16
3568.48903560588  5.017453E-16
3572.57937222462  4.865350E-16
3576.66970884336  4.925041E-16
3580.7600454621  5.531716E-16
3584.85038208085  5.784733E-16
3588.94071869959  5.669958E-16
3593.03105531833  5.303160E-16
3597.12139193708  5.536343E-16
3601.21172855582  5.480419E-16
3605.30206517456  5.264153E-16
3609.3924017933  5.164941E-16
3613.48273841205  5.351656E-16
3617.57307503079  5.623575E-16
3621.66341164953  5.791412E-16
3625.75374826827  5.375804E-16
3629.84408488702  5.448176E-16
3633.93442150576  5.525279E-16
3638.0247581245  5.380207E-16
3642.11509474325  5.609854E-16
3646.20543136199  5.955017E-16
3650.29576798073  5.613239E-16
3654.38610459947  5.726599E-16
3658.47644121822  6.102087E-16
3662.56677783696  5.929338E-16
3666.6571144557  5.738794E-16
3670.74745107444  5.565751E-16
3674.83778769319  5.556272E-16
3678.92812431193  5.490437E-16
3683.01846093067  5.239910E-16
3687.10879754941  5.303802E-16
3691.19913416816  5.496189E-16
3695.2894707869  5.442693E-16
3699.37980740564  5.558805E-16
3703.47014402439  5.443198E-16
3707.56048064313  5.795381E-16
3711.65081726187  5.663997E-16
3715.74115388061  5.977447E-16
3719.83149049936  6.275449E-16
3723.9218271181  6.509295E-16
3728.01216373684  6.882272E-16
3732.10250035558  6.756232E-16
3736.19283697433  7.050669E-16
3740.28317359307  7.346691E-16
3744.37351021181  7.646154E-16
3748.46384683056  7.319912E-16
3752.5541834493  7.245101E-16
3756.64452006804  7.830230E-16
3760.73485668678  8.292868E-16
3764.82519330553  8.052912E-16
3768.91552992427  7.838230E-16
3773.00586654301  7.958682E-16
3777.09620316175  7.668721E-16
3781.1865397805  7.597132E-16
3785.27687639924  7.895777E-16
3789.36721301798  7.761790E-16
3793.45754963673  7.785592E-16
3797.54788625547  7.958877E-16
3801.63822287421  7.744971E-16
3805.72855949295  7.507140E-16
3809.8188961117  7.065689E-16
3813.90923273044  7.166528E-16
3817.99956934918  7.288990E-16
3822.08990596792  6.798160E-16
3826.18024258667  6.692506E-16
3830.27057920541  6.446696E-16
3834.36091582415  6.386467E-16
3838.4512524429  6.345655E-16
3842.54158906164  6.067352E-16
3846.63192568038  5.995509E-16
3850.72226229912  5.882715E-16
3854.81259891787  5.936990E-16
3858.90293553661  5.616112E-16
3862.99327215535  5.643287E-16
3867.08360877409  5.508729E-16
3871.17394539284  5.249445E-16
3875.26428201158  5.311548E-16
3879.35461863032  5.124398E-16
3883.44495524906  5.464421E-16
3887.53529186781  5.382030E-16
3891.62562848655  5.174072E-16
3895.71596510529  5.390790E-16
3899.80630172404  5.373441E-16
3903.89663834278  5.608834E-16
3907.98697496152  6.088121E-16
3912.07731158026  6.635036E-16
3916.16764819901  6.996614E-16
3920.25798481775  7.649040E-16
3924.34832143649  8.158623E-16
3928.43865805523  8.514624E-16
3932.52899467398  8.980876E-16
3936.61933129272  9.162859E-16
3940.70966791146  9.308547E-16
3944.80000453021  9.679223E-16
3948.89034114895  1.016404E-15
3952.98067776769  1.025920E-15
3957.07101438643  1.023404E-15
3961.16135100518  1.068685E-15
3965.25168762392  1.095982E-15
3969.34202424266  1.070644E-15
3973.4323608614  1.065470E-15
3977.52269748015  1.079992E-15
3981.61303409889  1.062503E-15
3985.70337071763  1.055278E-15
3989.79370733637  1.028271E-15
3993.88404395512  9.975603E-16
3997.97438057386  9.799425E-16
4002.0647171926  9.986917E-16
4006.15505381135  9.975312E-16
4010.24539043009  9.413620E-16
4014.33572704883  9.154635E-16
4018.42606366757  9.387160E-16
4022.51640028632  9.006925E-16
4026.60673690506  8.547061E-16
4030.6970735238  8.255803E-16
4034.78741014254  8.030282E-16
4038.87774676129  8.199368E-16
4042.96808338003  8.146374E-16
4047.05841999877  8.239140E-16
4051.14875661752  8.509040E-16
4055.23909323626  8.767161E-16
4059.329429855  8.823233E-16
4063.41976647374  9.079000E-16
4067.51010309249  9.128603E-16
4071.60043971123  9.291555E-16
4075.69077632997  9.491921E-16
4079.78111294871  9.377054E-16
4083.87144956746  9.309759E-16
4087.9617861862  9.570778E-16
4092.05212280494  9.753740E-16
4096.14245942368  9.526789E-16
4100.23279604243  9.510291E-16
4104.32313266117  9.584957E-16
4108.41346927991  9.694923E-16
4112.50380589866  9.845837E-16
4116.5941425174  1.005940E-15
4120.68447913614  9.841845E-16
4124.77481575488  9.903061E-16
4128.86515237363  9.974848E-16
4132.95548899237  1.002218E-15
4137.04582561111  9.838372E-16
4141.13616222985  9.709867E-16
4145.2264988486  9.957028E-16
4149.31683546734  9.934655E-16
4153.40717208608  9.985412E-16
4157.49750870482  9.681661E-16
4161.58784532357  9.443568E-16
4165.67818194231  9.438121E-16
4169.76851856105  9.407342E-16
4173.8588551798  9.521868E-16
4177.94919179854  9.489634E-16
4182.03952841728  9.252426E-16
4186.12986503602  9.396362E-16
4190.22020165477  9.519335E-16
4194.31053827351  9.464081E-16
4198.40087489225  9.273012E-16
4202.491211511  9.254875E-16
4206.58154812974  8.969773E-16
4210.67188474848  8.791529E-16
4214.76222136722  8.510319E-16
4218.85255798597  8.331660E-16
4222.94289460471  8.241411E-16
4227.03323122345  8.060568E-16
4231.12356784219  8.021034E-16
4235.21390446094  8.100657E-16
4239.30424107968  7.817648E-16
4243.39457769842  7.817801E-16
4247.48491431717  7.617097E-16
4251.57525093591  7.294812E-16
4255.66558755465  7.082405E-16
4259.75592417339  7.205626E-16
4263.84626079214  7.197316E-16
4267.93659741088  7.139176E-16
4272.02693402962  7.326910E-16
4276.11727064836  7.603150E-16
4280.20760726711  7.700608E-16
4284.29794388585  7.871948E-16
4288.38828050459  8.170079E-16
4292.47861712333  8.371263E-16
4296.56895374208  8.501366E-16
4300.65929036082  9.091606E-16
4304.74962697956  9.437380E-16
4308.8399635983  9.578676E-16
4312.93030021705  1.002181E-15
4317.02063683579  1.043127E-15
4321.11097345453  1.041063E-15
4325.20131007328  1.049963E-15
4329.29164669202  1.079452E-15
4333.38198331076  1.102669E-15
4337.4723199295  1.115882E-15
4341.56265654825  1.131803E-15
4345.65299316699  1.123291E-15
4349.74332978573  1.127395E-15
4353.83366640448  1.143189E-15
4357.92400302322  1.152145E-15
4362.01433964196  1.122634E-15
4366.1046762607  1.093880E-15
4370.19501287945  1.077088E-15
4374.28534949819  1.076384E-15
4378.37568611693  1.099584E-15
4382.46602273567  1.114370E-15
4386.55635935442  1.090463E-15
4390.64669597316  1.091852E-15
4394.7370325919  1.064726E-15
4398.82736921064  1.065663E-15
4402.91770582939  1.061310E-15
4407.00804244813  1.041483E-15
4411.09837906687  1.030462E-15
4415.18871568562  1.001237E-15
4419.27905230436  9.489628E-16
4423.3693889231  9.227827E-16
4427.45972554184  9.213358E-16
4431.55006216059  8.947048E-16
4435.64039877933  8.718935E-16
4439.73073539807  8.536701E-16
4443.82107201681  8.499893E-16
4447.91140863556  8.392519E-16
4452.0017452543  8.214369E-16
4456.09208187304  8.185430E-16
4460.18241849178  8.199060E-16
4464.27275511053  8.431330E-16
4468.36309172927  8.272600E-16
4472.45342834801  8.341497E-16
4476.54376496676  8.495044E-16
4480.6341015855  8.256392E-16
4484.72443820424  8.151498E-16
4488.81477482298  8.355561E-16
4492.90511144173  8.485648E-16
4496.99544806047  8.712159E-16
4501.08578467921  8.527461E-16
4505.17612129796  8.773114E-16
4509.2664579167  8.789976E-16
4513.35679453544  8.505590E-16
4517.44713115418  8.900907E-16
4521.53746777293  8.847168E-16
4525.62780439167  9.371955E-16
4529.71814101041  9.662809E-16
4533.80847762915  9.922408E-16
4537.8988142479  9.833744E-16
4541.98915086664  9.896260E-16
4546.07948748538  1.019299E-15
4550.16982410412  1.020626E-15
4554.26016072287  1.025353E-15
4558.35049734161  1.031275E-15
4562.44083396035  1.045109E-15
4566.5311705791  1.052199E-15
4570.62150719784  1.065868E-15
4574.71184381658  1.093235E-15
4578.80218043532  1.084469E-15
4582.89251705407  1.079608E-15
4586.98285367281  1.067460E-15
4591.07319029155  1.085285E-15
4595.16352691029  1.089855E-15
4599.25386352904  1.092903E-15
4603.34420014778  1.077429E-15
4607.43453676652  1.054993E-15
4611.52487338527  1.060128E-15
4615.61521000401  1.055528E-15
4619.70554662275  1.060468E-15
4623.79588324149  1.052190E-15
4627.88621986024  1.052633E-15
4631.97655647898  1.040697E-15
4636.06689309772  1.048092E-15
4640.15722971646  1.050873E-15
4644.24756633521  1.057273E-15
4648.33790295395  1.031480E-15
4652.42823957269  1.001757E-15
4656.51857619144  9.884701E-16
4660.60891281018  9.803963E-16
4664.69924942892  9.803917E-16
4668.78958604766  9.822939E-16
4672.87992266641  9.796320E-16
4676.97025928515  9.878876E-16
4681.06059590389  9.922995E-16
4685.15093252263  9.582661E-16
4689.24126914138  9.342528E-16
4693.33160576012  9.335879E-16
4697.42194237886  9.254336E-16
4701.5122789976  9.206553E-16
4705.60261561635  8.910373E-16
4709.69295223509  8.692380E-16
4713.78328885383  8.561922E-16
4717.87362547258  8.317948E-16
4721.96396209132  8.102578E-16
4726.05429871006  8.042711E-16
4730.1446353288  7.950104E-16
4734.23497194755  7.837190E-16
4738.32530856629  7.784980E-16
4742.41564518503  7.302081E-16
4746.50598180377  6.991098E-16
4750.59631842252  6.916501E-16
4754.68665504126  6.536733E-16
4758.77699166  6.325495E-16
4762.86732827875  6.298267E-16
4766.95766489749  6.036957E-16
4771.04800151623  6.039655E-16
4775.13833813497  6.247757E-16
4779.22867475372  6.235221E-16
4783.31901137246  6.819170E-16
4787.4093479912  7.470700E-16
4791.49968460994  7.812281E-16
4795.59002122869  8.364301E-16
4799.68035784743  8.974217E-16
4803.77069446617  9.330971E-16
4807.86103108492  9.903135E-16
4811.95136770366  1.030296E-15
4816.0417043224  1.027648E-15
4820.13204094114  1.064738E-15
4824.22237755989  1.130938E-15
4828.31271417863  1.155218E-15
4832.40305079737  1.155994E-15
4836.49338741611  1.190537E-15
4840.58372403486  1.194654E-15
4844.6740606536  1.202683E-15
4848.76439727234  1.198434E-15
4852.85473389108  1.183639E-15
4856.94507050983  1.221415E-15
4861.03540712857  1.239042E-15
4865.12574374731  1.230925E-15
4869.21608036606  1.229446E-15
4873.3064169848  1.257980E-15
4877.39675360354  1.275946E-15
4881.48709022228  1.246875E-15
4885.57742684103  1.232239E-15
4889.66776345977  1.245913E-15
4893.75810007851  1.252051E-15
4897.84843669725  1.222725E-15
4901.938773316  1.212824E-15
4906.02910993474  1.224937E-15
4910.11944655348  1.199709E-15
4914.20978317222  1.154980E-15
4918.30011979097  1.132866E-15
4922.39045640971  1.109913E-15
4926.48079302845  1.071263E-15
4930.5711296472  1.047140E-15
4934.66146626594  1.034389E-15
4938.75180288468  1.011989E-15
4942.84213950342  1.002599E-15
4946.93247612217  1.012786E-15
4951.02281274091  1.022714E-15
4955.11314935965  9.966988E-16
4959.20348597839  9.748370E-16
4963.29382259714  1.003517E-15
4967.38415921588  1.007819E-15
4971.47449583462  1.019551E-15
4975.56483245337  1.028989E-15
4979.65516907211  1.024659E-15
4983.74550569085  1.008328E-15
4987.83584230959  1.031588E-15
4991.92617892834  1.033599E-15
4996.01651554708  1.013064E-15
5000.10685216582  1.018538E-15
5004.19718878457  1.040594E-15
5008.28752540331  1.049016E-15
5012.37786202205  1.074394E-15
5016.46819864079  1.070868E-15
5020.55853525954  1.037209E-15
5024.64887187828  1.063140E-15
5028.73920849702  1.055287E-15
5032.82954511576  1.009927E-15
5036.91988173451  1.012400E-15
5041.01021835325  1.006762E-15
5045.10055497199  9.969617E-16
5049.19089159074  1.012853E-15
5053.28122820948  9.821056E-16
5057.37156482822  9.587568E-16
5061.46190144696  9.128424E-16
5065.55223806571  8.978963E-16
5069.64257468445  8.566490E-16
5073.73291130319  8.123384E-16
5077.82324792193  7.990628E-16
5081.91358454068  8.036520E-16
5086.00392115942  8.164102E-16
5090.09425777816  8.148490E-16
5094.1845943969  7.570775E-16
5098.27493101565  7.896226E-16
5102.36526763439  8.254896E-16
5106.45560425313  8.391564E-16
5110.54594087188  8.745122E-16
5114.63627749062  9.044388E-16
5118.72661410936  8.879812E-16
5122.8169507281  9.015672E-16
5126.90728734685  9.097611E-16
5130.99762396559  9.259592E-16
5135.08796058433  9.241282E-16
5139.17829720307  9.567976E-16
5143.26863382182  9.803546E-16
5147.35897044056  1.007624E-15
5151.4493070593  1.015261E-15
5155.53964367805  1.016210E-15
5159.62998029679  1.010991E-15
5163.72031691553  9.991964E-16
5167.81065353427  1.013572E-15
5171.90099015301  9.918679E-16
5175.99132677176  9.873246E-16
5180.0816633905  9.989812E-16
5184.17200000924  9.854218E-16
5188.26233662799  1.007741E-15
5192.35267324673  1.015388E-15
5196.44300986547  9.832926E-16
5200.53334648422  9.959514E-16
5204.62368310296  1.006704E-15
5208.7140197217  9.724768E-16
5212.80435634044  9.633445E-16
5216.89469295919  9.697474E-16
5220.98502957793  9.815094E-16
5225.07536619667  9.934368E-16
5229.16570281541  9.780496E-16
5233.25603943416  9.784509E-16
5237.3463760529  9.598629E-16
5241.43671267164  9.556433E-16
5245.52704929038  9.916551E-16
5249.61738590913  1.003063E-15
5253.70772252787  1.018678E-15
5257.79805914661  9.985660E-16
5261.88839576536  9.918878E-16
5265.9787323841  9.906574E-16
5270.06906900284  9.894440E-16
5274.15940562158  1.024720E-15
5278.24974224033  1.024228E-15
5282.34007885907  1.010818E-15
5286.43041547781  1.007343E-15
5290.52075209655  1.009473E-15
5294.6110887153  1.007202E-15
5298.70142533404  1.002993E-15
5302.79176195278  1.012872E-15
5306.88209857153  1.023791E-15
5310.97243519027  1.024244E-15
5315.06277180901  9.913161E-16
5319.15310842775  9.942277E-16
5323.2434450465  9.908083E-16
5327.33378166524  9.869077E-16
5331.42411828398  9.999113E-16
5335.51445490272  9.897916E-16
5339.60479152147  9.738750E-16
5343.69512814021  9.655466E-16
5347.78546475895  9.782777E-16
5351.87580137769  9.893322E-16
5355.96613799644  9.747969E-16
5360.05647461518  9.859408E-16
5364.14681123392  9.876289E-16
5368.23714785267  9.427912E-16
5372.32748447141  9.225024E-16
5376.41782109015  9.084387E-16
5380.50815770889  9.313967E-16
5384.59849432764  9.669179E-16
5388.68883094638  9.441378E-16
5392.77916756512  9.281364E-16
5396.86950418386  9.323916E-16
5400.95984080261  9.069421E-16
5405.05017742135  9.027188E-16
5409.14051404009  9.024077E-16
5413.23085065884  8.670906E-16
5417.32118727758  8.520179E-16
5421.41152389632  8.809547E-16
5425.50186051506  8.921095E-16
5429.59219713381  8.780681E-16
5433.68253375255  8.853451E-16
5437.77287037129  8.791265E-16
5441.86320699003  8.622024E-16
5445.95354360878  8.628577E-16
5450.04388022752  8.766619E-16
5454.13421684626  8.709873E-16
5458.224553465  8.754911E-16
5462.31489008375  8.966846E-16
5466.40522670249  8.693039E-16
5470.49556332123  8.304314E-16
5474.58589993998  8.221024E-16
5478.67623655872  8.391939E-16
5482.76657317746  8.477611E-16
5486.8569097962  8.676741E-16
5490.94724641495  8.863485E-16
5495.03758303369  8.562829E-16
5499.12791965243  8.307768E-16
5503.21825627117  8.474490E-16
5507.30859288992  8.664287E-16
5511.39892950866  8.379816E-16
5515.4892661274  8.454019E-16
5519.57960274615  8.444730E-16
5523.66993936489  8.591268E-16
5527.76027598363  8.317622E-16
5531.85061260237  8.242909E-16
5535.94094922112  8.502334E-16
5540.03128583986  8.353209E-16
5544.1216224586  8.090996E-16
5548.21195907734  8.083796E-16
5552.30229569609  8.050986E-16
5556.39263231483  7.962399E-16
5560.48296893357  8.171426E-16
5564.57330555231  8.277391E-16
5568.66364217106  7.982790E-16
5572.7539787898  8.080511E-16
5576.84431540854  8.253862E-16
5580.93465202729  8.106476E-16
5585.02498864603  8.044725E-16
5589.11532526477  8.167686E-16
5593.20566188351  8.263382E-16
5597.29599850226  8.187347E-16
5601.386335121  8.198424E-16
5605.47667173974  8.168394E-16
5609.56700835848  8.102583E-16
5613.65734497723  8.046877E-16
5617.74768159597  7.887647E-16
5621.83801821471  7.736855E-16
5625.92835483346  7.656134E-16
5630.0186914522  7.829156E-16
5634.10902807094  7.925021E-16
5638.19936468968  7.807401E-16
5642.28970130843  7.706640E-16
5646.38003792717  7.647241E-16
5650.47037454591  7.743574E-16
5654.56071116466  7.995706E-16
5658.6510477834  8.208131E-16
5662.74138440214  8.100460E-16
5666.83172102088  7.800871E-16
5670.92205763963  7.908076E-16
5675.01239425837  7.623889E-16
5679.10273087711  7.514735E-16
5683.19306749585  7.565863E-16
5687.2834041146  7.424771E-16
5691.37374073334  7.602417E-16
5695.46407735208  7.350523E-16
5699.55441397082  7.241629E-16
5703.64475058957  7.762773E-16
5707.73508720831  7.553698E-16
5711.82542382705  7.232839E-16
5715.91576044579  7.162219E-16
5720.00609706454  7.251636E-16
5724.09643368328  7.417835E-16
5728.18677030202  7.471953E-16
5732.27710692077  7.398369E-16
5736.36744353951  7.230509E-16
5740.45778015825  7.515831E-16
5744.54811677699  7.654127E-16
5748.63845339574  7.338487E-16
5752.72879001448  7.379261E-16
5756.81912663322  7.622759E-16
5760.90946325196  7.420269E-16
5764.99979987071  7.415854E-16
5769.09013648945  7.631021E-16
5773.18047310819  7.365340E-16
5777.27080972694  7.246785E-16
5781.36114634568  7.218121E-16
5785.45148296442  7.184561E-16
5789.54181958316  7.248207E-16
5793.63215620191  7.498319E-16
5797.72249282065  7.712761E-16
5801.81282943939  7.714840E-16
5805.90316605813  7.379194E-16
5809.99350267688  7.213261E-16
5814.08383929562  7.562448E-16
5818.17417591436  7.453169E-16
5822.2645125331  7.297782E-16
5826.35484915185  7.533475E-16
5830.44518577059  7.507630E-16
5834.53552238933  7.350711E-16
5838.62585900808  7.446738E-16
5842.71619562682  7.429583E-16
5846.80653224556  7.660912E-16
5850.8968688643  7.607260E-16
5854.98720548305  7.783400E-16
5859.07754210179  8.138159E-16
5863.16787872053  7.884721E-16
5867.25821533927  7.625416E-16
5871.34855195802  7.753767E-16
5875.43888857676  7.828219E-16
5879.5292251955  7.720500E-16
5883.61956181425  7.502252E-16
5887.70989843299  7.523562E-16
5891.80023505173  7.850228E-16
5895.89057167047  7.753114E-16
5899.98090828922  7.345946E-16
5904.07124490796  7.389636E-16
5908.1615815267  7.538308E-16
5912.25191814544  7.160180E-16
5916.34225476419  7.182365E-16
5920.43259138293  7.507040E-16
5924.52292800167  7.466069E-16
5928.61326462042  7.569418E-16
5932.70360123916  7.665341E-16
5936.7939378579  7.485357E-16
5940.88427447664  7.280845E-16
5944.97461109539  7.461008E-16
5949.06494771413  7.712061E-16
5953.15528433287  7.585433E-16
5957.24562095162  7.632372E-16
5961.33595757036  7.768646E-16
5965.4262941891  7.497494E-16
5969.51663080784  7.390639E-16
5973.60696742659  7.531932E-16
5977.69730404533  7.567373E-16
5981.78764066407  7.736756E-16
5985.87797728281  7.508453E-16
5989.96831390156  7.299212E-16
5994.0586505203  6.998225E-16
5998.14898713904  7.182587E-16
6002.23932375778  7.067503E-16
6006.32966037653  6.933680E-16
6010.41999699527  7.061346E-16
6014.51033361401  7.156799E-16
6018.60067023275  7.131448E-16
6022.6910068515  7.144688E-16
6026.78134347024  7.168418E-16
6030.87168008898  6.992925E-16
6034.96201670773  7.019546E-16
6039.05235332647  7.213388E-16
6043.14268994521  7.178524E-16
6047.23302656395  7.185292E-16
6051.3233631827  7.075281E-16
6055.41369980144  6.915235E-16
6059.50403642018  7.001682E-16
6063.59437303892  7.051740E-16
6067.68470965767  6.990604E-16
6071.77504627641  7.163398E-16
6075.86538289515  7.189236E-16
6079.95571951389  7.095519E-16
6084.04605613264  7.127251E-16
6088.13639275138  7.261819E-16
6092.22672937012  7.350664E-16
6096.31706598887  7.104186E-16
6100.40740260761  7.069957E-16
6104.49773922635  7.161724E-16
6108.58807584509  7.173312E-16
6112.67841246384  7.195098E-16
6116.76874908258  7.215403E-16
6120.85908570132  7.165756E-16
6124.94942232006  7.080870E-16
6129.03975893881  7.113747E-16
6133.13009555755  7.071352E-16
6137.22043217629  7.192939E-16
6141.31076879504  7.416625E-16
6145.40110541378  7.312039E-16
6149.49144203252  7.109078E-16
6153.58177865126  7.062120E-16
6157.67211527001  7.038668E-16
6161.76245188875  6.952941E-16
6165.85278850749  6.961754E-16
6169.94312512623  6.960477E-16
6174.03346174498  7.093615E-16
6178.12379836372  7.262163E-16
6182.21413498246  7.324648E-16
6186.3044716012  7.183208E-16
6190.39480821995  7.012039E-16
6194.48514483869  7.204713E-16
6198.57548145743  7.399508E-16
6202.66581807618  7.123358E-16
6206.75615469492  7.057543E-16
6210.84649131366  7.337346E-16
6214.9368279324  7.245567E-16
6219.02716455115  7.139426E-16
6223.11750116989  7.106851E-16
6227.20783778863  7.018458E-16
6231.29817440738  6.964971E-16
6235.38851102612  6.991985E-16
6239.47884764486  6.840863E-16
6243.5691842636  6.815421E-16
6247.65952088235  6.704954E-16
6251.74985750109  6.446994E-16
6255.84019411983  6.172331E-16
6259.93053073857  6.089288E-16
6264.02086735732  6.156892E-16
6268.11120397606  6.135802E-16
6272.2015405948  5.935638E-16
6276.29187721355  5.804010E-16
6280.38221383229  5.928773E-16
6284.47255045103  5.902355E-16
6288.56288706977  5.901968E-16
6292.65322368852  5.944740E-16
6296.74356030726  5.985723E-16
6300.833896926  6.138869E-16
6304.92423354474  6.156020E-16
6309.01457016349  6.264542E-16
6313.10490678223  6.478608E-16
6317.19524340097  6.799767E-16
6321.28558001971  7.053682E-16
6325.37591663846  6.835907E-16
6329.4662532572  6.657461E-16
6333.55658987594  6.641674E-16
6337.64692649468  6.598322E-16
6341.73726311343  6.545701E-16
6345.82759973217  6.353335E-16
6349.91793635091  6.450992E-16
6354.00827296966  6.694218E-16
6358.0986095884  6.541883E-16
6362.18894620714  6.413450E-16
6366.27928282588  6.387149E-16
6370.36961944463  6.160411E-16
6374.45995606337  6.012899E-16
6378.55029268211  5.975435E-16
6382.64062930086  5.903965E-16
6386.7309659196  5.754084E-16
6390.82130253834  5.691492E-16
6394.91163915708  5.629389E-16
6399.00197577582  5.349785E-16
6403.09231239457  5.131133E-16
6407.18264901331  5.228404E-16
6411.27298563206  5.301651E-16
6415.3633222508  5.109089E-16
6419.45365886954  4.947189E-16
6423.54399548828  4.961261E-16
6427.63433210702  5.141876E-16
6431.72466872577  5.320447E-16
6435.81500534451  5.540418E-16
6439.90534196325  5.758901E-16
6443.99567858199  5.956394E-16
6448.08601520074  6.242586E-16
6452.17635181948  6.778421E-16
6456.26668843822  7.292772E-16
6460.35702505697  7.800324E-16
6464.44736167571  8.218621E-16
6468.53769829445  8.454127E-16
6472.6280349132  8.914808E-16
6476.71837153194  9.679827E-16
6480.80870815068  1.018313E-15
6484.89904476942  1.052655E-15
6488.98938138816  1.099984E-15
6493.07971800691  1.124811E-15
6497.17005462565  1.146738E-15
6501.26039124439  1.193096E-15
6505.35072786314  1.260174E-15
6509.44106448188  1.286058E-15
6513.53140110062  1.307073E-15
6517.62173771936  1.321990E-15
6521.71207433811  1.350229E-15
6525.80241095685  1.399594E-15
6529.89274757559  1.404292E-15
6533.98308419434  1.406530E-15
6538.07342081308  1.431499E-15
6542.16375743182  1.443402E-15
6546.25409405056  1.457339E-15
6550.34443066931  1.454536E-15
6554.43476728805  1.447652E-15
6558.52510390679  1.453741E-15
6562.61544052553  1.436405E-15
6566.70577714428  1.417836E-15
6570.79611376302  1.415655E-15
6574.88645038176  1.394844E-15
6578.9767870005  1.400459E-15
6583.06712361925  1.437151E-15
6587.15746023799  1.418355E-15
6591.24779685673  1.332516E-15
6595.33813347548  1.292827E-15
6599.42847009422  1.321031E-15
6603.51880671296  1.322938E-15
6607.6091433317  1.273670E-15
6611.69947995045  1.257560E-15
6615.78981656919  1.242594E-15
6619.88015318793  1.212825E-15
6623.97048980667  1.190525E-15
6628.06082642542  1.169039E-15
6632.15116304416  1.134123E-15
6636.2414996629  1.088304E-15
6640.33183628164  1.067863E-15
6644.42217290039  1.069174E-15
6648.51250951913  1.059828E-15
6652.60284613787  1.040277E-15
6656.69318275662  1.028791E-15
6660.78351937536  1.018519E-15
6664.8738559941  1.012374E-15
6668.96419261284  1.010183E-15
6673.05452923159  9.956397E-16
6677.14486585033  9.592398E-16
6681.23520246907  9.280326E-16
6685.32553908782  9.130289E-16
6689.41587570656  9.041903E-16
6693.5062123253  9.040889E-16
6697.59654894404  8.864330E-16
6701.68688556278  8.661496E-16
6705.77722218153  8.668234E-16
6709.86755880027  8.531828E-16
6713.95789541901  8.344660E-16
6718.04823203776  8.310710E-16
6722.1385686565  8.123977E-16
6726.22890527524  7.920383E-16
6730.31924189399  7.912662E-16
6734.40957851273  7.904979E-16
6738.49991513147  7.753911E-16
6742.59025175021  7.626725E-16
6746.68058836896  7.564980E-16
6750.7709249877  7.426023E-16
6754.86126160644  7.254060E-16
6758.95159822518  6.920611E-16
6763.04193484392  6.704059E-16
6767.13227146267  6.919754E-16
6771.22260808141  6.998967E-16
6775.31294470015  6.855476E-16
6779.4032813189  6.862562E-16
6783.49361793764  6.939605E-16
6787.58395455638  7.046505E-16
6791.67429117513  6.928120E-16
6795.76462779387  6.828070E-16
6799.85496441261  6.879241E-16
6803.94530103135  6.872998E-16
6808.0356376501  6.693125E-16
6812.12597426884  6.545827E-16
6816.21631088758  6.746346E-16
6820.30664750632  6.780197E-16
6824.39698412507  6.621409E-16
6828.48732074381  6.649091E-16
6832.57765736255  6.597124E-16
6836.66799398129  6.566401E-16
6840.75833060004  6.482835E-16
6844.84866721878  6.659822E-16
6848.93900383752  6.706239E-16
6853.02934045627  6.674097E-16
6857.11967707501  6.737889E-16
6861.21001369375  6.639403E-16
6865.30035031249  6.491093E-16
6869.39068693124  6.377939E-16
6873.48102354998  6.182875E-16
6877.57136016872  6.201834E-16
6881.66169678746  6.445850E-16
6885.75203340621  6.521573E-16
6889.84237002495  6.338778E-16
6893.93270664369  6.128236E-16
6898.02304326244  6.123958E-16
6902.11337988118  6.118409E-16
6906.20371649992  6.191506E-16
6910.29405311866  6.271835E-16
6914.38438973741  6.341752E-16
6918.47472635615  6.277553E-16
6922.56506297489  6.153777E-16
6926.65539959363  5.975799E-16
6930.74573621238  5.966873E-16
6934.83607283112  5.994648E-16
6938.92640944986  5.818676E-16
6943.0167460686  5.890534E-16
6947.10708268735  5.854669E-16
6951.19741930609  5.640997E-16
6955.28775592483  5.740763E-16
6959.37809254358  5.903181E-16
6963.46842916232  6.131138E-16
6967.55876578106  6.115599E-16
6971.6491023998  5.804688E-16
6975.73943901855  5.773785E-16
6979.82977563729  5.975528E-16
6983.92011225603  5.909003E-16
6988.01044887477  5.757225E-16
6992.10078549352  5.735484E-16
6996.19112211226  5.889632E-16
7000.281458731  5.963447E-16
7004.37179534975  5.851651E-16
7008.46213196849  5.762519E-16
7012.55246858723  5.830754E-16
7016.64280520597  5.653996E-16
7020.73314182472  5.602647E-16
7024.82347844346  5.670411E-16
7028.9138150622  5.833072E-16
7033.00415168094  5.795297E-16
7037.09448829969  5.705281E-16
7041.18482491843  5.758452E-16
7045.27516153717  5.845563E-16
7049.36549815592  5.894470E-16
7053.45583477466  5.922321E-16
7057.5461713934  5.806142E-16
7061.63650801214  5.833658E-16
7065.72684463089  5.782520E-16
7069.81718124963  5.824611E-16
7073.90751786837  5.857089E-16
7077.99785448711  5.624724E-16
7082.08819110586  5.619101E-16
7086.1785277246  5.906523E-16
7090.26886434334  5.916940E-16
7094.35920096208  5.907881E-16
7098.44953758083  5.917872E-16
7102.53987419957  5.664693E-16
7106.63021081831  5.519450E-16
7110.72054743706  5.525744E-16
7114.8108840558  5.578921E-16
7118.90122067454  5.730922E-16
7122.99155729328  5.766946E-16
7127.08189391203  5.702711E-16
7131.17223053077  5.460518E-16
7135.26256714951  5.491392E-16
7139.35290376825  5.638227E-16
7143.443240387  5.677828E-16
7147.53357700574  5.620131E-16
7151.62391362448  5.574981E-16
7155.71425024322  5.582511E-16
7159.80458686197  5.717721E-16
7163.89492348071  5.645690E-16
7167.98526009945  5.354059E-16
7172.0755967182  5.047802E-16
7176.16593333694  5.164357E-16
7180.25626995568  5.222625E-16
7184.34660657443  5.252593E-16
7188.43694319317  5.263662E-16
7192.52727981191  5.112265E-16
7196.61761643065  4.983087E-16
7200.70795304939  5.047296E-16
7204.79828966814  5.207759E-16
7208.88862628688  5.344716E-16
7212.97896290562  5.374231E-16
7217.06929952437  5.513710E-16
7221.15963614311  5.792895E-16
7225.24997276185  5.463899E-16
7229.34030938059  5.427500E-16
7233.43064599934  5.278018E-16
7237.52098261808  5.032655E-16
7241.61131923682  5.044991E-16
7245.70165585556  5.163566E-16
7249.79199247431  5.142959E-16
7253.88232909305  5.094968E-16
7257.97266571179  5.001393E-16
7262.06300233054  5.163660E-16
7266.15333894928  5.431189E-16
7270.24367556802  5.293710E-16
7274.33401218676  5.316614E-16
7278.42434880551  5.391000E-16
7282.51468542425  5.377715E-16
7286.60502204299  5.231310E-16
7290.69535866173  5.294582E-16
7294.78569528048  5.293747E-16
7298.87603189922  5.350119E-16
7302.96636851796  5.356558E-16
7307.05670513671  5.352483E-16
7311.14704175545  5.369446E-16
7315.23737837419  5.235103E-16
7319.32771499293  5.296238E-16
7323.41805161168  5.463502E-16
7327.50838823042  5.507168E-16
7331.59872484916  5.663840E-16
7335.6890614679  5.636643E-16
7339.77939808665  5.556855E-16
7343.86973470539  5.565827E-16
7347.96007132413  5.542355E-16
7352.05040794287  5.461335E-16
7356.14074456162  5.366236E-16
7360.23108118036  5.426412E-16
7364.32141779911  5.430290E-16
7368.41175441785  5.546543E-16
7372.50209103659  5.674188E-16
7376.59242765533  5.445820E-16
7380.68276427407  5.213534E-16
7384.77310089282  5.285791E-16
7388.86343751156  5.485186E-16
7392.9537741303  5.659738E-16
7397.04411074905  5.763026E-16
7401.13444736779  5.600899E-16
7405.22478398653  5.421638E-16
7409.31512060527  5.220871E-16
7413.40545722401  5.241033E-16
7417.49579384276  5.362266E-16
7421.5861304615  5.327048E-16
7425.67646708024  5.188018E-16
7429.76680369899  5.255329E-16
7433.85714031773  5.541869E-16
7437.94747693647  5.472958E-16
7442.03781355522  5.250827E-16
7446.12815017396  5.141200E-16
7450.2184867927  5.288269E-16
7454.30882341144  5.390054E-16
7458.39916003019  5.450773E-16
7462.48949664893  5.428340E-16
7466.57983326767  5.309070E-16
7470.67016988641  5.272041E-16
7474.76050650516  5.325785E-16
7478.8508431239  5.385906E-16
7482.94117974264  5.360758E-16
7487.03151636138  5.348465E-16
7491.12185298013  5.376203E-16
7495.21218959887  4.809939E-16
7499.30252621761  3.986536E-16
7503.39286283636  3.809878E-16
7507.4831994551  5.215387E-16
7511.57353607384  5.261241E-16
7515.66387269258  5.239620E-16
7519.75420931133  5.279726E-16
7523.84454593007  5.178066E-16
7527.93488254881  5.222999E-16
7532.02521916755  5.009575E-16
7536.1155557863  5.048307E-16
7540.20589240504  5.415018E-16
7544.29622902378  5.506089E-16
7548.38656564253  5.381978E-16
7552.47690226127  5.287893E-16
7556.56723888001  4.856561E-16
7560.65757549875  4.727035E-16
7564.74791211749  5.038836E-16
7568.83824873624  5.323039E-16
7572.92858535498  5.433351E-16
7577.01892197372  5.420160E-16
7581.10925859247  5.342912E-16
7585.19959521121  5.290516E-16
7589.28993182995  5.207292E-16
7593.38026844869  5.459302E-16
7597.47060506744  5.388631E-16
7601.56094168618  4.396825E-16
7605.65127830492  4.391833E-16
7609.74161492367  4.893818E-16
7613.83195154241  4.951565E-16
7617.92228816115  5.627336E-16
7622.01262477989  5.406515E-16
7626.10296139864  5.034379E-16
7630.19329801738  3.894207E-16
7634.28363463612  3.669011E-16
7638.37397125486  4.337811E-16
7642.46430787361  5.163811E-16
7646.55464449235  4.900631E-16
7650.64498111109  4.599782E-16
7654.73531772984  4.587764E-16
7658.82565434858  4.287120E-16
7662.91599096732  4.178455E-16
7667.00632758606  4.474286E-16
7671.09666420481  4.693698E-16
7675.18700082355  5.054812E-16
7679.27733744229  5.230705E-16
7683.36767406104  5.105424E-16
7687.45801067978  4.878757E-16
7691.54834729852  4.806000E-16
7695.63868391726  4.742525E-16
7699.729020536  4.440003E-16
7703.81935715475  4.514592E-16
7707.90969377349  4.768340E-16
7712.00003039223  4.913868E-16
7716.09036701098  5.106983E-16
7720.18070362972  5.235527E-16
7724.27104024846  5.125766E-16
7728.3613768672  4.987785E-16
7732.45171348595  4.861812E-16
7736.54205010469  4.594472E-16
7740.63238672343  4.679298E-16
7744.72272334217  5.267157E-16
7748.81305996092  5.690912E-16
7752.90339657966  5.542798E-16
7756.9937331984  5.236149E-16
7761.08406981715  5.145177E-16
7765.17440643589  4.943558E-16
7769.26474305463  4.930500E-16
7773.35507967337  4.966271E-16
7777.44541629212  5.208976E-16
7781.53575291086  5.518623E-16
7785.6260895296  5.590223E-16
7789.71642614834  5.519625E-16
7793.80676276709  5.230804E-16
7797.89709938583  5.035957E-16
7801.98743600457  5.054291E-16
7806.07777262331  4.891961E-16
7810.16810924206  4.999172E-16
7814.2584458608  5.133020E-16
7818.34878247954  5.367272E-16
7822.43911909829  5.401415E-16
7826.52945571703  5.300791E-16
7830.61979233577  5.142137E-16
7834.71012895451  5.113917E-16
7838.80046557326  5.064225E-16
7842.890802192  5.217003E-16
7846.98113881074  5.302547E-16
7851.07147542948  5.461225E-16
7855.16181204823  5.712941E-16
7859.25214866697  5.690092E-16
7863.34248528571  5.410870E-16
7867.43282190446  4.948504E-16
7871.5231585232  4.758606E-16
7875.61349514194  4.850588E-16
7879.70383176068  5.150584E-16
7883.79416837942  5.417077E-16
7887.88450499817  5.153074E-16
7891.97484161691  4.962452E-16
7896.06517823565  4.924787E-16
7900.1555148544  4.859755E-16
7904.24585147314  4.968025E-16
7908.33618809188  5.367824E-16
7912.42652471063  5.635524E-16
7916.51686132937  5.529073E-16
7920.60719794811  5.016346E-16
7924.69753456685  4.604616E-16
7928.7878711856  4.551282E-16
7932.87820780434  4.735348E-16
7936.96854442308  5.129236E-16
7941.05888104182  5.551280E-16
7945.14921766057  5.260529E-16
7949.23955427931  4.711732E-16
7953.32989089805  4.633877E-16
7957.4202275168  4.858369E-16
7961.51056413554  4.984378E-16
7965.60090075428  5.044374E-16
7969.69123737302  5.267462E-16
7973.78157399177  5.138144E-16
7977.87191061051  4.989645E-16
7981.96224722925  4.973242E-16
7986.05258384799  4.706045E-16
7990.14292046674  4.429560E-16
7994.23325708548  4.418112E-16
7998.32359370422  4.574768E-16
8002.41393032297  4.674643E-16
8006.50426694171  4.701903E-16
8010.59460356045  4.885327E-16
8014.68494017919  4.999388E-16
8018.77527679794  4.730171E-16
8022.86561341668  4.831066E-16
8026.95595003542  4.729962E-16
8031.04628665416  4.550030E-16
8035.13662327291  4.614831E-16
8039.22695989165  4.661085E-16
8043.31729651039  4.675470E-16
8047.40763312913  4.507595E-16
8051.49796974788  4.480113E-16
8055.58830636662  4.337802E-16
8059.67864298536  3.957442E-16
8063.7689796041  4.137787E-16
8067.85931622285  4.471730E-16
8071.94965284159  4.306484E-16
8076.03998946033  4.366788E-16
8080.13032607908  4.637943E-16
8084.22066269782  4.591582E-16
8088.31099931656  4.657429E-16
8092.4013359353  4.744319E-16
8096.49167255405  4.795181E-16
8100.58200917279  4.914556E-16
8104.67234579153  4.665483E-16
8108.76268241027  4.435314E-16
8112.85301902902  4.407103E-16
8116.94335564776  4.262948E-16
8121.0336922665  4.201249E-16
8125.12402888525  4.153623E-16
8129.21436550399  4.103047E-16
8133.30470212273  4.333451E-16
8137.39503874147  4.616437E-16
8141.48537536022  4.734901E-16
8145.57571197896  4.717075E-16
8149.6660485977  4.530289E-16
8153.75638521644  4.324942E-16
8157.84672183519  4.283734E-16
8161.93705845393  4.309504E-16
8166.02739507267  4.316029E-16
8170.11773169141  4.069288E-16
8174.20806831016  3.895280E-16
8178.2984049289  4.310631E-16
8182.38874154764  4.606378E-16
8186.47907816639  4.720300E-16
8190.56941478513  4.614278E-16
8194.65975140387  4.499090E-16
8198.75008802261  4.386872E-16
8202.84042464136  4.657640E-16
8206.9307612601  4.490941E-16
8211.02109787884  4.203611E-16
8215.11143449759  4.101946E-16
8219.20177111633  4.294719E-16
8223.29210773507  4.410420E-16
8227.38244435381  4.523948E-16
8231.47278097256  4.425296E-16
8235.5631175913  4.438461E-16
8239.65345421004  4.464749E-16
8243.74379082878  4.205167E-16
8247.83412744753  4.066446E-16
8251.92446406627  4.276155E-16
8256.01480068501  4.311360E-16
8260.10513730375  4.199239E-16
8264.1954739225  4.414512E-16
8268.28581054124  4.536252E-16
8272.37614715998  4.453851E-16
8276.46648377873  4.440358E-16
8280.55682039747  4.281933E-16
8284.64715701621  3.934457E-16
8288.73749363495  3.706989E-16
8292.8278302537  3.681804E-16
8296.91816687244  3.729475E-16
8301.00850349118  4.070242E-16
8305.09884010992  4.197269E-16
8309.18917672867  4.233342E-16
8313.27951334741  4.234214E-16
8317.36984996615  4.129920E-16
8321.4601865849  4.135073E-16
8325.55052320364  4.265646E-16
8329.64085982238  4.119575E-16
8333.73119644112  3.699048E-16
8337.82153305987  3.928111E-16
8341.91186967861  4.077874E-16
8346.00220629735  3.793884E-16
8350.09254291609  3.704055E-16
8354.18287953484  3.726079E-16
8358.27321615358  3.758593E-16
8362.36355277232  3.873091E-16
8366.45388939106  3.990077E-16
8370.54422600981  4.026840E-16
8374.63456262855  3.897496E-16
8378.72489924729  3.569995E-16
8382.81523586604  3.404639E-16
8386.90557248478  3.473320E-16
8390.99590910352  3.296901E-16
8395.08624572226  3.148448E-16
8399.17658234101  3.408667E-16
8403.26691895975  3.718769E-16
8407.35725557849  4.041514E-16
8411.44759219723  4.223568E-16
8415.53792881598  4.178897E-16
8419.62826543472  4.093613E-16
8423.71860205346  3.811400E-16
8427.8089386722  3.789180E-16
8431.89927529095  3.823391E-16
8435.98961190969  3.655992E-16
8440.07994852843  3.631247E-16
8444.17028514718  3.852977E-16
8448.26062176592  4.306677E-16
8452.35095838466  4.352208E-16
8456.44129500341  4.674494E-16
8460.53163162215  4.621401E-16
8464.62196824089  4.015076E-16
8468.71230485963  3.836511E-16
8472.80264147837  3.515715E-16
8476.89297809712  3.480443E-16
8480.98331471586  3.690633E-16
8485.0736513346  4.056262E-16
8489.16398795335  4.396923E-16
8493.25432457209  4.300630E-16
8497.34466119083  4.100036E-16
8501.43499780957  3.965982E-16
8505.52533442832  4.053650E-16
8509.61567104706  4.090391E-16
8513.7060076658  3.793239E-16
8517.79634428455  3.666013E-16
8521.88668090329  3.855667E-16
8525.97701752203  4.041208E-16
8530.06735414077  4.124028E-16
8534.15769075952  4.135014E-16
8538.24802737826  4.286491E-16
8542.338363997  4.629787E-16
8546.42870061574  4.630273E-16
8550.51903723449  4.235802E-16
8554.60937385323  4.071751E-16
8558.69971047197  3.977959E-16
8562.79004709071  3.941076E-16
8566.88038370946  4.198931E-16
8570.9707203282  4.393647E-16
8575.06105694694  4.486860E-16
8579.15139356569  4.939059E-16
8583.24173018443  5.178297E-16
8587.33206680317  4.758835E-16
8591.42240342191  4.235852E-16
8595.51274004066  4.391837E-16
8599.6030766594  4.649397E-16
8603.69341327814  4.350265E-16
8607.78374989688  4.213179E-16
8611.87408651563  4.513919E-16
8615.96442313437  4.739353E-16
8620.05475975311  4.671094E-16
8624.14509637186  4.836855E-16
8628.2354329906  5.107038E-16
8632.32576960934  4.983682E-16
8636.41610622808  4.647631E-16
8640.50644284683  4.339529E-16
8644.59677946557  4.163271E-16
8648.68711608431  4.193470E-16
8652.77745270305  4.608269E-16
8656.8677893218  4.859857E-16
8660.95812594054  4.823060E-16
8665.04846255928  5.096515E-16
8669.13879917803  5.168589E-16
8673.22913579677  4.713158E-16
8677.31947241551  4.051273E-16
8681.40980903425  4.067100E-16
8685.500145653  4.196550E-16
8689.59048227174  4.263085E-16
8693.68081889048  4.308479E-16
8697.77115550922  4.641531E-16
8701.86149212797  4.864265E-16
8705.95182874671  5.022804E-16
8710.04216536545  5.014935E-16
8714.13250198419  4.694019E-16
8718.22283860294  4.631583E-16
8722.31317522168  4.212151E-16
8726.40351184042  4.333684E-16
8730.49384845917  4.074188E-16
8734.58418507791  3.954131E-16
8738.67452169665  4.310069E-16
8742.76485831539  4.413916E-16
8746.85519493413  4.607382E-16
8750.94553155288  5.197408E-16
8755.03586817162  5.309612E-16
8759.12620479036  4.713478E-16
8763.21654140911  4.164883E-16
8767.30687802785  4.122306E-16
8771.39721464659  3.935553E-16
8775.48755126533  3.531712E-16
8779.57788788408  3.869444E-16
8783.66822450282  4.341681E-16
8787.75856112156  4.150249E-16
8791.84889774031  4.205120E-16
8795.93923435905  4.665998E-16
8800.02957097779  4.859471E-16
8804.11990759653  4.782051E-16
8808.21024421528  4.636307E-16
8812.30058083402  4.482687E-16
8816.39091745276  4.375116E-16
8820.4812540715  4.299680E-16
8824.57159069025  3.954644E-16
8828.66192730899  4.073392E-16
8832.75226392773  4.144562E-16
8836.84260054648  4.089677E-16
8840.93293716522  3.900207E-16
8845.02327378396  4.376957E-16
8849.1136104027  4.554283E-16
8853.20394702145  4.646342E-16
8857.29428364019  4.728024E-16
8861.38462025893  4.611075E-16
8865.47495687767  4.362444E-16
8869.56529349642  4.038012E-16
8873.65563011516  3.906914E-16
8877.7459667339  3.852098E-16
8881.83630335264  3.827809E-16
8885.92663997139  4.204866E-16
8890.01697659013  4.571078E-16
8894.10731320887  4.598590E-16
8898.19764982761  4.525412E-16
8902.28798644636  4.282008E-16
8906.3783230651  4.239078E-16
8910.46865968384  4.443542E-16
8914.55899630259  4.105260E-16
8918.64933292133  3.657329E-16
8922.73966954007  3.653082E-16
8926.83000615881  3.649808E-16
8930.92034277756  3.893986E-16
8935.0106793963  4.451137E-16
8939.10101601504  4.781098E-16
8943.19135263379  4.757851E-16
8947.28168925253  4.428511E-16
8951.37202587127  3.888327E-16
8955.46236249001  3.339440E-16
8959.55269910876  3.020991E-16
8963.6430357275  2.877732E-16
8967.73337234624  2.933491E-16
8971.82370896499  3.250981E-16
8975.91404558373  3.372553E-16
8980.00438220247  3.289032E-16
8984.09471882121  3.384254E-16
8988.18505543996  3.791363E-16
8992.2753920587  3.814045E-16
8996.36572867744  3.589820E-16
9000.45606529618  3.740802E-16
9004.54640191493  3.605993E-16
9008.63673853367  3.491908E-16
9012.72707515241  4.103756E-16
9016.81741177115  3.885835E-16
9020.9077483899  3.711245E-16
9024.99808500864  3.683593E-16
9029.08842162738  3.714193E-16
9033.17875824613  4.154671E-16
9037.26909486487  4.433720E-16
9041.35943148361  4.570724E-16
9045.44976810235  4.794496E-16
9049.54010472109  4.705329E-16
9053.63044133984  4.312224E-16
9057.72077795858  3.861101E-16
9061.81111457732  3.580829E-16
9065.90145119607  3.380271E-16
9069.99178781481  2.956532E-16
9074.08212443355  3.031338E-16
9078.17246105229  3.358997E-16
9082.26279767104  3.383460E-16
9086.35313428978  3.232748E-16
9090.44347090852  3.254743E-16
9094.53380752727  3.678611E-16
9098.62414414601  4.017030E-16
9102.71448076475  3.799767E-16
9106.80481738349  3.696685E-16
9110.89515400223  3.895490E-16
9114.98549062098  3.190912E-16
9119.07582723972  2.710660E-16
9123.16616385847  3.232795E-16
9127.25650047721  2.898444E-16
9131.34683709595  2.595184E-16
9135.43717371469  3.274608E-16
9139.52751033343  3.963847E-16
9143.61784695218  4.237206E-16
9147.70818357092  4.041928E-16
9151.79852018966  3.827190E-16
9155.88885680841  3.937586E-16
9159.97919342715  3.703041E-16
9164.06953004589  3.662455E-16
9168.15986666464  3.864457E-16
9172.25020328338  3.501503E-16
9176.34053990212  2.771905E-16
9180.43087652086  2.978474E-16
9184.5212131396  3.512145E-16
9188.61154975835  3.550274E-16
9192.70188637709  4.040587E-16
9196.79222299583  4.412171E-16
9200.88255961457  4.509615E-16
9204.97289623332  4.672976E-16
9209.06323285206  4.775578E-16
9213.1535694708  4.627497E-16
9217.24390608955  4.497491E-16
9221.33424270829  4.133786E-16
9225.42457932703  3.904981E-16
9229.51491594578  3.909576E-16
9233.60525256452  4.101589E-16
9237.69558918326  4.268287E-16
9241.785925802  4.323856E-16
9245.87626242075  4.472277E-16
9249.96659903949  4.567403E-16
9254.05693565823  4.113018E-16
9258.14727227697  3.762952E-16
9262.23760889572  3.914451E-16
9266.32794551446  4.130615E-16
9270.4182821332  4.364038E-16
9274.50861875194  4.313717E-16
9278.59895537069  4.047063E-16
9282.68929198943  3.421920E-16
9286.77962860817  2.736734E-16
9290.86996522691  3.051907E-16
9294.96030184566  3.185623E-16
9299.0506384644  3.302217E-16
9303.14097508314  3.412817E-16
9307.23131170189  3.065729E-16
9311.32164832063  2.892009E-16
9315.41198493937  2.888093E-16
9319.50232155811  3.109830E-16
9323.59265817686  3.381014E-16
9327.6829947956  3.082602E-16
9331.77333141434  2.404694E-16
9335.86366803308  1.923936E-16
9339.95400465183  1.712767E-16
9344.04434127057  1.850342E-16
9348.13467788932  2.032784E-16
9352.22501450805  2.023062E-16
9356.3153511268  2.380144E-16
9360.40568774554  2.544931E-16
9364.49602436428  3.220257E-16
9368.58636098303  3.371580E-16
9372.67669760177  2.576351E-16
9376.76703422051  1.823313E-16
9380.85737083926  2.050223E-16
9384.947707458  2.342879E-16
9389.03804407674  2.317681E-16
9393.12838069548  2.538039E-16
9397.21871731422  2.666920E-16
9401.30905393297  2.773552E-16
9405.39939055171  3.254648E-16
9409.48972717045  3.562109E-16
9413.58006378919  3.470354E-16
9417.67040040794  3.296394E-16
9421.76073702668  3.107326E-16
9425.85107364542  2.861851E-16
9429.94141026417  2.597495E-16
9434.03174688291  2.572910E-16
9438.12208350165  2.461322E-16
9442.2124201204  2.415741E-16
9446.30275673914  2.658666E-16
9450.39309335788  2.778502E-16
9454.48342997662  2.743099E-16
9458.57376659537  3.004481E-16
9462.66410321411  3.669697E-16
9466.75443983285  3.705912E-16
9470.84477645159  3.270356E-16
9474.93511307034  3.064061E-16
9479.02544968908  3.232618E-16
9483.11578630782  3.214952E-16
9487.20612292656  2.750791E-16
9491.29645954531  2.379545E-16
9495.38679616405  2.220409E-16
9499.47713278279  2.863521E-16
9503.56746940154  2.975323E-16
9507.65780602028  2.863477E-16
9511.74814263902  3.365438E-16
9515.83847925776  3.063145E-16
9519.92881587651  2.328511E-16
9524.01915249525  1.301627E-16
9528.10948911399  2.196472E-16
9532.19982573274  3.412963E-16
9536.29016235148  3.158567E-16
9540.38049897022  2.960126E-16
9544.47083558896  3.184365E-16
9548.5611722077  3.309778E-16
9552.65150882645  2.875774E-16
9556.74184544519  2.576777E-16
9560.83218206393  3.029208E-16
9564.92251868268  3.348730E-16
9569.01285530142  3.559821E-16
9573.10319192016  3.704041E-16
9577.1935285389  2.625841E-16
9581.28386515765  2.382528E-16
9585.37420177639  3.537445E-16
9589.46453839513  2.623045E-16
9593.55487501388  2.567037E-16
9597.64521163262  6.199324E-16
9601.73554825136  8.994496E-16
9605.8258848701  1.235543E-15
9609.91622148885  1.252035E-15
9614.00655810759  2.759111E-16
9618.09689472633  3.247204E-16
9622.18723134507  4.003782E-16
9626.27756796382  2.027890E-16
9630.36790458256  -1.925481E-16
9634.4582412013  -3.045425E-17
9638.54857782004  1.939066E-16
9642.63891443879  2.161698E-16
9646.72925105753  1.709572E-16
9650.81958767627  2.070238E-16
9654.90992429501  4.002063E-16
9659.00026091376  4.261412E-16
9663.0905975325  3.379881E-16
9667.18093415124  2.123644E-16
9671.27127076999  1.931776E-16
9675.36160738873  2.965582E-16
9679.45194400747  3.940430E-16
9683.54228062621  4.369381E-16
9687.63261724496  4.307435E-16
9691.7229538637  4.091313E-16
9695.81329048244  3.366436E-16
9699.90362710118  3.233892E-16
9703.99396371993  3.295442E-16
9708.08430033867  2.571955E-16
9712.17463695741  2.412334E-16
9716.26497357616  2.889150E-16
9720.3553101949  3.275033E-16
9724.44564681364  3.192260E-16
9728.53598343238  2.245779E-16
9732.62632005113  1.751241E-16
9736.71665666987  2.234178E-16
9740.80699328861  1.325567E-16
9744.89732990736  8.957561E-17
9748.9876665261  2.357633E-16
9753.07800314484  2.497119E-16
9757.16833976358  3.942987E-16
9761.25867638233  4.455965E-16
9765.34901300107  3.612720E-16
9769.43934961981  3.313812E-16
9773.52968623855  3.133853E-16
9777.6200228573  3.939611E-16
9781.71035947604  3.984676E-16
9785.80069609478  2.866228E-16
9789.89103271352  2.826293E-16
9793.98136933227  2.938534E-16
9798.07170595101  2.861355E-16
9802.16204256975  3.294902E-16
9806.2523791885  2.372094E-16
9810.34271580724  2.350864E-16
9814.43305242598  2.698047E-16
9818.52338904472  2.123769E-16
9822.61372566346  2.349225E-16
9826.70406228221  2.432727E-16
9830.79439890095  2.470221E-16
9834.88473551969  2.697150E-16
9838.97507213844  3.401943E-16
9843.06540875718  4.026313E-16
9847.15574537592  3.640414E-16
9851.24608199467  4.036835E-16
9855.33641861341  3.926914E-16
9859.42675523215  2.837213E-16
9863.51709185089  2.330182E-16
9867.60742846964  1.819408E-16
9871.69776508838  2.854879E-16
9875.78810170712  3.326516E-16
9879.87843832586  2.152792E-16
9883.96877494461  2.263604E-16
9888.05911156335  3.471494E-16
9892.14944818209  3.473562E-16
9896.23978480084  2.194852E-16
9900.33012141958  2.986649E-16
9904.42045803832  2.679003E-16
9908.51079465706  3.679943E-16
9912.6011312758  3.357233E-16
9916.69146789455  2.820887E-16
9920.78180451329  1.007468E-16
9924.87214113203  1.774649E-16
9928.96247775078  2.491203E-16
9933.05281436952  2.220700E-16
9937.14315098826  2.161280E-16
9941.233487607  2.794823E-16
9945.32382422575  4.385451E-16
9949.41416084449  4.207282E-16
9953.50449746323  2.568995E-16
9957.59483408197  2.466588E-16
9961.68517070072  3.181444E-16
9965.77550731946  3.421439E-16
9969.8658439382  3.086583E-16
9973.95618055694  2.541589E-16
9978.04651717569  2.742305E-16
9982.13685379443  2.538478E-16
9986.22719041318  2.060067E-16
9990.31752703192  2.478062E-16
9994.40786365066  2.246953E-16
9998.4982002694  2.575612E-16
10002.5885368881  3.775969E-16
10006.6788735069  4.518029E-16
10010.7692101256  4.440284E-16
10014.8595467444  3.427525E-16
10018.9498833631  1.984840E-16
10023.0402199819  2.829879E-16
10027.1305566006  2.859245E-16
10031.2208932193  3.320634E-16
10035.3112298381  4.180244E-16
10039.4015664568  2.819271E-16
10043.4919030756  2.734242E-16
10047.5822396943  3.007468E-16
10051.6725763131  3.286273E-16
10055.7629129318  3.418934E-16
10059.8532495505  3.475618E-16
10063.9435861693  3.240798E-16
10068.033922788  3.033417E-16
10072.1242594068  3.220290E-16
10076.2145960255  3.307842E-16
10080.3049326443  2.434512E-16
10084.395269263  2.714210E-16
10088.4856058817  4.125465E-16
10092.5759425005  3.781280E-16
10096.6662791192  2.651041E-16
10100.756615738  2.809724E-16
10104.8469523567  3.574796E-16
10108.9372889755  3.278517E-16
10113.0276255942  2.439609E-16
10117.1179622129  3.603382E-16
10121.2082988317  5.548149E-16
10125.2986354504  4.169151E-16
10129.3889720692  2.253670E-16
10133.4793086879  3.964950E-16
10137.5696453067  4.233763E-16
10141.6599819254  3.324854E-16
10145.7503185441  2.715106E-16
10149.8406551629  4.418404E-16
10153.9309917816  5.122652E-16
10158.0213284004  3.842213E-16
10162.1116650191  4.268153E-16
10166.2020016379  4.197884E-16
10170.2923382566  4.591291E-16
10174.3826748753  6.611736E-16
10178.4730114941  6.370834E-16
10182.5633481128  5.957193E-16
10186.6536847316  5.462029E-16
10190.7440213503  4.270602E-16
10194.8343579691  4.103007E-16
10198.9246945878  5.065477E-16
10203.0150312065  5.195262E-16
10207.1053678253  3.685043E-16
10211.195704444  4.817675E-16
10215.2860410628  6.237357E-16
10219.3763776815  5.627619E-16
10223.4667143002  5.192716E-16
10227.557050919  5.877114E-16
10231.6473875377  7.030362E-16
10235.7377241565  7.416532E-16
10239.8280607752  7.882687E-16
10243.918397394  7.579918E-16
10248.0087340127  5.870298E-16
10252.0990706315  6.607002E-16
10256.1894072502  8.338685E-16
10260.2797438689  7.670647E-16
10264.3700804877  6.393921E-16
10268.4604171064  6.658442E-16
10272.5507537252  7.908109E-16
10276.6410903439  7.902046E-16
10280.7314269626  6.424553E-16
10284.8217635814  5.890938E-16
10288.9121002001  3.987375E-16
10293.0024368189  3.039183E-16
10297.0927734376  7.421406E-17
