3647.81360936     -4.81778e-18    
3653.33782931     -1.70303e-18    
3658.86204926     -2.12501e-18    
3664.38626922     -6.45274e-18    
3669.91048917     -3.40678e-18    
3675.43470912     1.59914e-17     
3680.95892907     9.48497e-18     
3686.48314902     1.01149e-17     
3692.00736897     -2.15036e-18    
3697.53158893     -1.36757e-17    
3703.05580888     -1.58398e-18    
3708.58002883     1.12061e-17     
3714.10424878     1.14609e-18     
3719.62846873     2.90194e-19     
3725.15268868     1.54589e-18     
3730.67690864     1.04602e-17     
3736.20112859     -5.68311e-18    
3741.72534854     -6.60365e-18    
3747.24956849     -5.45525e-18    
3752.77378844     -2.11467e-18    
3758.29800839     3.68758e-18     
3763.82222835     -7.67509e-18    
3769.3464483      2.36189e-18     
3774.87066825     7.46008e-18     
3780.3948882      -2.73914e-18    
3785.91910815     1.29533e-18     
3791.4433281      1.43131e-18     
3796.96754806     -5.08294e-18    
3802.49176801     -7.2807e-20     
3808.01598796     1.68874e-18     
3813.54020791     7.85504e-18     
3819.06442786     5.16793e-18     
3824.58864781     -4.043e-18      
3830.11286777     1.57526e-17     
3835.63708772     -3.62703e-18    
3841.16130767     -1.86383e-18    
3846.68552762     2.96892e-18     
3852.20974757     -2.4138e-18     
3857.73396752     6.11082e-18     
3863.25818748     6.93763e-18     
3868.78240743     3.76753e-18     
3874.30662738     -3.75839e-19    
3879.83084733     2.07093e-17     
3885.35506728     1.16906e-17     
3890.87928723     -1.66397e-18    
3896.40350719     -5.12943e-18    
3901.92772714     4.78375e-19     
3907.45194709     3.93721e-18     
3912.97616704     -1.56741e-18    
3918.50038699     -3.2957e-20     
3924.02460694     9.84251e-18     
3929.5488269      3.2313e-18      
3935.07304685     3.76182e-18     
3940.5972668      3.7279e-18      
3946.12148675     1.19327e-17     
3951.6457067      -8.72826e-18    
3957.16992665     4.39742e-18     
3962.69414661     -1.83121e-18    
3968.21836656     7.7749e-19      
3973.74258651     -3.42558e-20    
3979.26680646     8.4977e-18      
3984.79102641     1.1574e-17      
3990.31524636     1.12873e-17     
3995.83946632     -6.47563e-18    
4001.36368627     -4.0168e-18     
4006.88790622     2.40304e-18     
4012.41212617     1.60439e-18     
4017.93634612     -4.39406e-18    
4023.46056607     -2.40761e-18    
4028.98478603     8.48897e-19     
4034.50900598     2.55895e-18     
4040.03322593     1.43585e-17     
4045.55744588     9.64752e-18     
4051.08166583     -1.2391e-18     
4056.60588578     1.16219e-18     
4062.13010574     1.25831e-17     
4067.65432569     -4.55756e-18    
4073.17854564     -2.61756e-18    
4078.70276559     8.61111e-18     
4084.22698554     5.85872e-18     
4089.75120549     6.65828e-18     
4095.27542545     1.23827e-17     
4100.7996454      4.21495e-18     
4106.32386535     1.18409e-17     
4111.8480853      7.98047e-18     
4117.37230525     1.20429e-17     
4122.89652521     1.60319e-17     
4128.42074516     1.69845e-17     
4133.94496511     1.43518e-17     
4139.46918506     9.75196e-18     
4144.99340501     6.23634e-18     
4150.51762496     1.1483e-17      
4156.04184492     8.19472e-18     
4161.56606487     6.00711e-19     
4167.09028482     7.98738e-19     
4172.61450477     1.61506e-18     
4178.13872472     1.06983e-17     
4183.66294467     6.75099e-18     
4189.18716463     2.84355e-18     
4194.71138458     8.58809e-19     
4200.23560453     8.13257e-18     
4205.75982448     3.61911e-18     
4211.28404443     7.02263e-18     
4216.80826438     -3.14336e-18    
4222.33248434     1.32332e-17     
4227.85670429     3.78122e-18     
4233.38092424     6.79524e-18     
4238.90514419     1.64585e-17     
4244.42936414     1.13696e-17     
4249.95358409     1.01648e-17     
4255.47780405     3.37392e-19     
4261.002024       2.7222e-18      
4266.52624395     4.10875e-18     
4272.0504639      -1.33218e-18    
4277.57468385     6.5649e-18      
4283.0989038      9.29679e-18     
4288.62312376     5.99248e-18     
4294.14734371     3.69354e-18     
4299.67156366     9.48058e-18     
4305.19578361     1.28098e-17     
4310.72000356     6.67584e-18     
4316.24422351     1.23551e-17     
4321.76844347     1.58698e-17     
4327.29266342     1.15544e-17     
4332.81688337     1.44921e-17     
4338.34110332     8.42314e-18     
4343.86532327     2.65277e-18     
4349.38954322     1.05862e-17     
4354.91376318     1.12972e-17     
4360.43798313     1.1964e-17      
4365.96220308     1.74813e-17     
4371.48642303     1.18336e-17     
4377.01064298     1.46282e-17     
4382.53486293     5.86253e-18     
4388.05908289     1.33407e-17     
4393.58330284     9.41725e-18     
4399.10752279     1.9105e-17      
4404.63174274     9.16422e-18     
4410.15596269     1.08665e-17     
4415.68018264     2.52656e-17     
4421.2044026      2.0771e-17      
4426.72862255     1.84348e-17     
4432.2528425      1.67397e-17     
4437.77706245     2.69788e-17     
4443.3012824      1.57986e-17     
4448.82550235     1.18307e-17     
4454.34972231     6.45388e-18     
4459.87394226     8.02612e-18     
4465.39816221     1.2894e-17      
4470.92238216     8.21067e-18     
4476.44660211     4.62076e-18     
4481.97082206     7.7401e-18      
4487.49504202     1.748e-18       
4493.01926197     4.54012e-18     
4498.54348192     7.40374e-18     
4504.06770187     1.16548e-17     
4509.59192182     9.62962e-18     
4515.11614177     5.9618e-18      
4520.64036173     1.06809e-17     
4526.16458168     6.84145e-19     
4531.68880163     9.19339e-18     
4537.21302158     6.89693e-18     
4542.73724153     7.3614e-18      
4548.26146148     1.16534e-17     
4553.78568144     -1.12308e-19    
4559.30990139     1.25369e-17     
4564.83412134     1.14786e-17     
4570.35834129     -9.5302e-19     
4575.88256124     1.44644e-17     
4581.40678119     7.43734e-18     
4586.93100115     8.49465e-18     
4592.4552211      8.51093e-18     
4597.97944105     -1.74939e-18    
4603.503661       -4.03367e-18    
4609.02788095     8.31308e-18     
4614.55210091     2.16231e-18     
4620.07632086     -3.07784e-18    
4625.60054081     -2.15673e-18    
4631.12476076     3.44545e-18     
4636.64898071     4.33534e-18     
4642.17320066     9.97538e-18     
4647.69742062     8.31831e-18     
4653.22164057     3.30182e-18     
4658.74586052     8.86204e-18     
4664.27008047     2.34101e-19     
4669.79430042     2.82055e-18     
4675.31852037     9.08486e-18     
4680.84274033     3.65555e-18     
4686.36696028     7.10379e-18     
4691.89118023     2.17056e-18     
4697.41540018     8.79038e-18     
4702.93962013     9.98779e-18     
4708.46384008     1.04565e-17     
4713.98806004     1.25258e-17     
4719.51227999     1.48282e-17     
4725.03649994     6.23424e-18     
4730.56071989     1.35977e-17     
4736.08493984     1.42419e-17     
4741.60915979     6.06221e-18     
4747.13337975     1.06149e-17     
4752.6575997      5.21002e-18     
4758.18181965     3.76391e-19     
4763.7060396      8.81594e-19     
4769.23025955     9.32249e-18     
4774.7544795      7.02143e-18     
4780.27869946     1.35638e-17     
4785.80291941     1.19134e-17     
4791.32713936     5.01744e-18     
4796.85135931     6.88379e-18     
4802.37557926     3.25536e-18     
4807.89979921     9.53815e-18     
4813.42401917     7.90673e-18     
4818.94823912     7.73353e-18     
4824.47245907     8.54696e-18     
4829.99667902     1.07268e-17     
4835.52089897     1.02241e-17     
4841.04511892     9.90972e-18     
4846.56933888     5.46573e-18     
4852.09355883     8.0967e-18      
4857.61777878     8.74764e-18     
4863.14199873     9.07586e-20     
4868.66621868     1.02337e-17     
4874.19043863     5.73311e-18     
4879.71465859     1.20184e-17     
4885.23887854     5.00059e-18     
4890.76309849     1.56426e-19     
4896.28731844     9.32433e-19     
4901.81153839     6.8674e-18      
4907.33575834     1.05676e-17     
4912.8599783      1.38851e-17     
4918.38419825     1.09509e-17     
4923.9084182      8.93005e-18     
4929.43263815     1.3574e-17      
4934.9568581      1.66186e-17     
4940.48107805     2.00344e-17     
4946.00529801     2.05448e-17     
4951.52951796     1.92949e-17     
4957.05373791     7.73176e-18     
4962.57795786     1.4859e-17      
4968.10217781     1.13104e-17     
4973.62639776     1.09249e-17     
4979.15061772     1.08062e-17     
4984.67483767     1.35802e-17     
4990.19905762     1.9836e-17      
4995.72327757     2.53387e-17     
5001.24749752     1.9445e-17      
5006.77171747     1.80251e-17     
5012.29593743     1.90668e-17     
5017.82015738     1.76816e-17     
5023.34437733     1.75324e-17     
5028.86859728     1.75645e-17     
5034.39281723     2.41214e-17     
5039.91703718     1.61925e-17     
5045.44125714     1.72108e-17     
5050.96547709     1.47366e-17     
5056.48969704     1.40892e-17     
5062.01391699     2.24196e-17     
5067.53813694     2.19672e-17     
5073.0623569      1.62272e-17     
5078.58657685     1.86499e-17     
5084.1107968      1.36178e-17     
5089.63501675     1.97628e-17     
5095.1592367      1.88345e-17     
5100.68345665     1.22353e-17     
5106.20767661     1.58449e-17     
5111.73189656     1.27756e-17     
5117.25611651     1.2342e-17      
5122.78033646     1.43161e-17     
5128.30455641     1.6697e-17      
5133.82877636     1.37183e-17     
5139.35299632     9.71456e-18     
5144.87721627     1.22242e-17     
5150.40143622     1.54494e-17     
5155.92565617     9.42487e-18     
5161.44987612     9.25324e-18     
5166.97409607     6.79084e-18     
5172.49831603     6.84119e-18     
5178.02253598     1.26501e-17     
5183.54675593     9.24426e-18     
5189.07097588     8.78954e-18     
5194.59519583     1.08508e-17     
5200.11941578     1.03567e-17     
5205.64363574     1.09516e-17     
5211.16785569     7.57163e-18     
5216.69207564     1.01612e-17     
5222.21629559     5.73626e-18     
5227.74051554     1.73331e-17     
5233.26473549     6.36079e-18     
5238.78895545     1.45359e-17     
5244.3131754      8.42866e-18     
5249.83739535     1.53079e-17     
5255.3616153      1.52498e-17     
5260.88583525     1.48494e-17     
5266.4100552      1.14725e-17     
5271.93427516     1.55475e-17     
5277.45849511     2.03956e-17     
5282.98271506     1.29806e-17     
5288.50693501     1.74683e-17     
5294.03115496     1.74991e-17     
5299.55537491     2.0623e-17      
5305.07959487     2.35698e-17     
5310.60381482     1.78057e-17     
5316.12803477     2.34556e-17     
5321.65225472     2.6316e-17      
5327.17647467     1.74989e-17     
5332.70069462     1.84399e-17     
5338.22491458     1.91995e-17     
5343.74913453     1.98349e-17     
5349.27335448     1.33869e-17     
5354.79757443     1.39788e-17     
5360.32179438     1.55768e-17     
5365.84601433     9.21782e-18     
5371.37023429     1.42272e-17     
5376.89445424     7.37353e-18     
5382.41867419     1.30055e-17     
5387.94289414     2.30127e-17     
5393.46711409     8.74551e-18     
5398.99133404     1.39489e-17     
5404.515554       1.3948e-17      
5410.03977395     2.97055e-18     
5415.5639939      2.01276e-17     
5421.08821385     2.45199e-17     
5426.6124338      9.17479e-18     
5432.13665375     1.78479e-17     
5437.66087371     1.28255e-17     
5443.18509366     1.72165e-17     
5448.70931361     1.67319e-17     
5454.23353356     1.94197e-17     
5459.75775351     1.8002e-17      
5465.28197346     2.20007e-17     
5470.80619342     1.89874e-17     
5476.33041337     1.10753e-17     
5481.85463332     8.98654e-18     
5487.37885327     1.12264e-17     
5492.90307322     1.33843e-17     
5498.42729317     1.30121e-17     
5503.95151313     9.49866e-18     
5509.47573308     8.85887e-18     
5514.99995303     1.08977e-17     
5520.52417298     1.24414e-17     
5526.04839293     1.21705e-17     
5531.57261289     8.42973e-18     
5537.09683284     7.19877e-18     
5542.62105279     9.68267e-18     
5548.14527274     1.32652e-17     
5553.66949269     3.46383e-18     
5559.19371264     6.66147e-18     
5564.7179326      1.34258e-17     
5570.24215255     9.70363e-18     
5575.7663725      1.08216e-17     
5581.29059245     1.28471e-17     
5586.8148124      1.45302e-17     
5592.33903235     1.23094e-17     
5597.86325231     1.14843e-17     
5603.38747226     1.39884e-17     
5608.91169221     1.20477e-17     
5614.43591216     -3.26516e-19    
5619.96013211     1.62613e-17     
5625.48435206     9.58137e-18     
5631.00857202     1.25215e-17     
5636.53279197     1.36056e-17     
5642.05701192     1.82383e-17     
5647.58123187     1.36393e-17     
5653.10545182     1.20884e-17     
5658.62967177     1.84525e-17     
5664.15389173     8.45585e-18     
5669.67811168     1.49391e-17     
5675.20233163     1.33571e-17     
5680.72655158     1.1765e-17      
5686.25077153     1.2016e-17      
5691.77499148     9.36816e-18     
5697.29921144     1.51381e-17     
5702.82343139     7.93095e-18     
5708.34765134     1.87969e-17     
5713.87187129     1.68845e-17     
5719.39609124     1.4538e-17      
5724.92031119     2.00096e-17     
5730.44453115     1.3199e-17      
5735.9687511      8.08123e-18     
5741.49297105     1.98932e-17     
5747.017191       1.13319e-17     
5752.54141095     1.70253e-17     
5758.0656309      1.41275e-17     
5763.58985086     1.60224e-17     
5769.11407081     1.65324e-17     
5774.63829076     1.83415e-17     
5780.16251071     1.12764e-17     
5785.68673066     1.55517e-17     
5791.21095061     1.09721e-17     
5796.73517057     2.12829e-17     
5802.25939052     1.23546e-17     
5807.78361047     1.64448e-17     
5813.30783042     1.86711e-17     
5818.83205037     1.86808e-17     
5824.35627032     1.03767e-17     
5829.88049028     1.7768e-17      
5835.40471023     1.12985e-17     
5840.92893018     1.72044e-17     
5846.45315013     2.5483e-17      
5851.97737008     1.6272e-17      
5857.50159003     2.04817e-17     
5863.02580999     1.10372e-17     
5868.55002994     8.53098e-18     
5874.07424989     2.00812e-17     
5879.59846984     1.23142e-17     
5885.12268979     1.22963e-17     
5890.64690974     1.5083e-17      
5896.1711297      1.29568e-17     
5901.69534965     1.43335e-17     
5907.2195696      1.63572e-17     
5912.74378955     1.3536e-17      
5918.2680095      4.99705e-18     
5923.79222945     1.39584e-17     
5929.31644941     1.19571e-17     
5934.84066936     1.42848e-17     
5940.36488931     1.96865e-17     
5945.88910926     1.43309e-17     
5951.41332921     1.70053e-17     
5956.93754916     1.7159e-17      
5962.46176912     1.47099e-17     
5967.98598907     1.09103e-17     
5973.51020902     2.2296e-17      
5979.03442897     1.80843e-17     
5984.55864892     1.43615e-17     
5990.08286888     1.37211e-17     
5995.60708883     1.42327e-17     
6001.13130878     1.06483e-17     
6006.65552873     1.09562e-17     
6012.17974868     1.79706e-17     
6017.70396863     1.3902e-17      
6023.22818859     1.43868e-17     
6028.75240854     1.59699e-17     
6034.27662849     1.2131e-17      
6039.80084844     1.57647e-17     
6045.32506839     1.4166e-17      
6050.84928834     1.51795e-17     
6056.3735083      1.8616e-17      
6061.89772825     1.29901e-17     
6067.4219482      1.46493e-17     
6072.94616815     1.4369e-17      
6078.4703881      1.23626e-17     
6083.99460805     1.71783e-17     
6089.51882801     1.81147e-17     
6095.04304796     2.0725e-17      
6100.56726791     1.31734e-17     
6106.09148786     2.19917e-17     
6111.61570781     3.51798e-17     
6117.13992776     2.03401e-17     
6122.66414772     2.02047e-17     
6128.18836767     1.78429e-17     
6133.71258762     2.39822e-17     
6139.23680757     2.1553e-17      
6144.76102752     9.44859e-18     
6150.28524747     1.66544e-17     
6155.80946743     1.6905e-17      
6161.33368738     2.11623e-17     
6166.85790733     1.51833e-17     
6172.38212728     1.36855e-17     
6177.90634723     1.96894e-17     
6183.43056718     9.22003e-18     
6188.95478714     1.66822e-17     
6194.47900709     1.22706e-17     
6200.00322704     1.41401e-17     
6205.52744699     1.30138e-17     
6211.05166694     1.43931e-17     
6216.57588689     1.2089e-17      
6222.10010685     9.11989e-18     
6227.6243268      1.18804e-17     
6233.14854675     8.7851e-18      
6238.6727667      1.63206e-17     
6244.19698665     1.51919e-17     
6249.7212066      1.05557e-17     
6255.24542656     9.15226e-18     
6260.76964651     8.54628e-18     
6266.29386646     1.59381e-17     
6271.81808641     1.83299e-17     
6277.34230636     1.18451e-17     
6282.86652631     1.6709e-17      
6288.39074627     1.45654e-17     
6293.91496622     1.70705e-17     
6299.43918617     2.11544e-17     
6304.96340612     1.32213e-17     
6310.48762607     5.83415e-18     
6316.01184602     1.13133e-17     
6321.53606598     1.02217e-17     
6327.06028593     1.20848e-17     
6332.58450588     1.35356e-17     
6338.10872583     1.25562e-17     
6343.63294578     1.63906e-17     
6349.15716573     1.74192e-17     
6354.68138569     1.70586e-17     
6360.20560564     1.401e-17       
6365.72982559     1.43947e-17     
6371.25404554     1.46424e-17     
6376.77826549     1.12743e-17     
6382.30248544     1.56673e-17     
6387.8267054      1.09997e-17     
6393.35092535     1.44101e-17     
6398.8751453      1.18051e-17     
6404.39936525     7.3987e-18      
6409.9235852      1.05151e-17     
6415.44780515     1.5102e-17      
6420.97202511     1.32857e-17     
6426.49624506     1.31247e-17     
6432.02046501     1.47201e-17     
6437.54468496     1.35675e-17     
6443.06890491     1.01351e-17     
6448.59312486     1.27334e-17     
6454.11734482     6.34033e-18     
6459.64156477     1.40555e-17     
6465.16578472     7.68415e-18     
6470.69000467     1.08899e-17     
6476.21422462     1.69934e-17     
6481.73844458     7.94161e-18     
6487.26266453     1.32734e-17     
6492.78688448     1.73475e-17     
6498.31110443     1.71835e-17     
6503.83532438     1.43803e-17     
6509.35954433     1.1275e-17      
6514.88376429     1.38296e-17     
6520.40798424     1.18766e-17     
6525.93220419     1.08526e-17     
6531.45642414     1.35808e-17     
6536.98064409     1.33597e-17     
6542.50486404     1.38735e-17     
6548.029084       1.08962e-17     
6553.55330395     6.06572e-18     
6559.0775239      5.51362e-18     
6564.60174385     1.48498e-17     
6570.1259638      2.05302e-17     
6575.65018375     9.70599e-18     
6581.17440371     1.0923e-17      
6586.69862366     1.52492e-17     
6592.22284361     1.35403e-17     
6597.74706356     1.50742e-17     
6603.27128351     1.77976e-17     
6608.79550346     1.32548e-17     
6614.31972342     2.02758e-17     
6619.84394337     1.61225e-17     
6625.36816332     1.5322e-17      
6630.89238327     1.39613e-17     
6636.41660322     1.51085e-17     
6641.94082317     1.06404e-17     
6647.46504313     1.4299e-17      
6652.98926308     8.61344e-18     
6658.51348303     1.14436e-17     
6664.03770298     1.66124e-17     
6669.56192293     1.62053e-17     
6675.08614288     1.04384e-17     
6680.61036284     1.3732e-17      
6686.13458279     8.59644e-18     
6691.65880274     8.09586e-18     
6697.18302269     1.39063e-17     
6702.70724264     1.20049e-17     
6708.23146259     1.08698e-17     
6713.75568255     1.15822e-17     
6719.2799025      1.06119e-17     
6724.80412245     9.64437e-18     
6730.3283424      8.15403e-18     
6735.85256235     9.2972e-18      
6741.3767823      1.4375e-17      
6746.90100226     1.53036e-17     
6752.42522221     1.26708e-17     
6757.94944216     1.14484e-17     
6763.47366211     1.79265e-17     
6768.99788206     1.41565e-17     
6774.52210201     1.09363e-17     
6780.04632197     1.3101e-17      
6785.57054192     7.84253e-18     
6791.09476187     1.10331e-17     
6796.61898182     7.99596e-18     
6802.14320177     8.73765e-18     
6807.66742172     1.07612e-17     
6813.19164168     1.28629e-17     
6818.71586163     1.47775e-17     
6824.24008158     9.88984e-18     
6829.76430153     5.66384e-18     
6835.28852148     1.0634e-17      
6840.81274143     1.20585e-17     
6846.33696139     1.23027e-17     
6851.86118134     1.12348e-17     
6857.38540129     1.07604e-17     
6862.90962124     1.60548e-17     
6868.43384119     1.2432e-17      
6873.95806114     9.53519e-18     
6879.4822811      1.33967e-17     
6885.00650105     6.02742e-18     
6890.530721       9.31157e-18     
6896.05494095     1.52797e-17     
6901.5791609      1.2281e-17      
6907.10338085     1.25243e-17     
6912.62760081     8.58846e-18     
6918.15182076     6.826e-18       
6923.67604071     1.00892e-17     
6929.20026066     5.69115e-18     
6934.72448061     3.03298e-18     
6940.24870057     8.77084e-18     
6945.77292052     1.23775e-17     
6951.29714047     1.25162e-17     
6956.82136042     1.24451e-17     
6962.34558037     4.27069e-18     
6967.86980032     3.38176e-18     
6973.39402028     4.02268e-18     
6978.91824023     2.39093e-18     
6984.44246018     4.37771e-18     
6989.96668013     6.42576e-18     
6995.49090008     9.0493e-18      
7001.01512003     9.68213e-18     
7006.53933999     2.39705e-18     
7012.06355994     1.14108e-17     
7017.58777989     4.78795e-18     
7023.11199984     1.45594e-17     
7028.63621979     1.25517e-17     
7034.16043974     1.17234e-17     
7039.6846597      1.39984e-17     
7045.20887965     1.08836e-17     
7050.7330996      1.10569e-17     
7056.25731955     1.60151e-17     
7061.7815395      1.58222e-17     
7067.30575945     1.62234e-17     
7072.82997941     1.53856e-17     
7078.35419936     1.7899e-17      
7083.87841931     1.88739e-17     
7089.40263926     1.93834e-17     
7094.92685921     1.8782e-17      
7100.45107916     1.91438e-17     
7105.97529912     2.17416e-17     
7111.49951907     2.15168e-17     
7117.02373902     2.06544e-17     
7122.54795897     2.17659e-17     
7128.07217892     2.06329e-17     
7133.59639887     2.2055e-17      
7139.12061883     1.83672e-17     
7144.64483878     2.47933e-17     
7150.16905873     2.02923e-17     
7155.69327868     2.17599e-17     
7161.21749863     1.71808e-17     
7166.74171858     1.86999e-17     
7172.26593854     1.77086e-17     
7177.79015849     1.72819e-17     
7183.31437844     2.21833e-17     
7188.83859839     2.27257e-17     
7194.36281834     1.78957e-17     
7199.88703829     1.75079e-17     
7205.41125825     1.98827e-17     
7210.9354782      2.19405e-17     
7216.45969815     2.11946e-17     
7221.9839181      1.927e-17       
7227.50813805     1.82384e-17     
7233.032358       1.80985e-17     
7238.55657796     1.04928e-17     
7244.08079791     9.301e-18       
7249.60501786     1.39983e-17     
7255.12923781     1.32374e-17     
7260.65345776     1.61298e-17     
7266.17767771     2.02725e-17     
7271.70189767     2.265e-17       
7277.22611762     1.28002e-17     
7282.75033757     1.87682e-17     
7288.27455752     1.71658e-17     
7293.79877747     1.37954e-17     
7299.32299742     1.91789e-17     
7304.84721738     1.25376e-17     
7310.37143733     1.35511e-17     
7315.89565728     1.84728e-17     
7321.41987723     1.02455e-17     
7326.94409718     1.25541e-17     
7332.46831713     1.66656e-17     
7337.99253709     1.23315e-17     
7343.51675704     1.52788e-17     
7349.04097699     1.86464e-17     
7354.56519694     1.92308e-17     
7360.08941689     1.5976e-17      
7365.61363684     1.52222e-17     
7371.1378568      1.85378e-17     
7376.66207675     1.5511e-17      
7382.1862967      1.32486e-17     
7387.71051665     1.34415e-17     
7393.2347366      1.20037e-17     
7398.75895656     9.26329e-18     
7404.28317651     8.20285e-18     
7409.80739646     1.53549e-17     
7415.33161641     1.23422e-17     
7420.85583636     1.51711e-17     
7426.38005631     1.33814e-17     
7431.90427627     1.14731e-17     
7437.42849622     1.75435e-17     
7442.95271617     1.20839e-17     
7448.47693612     9.55814e-18     
7454.00115607     8.45128e-18     
7459.52537602     1.25611e-17     
7465.04959598     6.88258e-18     
7470.57381593     7.5094e-18      
7476.09803588     1.6216e-17      
7481.62225583     1.33797e-17     
7487.14647578     2.63084e-18     
7492.67069573     7.93995e-18     
7498.19491569     1.17848e-17     
7503.71913564     7.51386e-18     
7509.24335559     5.46344e-18     
7514.76757554     9.13233e-18     
7520.29179549     1.78253e-17     
7525.81601544     1.43032e-17     
7531.3402354      9.98076e-18     
7536.86445535     1.22724e-17     
7542.3886753      8.72659e-18     
7547.91289525     1.01852e-17     
7553.4371152      1.4488e-17      
7558.96133515     1.16633e-17     
7564.48555511     7.65218e-18     
7570.00977506     1.31061e-17     
7575.53399501     9.62963e-18     
7581.05821496     7.38905e-18     
7586.58243491     8.49322e-18     
7592.10665486     5.26425e-18     
7597.63087482     8.03365e-18     
7603.15509477     7.50808e-18     
7608.67931472     7.59077e-18     
7614.20353467     9.27973e-18     
7619.72775462     6.72943e-18     
7625.25197457     6.88514e-18     
7630.77619453     6.51992e-18     
7636.30041448     9.93468e-18     
7641.82463443     6.37857e-18     
7647.34885438     9.59353e-18     
7652.87307433     1.05337e-17     
7658.39729428     9.98729e-18     
7663.92151424     1.41985e-17     
7669.44573419     1.23265e-17     
7674.96995414     9.5202e-18      
7680.49417409     1.00335e-17     
7686.01839404     1.30273e-17     
7691.54261399     5.18013e-18     
7697.06683395     1.51377e-17     
7702.5910539      1.41371e-17     
7708.11527385     7.9362e-18      
7713.6394938      8.8837e-18      
7719.16371375     7.32801e-18     
7724.6879337      8.0376e-18      
7730.21215366     5.31639e-18     
7735.73637361     9.94921e-18     
7741.26059356     1.63541e-17     
7746.78481351     1.71691e-17     
7752.30903346     8.89683e-18     
7757.83325341     1.18352e-17     
7763.35747337     1.60633e-17     
7768.88169332     1.50973e-17     
7774.40591327     1.12433e-17     
7779.93013322     4.8868e-18      
7785.45435317     4.74517e-18     
7790.97857312     1.07091e-17     
7796.50279308     1.62111e-17     
7802.02701303     1.61468e-17     
7807.55123298     1.65414e-17     
7813.07545293     1.10834e-17     
7818.59967288     8.95984e-18     
7824.12389283     6.71205e-18     
7829.64811279     5.47201e-18     
7835.17233274     8.36756e-18     
7840.69655269     1.0111e-17      
7846.22077264     1.52331e-17     
7851.74499259     6.39967e-18     
7857.26921255     -9.87915e-19    
7862.7934325      4.6615e-18      
7868.31765245     5.86556e-18     
7873.8418724      5.21259e-18     
7879.36609235     1.09721e-17     
7884.8903123      3.48808e-18     
7890.41453226     1.19457e-17     
7895.93875221     1.05044e-17     
7901.46297216     9.95239e-18     
7906.98719211     2.21778e-18     
7912.51141206     -5.71161e-18    
7918.03563201     8.81383e-18     
7923.55985197     9.80675e-18     
7929.08407192     6.54636e-18     
7934.60829187     9.65493e-18     
7940.13251182     1.05747e-17     
7945.65673177     5.6055e-18      
7951.18095172     8.86825e-18     
7956.70517168     9.53687e-18     
7962.22939163     6.96816e-18     
7967.75361158     1.2225e-17      
7973.27783153     9.70522e-18     
7978.80205148     8.17452e-18     
7984.32627143     6.65013e-18     
7989.85049139     1.42502e-17     
7995.37471134     1.22557e-17     
8000.89893129     -6.60161e-20    
8006.42315124     7.02708e-18     
8011.94737119     5.6324e-18      
8017.47159114     6.67015e-18     
8022.9958111      5.86651e-18     
8028.52003105     1.03473e-17     
8034.044251       9.92014e-19     
8039.56847095     5.05e-18        
8045.0926909      7.35301e-18     
8050.61691085     4.55509e-18     
8056.14113081     8.07388e-18     
8061.66535076     1.10292e-17     
8067.18957071     8.69956e-18     
8072.71379066     1.09908e-17     
8078.23801061     1.07683e-17     
8083.76223056     1.13e-17        
8089.28645052     1.20275e-17     
8094.81067047     1.10966e-17     
8100.33489042     9.80351e-18     
8105.85911037     2.52628e-18     
8111.38333032     4.49613e-18     
8116.90755027     7.08764e-18     
8122.43177023     1.39178e-17     
8127.95599018     9.09087e-18     
8133.48021013     4.42851e-18     
8139.00443008     5.2318e-18      
8144.52865003     1.03775e-17     
8150.05286998     1.51181e-17     
8155.57708994     1.29896e-17     
8161.10130989     1.30471e-17     
8166.62552984     1.15039e-17     
8172.14974979     9.61079e-18     
8177.67396974     1.12604e-17     
8183.19818969     1.50164e-17     
8188.72240965     6.58424e-18     
8194.2466296      5.92964e-18     
8199.77084955     8.67394e-18     
8205.2950695      3.5417e-18      
8210.81928945     7.93396e-18     
8216.3435094      9.02344e-18     
8221.86772936     4.53075e-18     
8227.39194931     8.85888e-18     
8232.91616926     8.58499e-18     
8238.44038921     5.52838e-18     
8243.96460916     6.50289e-18     
8249.48882911     2.61459e-18     
8255.01304907     4.17736e-18     
8260.53726902     1.07295e-17     
8266.06148897     8.78441e-18     
8271.58570892     8.42894e-18     
8277.10992887     5.41018e-18     
8282.63414882     7.1675e-18      
8288.15836878     3.4767e-18      
8293.68258873     1.26878e-17     
8299.20680868     1.22388e-17     
8304.73102863     1.19598e-17     
8310.25524858     1.21346e-17     
8315.77946853     5.68935e-18     
8321.30368849     6.29296e-18     
8326.82790844     5.85826e-18     
8332.35212839     -5.86585e-19    
8337.87634834     -5.36222e-18    
8343.40056829     3.20233e-18     
8348.92478825     4.88776e-18     
8354.4490082      1.09851e-17     
8359.97322815     8.81147e-18     
8365.4974481      7.35457e-18     
8371.02166805     1.19963e-17     
8376.545888       7.46694e-18     
8382.07010796     8.69681e-18     
8387.59432791     1.21766e-17     
8393.11854786     5.83748e-18     
8398.64276781     1.82636e-18     
8404.16698776     5.74716e-18     
8409.69120771     2.45232e-18     
8415.21542767     3.93723e-18     
8420.73964762     7.3032e-18      
8426.26386757     2.50491e-18     
8431.78808752     1.05939e-17     
8437.31230747     -3.10728e-18    
8442.83652742     4.92106e-18     
8448.36074738     1.12084e-17     
8453.88496733     6.98928e-18     
8459.40918728     1.04457e-17     
8464.93340723     7.25913e-18     
8470.45762718     4.19349e-18     
8475.98184713     -7.2296e-19     
8481.50606709     7.52796e-18     
8487.03028704     1.01829e-17     
8492.55450699     6.76064e-18     
8498.07872694     5.94347e-18     
8503.60294689     3.03762e-18     
8509.12716684     4.44989e-18     
8514.6513868      3.95238e-18     
8520.17560675     8.83952e-18     
8525.6998267      1.11178e-17     
8531.22404665     6.69886e-18     
8536.7482666      5.52993e-18     
8542.27248655     4.29812e-18     
8547.79670651     8.66342e-18     
8553.32092646     6.80442e-18     
8558.84514641     7.92182e-18     
8564.36936636     1.53603e-17     
8569.89358631     7.19797e-18     
8575.41780626     3.67225e-18     
8580.94202622     8.94945e-18     
8586.46624617     1.43912e-17     
8591.99046612     8.1233e-18      
8597.51468607     1.39935e-17     
8603.03890602     3.33675e-18     
8608.56312597     3.62328e-18     
8614.08734593     2.49628e-18     
8619.61156588     4.76282e-18     
8625.13578583     1.22874e-17     
8630.66000578     1.54698e-17     
8636.18422573     1.07277e-17     
8641.70844568     3.50213e-18     
8647.23266564     1.6446e-18      
8652.75688559     6.99017e-18     
8658.28110554     7.121e-18       
8663.80532549     2.32994e-18     
8669.32954544     -4.31295e-19    
8674.85376539     4.12507e-18     
8680.37798535     1.73903e-17     
8685.9022053      1.38775e-17     
8691.42642525     4.14672e-19     
8696.9506452      5.06048e-18     
8702.47486515     6.74857e-18     
8707.9990851      7.81294e-18     
8713.52330506     1.03505e-17     
8719.04752501     1.00316e-18     
8724.57174496     9.76393e-18     
8730.09596491     4.11307e-18     
8735.62018486     1.25708e-17     
8741.14440481     1.32301e-17     
8746.66862477     9.02868e-18     
8752.19284472     1.23461e-17     
8757.71706467     1.14031e-17     
8763.24128462     7.73829e-18     
8768.76550457     2.76395e-17     
8774.28972452     4.49173e-18     
8779.81394448     2.70645e-18     
8785.33816443     6.52063e-18     
8790.86238438     1.29939e-17     
8796.38660433     1.42609e-18     
8801.91082428     1.4223e-17      
8807.43504424     1.21773e-17     
8812.95926419     1.05951e-17     
8818.48348414     1.35479e-17     
8824.00770409     2.12261e-17     
8829.53192404     3.4441e-17      
8835.05614399     1.2377e-17      
8840.58036395     1.87403e-17     
8846.1045839      2.90685e-17     
8851.62880385     7.23736e-18     
8857.1530238      7.22344e-18     
8862.67724375     7.03436e-18     
8868.2014637      3.64918e-18     
8873.72568366     3.83584e-18     
8879.24990361     8.88163e-18     
8884.77412356     1.1139e-18      
8890.29834351     -5.75329e-20    
8895.82256346     2.50516e-18     
8901.34678341     1.80088e-17     
8906.87100337     6.0985e-18      
8912.39522332     -1.05792e-17    
8917.91944327     2.73153e-18     
8923.44366322     4.15924e-18     
8928.96788317     -9.16306e-18    
8934.49210312     -9.55792e-18    
8940.01632308     6.91806e-18     
8945.54054303     2.80976e-20     
8951.06476298     2.2408e-18      
8956.58898293     -1.04016e-17    
8962.11320288     -1.99285e-17    
8967.63742283     -7.74353e-19    
8973.16164279     1.63534e-17     
8978.68586274     3.44826e-18     
8984.21008269     5.35394e-18     
8989.73430264     1.08886e-17     
8995.25852259     1.14246e-17     
9000.78274254     1.03474e-17     
9006.3069625      1.07072e-17     
9011.83118245     8.73853e-18     
9017.3554024      9.63295e-18     
9022.87962235     7.62557e-18     
9028.4038423      -6.09943e-18    
9033.92806225     5.19939e-18     
9039.45228221     3.37084e-18     
9044.97650216     1.41639e-19     
9050.50072211     -5.72431e-18    
9056.02494206     6.38493e-18     
9061.54916201     1.41003e-18     
9067.07338196     5.54722e-18     
9072.59760192     4.22937e-18     
9078.12182187     -1.43233e-18    
9083.64604182     8.11097e-18     
9089.17026177     -6.97654e-18    
9094.69448172     1.17586e-17     
9100.21870167     6.64131e-18     
9105.74292163     1.10847e-17     
9111.26714158     9.98736e-18     
9116.79136153     1.01883e-17     
9122.31558148     1.01955e-17     
9127.83980143     -1.49303e-18    
9133.36402138     2.77052e-18     
9138.88824134     7.73785e-18     
9144.41246129     1.79745e-17     
9149.93668124     1.54421e-18     
9155.46090119     1.42935e-17     
9160.98512114     1.37936e-17     
9166.50934109     1.1267e-17      
9172.03356105     1.0489e-17      
9177.557781       1.03224e-17     
9183.08200095     1.0235e-17      
9188.6062209      4.4804e-18      
9194.13044085     2.31648e-18     
9199.6546608      4.32103e-18     
9205.17888076     5.4711e-19      
9210.70310071     -1.01444e-17    
9216.22732066     -3.80968e-18    
9221.75154061     3.97236e-18     
9227.27576056     8.31267e-18     
9232.79998051     6.7024e-18      
9238.32420047     6.88062e-18     
9243.84842042     1.42982e-17     
9249.37264037     7.48989e-18     
