  8093.3300 6.20593e-14 4.64212e-14
  8095.1000 6.08208e-14 4.53380e-14
  8096.8800 1.29260e-13 1.34583e-14
  8098.6500 1.33997e-13 7.40836e-15
  8100.4300 1.26135e-13 2.99049e-15
  8102.2000 1.23362e-13 2.61534e-15
  8103.9700 1.26061e-13 3.49472e-15
  8105.7400 1.27731e-13 2.92393e-15
  8107.5100 1.28477e-13 2.80748e-15
  8109.2700 1.26685e-13 2.77223e-15
  8111.0400 1.26919e-13 3.68469e-15
  8112.8000 1.27452e-13 3.91491e-15
  8114.5700 1.28408e-13 4.15513e-15
  8116.3300 1.28616e-13 3.25440e-15
  8118.0900 1.30549e-13 3.04718e-15
  8119.8600 1.28947e-13 3.24071e-15
  8121.6200 1.30161e-13 3.43376e-15
  8123.3800 1.31738e-13 2.85859e-15
  8125.1400 1.30616e-13 3.34704e-15
  8126.9100 1.32473e-13 3.31892e-15
  8128.6700 1.33198e-13 4.55316e-15
  8130.4300 1.34261e-13 4.82607e-15
  8132.1900 1.34152e-13 3.46682e-15
  8133.9500 1.33492e-13 3.80236e-15
  8135.7100 1.33449e-13 3.41941e-15
  8137.4800 1.32724e-13 3.57899e-15
  8139.2400 1.33522e-13 3.20307e-15
  8141.0000 1.34311e-13 2.52713e-15
  8142.7600 1.36006e-13 9.10130e-16
  8144.5300 1.37506e-13 1.91550e-15
  8146.2900 1.37489e-13 3.38820e-15
  8148.0600 1.36971e-13 2.90954e-15
  8149.8200 1.33851e-13 3.12812e-15
  8151.5900 1.35854e-13 3.26478e-15
  8153.3500 1.33955e-13 3.24566e-15
  8155.1200 1.33972e-13 3.45556e-15
  8156.8900 1.35065e-13 3.12984e-15
  8158.6600 1.33347e-13 3.25203e-15
  8160.4300 1.31008e-13 3.20491e-15
  8162.2000 1.28681e-13 2.98341e-15
  8163.9800 1.25687e-13 3.05603e-15
  8165.7500 1.24959e-13 3.18978e-15
  8167.5300 1.26572e-13 3.21811e-15
  8169.3200 1.23612e-13 2.78136e-15
  8171.0900 1.23154e-13 3.14942e-15
  8172.8600 1.20996e-13 2.03406e-15
  8174.6400 1.24140e-13 2.49799e-15
  8176.4300 1.26331e-13 3.40164e-15
  8178.2100 1.26246e-13 2.82605e-15
  8180.0000 1.22384e-13 2.36213e-15
  8181.7900 1.21292e-13 2.63301e-15
  8183.5700 1.23028e-13 2.85624e-15
  8185.3700 1.23520e-13 2.35186e-15
  8187.1600 1.24622e-13 2.39451e-15
  8188.9500 1.24145e-13 3.41145e-15
  8190.7500 1.08464e-13 1.27505e-14
  8192.5500 1.24439e-13 2.67492e-15
  8194.3500 1.23539e-13 3.83075e-15
  8196.1500 1.24754e-13 4.19058e-15
  8197.9600 1.24704e-13 4.30438e-15
  8199.7600 1.22654e-13 3.92429e-15
  8201.5700 1.21890e-13 3.64079e-15
  8203.3800 1.21125e-13 2.92527e-15
  8205.2000 1.22978e-13 3.09632e-15
  8207.0100 1.23845e-13 1.82758e-15
  8208.8300 1.22071e-13 2.81040e-15
  8210.6500 1.22975e-13 2.73711e-15
  8212.4700 1.24049e-13 2.70304e-15
  8214.3000 1.25897e-13 2.91140e-15
  8216.1300 1.24871e-13 3.66404e-15
  8217.9600 1.28167e-13 2.79110e-15
  8219.7900 1.33944e-13 2.24502e-15
  8221.6200 1.35008e-13 2.60318e-15
  8223.4600 1.35505e-13 2.02674e-15
  8225.3000 1.35180e-13 2.46274e-15
  8227.1400 1.32022e-13 2.81129e-15
  8228.9900 1.27247e-13 2.78666e-15
  8230.8300 1.22148e-13 2.45760e-15
  8232.6800 1.16692e-13 2.85506e-15
  8234.5400 1.12327e-13 2.11459e-15
  8236.3900 1.09414e-13 2.99760e-15
  8238.2500 1.05971e-13 3.00209e-15
  8240.1000 1.04516e-13 2.47999e-15
  8241.9800 1.04445e-13 2.46120e-15
  8243.8400 1.06330e-13 2.79248e-15
  8245.7100 1.05799e-13 2.54864e-15
  8247.5900 1.04857e-13 2.67285e-15
  8249.4600 1.04877e-13 2.96027e-15
  8251.3400 1.04751e-13 2.12825e-15
  8253.2200 1.03373e-13 2.54645e-15
  8255.1100 1.01768e-13 2.58959e-15
  8256.9900 1.01316e-13 1.93815e-15
  8258.8800 9.90183e-14 1.99990e-15
  8260.7800 9.66555e-14 2.08487e-15
  8262.6700 9.46289e-14 2.39722e-15
  8264.5700 9.30865e-14 1.66745e-15
  8266.4800 9.21424e-14 2.03803e-15
  8268.3800 9.09114e-14 2.28961e-15
  8270.2900 8.92499e-14 2.16358e-15
  8272.2000 8.82208e-14 1.98082e-15
  8274.1200 8.68697e-14 1.77475e-15
  8276.0400 8.54730e-14 2.22687e-15
  8277.9600 8.27044e-14 1.83737e-15
  8279.8800 7.90680e-14 1.99681e-15
  8281.8100 7.79513e-14 2.25453e-15
  8283.7400 7.59982e-14 1.59615e-15
  8285.6800 7.44752e-14 1.77678e-15
  8287.6100 7.26087e-14 1.77208e-15
  8289.5600 7.11344e-14 1.61733e-15
  8291.5000 6.93337e-14 1.85380e-15
  8293.4500 6.91699e-14 1.98049e-15
  8295.4000 6.63374e-14 1.71858e-15
  8297.3500 6.58931e-14 1.98893e-15
  8299.3100 6.40545e-14 2.04733e-15
  8301.2700 6.36916e-14 1.12781e-15
  8303.2400 6.15695e-14 1.36905e-15
  8305.2000 5.96520e-14 1.85205e-15
  8307.1700 5.93811e-14 1.16731e-15
  8309.1500 5.80370e-14 1.23404e-15
  8311.1200 5.77797e-14 1.26477e-15
  8313.1000 5.59643e-14 1.27620e-15
  8315.0900 5.49203e-14 1.24931e-15
  8317.0800 5.45081e-14 1.04456e-15
  8319.0700 5.37302e-14 1.30922e-15
  8321.0700 5.32848e-14 6.70470e-16
  8323.0700 5.28669e-14 1.24199e-15
  8325.0700 5.30487e-14 1.34800e-15
  8327.0700 5.18321e-14 1.49354e-15
  8329.0800 5.11928e-14 1.26777e-15
  8331.0900 5.04422e-14 1.04072e-15
  8333.1100 5.10849e-14 1.00653e-15
  8335.1300 5.06739e-14 1.26975e-15
  8337.1500 5.10062e-14 8.33279e-16
  8339.1800 5.04942e-14 9.62956e-16
  8341.2100 5.00562e-14 9.67909e-16
  8343.2400 5.03117e-14 1.16598e-15
  8345.2800 5.07842e-14 1.85179e-15
  8347.3200 5.31906e-14 5.67815e-15
  8349.3600 5.54014e-14 3.61924e-15
  8351.4100 5.14904e-14 1.40930e-15
  8353.4600 5.14827e-14 1.20245e-15
  8355.5100 5.23392e-14 1.34034e-15
  8357.5700 5.26106e-14 1.22260e-15
  8359.6300 5.30261e-14 1.27417e-15
  8361.7000 5.33645e-14 1.44640e-15
  8363.7600 5.35993e-14 1.18836e-15
  8365.8400 5.37357e-14 9.95432e-16
  8367.9100 5.52815e-14 1.09838e-15
  8369.9900 5.55210e-14 1.23061e-15
  8372.0700 5.59833e-14 1.19888e-15
  8374.1600 5.61338e-14 1.35994e-15
  8376.2500 5.80676e-14 1.39413e-15
  8378.3500 5.95126e-14 1.64058e-15
  8380.4400 6.08071e-14 1.24607e-15
  8382.5400 6.08999e-14 1.12647e-15
  8384.6400 6.22099e-14 1.30945e-15
  8386.7500 6.23575e-14 1.18963e-15
  8388.8600 6.35899e-14 9.97704e-16
  8390.9700 6.42245e-14 6.33657e-16
  8393.0900 6.43760e-14 1.26647e-15
  8395.2100 6.57018e-14 1.33963e-15
  8397.3400 6.65361e-14 1.15055e-15
  8399.4600 6.80028e-14 1.13942e-15
  8401.6000 6.79336e-14 1.46685e-15
  8403.7300 6.81593e-14 1.25377e-15
  8405.8700 6.91846e-14 1.15310e-15
  8408.0100 7.02758e-14 1.23791e-15
  8410.1600 7.08229e-14 1.77198e-15
  8412.3100 7.22258e-14 8.88566e-16
  8414.4600 7.16388e-14 1.36188e-15
  8416.6200 7.14019e-14 1.38628e-15
  8418.7800 7.27599e-14 1.53843e-15
  8420.9400 7.33831e-14 9.16123e-16
  8423.1100 7.35591e-14 6.70184e-16
  8425.2800 7.38625e-14 1.25604e-15
  8427.4500 7.34966e-14 1.03973e-15
  8429.6300 7.54826e-14 1.03704e-15
  8431.8100 7.44987e-14 1.14409e-15
  8434.0000 7.60093e-14 9.58373e-16
  8436.1800 7.66103e-14 1.17038e-15
  8438.3700 7.69372e-14 6.73900e-16
  8440.5700 7.63066e-14 1.54890e-15
  8442.7700 7.63068e-14 9.64875e-16
  8444.9700 7.73031e-14 1.26090e-15
  8447.1800 7.76167e-14 1.29521e-15
  8449.3800 7.83023e-14 7.07120e-16
  8451.6000 7.76415e-14 1.32028e-15
  8453.8100 7.83106e-14 1.00285e-15
  8456.0300 7.77100e-14 9.58562e-16
  8458.2500 7.71417e-14 1.28032e-15
  8460.4800 7.90886e-14 8.00090e-16
  8462.7100 7.93014e-14 1.16446e-15
  8464.9400 7.94123e-14 8.57332e-16
  8467.1800 7.99077e-14 1.07026e-15
  8469.4200 7.95798e-14 1.26056e-15
  8471.6600 8.08892e-14 7.13626e-16
  8473.9100 8.09360e-14 6.41208e-16
  8476.1600 8.10957e-14 7.31831e-16
  8478.4000 8.05512e-14 6.12992e-16
  8480.6500 8.11307e-14 1.17754e-15
  8482.9300 8.18541e-14 1.21879e-15
  8485.1900 8.43298e-14 8.60358e-16
  8487.4600 8.44271e-14 1.03019e-15
  8489.7300 8.53597e-14 8.35400e-16
  8492.0000 8.72355e-14 8.58651e-16
  8494.2800 8.75220e-14 9.06770e-16
  8496.5600 8.81161e-14 7.42439e-16
  8498.8400 9.01154e-14 1.28236e-15
  8501.1400 8.94232e-14 1.19581e-15
  8503.4300 8.97807e-14 1.89723e-15
  8505.7100 9.27255e-14 1.08452e-15
  8508.0100 9.47835e-14 1.32014e-15
  8510.3100 9.41329e-14 1.21155e-15
  8512.6100 9.52644e-14 8.74260e-16
  8514.9200 9.64611e-14 7.95586e-16
  8517.2300 9.75064e-14 1.13890e-15
  8519.5500 9.86536e-14 4.46108e-16
  8521.8700 1.00777e-13 8.15553e-16
  8524.1800 1.02763e-13 7.57901e-16
  8526.5100 1.04879e-13 4.16525e-16
  8528.8500 1.06377e-13 7.75848e-16
  8531.1700 1.08437e-13 7.20768e-16
  8533.5000 1.10797e-13 5.42227e-16
  8535.8300 1.12200e-13 9.71302e-16
  8538.1700 1.14184e-13 1.06842e-15
  8540.5200 1.16223e-13 8.70081e-16
  8542.8600 1.16449e-13 9.51197e-16
  8545.2100 1.18190e-13 1.57248e-15
  8547.5600 1.17566e-13 2.37336e-15
  8549.9200 1.17087e-13 2.14353e-15
  8552.2800 1.18434e-13 1.83144e-15
  8554.6400 1.19085e-13 1.41441e-15
  8557.0100 1.20880e-13 1.16770e-15
  8559.3800 1.22596e-13 1.22452e-15
  8561.7500 1.22355e-13 1.99255e-15
  8564.1200 1.23014e-13 1.62824e-15
  8566.5000 1.24103e-13 2.20696e-15
  8568.8800 1.24900e-13 1.82406e-15
  8571.2700 1.25535e-13 1.49201e-15
  8573.6600 1.25695e-13 2.41859e-15
  8576.0500 1.28124e-13 1.50489e-15
  8578.4400 1.29165e-13 1.28946e-15
  8580.8400 1.30110e-13 1.78288e-15
  8583.2400 1.30924e-13 1.79816e-15
  8585.6400 1.31354e-13 1.64034e-15
  8588.0500 1.32996e-13 1.56467e-15
  8590.4600 1.32296e-13 1.41639e-15
  8592.8700 1.34329e-13 1.11744e-15
  8595.2900 1.34099e-13 1.42168e-15
  8597.7100 1.33978e-13 2.23585e-15
  8600.1300 1.35729e-13 3.22592e-15
  8602.5600 1.44201e-13 9.34458e-15
  8604.9800 1.42893e-13 9.63943e-15
  8607.4100 1.34690e-13 3.02685e-15
  8609.8500 1.34667e-13 2.66739e-15
  8612.2900 1.35233e-13 2.43924e-15
  8614.7300 1.35551e-13 2.19423e-15
  8617.1700 1.35434e-13 1.86830e-15
  8619.6200 1.37366e-13 2.15773e-15
  8622.0700 1.38067e-13 2.18456e-15
  8624.5200 1.38993e-13 2.31534e-15
  8626.9800 1.38387e-13 2.54006e-15
  8629.4400 1.39547e-13 2.70067e-15
  8631.9000 1.40147e-13 2.55307e-15
  8634.3700 1.39732e-13 2.22475e-15
  8636.8300 1.39522e-13 2.47864e-15
  8639.3100 1.39962e-13 2.30223e-15
  8641.7800 1.40400e-13 2.68305e-15
  8644.2600 1.40419e-13 1.82321e-15
  8646.7400 1.40925e-13 2.14183e-15
  8649.2200 1.40368e-13 1.72921e-15
  8651.7100 1.41440e-13 1.39218e-15
  8654.2000 1.42247e-13 2.05150e-15
  8656.6900 1.41710e-13 2.51317e-15
  8659.1800 1.41409e-13 2.15771e-15
  8661.6800 1.41046e-13 2.31247e-15
  8664.1800 1.41643e-13 2.14987e-15
  8666.6900 1.38284e-13 1.98697e-15
  8669.2000 1.39147e-13 2.13201e-15
  8671.7100 1.39315e-13 1.59832e-15
  8674.2200 1.36431e-13 1.22720e-15
  8676.7400 1.37926e-13 1.63482e-15
  8679.2500 1.36630e-13 1.31745e-15
  8681.7800 1.35472e-13 1.02577e-15
  8684.3000 1.36067e-13 1.81646e-15
  8686.8300 1.36820e-13 1.67360e-15
  8689.3600 1.42548e-13 3.37258e-15
  8691.8900 1.39261e-13 1.96747e-15
  8694.4300 1.34714e-13 2.64716e-15
  8696.9700 1.35358e-13 1.49719e-15
  8699.5100 1.34350e-13 1.72418e-15
  8702.0600 1.34013e-13 1.82613e-15
  8704.6100 1.33735e-13 2.40412e-15
  8707.1600 1.33477e-13 1.58817e-15
  8709.7000 1.32618e-13 1.53806e-15
  8712.2700 1.33052e-13 8.58128e-16
  8714.8300 1.33359e-13 1.90929e-15
  8717.3900 1.31842e-13 1.76654e-15
  8719.9600 1.31273e-13 1.57267e-15
  8722.5300 1.29509e-13 1.40836e-15
  8725.1000 1.28890e-13 1.47103e-15
  8727.6700 1.27731e-13 1.63050e-15
  8730.2500 1.26298e-13 2.55651e-15
  8732.8300 1.25602e-13 2.54735e-15
  8735.4100 1.23876e-13 1.43028e-15
  8738.0000 1.24125e-13 2.02358e-15
  8740.5900 1.23243e-13 1.45981e-15
  8743.1800 1.23522e-13 1.33586e-15
  8745.7700 1.22850e-13 1.17678e-15
  8748.3700 1.22377e-13 1.16764e-15
  8750.9700 1.21936e-13 1.09708e-15
  8753.5700 1.21236e-13 1.10598e-15
  8756.1800 1.20519e-13 1.40041e-15
  8758.7900 1.20196e-13 1.35082e-15
  8761.4000 1.18938e-13 1.05702e-15
  8764.0100 1.20250e-13 8.98488e-16
  8766.6300 1.18612e-13 1.40956e-15
  8769.2500 1.18783e-13 1.54838e-15
  8771.8700 1.18785e-13 1.05981e-15
  8774.5000 1.18235e-13 9.66472e-16
  8777.1300 1.18516e-13 8.90730e-16
  8779.7600 1.18626e-13 1.55983e-15
  8782.4000 1.18686e-13 8.62629e-16
  8785.0300 1.17711e-13 1.49668e-15
  8787.6700 1.19016e-13 1.46524e-15
  8790.3200 1.18512e-13 1.30095e-15
  8792.9600 1.17578e-13 1.36461e-15
  8795.6100 1.17274e-13 1.47626e-15
  8798.2600 1.16747e-13 2.09290e-15
  8800.9200 1.16914e-13 1.87900e-15
  8803.5700 1.16140e-13 1.15701e-15
  8806.2400 1.15305e-13 1.29889e-15
  8808.9000 1.14886e-13 1.58917e-15
  8811.5600 1.13782e-13 1.47594e-15
  8814.2300 1.13569e-13 1.56607e-15
  8816.9000 1.13378e-13 1.13993e-15
  8819.5800 1.13060e-13 1.69839e-15
  8822.2600 1.12658e-13 1.21024e-15
  8824.9300 1.11977e-13 1.24084e-15
  8827.6200 1.10090e-13 1.87338e-15
  8830.3000 1.09539e-13 1.66273e-15
  8832.9900 1.08299e-13 1.40180e-15
  8835.6800 1.07367e-13 1.02839e-15
  8838.3800 1.06324e-13 9.69930e-16
  8841.0700 1.05676e-13 6.55981e-16
  8843.7700 1.04932e-13 1.08237e-15
  8846.4800 1.03247e-13 1.41506e-15
  8849.1800 1.03635e-13 1.88162e-15
  8851.8900 1.02147e-13 1.28244e-15
  8854.6000 1.01704e-13 7.59296e-16
  8857.3200 1.02185e-13 8.97056e-16
  8860.0300 1.01835e-13 6.77708e-16
  8862.7500 1.02510e-13 8.81877e-16
  8865.4800 1.02511e-13 6.76772e-16
  8868.2000 1.02399e-13 5.25888e-16
  8870.9300 1.03050e-13 1.19315e-15
  8873.6600 1.03398e-13 9.91058e-16
  8876.4000 1.03036e-13 6.32276e-16
  8879.1300 1.03211e-13 1.18941e-15
  8881.8700 1.02955e-13 9.15579e-16
  8884.6200 1.02161e-13 7.68201e-16
  8887.3600 1.01964e-13 1.05265e-15
  8890.1100 1.01811e-13 1.09952e-15
  8892.8600 1.02224e-13 8.45998e-16
  8895.6100 1.01092e-13 1.03478e-15
  8898.3700 1.01603e-13 1.11000e-15
  8901.1300 1.02667e-13 1.09159e-15
  8903.8900 1.02523e-13 1.10404e-15
  8906.6600 1.03139e-13 7.27942e-16
  8909.4300 1.02221e-13 1.02604e-15
  8912.2000 1.01403e-13 1.30164e-15
  8914.9700 1.01798e-13 1.20124e-15
  8917.7500 1.01901e-13 5.67026e-16
  8920.5300 1.01455e-13 8.09038e-16
  8923.3100 1.01793e-13 5.96085e-16
  8926.1000 1.00716e-13 4.69437e-16
  8928.8900 1.01703e-13 1.06574e-15
  8931.6800 1.00716e-13 7.63889e-16
  8934.4800 1.01141e-13 1.21394e-15
  8937.2700 1.00825e-13 7.76734e-16
  8940.0700 9.93464e-14 4.20289e-16
  8942.8800 9.89233e-14 6.97112e-16
  8945.6800 9.94387e-14 7.25953e-16
  8948.4900 9.88306e-14 1.18694e-15
  8951.3100 9.80915e-14 7.68290e-16
  8954.1200 9.85081e-14 1.55740e-15
  8956.9400 9.90936e-14 1.14748e-15
  8959.7600 9.79112e-14 1.34503e-15
  8962.5800 9.87302e-14 1.07500e-15
  8965.4100 9.75150e-14 5.48128e-16
  8968.2400 9.87171e-14 7.77449e-16
  8971.0700 9.88643e-14 7.06261e-16
  8973.9100 9.70625e-14 8.85450e-16
  8976.7500 9.67834e-14 8.74948e-16
  8979.5900 9.61515e-14 9.70984e-16
  8982.4300 9.57074e-14 5.02199e-16
  8985.2800 9.61039e-14 6.55310e-16
  8988.1300 9.48372e-14 8.93555e-16
  8990.9900 9.51511e-14 1.15235e-15
  8993.8400 9.45233e-14 4.49930e-16
  8996.7000 9.40770e-14 6.61511e-16
  8999.5600 9.30460e-14 4.58037e-16
  9002.4300 9.26337e-14 4.32295e-16
  9005.3000 9.30221e-14 2.65900e-16
  9008.1700 9.28547e-14 7.57691e-16
  9011.0400 9.40314e-14 1.12792e-15
  9013.9200 9.45990e-14 7.71246e-16
  9016.8000 9.46631e-14 6.67184e-16
  9019.6900 9.53344e-14 3.80079e-16
  9022.5700 9.56799e-14 6.66664e-16
  9025.4700 9.51308e-14 1.51517e-15
  9028.3600 9.45487e-14 1.06250e-15
  9031.2500 9.38424e-14 8.53204e-16
  9034.1500 9.38396e-14 1.06547e-15
  9037.0500 9.27503e-14 6.26565e-16
  9039.9600 9.21415e-14 6.36581e-16
  9042.8700 9.16190e-14 4.63842e-16
  9045.7800 9.15200e-14 4.95182e-16
  9048.6900 9.00925e-14 5.58753e-16
  9051.6200 8.95138e-14 4.56676e-16
  9054.5300 9.05854e-14 7.91039e-16
  9057.4600 8.95467e-14 5.85784e-16
  9060.3800 8.83661e-14 2.39655e-16
  9063.3100 8.82999e-14 4.88685e-16
  9066.2500 8.76634e-14 7.11960e-16
  9069.1800 8.78664e-14 8.31537e-16
  9072.1200 8.75660e-14 6.12110e-16
  9075.0600 8.64122e-14 8.47023e-16
  9078.0100 8.64255e-14 5.70995e-16
  9080.9600 8.58760e-14 4.53064e-16
  9083.9100 8.65337e-14 4.75962e-16
  9086.8700 8.73662e-14 5.24864e-16
  9089.8300 8.63011e-14 8.24085e-16
  9092.8000 8.66401e-14 6.67969e-16
  9095.7600 8.61482e-14 6.26551e-16
  9098.7200 8.67421e-14 4.85163e-16
  9101.6900 8.68496e-14 2.62807e-16
  9104.6700 8.73663e-14 5.19768e-16
  9107.6400 8.72963e-14 7.04959e-16
  9110.6200 8.69573e-14 4.67177e-16
  9113.6100 8.69196e-14 4.49663e-16
  9116.6000 8.70155e-14 5.11621e-16
  9119.5900 8.74140e-14 5.96872e-16
  9122.5800 8.69911e-14 6.53752e-16
  9125.5800 8.63587e-14 6.30028e-16
  9128.5800 8.65368e-14 4.35651e-16
  9131.5800 8.71141e-14 7.62648e-16
  9134.5900 8.80457e-14 3.00750e-16
  9137.6000 8.77930e-14 3.08575e-16
  9140.6200 8.86842e-14 5.12742e-16
  9143.6300 8.75491e-14 4.04206e-16
  9146.6500 8.88846e-14 6.08325e-16
  9149.6800 9.09414e-14 1.12406e-15
  9152.7000 9.04531e-14 5.25777e-16
  9155.7300 9.01574e-14 8.38214e-16
  9158.7700 9.01232e-14 4.22742e-16
  9161.8100 8.97093e-14 6.64205e-16
  9164.8500 8.97446e-14 5.01386e-16
  9167.8900 8.92823e-14 2.58222e-16
  9170.9400 9.00060e-14 4.15183e-16
  9173.9900 9.02489e-14 3.15552e-16
  9177.0400 9.12893e-14 8.06625e-16
  9180.1000 9.09121e-14 7.50221e-16
  9183.1600 9.09733e-14 7.23407e-16
  9186.2300 9.13755e-14 7.71246e-16
  9189.2900 9.20220e-14 8.28947e-16
  9192.3700 9.08322e-14 8.05160e-16
  9195.4400 9.07892e-14 4.36847e-16
  9198.5200 9.00837e-14 2.14150e-16
  9201.6000 8.92111e-14 3.52161e-16
  9204.6900 9.00636e-14 3.89347e-16
  9207.7700 9.03576e-14 5.61666e-16
  9210.8700 8.98999e-14 9.65902e-16
  9213.9600 8.97505e-14 5.52197e-16
  9217.0600 8.95809e-14 5.51761e-16
  9220.1600 8.95914e-14 3.88148e-16
  9223.2700 8.97912e-14 3.79465e-16
  9226.3800 8.96894e-14 5.26542e-16
  9229.4900 9.02499e-14 3.32269e-16
  9232.6100 9.11310e-14 3.49670e-16
  9235.7300 9.12664e-14 1.84043e-16
  9238.8600 9.24158e-14 4.81792e-16
  9241.9800 9.17264e-14 1.00513e-15
  9245.1200 9.18061e-14 8.21022e-16
  9248.2500 9.14873e-14 8.08694e-16
  9251.3900 9.15625e-14 8.32913e-16
  9254.5300 9.15641e-14 1.03402e-15
  9257.6800 9.13116e-14 7.49046e-16
  9260.8300 9.16274e-14 6.05068e-16
  9263.9800 9.11798e-14 6.81562e-16
  9267.1400 9.10310e-14 5.93799e-16
  9270.3000 9.17054e-14 1.09399e-15
  9273.4600 9.06864e-14 1.07277e-15
  9276.6300 8.95384e-14 4.96261e-16
  9279.8000 8.96550e-14 2.29898e-16
  9282.9800 8.83138e-14 5.41116e-16
  9286.1600 8.85219e-14 3.14663e-16
  9289.3400 8.82153e-14 5.39912e-16
  9292.5400 8.78803e-14 9.75550e-16
  9295.7600 8.70728e-14 7.39097e-16
  9298.9200 8.73938e-14 4.80331e-16
  9302.1200 8.68657e-14 9.42054e-16
  9305.3100 8.61333e-14 5.94382e-16
  9308.5200 8.58794e-14 7.81431e-16
  9311.7300 8.66842e-14 5.90372e-16
  9314.9400 8.63084e-14 3.96644e-16
  9318.1600 8.59915e-14 2.57614e-16
  9321.3800 8.56519e-14 5.45265e-16
  9324.6000 8.46598e-14 9.27548e-16
  9327.8300 8.44576e-14 9.09781e-16
  9331.0600 8.40612e-14 6.38154e-16
  9334.3000 8.26874e-14 4.96026e-16
  9337.5400 8.48021e-14 7.62883e-16
  9340.7800 8.40039e-14 7.72797e-16
  9344.0300 8.37526e-14 6.18895e-16
  9347.2800 8.21135e-14 5.19142e-16
  9350.5400 8.17646e-14 8.19779e-16
  9353.8000 8.13921e-14 4.78527e-16
  9357.0600 8.07957e-14 6.26761e-16
  9360.3300 8.00634e-14 8.37611e-16
  9363.6000 8.01376e-14 4.92661e-16
  9366.8800 8.05280e-14 5.44545e-16
  9370.1600 7.94150e-14 7.28471e-16
  9373.4400 7.94742e-14 8.30425e-16
  9376.7300 8.19708e-14 6.82099e-16
  9380.0200 8.17454e-14 7.67103e-16
  9383.3100 8.14705e-14 1.47209e-15
  9386.6100 8.15985e-14 1.38934e-15
  9389.9200 8.20048e-14 1.09784e-15
  9393.2300 8.03854e-14 9.30225e-16
  9396.5400 8.08935e-14 8.93172e-16
  9399.8500 8.15936e-14 7.30254e-16
  9403.1700 8.16776e-14 3.54966e-16
  9406.5000 8.21337e-14 4.22101e-16
  9409.8300 8.20974e-14 5.25635e-16
  9413.1600 8.17310e-14 5.06904e-16
  9416.4900 8.21175e-14 5.44451e-16
  9419.8400 8.22310e-14 6.65198e-16
  9423.1800 8.23355e-14 4.53203e-16
  9426.5300 8.20800e-14 2.40656e-16
  9429.8800 8.20992e-14 4.92551e-16
  9433.2400 8.23129e-14 4.77012e-16
  9436.6000 8.24282e-14 3.45474e-16
  9439.9700 8.28912e-14 3.18505e-16
  9443.3400 8.26383e-14 7.11741e-16
  9446.7100 8.23044e-14 6.25608e-16
  9450.0900 8.36070e-14 7.97225e-16
  9453.4700 8.36501e-14 7.52706e-16
  9456.8600 8.31271e-14 1.01969e-15
  9460.2500 8.41085e-14 7.48641e-16
  9463.6500 8.41524e-14 8.15778e-16
  9467.0500 8.40860e-14 8.39954e-16
  9470.4500 8.32525e-14 9.54297e-16
  9473.8600 8.33785e-14 3.08570e-16
  9477.2700 8.45699e-14 3.73038e-16
  9480.6900 8.49132e-14 7.09518e-16
  9484.1100 8.49682e-14 7.62761e-16
  9487.5400 8.42325e-14 3.32679e-16
  9490.9700 8.40062e-14 2.95942e-16
  9494.4000 8.46221e-14 3.46415e-16
  9497.8400 8.52768e-14 5.39211e-16
  9501.2800 8.47502e-14 7.01782e-16
  9504.7300 8.43472e-14 6.08834e-16
  9508.1800 8.26615e-14 7.92900e-16
  9511.6400 8.32455e-14 4.90114e-16
  9515.1000 8.37047e-14 1.74232e-16
  9518.5700 8.43584e-14 4.80424e-16
  9522.0400 8.48547e-14 7.91786e-16
  9525.5100 8.44856e-14 4.24925e-16
  9528.9900 8.34536e-14 5.15293e-16
  9532.4700 8.36039e-14 4.89702e-16
  9535.9600 8.29588e-14 7.40918e-16
  9539.4500 8.32568e-14 4.10592e-16
  9542.9500 8.16588e-14 6.20702e-16
  9546.4500 8.19888e-14 3.49451e-16
  9549.9600 8.18921e-14 4.73542e-16
  9553.4700 8.07132e-14 3.01944e-16
  9556.9900 7.98380e-14 3.73944e-16
  9560.5000 8.19305e-14 3.65288e-16
  9564.0300 8.19037e-14 7.21256e-16
  9567.5600 8.12389e-14 6.30686e-16
  9571.0900 8.02817e-14 3.44916e-16
  9574.6300 8.05401e-14 3.56997e-16
  9578.1700 8.10093e-14 5.53063e-16
  9581.7200 8.07883e-14 3.05484e-16
  9585.2700 8.07269e-14 6.30657e-16
  9588.8300 8.10188e-14 4.03585e-16
  9592.3900 8.06471e-14 2.11968e-16
  9595.9600 7.96750e-14 2.79104e-16
  9599.5300 7.95104e-14 8.81501e-16
  9603.1100 7.88759e-14 5.26709e-16
  9606.6900 7.83073e-14 4.85630e-16
  9610.2700 7.87591e-14 4.66346e-16
  9613.8600 7.79539e-14 2.25178e-16
  9617.4600 7.87834e-14 4.16665e-16
  9621.0600 7.89496e-14 2.21512e-16
  9624.6600 7.83616e-14 3.11754e-16
  9628.2700 7.76734e-14 4.02574e-16
  9631.8900 7.76942e-14 4.63158e-16
  9635.5000 7.77062e-14 3.43142e-16
  9639.1300 7.71370e-14 3.22877e-16
  9642.7600 7.71746e-14 3.19120e-16
  9646.3900 7.72351e-14 6.45749e-16
  9650.0300 7.58805e-14 5.77670e-16
  9653.6700 7.61276e-14 4.02333e-16
  9657.3200 7.60255e-14 3.36251e-16
  9660.9700 7.62960e-14 3.52981e-16
  9664.6300 7.52659e-14 6.10616e-16
  9668.2900 7.53756e-14 4.69908e-16
  9671.9600 7.55208e-14 3.02544e-16
  9675.6300 7.47591e-14 2.10022e-16
  9679.3100 7.41783e-14 1.66243e-16
  9682.9900 7.51455e-14 1.01081e-16
  9686.6800 7.47030e-14 4.77896e-17
  9690.3700 7.92818e-14 3.55135e-15
  9694.0700 6.92668e-14 6.11601e-15
  9697.7700 7.47854e-14 4.66264e-16
  9701.4700 7.40486e-14 6.20125e-17
  9705.1900 7.36199e-14 2.60780e-16
  9708.9100 7.36698e-14 1.35864e-16
  9712.6300 7.34056e-14 1.19776e-16
  9716.3600 7.30276e-14 3.05385e-16
  9720.0900 7.28933e-14 2.98802e-16
  9723.8300 7.33296e-14 1.31555e-16
  9727.5700 7.32728e-14 1.17765e-16
  9731.3200 7.30575e-14 3.75706e-16
  9735.0800 7.28223e-14 9.07639e-17
  9738.8400 7.27969e-14 1.30309e-16
  9742.6000 7.25023e-14 1.22039e-16
  9746.3700 7.20556e-14 6.30967e-16
  9750.1400 7.17746e-14 1.90514e-16
  9753.9200 7.20147e-14 1.40086e-16
  9757.7000 7.19917e-14 8.22838e-17
  9761.4900 7.18942e-14 5.18042e-17
  9765.2900 7.13509e-14 1.09891e-16
  9769.0900 7.14033e-14 3.55617e-17
  9772.8900 7.14971e-14 1.05345e-16
  9776.7000 7.07242e-14 1.04129e-16
  9780.5200 7.08130e-14 7.00281e-17
  9784.3400 7.11442e-14 2.82646e-16
  9788.1700 7.07374e-14 9.45385e-17
  9792.0000 7.11222e-14 7.59715e-17
  9795.8300 7.04676e-14 4.01240e-17
  9799.6800 7.03591e-14 1.56382e-16
  9803.5200 7.05254e-14 1.56486e-16
  9807.3800 7.00322e-14 7.18198e-17
  9811.2300 7.00485e-14 2.42578e-16
  9815.1000 7.07277e-14 1.89022e-16
  9818.9700 7.03057e-14 2.61777e-16
  9822.8400 7.03347e-14 2.02436e-16
  9826.7200 7.04332e-14 1.78952e-16
  9830.6000 7.04371e-14 2.74388e-16
  9834.4900 7.03135e-14 5.43989e-16
  9838.3900 6.74034e-14 1.92065e-15
  9842.2900 6.93768e-14 2.62248e-16
  9846.2000 6.86403e-14 1.13604e-16
  9850.1100 6.85877e-14 1.22196e-16
  9854.0300 6.86432e-14 1.40560e-16
  9857.9500 6.87419e-14 9.91819e-17
  9861.8800 6.82340e-14 2.06233e-16
  9865.8100 6.86161e-14 1.83334e-16
  9869.7500 6.84408e-14 2.29981e-16
  9873.7000 6.89105e-14 4.06960e-17
  9877.6500 6.90211e-14 7.36428e-17
  9881.6000 6.86759e-14 1.74733e-16
  9885.5600 6.94180e-14 6.32061e-17
  9889.5300 6.95148e-14 3.55256e-17
  9893.5000 6.97210e-14 4.88636e-17
  9897.4800 7.06648e-14 2.79069e-17
  9901.4700 7.10008e-14 9.98627e-17
  9905.4600 7.07183e-14 4.53591e-17
  9909.4500 7.12543e-14 1.82485e-16
  9913.4500 7.08312e-14 1.70097e-17
  9917.4600 7.34980e-14 1.53570e-16
  9921.4700 7.08956e-14 1.50105e-15
  9925.4900 7.20538e-14 5.18342e-17
  9929.5100 7.27112e-14 3.87021e-17
  9933.5400 7.27021e-14 5.85576e-17
  9937.5700 7.30021e-14 6.20617e-17
  9941.6100 7.31286e-14 9.50468e-17
  9945.6600 7.30390e-14 1.51988e-16
  9949.7100 7.35745e-14 3.72886e-17
  9953.7700 7.30335e-14 2.11607e-16
  9957.8300 7.49592e-14 5.36270e-16
  9961.9000 7.30354e-14 9.29788e-16
  9965.9800 7.44820e-14 3.55263e-16
  9970.0600 7.38445e-14 1.75782e-16
  9974.1400 7.45312e-14 7.39268e-17
  9978.2300 7.45979e-14 1.52620e-17
  9982.3300 7.43565e-14 6.83261e-17
  9986.4400 7.44374e-14 1.31706e-16
  9990.5400 7.45876e-14 2.08881e-16
  9994.6600 7.49106e-14 6.74413e-17
  9998.7800 7.45617e-14 8.56957e-17
 10002.9000 7.47358e-14 1.91483e-16
 10007.0000 7.51546e-14 2.02918e-17
 10011.2000 7.48542e-14 2.60187e-16
 10015.3000 7.44538e-14 3.47883e-16
 10019.5000 7.41915e-14 2.16308e-16
 10023.6000 7.55566e-14 1.16357e-16
 10027.8000 7.58639e-14 2.26857e-16
 10032.0000 7.61094e-14 1.81850e-16
 10036.1000 7.57468e-14 1.29625e-16
 10040.3000 7.45488e-14 3.65327e-16
 10044.5000 7.30358e-14 2.65064e-16
 10048.7000 7.21179e-14 2.45124e-16
 10052.9000 7.16958e-14 1.78721e-16
 10057.1000 7.09477e-14 1.81056e-16
 10061.3000 7.12565e-14 5.57111e-17
 10065.5000 7.12527e-14 2.46168e-16
 10069.7000 7.19070e-14 2.05016e-16
 10074.0000 7.17534e-14 6.62397e-17
 10078.2000 7.21623e-14 7.76124e-17
 10082.4000 7.19294e-14 5.04743e-17
 10086.7000 7.17602e-14 1.25655e-16
 10090.9000 7.15954e-14 3.26647e-16
 10095.2000 7.18762e-14 2.10238e-16
 10099.5000 7.17606e-14 2.80327e-16
 10103.7000 7.19540e-14 3.54868e-16
 10108.0000 7.19537e-14 1.96016e-16
 10112.3000 7.17515e-14 1.29635e-16
 10116.6000 7.09833e-14 1.12882e-16
 10120.9000 7.07288e-14 1.42117e-16
 10125.2000 7.05645e-14 2.22647e-16
 10129.5000 7.00584e-14 1.05885e-16
 10133.8000 6.97612e-14 2.20570e-16
 10138.1000 6.99941e-14 9.89223e-17
 10142.5000 6.92253e-14 3.65047e-16
 10146.8000 6.87859e-14 3.96016e-16
 10151.1000 6.88437e-14 8.86739e-17
 10155.5000 6.85720e-14 2.52868e-17
 10159.8000 6.79756e-14 3.65188e-16
 10164.2000 6.79614e-14 1.29738e-16
 10168.5000 6.75353e-14 6.07881e-17
 10172.9000 6.69128e-14 2.31759e-16
 10177.3000 6.67948e-14 2.88112e-16
 10181.7000 6.69319e-14 2.94219e-16
 10186.1000 6.70574e-14 1.34892e-16
 10190.5000 6.64284e-14 2.95362e-16
 10194.9000 6.62151e-14 2.62663e-16
 10199.3000 6.63401e-14 5.84871e-16
 10203.7000 6.61546e-14 1.89286e-16
 10208.1000 6.59751e-14 1.79683e-16
 10212.5000 6.59211e-14 9.72793e-17
 10217.0000 6.51654e-14 1.09695e-16
 10221.4000 6.52526e-14 1.79714e-16
 10225.9000 6.50083e-14 1.09813e-16
 10230.3000 6.50785e-14 1.07440e-16
 10234.8000 6.48435e-14 1.28579e-16
 10239.2000 6.43248e-14 1.08654e-16
 10243.7000 6.36841e-14 6.32672e-17
 10248.2000 6.32163e-14 3.27857e-17
 10252.7000 6.30111e-14 1.14710e-16
 10257.2000 6.41092e-14 2.46570e-16
 10261.7000 6.45735e-14 3.21864e-16
 10266.2000 6.24913e-14 5.29815e-16
 10270.7000 6.21458e-14 7.31005e-17
 10275.2000 6.17037e-14 1.68337e-16
 10279.7000 6.14454e-14 4.63465e-17
 10284.3000 6.10203e-14 1.39415e-16
 10288.8000 6.05302e-14 1.60378e-16
 10293.3000 5.98964e-14 2.49458e-16
 10297.9000 5.88224e-14 2.08873e-16
 10302.4000 5.79707e-14 1.28876e-16
 10307.0000 5.75115e-14 7.70322e-17
 10311.6000 5.66067e-14 9.93521e-17
 10316.2000 5.60831e-14 1.20007e-16
 10320.7000 5.50900e-14 2.83629e-16
 10325.3000 5.46759e-14 3.09700e-16
 10329.9000 5.45527e-14 1.91805e-16
 10334.5000 5.39994e-14 2.12517e-16
 10339.1000 5.37192e-14 1.20571e-16
 10343.8000 5.34512e-14 9.08401e-17
 10348.4000 5.28105e-14 7.35211e-17
 10353.0000 5.24120e-14 1.14358e-16
 10357.7000 5.21185e-14 1.71726e-16
 10362.3000 5.00889e-14 1.36160e-15
 10366.9000 4.71326e-14 3.39469e-15
 10371.6000 5.17879e-14 1.39424e-16
 10376.3000 5.15969e-14 1.48519e-16
 10380.9000 5.18350e-14 1.20526e-16
 10385.6000 5.20301e-14 1.67091e-16
 10390.3000 5.27344e-14 1.43045e-16
 10395.0000 5.32213e-14 1.66177e-16
 10399.7000 5.31968e-14 3.45194e-17
 10404.4000 5.35702e-14 1.42269e-16
 10409.1000 5.35001e-14 9.82552e-17
 10413.8000 5.37845e-14 1.20001e-17
 10418.6000 5.39465e-14 4.49268e-17
 10423.3000 5.40472e-14 1.07860e-16
 10428.0000 5.42905e-14 7.47870e-17
 10432.8000 5.40212e-14 7.70665e-17
 10437.5000 5.44939e-14 1.19466e-16
 10442.3000 5.51386e-14 1.29114e-16
 10447.1000 5.55791e-14 1.96026e-16
 10451.8000 5.55300e-14 1.44139e-16
 10456.6000 5.59707e-14 1.40896e-16
 10461.4000 5.58163e-14 3.80887e-17
 10466.2000 5.63401e-14 1.18956e-16
 10471.0000 5.57623e-14 8.71530e-17
 10475.8000 5.60702e-14 1.45909e-16
 10480.6000 5.62568e-14 3.33408e-17
 10485.5000 5.60708e-14 1.74454e-16
 10490.3000 5.66236e-14 4.07690e-17
 10495.1000 5.69078e-14 3.16320e-16
 10500.0000 5.70326e-14 2.15120e-16
 10504.8000 5.73243e-14 3.93898e-16
 10509.7000 5.72691e-14 4.71542e-16
 10514.6000 5.70190e-14 1.25679e-16
 10519.4000 5.69180e-14 1.94959e-16
 10524.3000 5.69839e-14 4.92187e-17
 10529.2000 5.74355e-14 3.04478e-17
 10534.1000 5.75806e-14 8.40448e-17
 10539.0000 5.78874e-14 4.45418e-17
 10543.9000 5.77699e-14 1.34285e-16
 10548.8000 5.75312e-14 1.26122e-16
 10553.7000 5.76301e-14 1.22716e-16
 10558.7000 5.74035e-14 7.54582e-17
 10563.6000 5.75094e-14 4.01137e-17
 10568.6000 5.72338e-14 6.88010e-17
 10573.5000 5.74228e-14 9.13485e-17
 10578.5000 5.73721e-14 2.05274e-16
 10583.4000 5.76263e-14 7.03892e-17
 10588.4000 5.76149e-14 8.58855e-17
 10593.4000 5.75837e-14 1.38507e-16
 10598.4000 5.74227e-14 1.21763e-16
 10603.4000 5.75335e-14 1.89771e-16
 10608.4000 5.74895e-14 9.67092e-17
 10613.4000 5.74430e-14 9.25986e-17
 10618.4000 5.76086e-14 2.29017e-16
 10623.4000 5.69970e-14 1.62589e-16
 10628.5000 5.68785e-14 6.38959e-17
 10633.5000 5.68934e-14 2.87275e-16
 10638.6000 5.71092e-14 5.45197e-17
 10643.6000 5.69081e-14 1.10694e-17
 10648.7000 5.70728e-14 4.25932e-17
 10653.7000 5.70156e-14 1.31653e-16
 10658.8000 5.68588e-14 9.92672e-17
 10663.9000 5.68081e-14 5.30770e-17
 10669.0000 5.70900e-14 1.26752e-16
 10674.1000 5.74215e-14 1.58738e-16
 10679.2000 5.73587e-14 4.53150e-17
 10684.3000 5.70406e-14 1.22851e-16
 10689.5000 5.68407e-14 1.37863e-16
 10694.6000 5.67994e-14 7.28178e-17
 10699.7000 5.67401e-14 1.17865e-16
 10704.9000 5.63961e-14 4.07442e-17
 10710.0000 5.61946e-14 1.14725e-16
 10715.2000 5.55362e-14 1.02779e-16
 10720.4000 5.50952e-14 6.72481e-17
 10725.5000 5.49352e-14 1.03043e-16
 10730.7000 5.48655e-14 6.55091e-17
 10735.9000 5.48813e-14 6.80271e-17
 10741.1000 5.46350e-14 6.10480e-17
 10746.3000 5.48160e-14 3.80957e-17
 10751.5000 5.54136e-14 1.87539e-17
 10756.7000 5.57855e-14 3.26181e-16
 10762.0000 5.63363e-14 1.84338e-16
 10767.2000 5.69933e-14 4.54110e-17
 10772.5000 5.70660e-14 6.91495e-17
 10777.7000 5.74143e-14 5.64514e-17
 10783.0000 5.81501e-14 2.98380e-17
 10788.2000 5.91493e-14 1.99261e-17
 10793.5000 6.00706e-14 1.05305e-16
 10798.8000 6.08141e-14 4.61273e-17
 10804.1000 6.14751e-14 4.55077e-17
 10809.4000 6.13177e-14 2.50836e-16
 10814.7000 6.13303e-14 2.08714e-16
 10820.0000 6.21273e-14 4.94039e-17
 10825.4000 6.23117e-14 1.66273e-16
 10830.7000 6.32924e-14 1.11009e-16
 10836.0000 6.32590e-14 7.43093e-17
 10841.4000 6.33250e-14 1.64383e-17
 10846.7000 6.37399e-14 2.59312e-16
 10852.1000 6.34613e-14 9.10874e-17
 10857.5000 6.42822e-14 8.42808e-17
 10862.8000 6.44997e-14 1.57559e-16
 10868.2000 6.45426e-14 9.75369e-17
 10873.6000 6.46929e-14 2.08967e-16
 10879.0000 6.48153e-14 2.11550e-16
 10884.4000 6.48133e-14 1.62320e-16
 10889.9000 6.47281e-14 6.93790e-17
 10895.3000 6.46227e-14 5.32479e-17
 10900.7000 6.48211e-14 1.52647e-16
 10906.2000 6.44799e-14 1.64717e-16
 10911.6000 6.11541e-14 1.99810e-15
 10917.1000 5.85787e-14 4.08580e-15
 10922.6000 6.43793e-14 8.76266e-17
 10928.0000 6.42298e-14 1.98694e-16
 10933.5000 6.41366e-14 8.47028e-17
 10939.0000 6.38377e-14 6.16886e-17
 10944.5000 6.43089e-14 3.97646e-17
 10950.0000 6.45545e-14 2.06075e-16
 10955.5000 6.44919e-14 1.21434e-16
 10961.1000 6.38610e-14 4.18265e-16
 10966.6000 6.35287e-14 1.76378e-16
 10972.1000 6.29120e-14 1.66058e-16
 10977.7000 6.23914e-14 6.86998e-17
 10983.3000 6.19319e-14 1.47958e-16
 10988.8000 6.19878e-14 6.68375e-17
 10994.4000 6.14282e-14 5.00017e-17
 11000.0000 6.07361e-14 1.09303e-16
 11005.6000 6.01697e-14 1.24663e-16
 11011.2000 5.97278e-14 2.18972e-16
 11016.8000 5.97405e-14 1.72267e-16
 11022.4000 5.95063e-14 1.22331e-16
 11028.0000 5.90775e-14 9.33917e-17
 11033.7000 5.87498e-14 2.70038e-17
 11039.3000 5.83816e-14 1.25306e-16
 11045.0000 5.79252e-14 6.02765e-17
 11050.6000 5.73060e-14 9.28543e-17
 11056.3000 5.70368e-14 1.01711e-16
 11062.0000 5.68704e-14 5.14349e-17
 11067.7000 5.65387e-14 1.07483e-16
 11073.4000 5.58679e-14 5.90801e-17
 11079.1000 5.57101e-14 5.93245e-17
 11084.8000 5.56905e-14 1.92905e-16
 11090.5000 5.54122e-14 9.56881e-17
 11096.2000 5.46442e-14 1.17343e-16
 11102.0000 5.46664e-14 1.54091e-16
 11107.7000 5.46512e-14 1.81467e-16
 11113.5000 5.35242e-14 6.37822e-16
 11119.2000 5.34358e-14 1.33447e-16
 11125.0000 5.33253e-14 9.04833e-17
 11130.8000 5.31391e-14 1.64310e-17
 11136.6000 5.27027e-14 3.36002e-16
 11142.4000 5.27844e-14 5.13096e-16
 11148.2000 5.22341e-14 3.24118e-16
 11154.0000 5.19932e-14 1.45580e-16
 11159.8000 5.21025e-14 2.09862e-17
 11165.6000 5.11397e-14 3.67273e-16
 11171.5000 5.05662e-14 2.38407e-16
 11177.3000 5.01986e-14 8.07838e-17
 11183.2000 5.02187e-14 2.67411e-16
 11189.1000 5.00068e-14 2.19762e-16
 11194.9000 4.99740e-14 3.40891e-16
 11200.8000 4.99734e-14 4.43023e-16
 11206.7000 4.92914e-14 8.29077e-16
 11212.6000 4.91225e-14 4.17837e-16
 11218.6000 4.88909e-14 4.04535e-16
 11224.5000 4.93671e-14 2.23708e-16
 11230.4000 4.93032e-14 5.34804e-16
 11236.3000 4.91973e-14 4.15689e-16
 11242.3000 4.90983e-14 4.12246e-16
 11248.3000 4.89229e-14 3.45010e-16
 11254.2000 4.82233e-14 5.07688e-16
 11260.2000 4.79852e-14 3.52755e-16
 11266.2000 4.92551e-14 9.04297e-16
 11272.2000 5.17324e-14 2.46116e-15
 11278.2000 5.01454e-14 4.08462e-15
 11284.2000 4.66128e-14 2.46434e-15
 11290.2000 4.68642e-14 8.53458e-16
 11296.3000 4.91904e-14 7.76937e-16
 11302.3000 4.96269e-14 3.11542e-16
 11308.3000 4.80348e-14 7.08702e-16
 11314.4000 4.81925e-14 4.76176e-16
 11320.5000 4.72828e-14 3.10298e-16
 11326.6000 4.63312e-14 5.85203e-16
 11332.6000 4.71137e-14 1.00757e-15
 11338.7000 4.68102e-14 7.95857e-16
 11344.9000 4.71101e-14 9.75051e-16
 11351.0000 4.88091e-14 1.69009e-15
 11357.1000 4.78130e-14 1.18507e-15
 11363.2000 4.78362e-14 1.28436e-15
 11369.4000 4.68962e-14 1.08079e-15
 11375.5000 4.66635e-14 8.46210e-16
 11381.7000 4.63960e-14 6.30051e-16
 11387.9000 4.66227e-14 2.65996e-16
 11394.0000 4.62454e-14 2.57635e-16
 11400.2000 4.60722e-14 2.57846e-16
 11406.4000 4.62425e-14 3.38007e-16
 11412.6000 4.63023e-14 8.56792e-17
 11418.9000 4.58609e-14 1.35368e-16
 11425.1000 4.55451e-14 2.74878e-16
 11431.3000 4.54484e-14 2.43505e-16
 11437.6000 4.53666e-14 4.47904e-16
 11443.8000 4.50876e-14 6.23809e-17
 11450.1000 4.48795e-14 2.55102e-16
 11456.4000 4.46354e-14 2.91608e-16
 11462.7000 4.53167e-14 2.44450e-17
 11469.0000 4.50195e-14 4.83229e-16
 11475.3000 4.48200e-14 7.33557e-16
 11481.6000 4.49407e-14 5.66087e-16
 11487.9000 4.50478e-14 5.46079e-16
 11494.3000 4.47127e-14 1.73502e-16
 11500.6000 4.48899e-14 2.84155e-17
 11507.0000 4.46747e-14 1.42880e-16
 11513.3000 4.47273e-14 2.22951e-16
 11519.7000 4.46869e-14 2.80846e-16
 11526.1000 4.46726e-14 4.04612e-16
 11532.5000 4.46265e-14 3.35356e-16
 11538.9000 4.40289e-14 1.76223e-16
 11545.3000 4.39158e-14 1.50332e-16
 11551.7000 4.42437e-14 3.60206e-16
 11558.2000 4.45579e-14 1.42338e-16
 11564.6000 4.46589e-14 2.37998e-16
 11571.1000 4.46582e-14 2.70048e-16
 11577.5000 4.44890e-14 3.12052e-16
 11584.0000 4.43817e-14 3.05370e-16
 11590.5000 4.40665e-14 8.94969e-17
 11597.0000 4.41271e-14 2.66740e-17
 11603.5000 4.42649e-14 1.81105e-16
 11610.0000 4.41230e-14 2.60284e-16
 11616.6000 4.44729e-14 1.50119e-16
 11623.1000 4.52031e-14 1.87025e-16
 11629.7000 4.41984e-14 2.02468e-16
 11636.2000 4.40352e-14 1.49979e-16
 11642.8000 4.38941e-14 1.88596e-16
 11649.3000 4.38761e-14 9.75187e-17
 11655.9000 4.35860e-14 8.96272e-17
 11662.5000 4.42948e-14 3.97747e-17
 11669.2000 4.43097e-14 8.03129e-17
 11675.8000 4.38138e-14 3.34517e-17
 11682.4000 4.35073e-14 1.33660e-16
 11689.0000 4.33334e-14 9.26125e-17
 11695.7000 4.37882e-14 5.03322e-17
 11702.3000 4.35977e-14 6.90380e-17
 11709.0000 4.34663e-14 7.15932e-17
 11715.7000 4.34314e-14 4.71016e-17
 11722.4000 4.34216e-14 8.52593e-17
 11729.1000 4.31212e-14 1.14637e-16
 11735.8000 4.32778e-14 9.37853e-17
 11742.5000 4.36307e-14 8.69403e-17
 11749.3000 4.36057e-14 4.47063e-17
 11756.0000 4.36792e-14 5.37300e-17
 11762.8000 4.35439e-14 1.85198e-16
 11769.5000 4.29640e-14 4.48751e-17
 11776.3000 4.21803e-14 9.43973e-17
 11783.1000 4.28063e-14 2.49961e-16
 11789.9000 4.32845e-14 1.73440e-16
 11796.7000 4.29187e-14 2.17388e-17
 11803.5000 4.27118e-14 5.07761e-17
 11810.4000 4.25265e-14 4.13339e-16
 11817.2000 4.24696e-14 2.47350e-16
 11824.1000 4.19978e-14 5.41905e-16
 11830.9000 4.26202e-14 1.74939e-16
 11837.8000 4.25745e-14 4.70562e-16
 11844.7000 4.25852e-14 8.74008e-17
 11851.6000 4.25815e-14 1.32875e-16
 11858.5000 4.24592e-14 6.85100e-17
 11865.4000 4.25357e-14 1.20703e-16
 11872.3000 4.20831e-14 1.03317e-16
 11879.3000 4.23437e-14 1.37690e-16
 11886.2000 4.22259e-14 1.27931e-16
 11893.2000 4.20521e-14 1.69505e-16
 11900.2000 4.24257e-14 1.41359e-16
 11907.2000 4.18142e-14 3.02766e-16
 11914.2000 4.18607e-14 5.10200e-17
 11921.2000 4.15980e-14 1.88432e-16
 11928.2000 4.18416e-14 5.44734e-17
 11935.2000 4.15698e-14 4.57864e-17
 11942.3000 4.13277e-14 1.17013e-16
 11949.3000 4.12399e-14 7.47676e-17
 11956.4000 4.10244e-14 2.14209e-16
 11963.5000 4.10825e-14 1.73830e-16
 11970.5000 4.09183e-14 5.84028e-17
 11977.6000 4.07102e-14 1.08471e-16
 11984.8000 4.04506e-14 7.31363e-16
 11991.9000 4.09697e-14 2.50908e-16
 11999.0000 4.03075e-14 3.15202e-16
 12006.2000 4.04499e-14 4.14640e-17
 12013.3000 4.02230e-14 3.22733e-17
 12020.5000 4.01129e-14 2.45037e-16
 12027.7000 4.04496e-14 3.04197e-17
 12034.8000 4.01573e-14 6.69161e-17
 12042.0000 4.00560e-14 6.42045e-17
 12049.3000 3.99972e-14 6.56694e-17
 12056.5000 3.98862e-14 6.91120e-17
 12063.7000 4.00356e-14 7.06856e-17
 12071.0000 4.00781e-14 2.43497e-17
 12078.2000 3.98924e-14 1.64990e-16
 12085.5000 3.98027e-14 4.67209e-17
 12092.8000 3.94368e-14 2.16946e-16
 12100.1000 3.95576e-14 1.77666e-16
 12107.4000 3.95159e-14 7.57522e-17
 12114.7000 3.95896e-14 1.78099e-17
 12122.0000 3.93389e-14 1.05015e-16
 12129.4000 3.93440e-14 2.51558e-16
 12136.7000 3.95203e-14 1.22773e-16
 12144.1000 3.92015e-14 4.92337e-17
 12151.5000 3.89245e-14 4.27823e-18
 12158.9000 3.91480e-14 8.50022e-17
 12166.3000 3.89221e-14 1.10685e-16
 12173.7000 3.87784e-14 6.63516e-17
 12181.2000 3.85479e-14 3.03682e-16
 12188.6000 3.88339e-14 2.27175e-16
 12196.0000 3.86516e-14 2.88659e-16
 12203.5000 3.83423e-14 7.37489e-17
 12211.0000 3.85281e-14 2.47279e-17
 12218.4000 3.79338e-14 4.02864e-17
 12225.9000 3.79363e-14 2.05143e-16
 12233.5000 3.81890e-14 6.09084e-17
 12241.0000 3.79137e-14 1.26345e-17
 12248.5000 3.78178e-14 4.20842e-17
 12256.1000 3.75121e-14 1.66067e-16
 12263.6000 3.77522e-14 1.08647e-16
 12271.2000 3.72801e-14 2.09479e-16
 12278.8000 3.79466e-14 2.16995e-16
 12286.4000 3.74864e-14 1.34704e-16
 12294.0000 3.76507e-14 2.31983e-17
 12301.6000 3.78071e-14 5.43293e-17
 12309.3000 3.75530e-14 1.44467e-16
 12316.9000 3.74369e-14 2.21928e-16
 12324.6000 3.75741e-14 1.74304e-17
 12332.2000 3.75015e-14 5.46144e-17
 12339.9000 3.70111e-14 1.29621e-16
 12347.6000 3.74612e-14 2.61798e-17
 12355.3000 3.73548e-14 1.24850e-16
 12363.1000 3.75616e-14 1.22620e-16
 12370.8000 3.71091e-14 6.17226e-17
 12378.5000 3.71825e-14 1.76321e-16
 12386.3000 3.74531e-14 2.13105e-17
 12394.1000 3.72669e-14 4.20045e-17
 12401.9000 3.71978e-14 4.79761e-18
 12409.7000 3.72223e-14 1.18592e-16
 12417.5000 3.70005e-14 1.68059e-16
 12425.3000 3.70821e-14 4.26840e-16
 12433.2000 3.70728e-14 5.16622e-16
 12441.0000 3.66978e-14 3.98526e-16
 12448.9000 3.67993e-14 1.45943e-16
 12456.7000 3.68511e-14 8.25487e-17
 12464.6000 3.67482e-14 1.21430e-16
 12472.5000 3.68268e-14 8.70038e-17
 12480.5000 3.64585e-14 6.86002e-17
 12488.4000 3.61822e-14 3.39597e-17
 12496.3000 3.59759e-14 7.26216e-17
 12504.3000 3.59243e-14 5.67382e-17
 12512.3000 3.54677e-14 2.42263e-17
 12520.2000 3.52060e-14 1.72450e-17
 12528.2000 3.50825e-14 7.79982e-17
 12536.2000 3.49796e-14 1.06103e-18
 12544.3000 3.48087e-14 7.32659e-17
 12552.3000 3.49485e-14 1.13772e-16
 12560.3000 3.51230e-14 3.02386e-16
 12568.4000 3.49159e-14 8.45282e-17
 12576.5000 3.48198e-14 3.88155e-17
 12584.6000 3.56196e-14 2.10197e-17
 12592.7000 3.60243e-14 1.04445e-16
 12600.8000 3.64695e-14 1.74855e-16
 12608.9000 3.73618e-14 2.92426e-17
 12617.1000 3.79424e-14 1.27422e-16
 12625.2000 3.85318e-14 1.42376e-16
 12633.4000 3.91723e-14 7.57528e-17
 12641.6000 4.00765e-14 4.79633e-16
 12649.8000 4.11026e-14 3.94334e-16
 12658.0000 4.12596e-14 1.41335e-16
 12666.2000 4.13004e-14 2.25051e-16
 12674.4000 4.20541e-14 6.05944e-17
 12682.7000 4.25194e-14 1.80157e-16
 12691.0000 4.29591e-14 2.53442e-16
 12699.2000 4.37880e-14 2.03614e-16
 12707.5000 4.39107e-14 2.76104e-16
 12715.8000 4.44672e-14 7.77394e-17
 12724.2000 4.48067e-14 1.60337e-16
 12732.5000 4.50348e-14 1.15087e-16
 12740.8000 4.46995e-14 8.51694e-17
 12749.2000 4.47525e-14 1.24362e-16
 12757.6000 4.48999e-14 1.97717e-16
 12766.0000 4.46992e-14 1.79950e-16
 12774.4000 4.45849e-14 2.39095e-16
 12782.8000 4.51359e-14 1.55503e-17
 12791.2000 4.49995e-14 5.43074e-17
 12799.7000 4.46893e-14 1.91035e-17
 12808.1000 4.43121e-14 1.50353e-16
 12816.6000 4.42512e-14 1.07879e-16
 12825.1000 4.37821e-14 1.10757e-16
 12833.6000 4.33500e-14 2.00538e-16
 12842.1000 4.32946e-14 1.81558e-16
 12850.6000 4.33108e-14 5.62836e-17
 12859.2000 4.30493e-14 8.18410e-17
 12867.8000 4.28633e-14 8.18016e-18
 12876.3000 4.23099e-14 3.48818e-17
 12884.9000 4.16774e-14 9.19802e-17
 12893.5000 4.12272e-14 1.79581e-16
 12902.1000 4.05663e-14 1.36638e-16
 12910.8000 4.02736e-14 2.70398e-16
 12919.4000 3.97018e-14 2.04564e-16
 12928.1000 3.94587e-14 6.30289e-17
 12936.8000 3.91684e-14 1.01690e-16
 12945.4000 3.86842e-14 1.18573e-16
 12954.1000 3.81603e-14 4.51672e-17
 12962.9000 3.77917e-14 5.09285e-17
 12971.6000 3.74999e-14 5.55179e-17
 12980.3000 3.71441e-14 7.63019e-17
 12989.1000 3.65737e-14 7.52837e-17
 12997.9000 3.63466e-14 8.09304e-17
 13006.7000 3.60477e-14 7.86892e-17
 13015.5000 3.57271e-14 3.34834e-17
 13024.3000 3.53913e-14 6.24924e-17
 13033.1000 3.49791e-14 5.85290e-17
 13042.0000 3.47916e-14 8.33849e-17
 13050.9000 3.47222e-14 3.83979e-17
 13059.7000 3.43755e-14 4.72394e-17
 13068.6000 3.40123e-14 7.64875e-18
 13077.5000 3.38523e-14 7.64094e-17
 13086.5000 3.36166e-14 6.05352e-17
 13095.4000 3.32413e-14 7.46829e-17
 13104.4000 3.31664e-14 1.18070e-16
 13113.3000 3.32152e-14 5.79938e-17
 13122.3000 3.28490e-14 5.29758e-17
 13131.3000 3.25912e-14 2.22261e-17
 13140.3000 3.25623e-14 2.96083e-17
 13149.4000 3.24639e-14 6.82416e-17
 13158.4000 3.23687e-14 1.30611e-17
 13167.5000 3.21321e-14 2.42109e-17
 13176.5000 3.19558e-14 2.88547e-17
 13185.6000 3.18195e-14 8.17783e-17
 13194.7000 3.17175e-14 1.51188e-17
 13203.9000 3.14890e-14 6.55905e-17
 13213.0000 3.11956e-14 2.25001e-17
 13222.1000 3.11467e-14 8.31766e-17
 13231.3000 3.11246e-14 4.76907e-17
 13240.5000 3.10853e-14 1.00382e-17
 13249.7000 3.11169e-14 9.08345e-18
 13258.9000 3.09705e-14 7.09227e-17
 13268.1000 3.07799e-14 8.58777e-17
 13277.4000 3.06077e-14 3.98606e-17
 13286.6000 3.04500e-14 1.41311e-16
 13295.9000 3.02460e-14 2.04007e-16
 13305.2000 2.98969e-14 6.25011e-17
 13314.5000 2.97612e-14 3.10250e-17
 13323.8000 2.97761e-14 1.27450e-16
 13333.2000 2.97240e-14 1.62364e-16
 13342.5000 2.97201e-14 2.25472e-16
 13351.9000 2.97194e-14 9.23535e-17
 13361.3000 2.95715e-14 3.17781e-17
 13370.7000 2.93389e-14 1.51233e-17
 13380.1000 2.92464e-14 2.22623e-17
 13389.5000 2.92564e-14 2.94945e-17
 13399.0000 2.94107e-14 3.40930e-17
 13408.4000 2.92024e-14 1.36342e-16
 13417.9000 2.92322e-14 7.65435e-17
 13427.4000 2.91045e-14 3.43277e-17
 13436.9000 2.88998e-14 2.92011e-16
 13446.5000 2.87807e-14 3.57326e-16
 13456.0000 2.89758e-14 4.54754e-16
 13465.5000 2.91384e-14 4.68200e-16
 13475.1000 2.87280e-14 5.22376e-16
 13484.7000 2.82915e-14 7.34984e-16
 13494.3000 2.82156e-14 8.29176e-16
 13503.9000 2.80922e-14 6.02949e-16
 13513.6000 2.77140e-14 6.90265e-16
 13523.2000 2.78780e-14 1.13238e-15
 13532.9000 2.83866e-14 1.16743e-15
 13542.6000 2.76808e-14 6.06551e-16
 13552.3000 2.74714e-14 9.45085e-16
 13562.0000 2.67096e-14 1.41584e-15
 13571.7000 2.54698e-14 1.24454e-15
 13581.5000 2.46187e-14 1.50171e-15
 13591.2000 2.36044e-14 2.13915e-15
 13601.0000 2.16584e-14 1.57727e-15
 13610.8000 2.24873e-14 3.78883e-15
 13620.6000 2.63677e-14 4.73322e-15
 13630.5000 2.43455e-14 3.61304e-15
 13640.3000 2.32312e-14 4.84042e-15
 13650.2000 2.52821e-14 4.98118e-15
 13660.1000 2.01884e-14 3.57409e-15
 13670.0000 1.87027e-14 3.57008e-15
 13679.9000 1.52202e-14 8.55058e-16
 13689.8000 1.74594e-14 3.06228e-15
 13699.8000 2.52139e-14 4.59492e-15
 13709.7000 2.64608e-14 3.60508e-15
 13719.7000 2.71975e-14 3.01747e-15
 13729.7000 2.62208e-14 3.02371e-15
 13739.7000 2.54312e-14 2.58045e-15
 13749.7000 2.47208e-14 2.03386e-15
 13759.8000 2.38299e-14 9.58366e-16
 13769.8000 2.39434e-14 1.01138e-15
 13779.9000 2.34250e-14 8.77130e-16
 13790.0000 2.38935e-14 8.25779e-16
 13800.1000 2.42246e-14 1.20161e-15
 13810.3000 2.47943e-14 2.10153e-15
 13820.4000 2.18592e-14 3.51144e-15
 13830.6000 2.17510e-14 2.40078e-15
 13840.7000 2.29244e-14 1.81617e-15
 13850.9000 2.30801e-14 2.35644e-15
 13861.2000 2.34879e-14 2.49325e-15
 13871.4000 2.53113e-14 2.85299e-15
 13881.6000 3.53518e-14 1.46361e-14
 13891.9000 3.18775e-14 1.85888e-14
 13902.2000 2.21018e-14 6.57022e-15
 13912.5000 2.26772e-14 6.39894e-16
 13922.8000 2.16526e-14 4.95768e-16
 13933.1000 2.06692e-14 3.63073e-16
 13943.5000 2.23465e-14 5.18601e-16
 13953.8000 2.45114e-14 1.36952e-15
 13964.2000 2.49114e-14 1.56368e-15
 13974.6000 2.41106e-14 1.57407e-15
 13985.0000 2.27430e-14 6.26182e-16
 13995.5000 2.32372e-14 5.53448e-16
 14005.9000 2.38425e-14 5.67610e-16
 14016.4000 2.45872e-14 7.82216e-16
 14026.8000 2.40587e-14 7.91634e-16
 14037.3000 2.32020e-14 4.88744e-16
 14047.9000 2.29545e-14 5.00240e-16
 14058.4000 2.35899e-14 8.31831e-16
 14069.0000 2.51685e-14 2.46849e-15
 14079.5000 2.42000e-14 5.00226e-15
 14090.1000 2.54259e-14 3.91656e-15
 14100.7000 2.41237e-14 1.88504e-15
 14111.3000 2.39892e-14 9.04085e-16
 14122.0000 2.39418e-14 8.33024e-16
 14132.6000 2.37456e-14 5.47743e-16
 14143.3000 2.33941e-14 4.10867e-16
 14154.0000 2.35925e-14 3.62506e-16
 14164.7000 2.34038e-14 3.78763e-16
 14175.4000 2.28707e-14 4.16824e-16
 14186.2000 2.29280e-14 5.69918e-16
 14196.9000 2.34931e-14 5.47196e-16
 14207.7000 2.36694e-14 8.84226e-16
 14218.5000 2.36768e-14 5.59714e-16
 14229.3000 2.35391e-14 5.43166e-16
 14240.1000 2.33773e-14 3.62777e-16
 14251.0000 2.29977e-14 4.04775e-16
 14261.8000 2.31850e-14 4.28938e-16
 14272.7000 2.33531e-14 4.08797e-16
 14283.6000 2.34878e-14 3.19815e-16
 14294.5000 2.35857e-14 3.24371e-16
 14305.4000 2.31789e-14 1.53550e-16
 14316.4000 2.27555e-14 1.49665e-16
 14327.4000 2.29813e-14 1.83910e-16
 14338.3000 2.31059e-14 7.20321e-17
 14349.3000 2.29888e-14 2.00481e-16
 14360.4000 2.28058e-14 3.52466e-16
 14371.4000 2.28841e-14 2.62289e-16
 14382.5000 2.29845e-14 3.25835e-16
 14393.5000 2.30630e-14 4.16428e-16
 14404.6000 2.29658e-14 4.77626e-16
 14415.7000 2.26202e-14 1.84611e-16
 14426.9000 2.25936e-14 2.05319e-16
 14438.0000 2.25321e-14 2.28539e-16
 14449.2000 2.26774e-14 2.97468e-16
 14460.3000 2.29136e-14 4.42225e-16
 14471.5000 2.29477e-14 1.36512e-16
 14482.8000 2.07465e-14 1.44026e-15
 14494.0000 2.19947e-14 1.24979e-16
 14505.2000 2.20783e-14 3.33142e-16
 14516.5000 2.24928e-14 4.96388e-16
 14527.8000 2.28378e-14 5.05269e-16
 14539.1000 2.28191e-14 4.45813e-16
 14550.4000 2.25169e-14 4.10340e-16
 14561.7000 2.24199e-14 2.46027e-16
 14573.1000 2.23741e-14 1.44502e-16
 14584.5000 2.22665e-14 1.04502e-16
 14595.8000 2.22428e-14 1.07862e-16
 14607.3000 2.24273e-14 7.30673e-17
 14618.7000 2.24940e-14 8.75263e-17
 14630.1000 2.23705e-14 2.31524e-16
 14641.6000 2.21904e-14 1.90760e-16
 14653.1000 2.22400e-14 1.12998e-16
 14664.6000 2.22544e-14 1.55781e-16
 14676.1000 2.21120e-14 1.01611e-16
 14687.6000 2.17679e-14 2.72501e-17
 14699.2000 2.12417e-14 1.30125e-16
 14710.7000 2.14126e-14 3.13853e-16
 14722.3000 2.18755e-14 4.52792e-16
 14733.9000 2.23250e-14 4.49125e-16
 14745.5000 2.19329e-14 2.45364e-16
 14757.2000 2.14597e-14 1.46243e-16
 14768.8000 2.14272e-14 9.90270e-17
 14780.5000 2.14424e-14 6.06118e-17
 14792.2000 2.14901e-14 1.36166e-16
 14803.9000 2.17744e-14 2.99013e-16
 14815.6000 2.16954e-14 1.34173e-16
 14827.4000 2.16610e-14 2.87596e-16
 14839.2000 2.10640e-14 3.11245e-16
 14850.9000 2.13402e-14 1.03103e-16
 14862.7000 2.11119e-14 9.07276e-17
 14874.5000 2.12555e-14 2.19521e-16
 14886.3000 2.15119e-14 7.94783e-17
 14898.2000 2.14739e-14 2.64945e-16
 14910.1000 2.16272e-14 1.89085e-16
 14922.0000 2.12737e-14 3.53422e-17
 14933.9000 2.12344e-14 2.01746e-17
 14945.8000 2.15320e-14 1.23402e-16
 14957.8000 2.14659e-14 1.29590e-16
 14969.7000 2.15439e-14 1.14105e-16
 14981.7000 2.15819e-14 1.76582e-16
 14993.7000 2.16364e-14 1.33838e-16
 15005.8000 2.14153e-14 7.89393e-17
 15017.8000 2.12354e-14 3.79971e-17
 15029.8000 2.09021e-14 1.44474e-16
 15041.9000 2.05948e-14 2.63430e-16
 15054.0000 2.08681e-14 2.62918e-17
 15066.1000 2.06770e-14 3.96860e-17
 15078.2000 2.05495e-14 1.05159e-16
 15090.3000 2.07535e-14 4.50538e-17
 15102.5000 2.09509e-14 7.16516e-17
 15114.8000 2.09586e-14 1.76221e-16
 15126.9000 2.08492e-14 7.88542e-17
 15139.1000 2.07677e-14 2.24715e-17
 15151.3000 2.07906e-14 3.92986e-17
 15163.6000 2.05572e-14 1.66545e-16
 15175.8000 2.05128e-14 1.01371e-16
 15188.1000 2.06534e-14 8.86800e-17
 15200.4000 2.07138e-14 3.22937e-17
 15212.8000 2.06191e-14 7.83642e-17
 15225.1000 2.05037e-14 7.46258e-17
 15237.4000 1.99274e-14 2.67490e-16
 15249.9000 1.99289e-14 1.91487e-16
 15262.2000 2.00304e-14 1.52601e-17
 15274.6000 2.00860e-14 4.48096e-17
 15287.1000 2.00375e-14 1.64272e-17
 15299.5000 1.99065e-14 4.50951e-17
 15312.0000 1.99150e-14 1.42401e-17
 15324.5000 1.98829e-14 2.56876e-17
 15337.0000 1.97743e-14 3.65996e-17
 15349.5000 1.96481e-14 5.72538e-17
 15362.0000 1.96361e-14 1.54609e-17
 15374.6000 1.97090e-14 1.49490e-17
 15387.1000 1.97699e-14 3.02957e-17
 15399.7000 1.96286e-14 3.65819e-17
 15412.3000 1.95379e-14 2.14650e-17
 15425.0000 1.95494e-14 1.40447e-17
 15437.6000 1.95761e-14 4.83699e-17
 15450.3000 1.95627e-14 5.63032e-17
 15462.9000 1.94075e-14 3.51509e-17
 15475.6000 1.93829e-14 8.34482e-17
 15488.4000 1.93450e-14 8.91382e-17
 15501.1000 1.93128e-14 5.62049e-17
 15513.8000 1.90271e-14 1.56065e-16
 15526.6000 1.90689e-14 6.91428e-17
 15539.4000 1.91712e-14 5.07591e-18
 15552.2000 1.90703e-14 2.45718e-17
 15565.0000 1.89080e-14 4.33199e-17
 15577.9000 1.89758e-14 5.05502e-18
 15590.7000 1.89370e-14 6.15663e-17
 15603.6000 1.88081e-14 4.71084e-17
 15616.5000 1.86126e-14 3.24564e-17
 15629.4000 1.85717e-14 6.63029e-17
 15642.3000 1.85100e-14 3.93789e-17
 15655.3000 1.84603e-14 5.18192e-18
 15668.3000 1.84456e-14 5.18599e-17
 15681.2000 1.83086e-14 2.04935e-18
 15694.2000 1.85175e-14 3.61288e-17
 15707.3000 1.85744e-14 2.50915e-17
 15720.3000 1.85653e-14 1.66122e-17
 15733.3000 1.86016e-14 3.19806e-17
 15746.4000 1.85893e-14 2.28497e-17
 15759.5000 1.85455e-14 3.85496e-17
 15772.6000 1.84350e-14 3.11677e-17
 15785.7000 1.82506e-14 1.83405e-17
 15798.9000 1.81499e-14 3.46227e-17
 15812.0000 1.79144e-14 2.13810e-17
 15825.2000 1.76315e-14 5.02381e-17
 15838.4000 1.75012e-14 2.16731e-17
 15851.6000 1.75277e-14 7.34830e-17
 15864.9000 1.75322e-14 1.60620e-17
 15878.1000 1.77787e-14 9.41339e-17
 15891.4000 1.78707e-14 4.17558e-17
 15904.7000 1.79473e-14 4.50921e-17
 15918.0000 1.79328e-14 7.08237e-17
 15931.3000 1.78842e-14 8.28825e-18
 15944.6000 1.78777e-14 8.09823e-18
 15958.0000 1.78524e-14 2.52101e-17
 15971.4000 1.77338e-14 3.46317e-17
 15984.7000 1.74956e-14 8.90820e-17
 15998.1000 1.76701e-14 5.62981e-17
 16011.6000 1.75139e-14 7.52013e-17
 16025.0000 1.73749e-14 8.84454e-17
 16038.5000 1.72362e-14 5.61190e-17
 16051.9000 1.73420e-14 5.29247e-17
 16065.4000 1.71628e-14 1.09850e-17
 16079.0000 1.70805e-14 5.43391e-17
 16092.5000 1.70698e-14 1.50020e-17
 16106.0000 1.70748e-14 4.70820e-17
 16119.6000 1.69187e-14 1.12648e-17
 16133.2000 1.68318e-14 9.27653e-17
 16146.8000 1.67048e-14 6.48958e-17
 16160.4000 1.67381e-14 7.59030e-18
 16174.0000 1.66894e-14 9.38503e-17
 16187.7000 1.68412e-14 2.05030e-17
 16201.3000 1.68457e-14 2.39291e-17
 16215.1000 1.68509e-14 3.15264e-17
 16228.7000 1.67849e-14 3.10140e-17
 16242.4000 1.67760e-14 3.08763e-17
 16256.2000 1.67051e-14 7.62476e-17
 16269.9000 1.68331e-14 1.01500e-17
 16283.7000 1.67632e-14 5.01081e-17
 16297.5000 1.68016e-14 1.97951e-17
 16311.3000 1.67159e-14 4.54245e-17
 16325.1000 1.67548e-14 9.49869e-18
 16339.0000 1.66163e-14 1.92780e-17
 16352.8000 1.64351e-14 1.77554e-17
 16366.7000 1.64348e-14 4.57276e-17
 16380.6000 1.63894e-14 4.53774e-18
 16394.5000 1.63387e-14 4.40646e-18
 16408.4000 1.63381e-14 1.22424e-17
 16422.4000 1.63233e-14 2.09646e-17
 16436.3000 1.62127e-14 1.83042e-17
 16450.3000 1.61178e-14 3.14762e-17
 16464.3000 1.59819e-14 1.15881e-17
 16478.3000 1.60053e-14 3.83988e-17
 16492.3000 1.58957e-14 2.28870e-17
 16506.4000 1.58507e-14 2.58109e-18
 16520.4000 1.58460e-14 2.08073e-17
 16534.5000 1.58716e-14 1.14577e-17
 16548.6000 1.59194e-14 3.34470e-17
 16562.7000 1.59023e-14 1.47297e-17
 16576.8000 1.58868e-14 1.78100e-17
 16591.0000 1.59537e-14 1.23582e-17
 16605.1000 1.60642e-14 1.11726e-16
 16619.3000 1.59424e-14 1.04234e-16
 16633.5000 1.59866e-14 5.84283e-17
 16647.7000 1.59192e-14 2.53261e-17
 16661.9000 1.57226e-14 3.50413e-17
 16676.2000 1.57244e-14 1.99009e-17
 16690.4000 1.55995e-14 7.88340e-18
 16704.7000 1.55244e-14 3.75646e-17
 16719.0000 1.55651e-14 3.78863e-17
 16733.3000 1.55344e-14 3.32629e-17
 16747.6000 1.56338e-14 4.06630e-17
 16762.0000 1.57491e-14 8.35752e-17
 16776.3000 1.57882e-14 3.37631e-17
 16790.7000 1.57983e-14 1.81059e-17
 16805.1000 1.57488e-14 1.83936e-17
 16819.5000 1.57374e-14 1.50804e-17
 16833.9000 1.57320e-14 4.24453e-17
 16848.3000 1.56390e-14 1.65997e-17
 16862.8000 1.54666e-14 9.84320e-18
 16877.3000 1.53418e-14 7.94384e-18
 16891.8000 1.52140e-14 1.32262e-17
 16906.3000 1.50935e-14 2.06033e-17
 16920.8000 1.50855e-14 2.87194e-17
 16935.3000 1.50879e-14 9.60648e-18
 16949.9000 1.50477e-14 1.83924e-17
 16964.4000 1.49707e-14 1.08412e-17
 16979.0000 1.48658e-14 9.88552e-18
 16993.6000 1.48735e-14 3.88241e-17
 17008.2000 1.46979e-14 1.31990e-17
 17022.9000 1.45895e-14 2.47588e-17
 17037.5000 1.44765e-14 3.46756e-17
 17052.2000 1.44494e-14 3.08191e-17
 17066.9000 1.43686e-14 1.74233e-17
 17081.5000 1.42711e-14 1.36382e-17
 17096.3000 1.42174e-14 1.01061e-17
 17111.0000 1.41722e-14 8.03330e-18
 17125.7000 1.42210e-14 3.34443e-17
 17140.5000 1.43600e-14 4.32884e-17
 17155.3000 1.46408e-14 4.39380e-17
 17170.0000 1.53814e-14 8.23264e-17
 17184.9000 1.49929e-14 8.86263e-17
 17199.7000 1.43363e-14 2.58584e-17
 17214.5000 1.42367e-14 2.04967e-17
 17229.4000 1.43682e-14 6.16284e-17
 17244.2000 1.43625e-14 9.31292e-18
 17259.1000 1.43989e-14 2.87487e-17
 17274.0000 1.44215e-14 5.81717e-17
 17288.9000 1.43250e-14 5.85530e-17
 17303.8000 1.43323e-14 4.16214e-17
 17318.8000 1.42379e-14 1.45059e-17
 17333.7000 1.41399e-14 1.11980e-17
 17348.7000 1.40822e-14 5.12332e-17
 17363.7000 1.41855e-14 2.41929e-17
 17378.7000 1.42471e-14 8.26560e-18
 17393.7000 1.42572e-14 2.23411e-17
 17408.8000 1.41421e-14 3.56243e-17
 17423.8000 1.39244e-14 1.73492e-17
 17438.9000 1.38363e-14 6.38865e-18
 17454.0000 1.37989e-14 1.25071e-16
 17469.1000 1.37499e-14 2.73524e-17
 17484.2000 1.39814e-14 4.80695e-17
 17499.3000 1.39127e-14 2.43309e-17
 17514.4000 1.38620e-14 2.52926e-17
 17529.6000 1.37448e-14 6.61850e-18
 17544.8000 1.36705e-14 1.33225e-17
 17559.9000 1.35998e-14 2.00611e-17
 17575.1000 1.36512e-14 2.44998e-17
 17590.3000 1.36772e-14 9.67276e-18
 17605.5000 1.34699e-14 3.84407e-17
 17620.8000 1.32494e-14 3.95355e-17
 17636.1000 1.31182e-14 4.60601e-17
 17651.3000 1.29988e-14 6.74735e-17
 17666.6000 1.30210e-14 1.50317e-17
 17681.9000 1.30260e-14 2.73672e-17
 17697.2000 1.30853e-14 5.83487e-17
 17712.6000 1.30044e-14 2.65104e-17
 17727.9000 1.29089e-14 5.19931e-17
 17743.3000 1.28918e-14 6.42660e-17
 17758.7000 1.28721e-14 7.62024e-17
 17774.0000 1.28922e-14 8.90276e-18
 17789.5000 1.29213e-14 1.20820e-17
 17804.9000 1.28747e-14 2.52372e-17
 17820.3000 1.26554e-14 7.11997e-17
 17835.7000 1.24067e-14 4.26306e-17
 17851.2000 1.22649e-14 3.07205e-17
 17866.7000 1.21708e-14 7.31099e-18
 17882.2000 1.21865e-14 1.12268e-17
 17897.7000 1.21861e-14 4.78915e-17
 17913.2000 1.19894e-14 1.18436e-16
 17928.7000 1.20155e-14 9.24763e-17
 17944.3000 1.22090e-14 9.41804e-17
 17959.8000 1.23357e-14 1.05052e-16
 17975.4000 1.22977e-14 1.36733e-16
 17991.0000 1.20298e-14 1.72231e-16
 18006.6000 1.19501e-14 2.25881e-16
 18022.2000 1.21814e-14 1.33485e-16
 18037.8000 1.24515e-14 7.82519e-17
 18053.5000 1.24285e-14 1.39098e-16
 18069.1000 1.23224e-14 2.70333e-17
 18084.8000 1.23472e-14 1.02648e-16
 18100.5000 1.24087e-14 4.76914e-17
 18116.2000 1.24066e-14 9.14497e-17
 18131.9000 1.26378e-14 1.79012e-16
 18147.6000 1.27811e-14 1.28606e-16
 18163.3000 1.24211e-14 1.72123e-16
 18179.1000 1.19727e-14 1.53725e-16
 18194.8000 1.14846e-14 8.89053e-17
 18210.6000 1.17719e-14 2.16607e-16
 18226.4000 1.15602e-14 2.21230e-16
 18242.2000 1.11281e-14 1.41933e-16
 18258.0000 1.10291e-14 2.37994e-16
 18273.9000 1.11593e-14 8.36782e-16
 18289.7000 1.29956e-14 9.65026e-16
 18305.6000 1.24039e-14 7.01699e-16
 18321.4000 1.01466e-14 6.58365e-16
 18337.3000 8.69765e-15 2.66221e-16
 18353.2000 8.32402e-15 7.63010e-16
 18369.1000 7.62212e-15 8.94208e-16
 18385.0000 8.71469e-15 1.34606e-15
 18401.0000 1.40244e-14 3.48826e-15
 18416.9000 1.36402e-14 1.51426e-15
 18432.9000 1.40996e-14 1.40963e-15
 18448.9000 1.26043e-14 9.81141e-16
 18464.9000 1.07894e-14 4.79245e-16
 18480.9000 1.20001e-14 5.55739e-16
 18496.9000 1.42848e-14 1.19662e-15
 18512.9000 1.26610e-14 1.08624e-15
 18529.0000 1.27272e-14 7.20742e-16
 18545.0000 1.25259e-14 8.21720e-16
 18561.1000 1.24278e-14 9.77408e-16
 18577.2000 1.59919e-14 1.91637e-15
 18593.2000 1.66127e-14 2.38061e-15
 18609.4000 1.71329e-14 1.58087e-15
 18625.5000 1.78943e-14 1.26088e-15
 18641.6000 1.69142e-14 6.51068e-16
 18657.7000 1.64599e-14 4.79473e-16
 18673.9000 1.56472e-14 7.46611e-16
 18690.1000 1.81459e-14 8.64502e-16
 18706.2000 1.73404e-14 2.69722e-15
 18722.4000 8.79742e-15 2.27460e-15
 18738.7000 1.49818e-14 3.21171e-15
 18754.9000 1.71926e-14 2.79809e-15
 18771.1000 1.61869e-14 2.04771e-15
 18787.3000 1.54807e-14 1.32836e-15
 18803.6000 1.49538e-14 1.25306e-15
 18819.9000 1.43715e-14 9.16111e-16
 18836.2000 1.44850e-14 1.10309e-15
 18852.5000 1.55393e-14 1.04554e-15
 18868.8000 1.57754e-14 8.74474e-16
 18885.1000 1.39569e-14 2.87323e-16
 18901.4000 1.34596e-14 3.33263e-16
 18917.8000 1.41140e-14 7.08918e-16
 18934.1000 1.53957e-14 9.41049e-16
 18950.5000 1.42698e-14 7.82399e-16
 18966.9000 1.27484e-14 9.94928e-16
 18983.3000 1.30011e-14 4.80900e-16
 18999.7000 1.54886e-14 1.58580e-15
 19016.1000 1.19344e-14 1.26730e-15
 19032.5000 1.14741e-14 1.31253e-15
 19049.0000 1.00829e-14 1.42402e-15
 19065.4000 1.19825e-14 1.39243e-15
 19081.9000 1.19442e-14 5.02035e-16
 19098.3000 1.00104e-14 3.85044e-16
 19114.8000 9.78349e-15 5.42353e-16
 19131.3000 1.11503e-14 1.15316e-15
 19147.9000 1.16075e-14 1.46507e-15
 19164.4000 1.12655e-14 9.40246e-16
 19180.9000 1.09614e-14 7.65615e-16
 19197.5000 1.06931e-14 6.00527e-16
 19214.0000 1.10746e-14 6.54073e-16
 19230.6000 1.14121e-14 4.57924e-16
 19247.2000 1.07900e-14 2.20855e-16
 19263.8000 1.01470e-14 2.10725e-16
 19280.4000 1.03190e-14 2.78730e-16
 19297.0000 1.08543e-14 6.17935e-16
 19313.7000 1.13612e-14 6.75617e-16
 19330.3000 1.13902e-14 4.83516e-16
 19347.0000 1.04886e-14 2.56348e-16
 19363.6000 1.02102e-14 1.68563e-16
 19380.3000 1.10780e-14 4.18371e-16
 19397.0000 1.16786e-14 5.63799e-16
 19413.7000 1.16268e-14 3.81735e-16
 19430.5000 1.13013e-14 2.90816e-16
 19447.2000 1.06494e-14 1.62821e-16
 19463.9000 1.01284e-14 1.70574e-16
 19480.7000 1.01559e-14 1.69511e-16
 19497.5000 1.01558e-14 1.70317e-16
 19514.2000 9.90873e-15 7.10503e-17
 19531.0000 9.86465e-15 1.08499e-16
 19547.8000 9.81178e-15 6.88754e-17
 19564.6000 1.00217e-14 1.39705e-16
 19581.5000 1.03120e-14 2.75024e-16
 19598.3000 1.03172e-14 3.14976e-16
 19615.1000 1.00610e-14 2.25397e-16
 19632.0000 9.95095e-15 1.20512e-16
 19648.9000 9.95133e-15 2.35702e-16
 19665.8000 9.92184e-15 1.63148e-16
 19682.7000 9.89068e-15 9.98952e-17
 19699.6000 9.76508e-15 6.07915e-17
 19716.5000 9.58778e-15 8.56119e-17
 19733.5000 9.59344e-15 8.75495e-17
 19750.4000 9.62275e-15 1.03474e-16
 19767.4000 9.50116e-15 5.95508e-17
 19784.3000 9.41866e-15 2.78486e-17
 19801.3000 9.45412e-15 5.39585e-17
 19818.3000 9.42339e-15 5.61171e-18
 19835.3000 9.42257e-15 3.70054e-18
 19852.3000 9.32047e-15 9.57660e-18
 19869.4000 9.31475e-15 2.93255e-17
 19886.4000 9.29472e-15 1.90921e-17
 19903.5000 9.30637e-15 3.01615e-17
 19920.5000 9.31160e-15 7.87688e-18
 19937.6000 9.27042e-15 1.04755e-16
 19954.7000 9.13211e-15 1.67695e-16
 19971.8000 9.03783e-15 2.42773e-16
 19988.9000 8.97539e-15 2.40580e-16
 20006.1000 8.76719e-15 2.46067e-16
 20023.2000 8.78658e-15 8.46839e-17
 20040.3000 9.06174e-15 9.29142e-17
 20057.5000 9.61863e-15 2.41899e-16
 20074.7000 9.53504e-15 1.46502e-16
 20091.9000 8.98346e-15 2.16840e-17
 20109.1000 8.89224e-15 4.22651e-17
 20126.3000 8.83230e-15 2.31798e-17
 20143.5000 8.82621e-15 2.67806e-17
 20160.8000 8.85247e-15 7.05423e-17
 20178.0000 8.88907e-15 1.16914e-16
 20195.3000 8.88230e-15 1.36133e-16
 20212.6000 8.86904e-15 1.31774e-16
 20229.9000 8.86649e-15 1.25739e-16
 20247.2000 8.77246e-15 5.99276e-17
 20264.5000 8.67527e-15 6.42270e-17
 20281.8000 8.53691e-15 6.68418e-17
 20299.2000 8.50991e-15 5.48238e-17
 20316.5000 8.48590e-15 3.77876e-17
 20333.9000 8.58525e-15 9.31297e-17
 20351.3000 8.56139e-15 6.93653e-17
 20368.6000 8.42533e-15 4.70035e-17
 20386.1000 8.39425e-15 4.35835e-17
 20403.5000 8.40830e-15 4.24136e-17
 20420.9000 8.44391e-15 2.28556e-17
 20438.4000 8.38755e-15 2.26395e-17
 20455.8000 8.34693e-15 7.74781e-18
 20473.3000 8.32197e-15 6.05230e-17
 20490.8000 8.26350e-15 1.16653e-16
 20508.3000 8.21704e-15 5.82825e-17
 20525.8000 8.10889e-15 2.43779e-17
 20543.3000 8.15957e-15 3.35624e-17
 20560.8000 8.20613e-15 2.29443e-17
 20578.4000 8.21424e-15 1.93306e-17
 20596.0000 8.21905e-15 1.83916e-17
 20613.5000 8.15668e-15 5.29102e-17
 20631.1000 8.09661e-15 3.01342e-17
 20648.7000 8.16078e-15 4.29160e-17
 20666.4000 8.14764e-15 2.96363e-17
 20684.0000 8.12499e-15 1.20527e-17
 20701.7000 8.12024e-15 2.43619e-17
 20719.3000 8.07646e-15 1.79905e-17
 20737.0000 7.99943e-15 1.52553e-17
 20754.7000 8.00840e-15 1.49487e-17
 20772.4000 8.02024e-15 1.13628e-17
 20790.1000 8.01559e-15 2.64627e-17
 20807.9000 8.00614e-15 6.69322e-17
 20825.6000 7.95416e-15 6.17912e-17
 20843.4000 7.90566e-15 2.99316e-17
 20861.1000 7.86670e-15 3.78244e-17
 20878.9000 7.93728e-15 2.68970e-17
 20896.8000 7.88123e-15 2.28477e-17
 20914.6000 7.78985e-15 3.42960e-17
 20932.4000 7.85379e-15 6.52179e-17
 20950.3000 7.83779e-15 3.60015e-17
 20968.2000 7.85133e-15 1.29638e-17
 20986.1000 7.84193e-15 3.70788e-17
 21003.9000 7.75473e-15 4.70754e-17
 21021.8000 7.79899e-15 7.31024e-17
 21039.8000 7.78018e-15 4.96210e-17
 21057.7000 7.74764e-15 3.92282e-17
 21075.7000 7.73995e-15 6.20894e-17
 21093.7000 7.70021e-15 7.59740e-17
 21111.7000 7.69721e-15 4.94036e-17
 21129.7000 7.71167e-15 4.29959e-17
 21147.7000 7.65876e-15 4.59803e-17
 21165.8000 7.61134e-15 5.77980e-17
 21183.8000 7.57002e-15 3.65391e-17
 21201.9000 7.56945e-15 5.61692e-17
 21220.0000 7.50931e-15 4.55706e-17
 21238.1000 7.39013e-15 1.81680e-17
 21256.2000 7.37497e-15 4.72852e-17
 21274.4000 7.33355e-15 5.90869e-17
 21292.5000 7.31637e-15 6.38481e-17
 21310.7000 7.32955e-15 9.81503e-17
 21328.9000 7.32807e-15 8.45515e-17
 21347.1000 7.40776e-15 7.32895e-17
 21365.4000 7.44549e-15 1.17683e-16
 21383.6000 7.45498e-15 8.01539e-17
 21401.9000 7.55196e-15 4.36768e-17
 21420.2000 7.58117e-15 4.60097e-17
 21438.5000 7.62673e-15 6.38196e-17
 21456.8000 7.65110e-15 6.09225e-17
 21475.1000 7.70735e-15 2.72590e-17
 21493.5000 7.70142e-15 5.41233e-17
 21511.9000 7.66834e-15 6.09272e-17
 21530.3000 7.65488e-15 7.44407e-17
 21548.7000 7.60267e-15 5.67079e-17
 21567.2000 7.68926e-15 4.94796e-17
 21585.6000 7.73819e-15 5.12292e-17
 21604.1000 7.78560e-15 5.09293e-17
 21622.6000 7.84671e-15 5.12933e-17
 21641.1000 7.82010e-15 5.07085e-17
 21659.7000 7.74142e-15 5.23139e-17
 21678.2000 7.71971e-15 5.38377e-17
 21696.8000 7.73543e-15 3.99315e-17
 21715.4000 7.67604e-15 6.57374e-18
 21734.0000 7.72139e-15 6.97224e-17
 21752.7000 7.64176e-15 4.81903e-17
 21771.3000 7.59028e-15 3.92379e-17
 21790.0000 7.55621e-15 3.82764e-17
 21808.7000 7.35726e-15 1.03657e-16
 21827.5000 7.19682e-15 9.68850e-17
 21846.2000 7.19020e-15 6.81838e-17
 21865.0000 7.17805e-15 3.32271e-17
 21883.8000 7.13891e-15 2.51795e-17
 21902.6000 7.07589e-15 6.26295e-17
 21921.5000 7.01933e-15 5.03472e-17
 21940.4000 7.05737e-15 6.52265e-17
 21959.2000 7.00535e-15 3.80439e-17
 21978.1000 6.91713e-15 4.05080e-17
 21997.1000 6.80802e-15 3.16469e-17
 22016.0000 6.76426e-15 2.63127e-17
 22035.0000 6.71310e-15 3.12341e-17
 22054.0000 6.72114e-15 5.08607e-17
 22073.1000 6.71526e-15 3.74970e-17
 22092.1000 6.68342e-15 3.39266e-17
 22111.2000 6.65930e-15 3.71116e-17
 22130.3000 6.63775e-15 3.17826e-17
 22149.4000 6.61353e-15 3.26816e-17
 22168.6000 6.57592e-15 3.74656e-17
 22187.8000 6.48432e-15 4.59743e-17
 22207.0000 6.48020e-15 6.25074e-17
 22226.2000 6.56048e-15 2.34337e-17
 22245.4000 6.59607e-15 2.99786e-17
 22264.9000 6.81011e-15 3.49759e-17
 22284.2000 6.78567e-15 1.90053e-17
 22303.4000 6.53589e-15 9.11623e-18
 22322.9000 6.43160e-15 7.65400e-17
 22342.3000 6.37595e-15 6.65443e-17
 22361.7000 6.36018e-15 5.28420e-17
 22381.2000 6.31605e-15 3.21960e-17
 22400.6000 6.30850e-15 6.43987e-17
 22420.2000 6.30144e-15 5.82197e-17
 22439.7000 6.26178e-15 4.79678e-17
 22459.3000 6.26523e-15 5.12485e-17
 22478.9000 6.26374e-15 5.40195e-17
 22498.6000 6.20827e-15 3.94046e-17
 22518.2000 6.18186e-15 4.30208e-17
 22537.8000 6.29525e-15 6.79247e-17
 22557.6000 6.27810e-15 4.74991e-17
 22577.4000 6.11402e-15 2.85293e-17
 22597.2000 6.10065e-15 4.76073e-17
 22617.1000 6.03340e-15 6.87935e-17
 22636.9000 6.00186e-15 5.34945e-17
 22656.8000 6.03058e-15 4.17518e-17
 22676.7000 6.03217e-15 5.02251e-17
 22696.7000 6.01630e-15 4.13549e-17
 22716.7000 5.98851e-15 5.37063e-17
 22736.7000 5.98590e-15 6.08308e-17
 22756.8000 5.90649e-15 3.87093e-17
 22776.9000 5.90834e-15 6.12401e-17
 22797.0000 5.91432e-15 3.83609e-17
 22817.2000 5.88724e-15 3.17421e-17
 22837.4000 5.86614e-15 3.38096e-17
 22857.6000 5.83761e-15 4.98330e-17
 22877.9000 5.78539e-15 3.40977e-17
 22898.2000 5.84706e-15 5.90704e-17
 22918.6000 5.80215e-15 1.17847e-17
 22939.0000 5.77672e-15 1.76461e-17
 22959.4000 5.76290e-15 5.69432e-17
 22979.9000 5.77762e-15 7.23891e-17
 23000.4000 5.72826e-15 3.54082e-17
 23020.9000 5.70993e-15 5.37631e-17
 23041.5000 5.60347e-15 1.18146e-17
 23062.1000 5.65205e-15 6.12287e-17
 23082.8000 5.61490e-15 6.56755e-17
 23103.5000 5.66209e-15 7.39920e-17
 23124.3000 5.35562e-15 3.92748e-16
 23145.1000 5.33721e-15 3.34406e-16
 23165.9000 5.56805e-15 1.20462e-16
 23186.8000 5.56800e-15 7.56472e-17
 23207.7000 5.51546e-15 3.49966e-17
 23228.6000 5.51687e-15 5.80475e-17
 23249.6000 5.53175e-15 6.68568e-17
 23270.7000 5.52314e-15 6.62699e-17
 23291.8000 5.51794e-15 6.82826e-17
 23312.9000 5.46843e-15 4.44268e-17
 23334.1000 5.35257e-15 2.50723e-17
 23355.3000 5.23938e-15 1.79875e-17
 23376.6000 5.28703e-15 7.61815e-17
 23398.0000 5.35658e-15 5.83064e-17
 23419.3000 5.35202e-15 2.24358e-17
 23440.7000 5.39423e-15 3.99348e-17
 23462.2000 5.42451e-15 5.80129e-17
 23483.8000 5.36259e-15 1.97781e-17
 23505.3000 5.35664e-15 5.53941e-17
 23526.9000 5.40596e-15 7.45549e-17
 23548.6000 5.44139e-15 6.24063e-17
 23570.3000 5.31472e-15 6.38572e-17
 23592.1000 5.19699e-15 7.99725e-17
 23613.9000 5.09531e-15 1.10428e-17
 23635.8000 5.09320e-15 3.33000e-17
 23657.7000 5.15154e-15 7.17151e-17
 23679.7000 5.13340e-15 3.81584e-17
 23701.7000 5.18283e-15 5.88899e-17
 23723.8000 5.12292e-15 2.27036e-17
 23746.0000 5.00823e-15 2.17890e-17
 23768.1000 4.99723e-15 1.00881e-17
 23790.4000 5.06177e-15 4.60269e-17
 23812.7000 5.05899e-15 4.60590e-17
 23835.1000 5.08055e-15 3.66609e-17
 23857.5000 5.08480e-15 4.83006e-17
 23880.0000 5.07743e-15 9.67076e-17
 23902.5000 5.04323e-15 6.74343e-17
 23925.1000 5.01473e-15 5.92558e-17
 23947.8000 4.88909e-15 5.04061e-17
 23970.5000 4.76833e-15 3.86283e-17
 23993.3000 4.64725e-15 4.79013e-17
 24016.2000 4.61921e-15 3.31868e-17
 24039.1000 4.76199e-15 7.28560e-17
 24062.1000 4.83663e-15 1.44253e-17
 24085.1000 4.87730e-15 8.88223e-17
 24108.2000 4.76947e-15 8.87903e-17
 24131.4000 4.69373e-15 2.69153e-17
 24154.6000 4.74781e-15 6.18795e-17
 24177.9000 4.60358e-15 1.21827e-17
 24201.3000 4.64421e-15 3.41450e-17
 24224.7000 4.68855e-15 6.27879e-17
 24248.2000 4.67256e-15 3.40357e-17
 24271.8000 4.66181e-15 2.45510e-17
 24295.4000 4.69313e-15 6.97925e-17
 24319.2000 4.60486e-15 1.37800e-17
 24342.9000 4.62236e-15 2.17765e-17
 24366.8000 4.63295e-15 3.56974e-17
 24390.7000 4.65569e-15 2.27138e-17
 24414.7000 4.66702e-15 4.09344e-17
 24438.8000 4.54187e-15 2.84431e-17
 24463.0000 4.37804e-15 1.71764e-17
 24487.2000 4.27641e-15 2.27280e-17
 24511.5000 4.39131e-15 2.68311e-17
 24535.9000 4.43724e-15 8.37488e-17
 24560.3000 4.44646e-15 5.19977e-17
 24584.8000 4.30634e-15 4.81252e-17
 24609.5000 4.06975e-15 2.22378e-17
 24634.1000 4.03644e-15 1.13224e-17
 24658.9000 4.16908e-15 5.80312e-17
 24683.8000 4.35718e-15 3.83246e-17
 24708.7000 4.50714e-15 1.41248e-17
 24733.7000 4.47372e-15 4.58451e-17
 24758.8000 4.40240e-15 7.00434e-17
 24784.0000 4.43207e-15 4.71508e-17
 24809.3000 4.44581e-15 4.21888e-17
 24834.6000 4.22087e-15 4.29216e-17
 24860.1000 3.90571e-15 1.21636e-16
 24885.6000 3.60695e-15 8.17723e-17
 24911.2000 3.83094e-15 4.25520e-17
 24937.0000 4.30572e-15 2.89451e-17
 24962.8000 4.58882e-15 2.61569e-17
 24988.7000 4.44855e-15 9.81885e-17
