3720.0000	4.3490162e-16
3721.5000	2.8048202e-16
3723.0000	3.4839529e-16
3724.5000	4.4192231e-16
3726.0000	4.5282501e-16
3727.5000	2.9939619e-16
3729.0000	3.3037692e-16
3730.5000	3.2823578e-16
3732.0000	3.5620931e-16
3733.5000	3.3493125e-16
3735.0000	3.1365319e-16
3736.5000	2.9237512e-16
3738.0000	2.7109706e-16
3741.0000	3.6760306e-16
3742.5000	3.114953e-16
3744.0000	3.5784924e-16
3745.5000	4.9789265e-16
3747.0000	3.4827927e-16
3748.5000	2.7595368e-16
3750.0000	2.9440898e-16
3751.5000	3.5239473e-16
3753.0000	3.0375963e-16
3754.5000	2.4686629e-16
3756.0000	2.9819584e-16
3757.5000	2.3405565e-16
3759.0000	3.290371e-16
3760.5000	4.8291945e-16
3762.0000	4.7841844e-16
3763.5000	3.4705395e-16
3765.0000	2.4830295e-16
3766.5000	2.8141901e-16
3768.0000	3.0413187e-16
3769.5000	3.1125224e-16
3771.0000	2.5757733e-16
3772.5000	1.8725815e-16
3774.0000	2.7591363e-16
3775.5000	3.9959624e-16
3777.0000	3.3307934e-16
3778.5000	2.5949126e-16
3780.0000	2.1674681e-16
3781.5000	2.5887367e-16
3783.0000	4.9200812e-16
3784.5000	3.4476519e-16
3786.0000	3.3761138e-16
3787.5000	2.635338e-16
3789.0000	3.4061611e-16
3790.5000	4.9093044e-16
3792.0000	3.2047072e-16
3793.5000	2.4212004e-16
3795.0000	2.9676506e-16
3796.5000	2.9463151e-16
3798.0000	2.9249796e-16
3801.0000	3.9122614e-16
3802.5000	3.2365185e-16
3804.0000	3.0208889e-16
3805.5000	2.7249134e-16
3808.5000	3.2342401e-16
3810.0000	2.489284e-16
3811.5000	2.0423307e-16
3813.0000	3.189086e-16
3814.5000	3.7233385e-16
3816.0000	3.456704e-16
3817.5000	2.7335846e-16
3819.0000	2.8113285e-16
3820.5000	2.8105682e-16
3822.0000	3.3049572e-16
3823.5000	3.5838088e-16
3825.0000	2.5588211e-16
3826.5000	2.4100047e-16
3828.0000	2.6237044e-16
3829.5000	3.3303499e-16
3831.0000	4.0265822e-16
3832.5000	4.2305052e-16
3834.0000	3.2479039e-16
3835.5000	2.7124554e-16
3837.0000	2.7795434e-16
3838.5000	3.0572173e-16
3840.0000	4.021273e-16
3841.5000	3.2437494e-16
3843.0000	2.3435496e-16
3844.5000	2.0906448e-16
3846.0000	2.4163802e-16
3847.5000	3.380478e-16
3849.0000	3.6854747e-16
3850.5000	3.0897635e-16
3852.0000	3.5278231e-16
3853.5000	2.2541696e-16
3855.0000	2.988148e-16
3856.5000	3.3575496e-16
3858.0000	2.3021962e-16
3859.5000	2.4999021e-16
3861.0000	2.3258746e-16
3862.5000	3.1185383e-16
3864.0000	3.3266011e-16
3865.5000	2.0679004e-16
3867.0000	2.3238261e-16
3868.5000	3.372297e-16
3870.0000	3.3419952e-16
3871.5000	3.3543891e-16
3873.0000	3.9783278e-16
3874.5000	2.8030396e-16
3876.0000	2.104151e-16
3877.5000	3.5456616e-16
3879.0000	3.4619585e-16
3880.5000	2.8942764e-16
3882.0000	3.1014976e-16
3883.5000	2.9305521e-16
3885.0000	3.2138079e-16
3886.5000	2.7059883e-16
3888.0000	2.5312474e-16
3889.5000	3.2205144e-16
3891.0000	2.9170942e-16
3892.5000	2.5179571e-16
3894.0000	2.7271026e-16
3895.5000	2.8333476e-16
3897.0000	3.2256359e-16
3898.5000	2.7073646e-16
3900.0000	2.6862159e-16
3901.5000	3.3889151e-16
3903.0000	3.12029e-16
3904.5000	2.488443e-16
3906.0000	2.9132268e-16
3907.5000	2.7491221e-16
3909.0000	3.7656191e-16
3910.5000	3.275815e-16
3912.0000	3.1384802e-16
3913.5000	2.6899004e-16
3915.0000	2.545695e-16
3916.5000	2.2857623e-16
3918.0000	2.7950087e-16
3919.5000	3.6037931e-16
3921.0000	3.0169266e-16
3922.5000	2.5178882e-16
3924.0000	2.6192993e-16
3925.5000	2.7044755e-16
3927.0000	2.637789e-16
3928.5000	2.8010979e-16
3930.0000	3.3479813e-16
3931.5000	3.5023117e-16
3933.0000	2.5941908e-16
3934.5000	2.1806872e-16
3936.0000	2.3942514e-16
3937.5000	2.3953615e-16
3939.0000	2.8904736e-16
3940.5000	3.0274135e-16
3942.0000	3.5144815e-16
3943.5000	3.6730129e-16
3945.0000	3.3085871e-16
3946.5000	3.2563528e-16
3948.0000	3.0376551e-16
3949.5000	3.5235086e-16
3951.0000	4.1350889e-16
3952.5000	4.268665e-16
3954.0000	3.716526e-16
3955.5000	2.7870557e-16
3957.0000	2.2880876e-16
3958.5000	2.6505691e-16
3960.0000	3.1297979e-16
3961.5000	2.5183123e-16
3963.0000	2.2648183e-16
3964.5000	3.1517914e-16
3966.0000	2.1133283e-16
3967.5000	2.0700069e-16
3969.0000	2.7791366e-16
3970.5000	3.1043231e-16
3972.0000	2.9362383e-16
3973.5000	3.3552852e-16
3975.0000	3.2431063e-16
3976.5000	2.4189802e-16
3978.0000	2.7566037e-16
3979.5000	2.4009486e-16
3981.0000	2.5845003e-16
3982.5000	2.0698352e-16
3984.0000	2.7902526e-16
3985.5000	3.7972143e-16
3987.0000	3.3401659e-16
3988.5000	2.8534541e-16
3990.0000	3.1358281e-16
3991.5000	3.0894214e-16
3993.0000	2.0478871e-16
3994.5000	2.8681746e-16
3996.0000	3.8249004e-16
3997.5000	3.5181096e-16
3999.0000	3.1569266e-16
4000.5000	2.8277633e-16
4002.0000	2.8428105e-16
4003.5000	3.2422635e-16
4005.0000	2.6546073e-16
4006.5000	3.7086868e-16
4008.0000	3.4907719e-16
4009.5000	3.1496102e-16
4011.0000	2.8043172e-16
4012.5000	3.1569001e-16
4014.0000	2.9345223e-16
4015.5000	2.1924345e-16
4017.0000	2.4637696e-16
4018.5000	1.817981e-16
4020.0000	1.9356498e-16
4021.5000	2.3796684e-16
4023.0000	2.3199081e-16
4024.5000	3.5281378e-16
4026.0000	4.6486497e-16
4027.5000	4.4886711e-16
4029.0000	4.09756e-16
4030.5000	3.2291114e-16
4032.0000	3.1880879e-16
4033.5000	4.3147984e-16
4035.0000	4.1720459e-16
4036.5000	3.2426324e-16
4038.0000	2.6548854e-16
4039.5000	3.6822709e-16
4041.0000	3.3481383e-16
4042.5000	2.8369659e-16
4044.0000	3.592909e-16
4045.5000	3.4766978e-16
4047.0000	3.197915e-16
4048.5000	2.7690175e-16
4050.0000	2.9183322e-16
4051.5000	3.4546879e-16
4053.0000	2.8325638e-16
4054.5000	2.113529e-16
4056.0000	3.8736486e-16
4057.5000	4.6475008e-16
4059.0000	3.2766387e-16
4060.5000	1.9655478e-16
4062.0000	1.9868262e-16
4063.5000	3.3274835e-16
4065.0000	3.0838957e-16
4066.5000	1.9405557e-16
4068.0000	3.0635035e-16
4069.5000	2.6883703e-16
4071.0000	2.7206019e-16
4072.5000	3.3908156e-16
4074.0000	3.2291883e-16
4075.5000	3.5295579e-16
4077.0000	3.6911273e-16
4078.5000	2.9468435e-16
4080.0000	3.5789633e-16
4081.5000	2.8601941e-16
4083.0000	2.9180706e-16
4084.5000	3.4981298e-16
4086.0000	3.5342556e-16
4087.5000	3.1699252e-16
4089.0000	3.2855037e-16
4090.5000	3.3271274e-16
4092.0000	4.1558746e-16
4093.5000	3.7529862e-16
4095.0000	2.8604943e-16
4096.5000	2.1671034e-16
4098.0000	2.1869431e-16
4099.5000	2.2067828e-16
4102.5000	2.6320606e-16
4104.0000	2.3494309e-16
4105.5000	2.1624169e-16
4107.0000	2.4288462e-16
4108.5000	2.950089e-16
4110.0000	3.0746642e-16
4111.5000	3.8116959e-16
4113.0000	3.3624044e-16
4114.5000	3.3306575e-16
4116.0000	4.0753523e-16
4117.5000	3.4095371e-16
4119.0000	3.3063498e-16
4120.5000	3.6295402e-16
4122.0000	4.2049894e-16
4123.5000	3.4624845e-16
4125.0000	2.6772115e-16
4126.5000	3.7846425e-16
4128.0000	4.376252e-16
4129.5000	4.1899279e-16
4131.0000	3.4232023e-16
4132.5000	2.8561223e-16
4134.0000	3.2159907e-16
4135.5000	3.0457672e-16
4137.0000	3.6618304e-16
4138.5000	3.8158885e-16
4140.0000	3.456696e-16
4141.5000	3.2233095e-16
4143.0000	3.2469162e-16
4144.5000	3.0160668e-16
4146.0000	3.9450237e-16
4147.5000	3.5324576e-16
4149.0000	4.0726334e-16
4150.5000	4.0552771e-16
4152.0000	3.3654252e-16
4153.5000	4.0985331e-16
4155.0000	3.9279011e-16
4156.5000	3.9693561e-16
4158.0000	3.6654887e-16
4159.5000	3.8402355e-16
4161.0000	3.2621381e-16
4162.5000	3.2933345e-16
4164.0000	3.9784607e-16
4165.5000	3.5593793e-16
4167.0000	3.2074305e-16
4168.5000	3.1951228e-16
4170.0000	3.4058803e-16
4171.5000	3.8986728e-16
4173.0000	4.9714294e-16
4174.5000	4.6469307e-16
4176.0000	3.2722563e-16
4177.5000	3.611767e-16
4179.0000	3.7714764e-16
4180.5000	3.8474503e-16
4182.0000	3.8006178e-16
4183.5000	3.2865608e-16
4185.0000	3.0496144e-16
4186.5000	3.2959318e-16
4188.0000	3.6157835e-16
4189.5000	3.7155941e-16
4191.0000	3.8398913e-16
4192.5000	3.4616703e-16
4194.0000	2.8329039e-16
4195.5000	3.6070698e-16
4197.0000	3.3366325e-16
4198.5000	3.4928048e-16
4200.0000	3.4001639e-16
4201.5000	3.548567e-16
4203.0000	3.2782683e-16
4204.5000	3.4089658e-16
4206.0000	3.713696e-16
4207.5000	4.2746484e-16
4209.0000	3.6900553e-16
4210.5000	3.6245474e-16
4212.0000	3.4380972e-16
4213.5000	3.7893254e-16
4215.0000	3.8398576e-16
4216.5000	3.6335307e-16
4218.0000	3.1106853e-16
4219.5000	2.8888956e-16
4221.0000	2.6724675e-16
4222.5000	2.5756934e-16
4224.0000	2.1885887e-16
4225.5000	2.8899929e-16
4227.0000	3.5278377e-16
4228.5000	4.0456229e-16
4230.0000	4.2886618e-16
4231.5000	3.6743572e-16
4233.0000	3.0246839e-16
4234.5000	2.4338441e-16
4236.0000	2.4453965e-16
4237.5000	2.3592766e-16
4239.0000	1.8242233e-16
4240.5000	2.9170653e-16
4242.0000	3.6303365e-16
4243.5000	3.0486089e-16
4245.0000	3.1128344e-16
4246.5000	2.8349692e-16
4248.0000	3.0181018e-16
4249.5000	3.3080649e-16
4251.0000	2.7254179e-16
4252.5000	2.7840942e-16
4254.0000	3.6207971e-16
4255.5000	4.0404797e-16
4257.0000	3.4628078e-16
4258.5000	3.5399532e-16
4260.0000	3.0854955e-16
4261.5000	3.0707827e-16
4263.0000	3.2407987e-16
4264.5000	2.7482828e-16
4266.0000	3.6561236e-16
4267.5000	3.4248617e-16
4269.0000	3.2716352e-16
4270.5000	2.4586843e-16
4272.0000	3.0511156e-16
4273.5000	3.7654325e-16
4275.0000	4.2858091e-16
4276.5000	3.2778847e-16
4278.0000	3.2340592e-16
4279.5000	4.1897163e-16
4281.0000	3.7871698e-16
4282.5000	3.5870707e-16
4284.0000	3.2328114e-16
4285.5000	3.1181091e-16
4287.0000	3.269074e-16
4288.5000	3.2358828e-16
4290.0000	2.8061998e-16
4291.5000	3.131482e-16
4293.0000	3.4790677e-16
4294.5000	3.7583968e-16
4296.0000	4.6195748e-16
4297.5000	3.6470556e-16
4299.0000	4.0049076e-16
4300.5000	4.4852248e-16
4302.0000	4.1726723e-16
4303.5000	3.447462e-16
4305.0000	3.7876484e-16
4306.5000	3.8920319e-16
4308.0000	3.5171467e-16
4309.5000	3.2728887e-16
4311.0000	3.4972692e-16
4312.5000	3.0588794e-16
4314.0000	2.5517187e-16
4315.5000	2.5141931e-16
4317.0000	3.3928192e-16
4318.5000	4.0531093e-16
4320.0000	2.9867172e-16
4321.5000	2.8004992e-16
4323.0000	4.147068e-16
4324.5000	2.9167297e-16
4326.0000	2.7535954e-16
4327.5000	3.3073714e-16
4329.0000	2.9860583e-16
4330.5000	3.6433798e-16
4332.0000	3.4233135e-16
4333.5000	3.4292504e-16
4335.0000	2.6588896e-16
4336.5000	2.962409e-16
4338.0000	2.7364445e-16
4339.5000	2.6784495e-16
4341.0000	2.9252359e-16
4342.5000	3.2437959e-16
4344.0000	2.8467226e-16
4345.5000	3.3724675e-16
4347.0000	3.6152852e-16
4348.5000	4.0512887e-16
4350.0000	4.1708705e-16
4351.5000	3.1188676e-16
4353.0000	3.0865234e-16
4354.5000	3.817839e-16
4356.0000	3.2433796e-16
4357.5000	3.1724611e-16
4359.0000	4.5329523e-16
4360.5000	3.5983777e-16
4362.0000	3.1590715e-16
4363.5000	3.9077705e-16
4365.0000	3.5368288e-16
4366.5000	3.2728615e-16
4368.0000	3.9745677e-16
4369.5000	4.0371242e-16
4371.0000	3.6571959e-16
4372.5000	3.4085292e-16
4374.0000	2.7509299e-16
4375.5000	3.1115854e-16
4377.0000	3.1074864e-16
4378.5000	3.2864866e-16
4380.0000	3.4156591e-16
4381.5000	2.9219985e-16
4383.0000	3.0115288e-16
4384.5000	2.6913053e-16
4386.0000	2.7801198e-16
4387.5000	3.6512664e-16
4389.0000	3.5130784e-16
4390.5000	3.2838485e-16
4392.0000	3.3702537e-16
4393.5000	3.2860467e-16
4395.0000	3.6197397e-16
4396.5000	3.1793052e-16
4398.0000	3.0688196e-16
4399.5000	3.605735e-16
4401.0000	3.1347215e-16
4402.5000	2.7498391e-16
4404.0000	2.8706577e-16
4405.5000	3.1370655e-16
4407.0000	3.3712193e-16
4408.5000	3.1290716e-16
4410.0000	2.9683501e-16
4411.5000	3.0706927e-16
4413.0000	3.555502e-16
4414.5000	3.3571962e-16
4416.0000	3.2814962e-16
4417.5000	3.2167956e-16
4419.0000	4.0612221e-16
4420.5000	4.5177794e-16
4422.0000	4.1421285e-16
4423.5000	3.4228531e-16
4425.0000	3.7891856e-16
4426.5000	3.2903305e-16
4428.0000	3.2834896e-16
4429.5000	3.117674e-16
4431.0000	3.5044679e-16
4432.5000	4.1710514e-16
4434.0000	3.8345203e-16
4435.5000	3.3960634e-16
4437.0000	3.8330725e-16
4438.5000	3.651149e-16
4440.0000	3.4338939e-16
4441.5000	3.5397545e-16
4443.0000	3.2934004e-16
4444.5000	2.9915604e-16
4446.0000	3.6252984e-16
4447.5000	3.6780947e-16
4449.0000	3.3779585e-16
4450.5000	3.7994954e-16
4452.0000	3.7439913e-16
4453.5000	3.7971443e-16
4455.0000	3.6732095e-16
4456.5000	3.5653549e-16
4458.0000	4.0289381e-16
4459.5000	4.0234929e-16
4461.0000	3.9568752e-16
4462.5000	3.5734957e-16
4464.0000	3.1626487e-16
4465.5000	3.3772221e-16
4467.0000	3.7898183e-16
4468.5000	3.5735986e-16
4470.0000	3.2879841e-16
4471.5000	3.0624089e-16
4473.0000	3.3826175e-16
4474.5000	3.6362705e-16
4476.0000	3.4673446e-16
4477.5000	3.2507873e-16
4479.0000	3.3094296e-16
4480.5000	3.3606926e-16
4482.0000	2.8438452e-16
4483.5000	2.8796947e-16
4485.0000	2.8909516e-16
4486.5000	3.6919552e-16
4488.0000	2.894108e-16
4489.5000	3.2920262e-16
4491.0000	3.1187525e-16
4492.5000	4.137001e-16
4494.0000	3.1266078e-16
4495.5000	3.2204598e-16
4497.0000	3.1848392e-16
4498.5000	3.1855038e-16
4500.0000	3.3375996e-16
4501.5000	2.500779e-16
4503.0000	3.5457417e-16
4504.5000	3.9945313e-16
4506.0000	4.1482905e-16
4507.5000	3.4490854e-16
4509.0000	2.8758088e-16
4510.5000	3.1307063e-16
4512.0000	3.6867264e-16
4513.5000	3.3022156e-16
4515.0000	2.9823789e-16
4516.5000	3.8209763e-16
4518.0000	3.9470407e-16
4519.5000	3.1326196e-16
4521.0000	2.8569952e-16
4522.5000	3.7470916e-16
4524.0000	4.0634269e-16
4525.5000	3.5865992e-16
4527.0000	3.3969247e-16
4528.5000	2.6989228e-16
4530.0000	2.813144e-16
4531.5000	3.3146593e-16
4533.0000	3.0032688e-16
4534.5000	3.144733e-16
4536.0000	3.4172702e-16
4537.5000	3.3634347e-16
4539.0000	3.409752e-16
4540.5000	3.1677657e-16
4542.0000	3.0868381e-16
4543.5000	3.5164803e-16
4545.0000	4.4544974e-16
4546.5000	4.0205586e-16
4548.0000	3.3284655e-16
4549.5000	3.5932851e-16
4551.0000	3.2023302e-16
4552.5000	2.9263219e-16
4554.0000	2.8944537e-16
4555.5000	3.0671459e-16
4557.0000	3.2387272e-16
4558.5000	3.4458169e-16
4560.0000	4.1230196e-16
4561.5000	3.9520726e-16
4563.0000	3.9563969e-16
4564.5000	3.3695814e-16
4566.0000	3.4628361e-16
4567.5000	3.5097119e-16
4569.0000	3.3786967e-16
4570.5000	3.6596158e-16
4572.0000	3.3448642e-16
4573.5000	3.4589624e-16
4575.0000	3.2831085e-16
4576.5000	3.6089236e-16
4578.0000	3.8286889e-16
4579.5000	3.9491773e-16
4581.0000	3.9503273e-16
4582.5000	3.2044199e-16
4584.0000	3.3913919e-16
4585.5000	3.6297113e-16
4587.0000	3.7611157e-16
4588.5000	3.5904881e-16
4590.0000	3.5464692e-16
4591.5000	3.9154729e-16
4593.0000	3.9441943e-16
4594.5000	3.3828399e-16
4596.0000	3.3228064e-16
4597.5000	3.7170601e-16
4599.0000	3.7283525e-16
4600.5000	3.3630058e-16
4602.0000	3.392863e-16
4603.5000	3.5647753e-16
4605.0000	3.5684699e-16
4606.5000	3.7114489e-16
4608.0000	3.6109355e-16
4609.5000	3.523846e-16
4611.0000	3.6010385e-16
4612.5000	3.4261167e-16
4614.0000	3.5244399e-16
4615.5000	3.05096e-16
4617.0000	3.0137479e-16
4618.5000	3.5424969e-16
4620.0000	3.5029623e-16
4621.5000	3.4216359e-16
4623.0000	3.6291653e-16
4624.5000	3.7407517e-16
4626.0000	3.6623514e-16
4627.5000	4.3438989e-16
4629.0000	3.8170177e-16
4630.5000	3.4310544e-16
4632.0000	3.7036747e-16
4633.5000	3.1950277e-16
4635.0000	3.8637289e-16
4636.5000	3.8926885e-16
4638.0000	2.6474026e-16
4639.5000	2.7120987e-16
4641.0000	3.6690626e-16
4642.5000	3.4926268e-16
4644.0000	3.1089342e-16
4645.5000	3.4580725e-16
4647.0000	3.5696393e-16
4648.5000	3.6329716e-16
4650.0000	3.7315354e-16
4651.5000	3.6616468e-16
4653.0000	3.9544243e-16
4654.5000	3.945677e-16
4656.0000	3.3586511e-16
4657.5000	3.1004307e-16
4659.0000	3.3288676e-16
4660.5000	3.7821686e-16
4662.0000	4.0698591e-16
4663.5000	4.0054175e-16
4665.0000	3.607105e-16
4666.5000	3.6336258e-16
4668.0000	4.1850182e-16
4669.5000	4.1061425e-16
4671.0000	3.6915183e-16
4672.5000	3.3397445e-16
4674.0000	2.9637876e-16
4675.5000	2.7164304e-16
4677.0000	3.2175136e-16
4678.5000	3.9941126e-16
4680.0000	3.673183e-16
4681.5000	3.44776e-16
4683.0000	3.7960595e-16
4684.5000	3.8487205e-16
4686.0000	3.8829702e-16
4687.5000	4.0656406e-16
4689.0000	3.7759134e-16
4690.5000	3.1577593e-16
4692.0000	2.9095519e-16
4693.5000	3.0013594e-16
4695.0000	3.3855674e-16
4696.5000	3.6282954e-16
4698.0000	3.8620099e-16
4699.5000	3.818087e-16
4701.0000	3.6726519e-16
4702.5000	3.3054265e-16
4704.0000	3.3108929e-16
4705.5000	3.5084334e-16
4707.0000	3.4677845e-16
4708.5000	3.4617689e-16
4710.0000	3.9284539e-16
4711.5000	3.5479045e-16
4713.0000	2.7788132e-16
4714.5000	3.2321021e-16
4716.0000	3.4268358e-16
4717.5000	3.2053709e-16
4719.0000	3.6854213e-16
4720.5000	3.8083765e-16
4722.0000	3.5111454e-16
4723.5000	3.7247986e-16
4725.0000	3.7365869e-16
4726.5000	3.7069967e-16
4728.0000	3.1263041e-16
4729.5000	3.0290997e-16
4731.0000	3.25672e-16
4732.5000	3.3207461e-16
4734.0000	3.2155067e-16
4735.5000	3.801026e-16
4737.0000	3.6642584e-16
4738.5000	3.4269282e-16
4740.0000	3.7749082e-16
4741.5000	3.7158725e-16
4743.0000	3.8137782e-16
4744.5000	3.4129313e-16
4746.0000	3.2578668e-16
4747.5000	3.4446377e-16
4749.0000	3.4304562e-16
4750.5000	3.2730675e-16
4752.0000	3.4291705e-16
4753.5000	3.6010319e-16
4755.0000	3.5952413e-16
4756.5000	3.2310343e-16
4758.0000	3.3191031e-16
4759.5000	4.1694671e-16
4761.0000	4.1885617e-16
4762.5000	3.4253156e-16
4764.0000	3.3049595e-16
4765.5000	3.6327159e-16
4767.0000	3.5510397e-16
4768.5000	3.6338878e-16
4770.0000	3.436636e-16
4771.5000	3.5100091e-16
4773.0000	3.7675017e-16
4774.5000	3.4618574e-16
4776.0000	3.2436597e-16
4777.5000	3.6927345e-16
4779.0000	3.8533488e-16
4780.5000	3.6928892e-16
4782.0000	3.9921629e-16
4783.5000	3.5171014e-16
4785.0000	3.3945546e-16
4786.5000	3.2247037e-16
4788.0000	3.1447643e-16
4789.5000	3.5230556e-16
4791.0000	3.0820337e-16
4792.5000	3.1372723e-16
4794.0000	3.6164346e-16
4795.5000	3.9552456e-16
4797.0000	3.6243257e-16
4798.5000	3.7306681e-16
4800.0000	3.9260456e-16
4801.5000	3.8915423e-16
4803.0000	3.0319279e-16
4804.5000	3.021374e-16
4806.0000	2.9803905e-16
4807.5000	3.4187207e-16
4809.0000	3.9138028e-16
4810.5000	4.0880552e-16
4812.0000	3.783333e-16
4813.5000	3.63803e-16
4815.0000	3.8469559e-16
4816.5000	3.9609745e-16
4818.0000	3.8340151e-16
4819.5000	3.7101799e-16
4821.0000	3.8994771e-16
4822.5000	3.8810003e-16
4824.0000	3.7077096e-16
4825.5000	3.1741253e-16
4827.0000	3.2943463e-16
4828.5000	3.4622622e-16
4830.0000	3.5938346e-16
4831.5000	3.1158403e-16
4833.0000	3.315891e-16
4834.5000	3.4625983e-16
4836.0000	3.7978557e-16
4837.5000	3.3442304e-16
4839.0000	3.2396472e-16
4840.5000	3.0682537e-16
4842.0000	3.2806087e-16
4843.5000	3.367179e-16
4845.0000	3.030411e-16
4846.5000	3.0759662e-16
4848.0000	3.3977807e-16
4849.5000	3.2002747e-16
4851.0000	3.6741021e-16
4852.5000	3.8526556e-16
4854.0000	3.5238004e-16
4855.5000	3.3385783e-16
4857.0000	3.1455508e-16
4858.5000	3.2516977e-16
4860.0000	3.5220289e-16
4861.5000	3.6810255e-16
4863.0000	3.3947909e-16
4864.5000	3.2985592e-16
4866.0000	3.7578616e-16
4867.5000	3.3612925e-16
4869.0000	2.5572467e-16
4870.5000	2.7094871e-16
4872.0000	3.1444463e-16
4873.5000	3.5079178e-16
4875.0000	3.4866026e-16
4876.5000	3.4060556e-16
4878.0000	3.3653527e-16
4879.5000	3.3911484e-16
4881.0000	3.3280218e-16
4882.5000	3.2445785e-16
4884.0000	3.348195e-16
4885.5000	3.4154028e-16
4887.0000	3.331072e-16
4888.5000	3.3833769e-16
4890.0000	3.2197359e-16
4891.5000	3.1139669e-16
4893.0000	3.3855265e-16
4894.5000	3.2836097e-16
4896.0000	3.4468257e-16
4897.5000	3.6218217e-16
4899.0000	3.6134771e-16
4900.5000	4.1995123e-16
4902.0000	3.8872817e-16
4903.5000	4.1798905e-16
4905.0000	3.8781476e-16
4906.5000	3.2931191e-16
4908.0000	3.6869621e-16
4909.5000	3.2116854e-16
4911.0000	3.2224473e-16
4912.5000	3.4199703e-16
4914.0000	3.3524144e-16
4915.5000	3.3797997e-16
4917.0000	3.9955866e-16
4918.5000	3.3910912e-16
4920.0000	3.3092111e-16
4921.5000	3.3243436e-16
4923.0000	3.97383e-16
4924.5000	4.339838e-16
4926.0000	3.5733259e-16
4927.5000	4.0916118e-16
4929.0000	3.7307036e-16
4930.5000	3.4552917e-16
4932.0000	4.1313103e-16
4933.5000	3.9122117e-16
4935.0000	3.1178874e-16
4936.5000	3.3941254e-16
4938.0000	3.8507301e-16
4939.5000	4.0316722e-16
4941.0000	3.6836529e-16
4942.5000	3.4218049e-16
4944.0000	3.3599663e-16
4945.5000	3.7966523e-16
4947.0000	3.7188959e-16
4948.5000	3.6485374e-16
4950.0000	3.7146747e-16
4951.5000	3.5995123e-16
4953.0000	3.7083411e-16
4954.5000	3.9274609e-16
4956.0000	3.9073238e-16
4957.5000	3.6987239e-16
4959.0000	3.8840032e-16
4960.5000	3.7992492e-16
4962.0000	3.7673819e-16
4963.5000	4.3233952e-16
4965.0000	4.0918317e-16
4966.5000	3.9152229e-16
4968.0000	3.7670979e-16
4969.5000	3.7654239e-16
4971.0000	3.8897145e-16
4972.5000	3.9222085e-16
4974.0000	3.9649698e-16
4975.5000	4.0981123e-16
4977.0000	3.9076084e-16
4978.5000	3.7202722e-16
4980.0000	3.912673e-16
4981.5000	3.7270346e-16
4983.0000	4.0316573e-16
4984.5000	3.9955702e-16
4986.0000	3.296521e-16
4987.5000	3.3524498e-16
4989.0000	3.6555141e-16
4990.5000	4.1167185e-16
4992.0000	4.285737e-16
4993.5000	3.2760936e-16
4995.0000	3.3274841e-16
4996.5000	3.704395e-16
4998.0000	3.8710076e-16
4999.5000	3.6639208e-16
5001.0000	3.9568588e-16
5002.5000	3.8497597e-16
5004.0000	3.8207313e-16
5005.5000	4.0274912e-16
5007.0000	3.2315153e-16
5008.5000	3.6325625e-16
5010.0000	3.5099649e-16
5011.5000	3.4154305e-16
5013.0000	3.402451e-16
5014.5000	3.2304692e-16
5016.0000	2.9163641e-16
5017.5000	3.0241704e-16
5019.0000	3.4330156e-16
5020.5000	3.7377888e-16
5022.0000	3.8050956e-16
5023.5000	4.0482917e-16
5025.0000	4.0064284e-16
5026.5000	3.656072e-16
5028.0000	2.9485118e-16
5029.5000	2.9820269e-16
5031.0000	3.4063131e-16
5032.5000	3.1240833e-16
5034.0000	3.4312129e-16
5035.5000	3.667503e-16
5037.0000	3.6095715e-16
5038.5000	3.7845731e-16
5040.0000	3.6013153e-16
5041.5000	3.2892022e-16
5043.0000	3.0814108e-16
5044.5000	3.4978172e-16
5046.0000	3.5790759e-16
5047.5000	3.633652e-16
5049.0000	3.7206441e-16
5050.5000	3.5011607e-16
5052.0000	3.8282248e-16
5053.5000	3.5533839e-16
5055.0000	3.2158089e-16
5056.5000	3.5543758e-16
5058.0000	3.8924485e-16
5059.5000	3.9910683e-16
5061.0000	3.6731365e-16
5062.5000	3.7906143e-16
5064.0000	3.4332499e-16
5065.5000	3.1222403e-16
5067.0000	3.2628605e-16
5068.5000	3.5663158e-16
5070.0000	4.0586469e-16
5071.5000	3.4381935e-16
5073.0000	3.3219719e-16
5074.5000	3.8401943e-16
5076.0000	3.6311227e-16
5077.5000	2.8618515e-16
5079.0000	3.2052052e-16
5080.5000	2.8152269e-16
5082.0000	3.3328211e-16
5083.5000	3.1924182e-16
5085.0000	3.4148619e-16
5086.5000	3.558661e-16
5088.0000	3.5024777e-16
5089.5000	3.5557759e-16
5091.0000	3.8739234e-16
5092.5000	3.6777636e-16
5094.0000	3.487491e-16
5095.5000	3.4735188e-16
5097.0000	3.5611111e-16
5098.5000	3.8400468e-16
5100.0000	3.6195225e-16
5101.5000	3.397612e-16
5103.0000	3.5848597e-16
5104.5000	3.5263321e-16
5106.0000	3.1405526e-16
5107.5000	3.1466514e-16
5109.0000	3.4537345e-16
5110.5000	2.996695e-16
5112.0000	3.0468071e-16
5113.5000	3.5957763e-16
5115.0000	3.6249855e-16
5116.5000	3.2140574e-16
5118.0000	3.4409836e-16
5119.5000	3.5232624e-16
5121.0000	3.4925628e-16
5122.5000	3.2951286e-16
5124.0000	3.8598558e-16
5125.5000	3.4059945e-16
5127.0000	3.0281278e-16
5128.5000	3.4624785e-16
5130.0000	3.9550894e-16
5131.5000	3.764793e-16
5133.0000	3.576338e-16
5134.5000	3.4485355e-16
5136.0000	3.5503852e-16
5137.5000	3.4855258e-16
5139.0000	3.3159286e-16
5140.5000	3.4888884e-16
5142.0000	3.7304869e-16
5143.5000	3.7004364e-16
5145.0000	3.7251917e-16
5146.5000	3.4127659e-16
5148.0000	3.4242913e-16
5149.5000	3.2880342e-16
5151.0000	3.3501491e-16
5152.5000	3.757382e-16
5154.0000	4.0704033e-16
5155.5000	3.7912443e-16
5157.0000	3.5074773e-16
5158.5000	3.5809058e-16
5160.0000	3.325873e-16
5161.5000	3.4399456e-16
5163.0000	3.5160348e-16
5164.5000	3.3862185e-16
5166.0000	3.3321422e-16
5167.5000	3.4137422e-16
5169.0000	3.2018724e-16
5170.5000	3.1379026e-16
5172.0000	3.7147003e-16
5173.5000	3.5254607e-16
5175.0000	2.9374108e-16
5176.5000	3.299652e-16
5178.0000	3.5621101e-16
5179.5000	3.3583745e-16
5181.0000	3.172746e-16
5182.5000	3.2112771e-16
5184.0000	3.5670456e-16
5185.5000	3.6620346e-16
5187.0000	2.9652178e-16
5188.5000	2.8802693e-16
5190.0000	3.2700416e-16
5191.5000	3.340911e-16
5193.0000	3.2802653e-16
5194.5000	3.4550977e-16
5196.0000	3.3432627e-16
5197.5000	3.159335e-16
5199.0000	3.361381e-16
5200.5000	3.6935407e-16
5202.0000	2.8494412e-16
5203.5000	2.9387179e-16
5205.0000	3.4987649e-16
5206.5000	3.4245792e-16
5208.0000	3.0844936e-16
5209.5000	3.6141092e-16
5211.0000	3.3744439e-16
5212.5000	3.3512953e-16
5214.0000	3.8618544e-16
5215.5000	3.9070293e-16
5217.0000	3.6910689e-16
5218.5000	3.6158362e-16
5220.0000	3.6543062e-16
5221.5000	3.0225104e-16
5223.0000	3.1929231e-16
5224.5000	3.4273142e-16
5226.0000	3.2028973e-16
5227.5000	3.0870906e-16
5229.0000	3.8424772e-16
5230.5000	3.9981222e-16
5232.0000	3.5007796e-16
5233.5000	3.3682731e-16
5235.0000	3.4691259e-16
5236.5000	3.5181341e-16
5238.0000	3.6679614e-16
5239.5000	3.6020589e-16
5241.0000	3.2389265e-16
5242.5000	3.2889059e-16
5244.0000	3.473112e-16
5245.5000	3.6593226e-16
5247.0000	3.7011555e-16
5248.5000	3.5541794e-16
5250.0000	3.0660516e-16
5251.5000	3.1102681e-16
5253.0000	3.7571591e-16
5254.5000	3.6347869e-16
5256.0000	3.0844757e-16
5257.5000	3.2980859e-16
5259.0000	3.6269158e-16
5260.5000	3.4814355e-16
5262.0000	3.1086877e-16
5263.5000	3.563419e-16
5265.0000	3.3689183e-16
5266.5000	2.9170236e-16
5268.0000	2.7789184e-16
5269.5000	3.4278074e-16
5271.0000	3.7419602e-16
5272.5000	3.7828103e-16
5274.0000	3.5481545e-16
5275.5000	3.3268115e-16
5277.0000	3.300249e-16
5278.5000	3.6298892e-16
5280.0000	3.3145499e-16
5281.5000	3.3870873e-16
5283.0000	3.3881599e-16
5284.5000	3.1018054e-16
5286.0000	3.4237751e-16
5287.5000	2.8906855e-16
5289.0000	3.0690336e-16
5290.5000	3.4390014e-16
5292.0000	3.1140965e-16
5293.5000	3.0247617e-16
5295.0000	3.4603891e-16
5296.5000	3.5373509e-16
5298.0000	3.6763272e-16
5299.5000	3.2907015e-16
5301.0000	3.4198162e-16
5302.5000	3.6119872e-16
5304.0000	3.2355437e-16
5305.5000	3.4579018e-16
5307.0000	2.9918039e-16
5308.5000	3.0266932e-16
5310.0000	3.6617693e-16
5311.5000	3.4382987e-16
5313.0000	3.3376145e-16
5314.5000	2.8690493e-16
5316.0000	2.9906908e-16
5317.5000	3.4550694e-16
5319.0000	3.1135479e-16
5320.5000	3.0836099e-16
5322.0000	3.5312167e-16
5323.5000	3.374964e-16
5325.0000	3.2187113e-16
5326.5000	3.0624586e-16
5328.0000	2.906206e-16
5329.5000	2.7499533e-16
5332.5000	3.1046712e-16
5334.0000	2.9077616e-16
5335.5000	3.0844998e-16
5337.0000	3.9089766e-16
5338.5000	3.566359e-16
5340.0000	2.741054e-16
5341.5000	3.1111106e-16
5343.0000	3.1257886e-16
5344.5000	3.1284076e-16
5346.0000	3.4214535e-16
5347.5000	3.3809569e-16
5349.0000	3.4290895e-16
5350.5000	3.2263273e-16
5352.0000	2.7734581e-16
5353.5000	3.0315453e-16
5355.0000	3.2085586e-16
5356.5000	2.983124e-16
5358.0000	2.9876515e-16
5359.5000	3.066949e-16
5361.0000	2.9282761e-16
5362.5000	2.7348986e-16
5364.0000	2.7730629e-16
5365.5000	3.034305e-16
5367.0000	3.2169926e-16
5368.5000	3.2058761e-16
5370.0000	3.1944162e-16
5371.5000	3.2839438e-16
5373.0000	3.2952338e-16
5374.5000	3.3716941e-16
5376.0000	3.4981221e-16
5377.5000	3.5917056e-16
5379.0000	3.6391294e-16
5380.5000	3.5206425e-16
5382.0000	2.8992373e-16
5383.5000	2.8336129e-16
5385.0000	3.5159966e-16
5386.5000	3.7490296e-16
5388.0000	3.6772892e-16
5389.5000	3.6708203e-16
5391.0000	3.2139534e-16
5392.5000	3.0614364e-16
5394.0000	3.5114318e-16
5395.5000	3.3264804e-16
5397.0000	3.3376658e-16
5398.5000	3.6688793e-16
5400.0000	3.5607439e-16
5401.5000	3.2717949e-16
5403.0000	3.2703221e-16
5404.5000	3.4165496e-16
5406.0000	3.344216e-16
5407.5000	3.4191549e-16
5409.0000	3.6279079e-16
5410.5000	3.5855359e-16
5412.0000	3.510344e-16
5413.5000	3.1212077e-16
5415.0000	3.147155e-16
5416.5000	3.6121365e-16
5418.0000	3.7735099e-16
5419.5000	3.8880265e-16
5421.0000	3.1562355e-16
5422.5000	3.0724999e-16
5424.0000	3.3023661e-16
5425.5000	3.1465381e-16
5427.0000	3.146866e-16
5428.5000	3.6984441e-16
5430.0000	3.4001681e-16
5431.5000	2.8956065e-16
5433.0000	3.1604388e-16
5434.5000	3.4860313e-16
5436.0000	3.3932272e-16
5437.5000	3.7987831e-16
5439.0000	3.7839267e-16
5440.5000	3.2568049e-16
5442.0000	3.2881999e-16
5443.5000	3.0988374e-16
5445.0000	2.7727476e-16
5446.5000	3.2486942e-16
5448.0000	3.6153302e-16
5449.5000	3.4263325e-16
5451.0000	3.4549615e-16
5452.5000	3.5717723e-16
5454.0000	3.3523357e-16
5455.5000	3.3748859e-16
5457.0000	3.8528803e-16
5458.5000	4.0374666e-16
5460.0000	3.7874562e-16
5461.5000	3.4961739e-16
5463.0000	3.5120785e-16
5464.5000	3.8762459e-16
5466.0000	3.8248786e-16
5467.5000	3.557263e-16
5469.0000	3.719646e-16
5470.5000	3.7478891e-16
5472.0000	2.9144254e-16
5473.5000	2.6370025e-16
5475.0000	2.9515526e-16
5476.5000	3.2200712e-16
5478.0000	3.2697389e-16
5479.5000	3.2448682e-16
5481.0000	3.6337203e-16
5482.5000	3.4741905e-16
5484.0000	3.9233124e-16
5485.5000	3.8453111e-16
5487.0000	3.618404e-16
5488.5000	3.5619453e-16
5490.0000	3.6456189e-16
5491.5000	3.5818073e-16
5493.0000	3.904863e-16
5494.5000	3.4408802e-16
5496.0000	3.5689348e-16
5497.5000	3.5670698e-16
5499.0000	3.2563719e-16
5500.5000	3.584123e-16
5502.0000	3.4361348e-16
5503.5000	3.7559384e-16
5505.0000	3.2658342e-16
5506.5000	3.1656617e-16
5508.0000	3.2389325e-16
5509.5000	3.1053272e-16
5511.0000	3.3186856e-16
5512.5000	3.4568658e-16
5514.0000	3.6011028e-16
5515.5000	3.8353926e-16
5517.0000	3.7247831e-16
5518.5000	3.781735e-16
5520.0000	3.1932664e-16
5521.5000	3.2446215e-16
5523.0000	3.5837728e-16
5524.5000	3.3277503e-16
5526.0000	3.5173711e-16
5527.5000	3.7476724e-16
5529.0000	3.929815e-16
5530.5000	3.4235981e-16
5532.0000	3.2828963e-16
5533.5000	3.6436978e-16
5535.0000	3.8414359e-16
5536.5000	3.8227111e-16
5538.0000	3.507207e-16
5539.5000	3.4954166e-16
5541.0000	3.4195894e-16
5542.5000	3.272526e-16
5544.0000	3.3126613e-16
5545.5000	3.0720523e-16
5547.0000	2.8186169e-16
5548.5000	3.1308296e-16
5550.0000	3.3157614e-16
5551.5000	3.2011342e-16
5553.0000	3.7019417e-16
5554.5000	3.382726e-16
5556.0000	3.3819851e-16
5557.5000	3.1043464e-16
5559.0000	3.6943686e-16
5560.5000	3.3478588e-16
5562.0000	3.2897738e-16
5563.5000	3.8931143e-16
5565.0000	3.4524533e-16
5566.5000	3.3509529e-16
5568.0000	3.6250621e-16
5569.5000	3.5181341e-16
5571.0000	2.9352224e-16
5572.5000	2.8161532e-16
5574.0000	2.4644056e-16
5575.5000	2.380904e-16
5577.0000	4.1930661e-16
5578.5000	3.8706779e-16
5580.0000	3.1864452e-16
5581.5000	3.3070272e-16
5583.0000	2.9265028e-16
5584.5000	2.7542228e-16
5586.0000	3.3591992e-16
5587.5000	3.4521797e-16
5589.0000	3.4667575e-16
5590.5000	3.1393841e-16
5592.0000	2.8208748e-16
5593.5000	3.3967587e-16
5595.0000	3.6695775e-16
5596.5000	3.1313071e-16
5598.0000	3.0593306e-16
5599.5000	3.4768221e-16
5601.0000	3.7471229e-16
5602.5000	4.0921763e-16
5604.0000	3.7378287e-16
5605.5000	3.5382602e-16
5607.0000	3.5829556e-16
5608.5000	3.5398263e-16
5610.0000	3.6655864e-16
5611.5000	3.513031e-16
5613.0000	3.215844e-16
5614.5000	2.8499451e-16
5616.0000	3.2131609e-16
5617.5000	3.1321529e-16
5619.0000	3.1655067e-16
5620.5000	3.465426e-16
5622.0000	3.5318908e-16
5623.5000	3.6496043e-16
5625.0000	3.1896484e-16
5626.5000	2.9143354e-16
5628.0000	2.8017074e-16
5629.5000	2.8834119e-16
5631.0000	3.0475286e-16
5632.5000	3.6428398e-16
5634.0000	3.7177062e-16
5635.5000	3.2890585e-16
5637.0000	3.2290477e-16
5638.5000	3.5731685e-16
5640.0000	3.1155464e-16
5641.5000	3.2228681e-16
5643.0000	3.2300016e-16
5644.5000	2.8791103e-16
5646.0000	3.3189791e-16
5647.5000	3.6871028e-16
5649.0000	3.4800026e-16
5650.5000	3.2867187e-16
5652.0000	3.6164632e-16
5653.5000	3.5619682e-16
5655.0000	2.8922576e-16
5656.5000	2.940596e-16
5658.0000	3.4392333e-16
5659.5000	3.362796e-16
5661.0000	3.100217e-16
5662.5000	3.1627473e-16
5664.0000	3.089298e-16
5665.5000	3.2984236e-16
5667.0000	3.4442174e-16
5668.5000	3.5023829e-16
5670.0000	3.1774998e-16
5671.5000	2.8523833e-16
5673.0000	3.2913807e-16
5674.5000	3.3928105e-16
5676.0000	2.9890281e-16
5677.5000	3.080669e-16
5679.0000	3.0292019e-16
5680.5000	2.8800142e-16
5682.0000	3.1069353e-16
5683.5000	3.3494711e-16
5685.0000	3.1664383e-16
5686.5000	3.0149671e-16
5688.0000	3.0321756e-16
5689.5000	3.3945781e-16
5691.0000	3.5160536e-16
5692.5000	3.2421347e-16
5694.0000	3.2385796e-16
5695.5000	3.1447902e-16
5697.0000	2.9550391e-16
5698.5000	2.9710937e-16
5700.0000	3.1883472e-16
5701.5000	3.5753185e-16
5703.0000	3.1661859e-16
5704.5000	2.8850731e-16
5706.0000	3.2955542e-16
5707.5000	3.6933237e-16
5709.0000	3.9546511e-16
5710.5000	3.9671963e-16
5712.0000	3.8784268e-16
5713.5000	3.6116332e-16
5715.0000	3.3773154e-16
5716.5000	2.9586595e-16
5718.0000	2.9395366e-16
5719.5000	3.3473319e-16
5721.0000	3.4562963e-16
5722.5000	3.2637411e-16
5724.0000	3.3057448e-16
5725.5000	3.3057573e-16
5727.0000	3.0999416e-16
5728.5000	3.3165771e-16
5730.0000	3.6052066e-16
5731.5000	3.5450721e-16
5733.0000	3.3599493e-16
5734.5000	3.1484696e-16
5736.0000	3.2570827e-16
5737.5000	3.1672153e-16
5739.0000	3.5130712e-16
5740.5000	3.6956501e-16
5742.0000	3.5215536e-16
5743.5000	3.4009877e-16
5745.0000	2.9471764e-16
5746.5000	2.948111e-16
5748.0000	3.5508311e-16
5749.5000	3.5279855e-16
5751.0000	3.1904081e-16
5752.5000	3.1743735e-16
5754.0000	3.0600402e-16
5755.5000	3.1395078e-16
5757.0000	3.2041743e-16
5758.5000	3.6103734e-16
5760.0000	3.5281551e-16
5761.5000	3.169708e-16
5763.0000	3.194851e-16
5764.5000	3.0309829e-16
5766.0000	2.9774085e-16
5767.5000	3.5011354e-16
5769.0000	3.9367995e-16
5770.5000	3.4540913e-16
5772.0000	3.405011e-16
5773.5000	3.3140653e-16
5775.0000	2.9438716e-16
5776.5000	3.4505248e-16
5778.0000	3.4858054e-16
5779.5000	3.4386852e-16
5781.0000	3.1749219e-16
5782.5000	2.9433161e-16
5784.0000	3.6720663e-16
5785.5000	3.5232943e-16
5787.0000	3.3850935e-16
5788.5000	3.534275e-16
5790.0000	3.2357946e-16
5791.5000	3.6083663e-16
5793.0000	3.0437833e-16
5794.5000	2.5695479e-16
5796.0000	3.0090824e-16
5797.5000	3.1292495e-16
5799.0000	3.2673329e-16
5800.5000	3.4695238e-16
5802.0000	3.3826706e-16
5803.5000	3.3446977e-16
5805.0000	3.1462872e-16
5806.5000	3.2700038e-16
5808.0000	3.5367575e-16
5809.5000	3.2854339e-16
5811.0000	3.4753099e-16
5812.5000	3.4930333e-16
5814.0000	3.4011796e-16
5815.5000	3.3549231e-16
5817.0000	3.4664068e-16
5818.5000	3.5737506e-16
5820.0000	3.42094e-16
5821.5000	3.1612393e-16
5823.0000	3.1231213e-16
5824.5000	3.4652609e-16
5826.0000	3.5343909e-16
5827.5000	3.1364867e-16
5829.0000	2.7984297e-16
5830.5000	3.1670073e-16
5832.0000	3.5258389e-16
5833.5000	3.4745461e-16
5835.0000	3.349458e-16
5836.5000	3.3489209e-16
5838.0000	3.4974194e-16
5839.5000	3.8772759e-16
5841.0000	3.5315895e-16
5842.5000	3.2916385e-16
5844.0000	2.8621715e-16
5845.5000	3.393673e-16
5847.0000	3.4766787e-16
5848.5000	3.8107738e-16
5850.0000	3.4350917e-16
5851.5000	2.9546082e-16
5853.0000	3.3066306e-16
5854.5000	3.5538796e-16
5856.0000	3.2571423e-16
5857.5000	3.2471463e-16
5859.0000	3.7829384e-16
5860.5000	3.2508546e-16
5862.0000	3.2516176e-16
5863.5000	3.4799555e-16
5865.0000	3.0263621e-16
5866.5000	3.4842807e-16
5868.0000	3.6390197e-16
5869.5000	3.1708282e-16
5871.0000	3.4593192e-16
5872.5000	3.3912888e-16
5874.0000	2.8382522e-16
5875.5000	3.18791e-16
5877.0000	3.2682198e-16
5878.5000	3.0829483e-16
5880.0000	3.2949305e-16
5881.5000	3.5554814e-16
5883.0000	3.3386463e-16
5884.5000	3.0712506e-16
5886.0000	3.115778e-16
5887.5000	3.4225434e-16
5889.0000	3.9116177e-16
5890.5000	3.7560809e-16
5892.0000	3.667312e-16
5893.5000	3.2941192e-16
5895.0000	2.8047937e-16
5896.5000	2.8976014e-16
5898.0000	3.4957734e-16
5899.5000	3.3998391e-16
5901.0000	2.9992521e-16
5902.5000	3.0785501e-16
5904.0000	3.0965257e-16
5905.5000	2.9583478e-16
5907.0000	3.1122923e-16
5908.5000	3.3341995e-16
5910.0000	3.5768247e-16
5911.5000	3.4624973e-16
5913.0000	2.9783389e-16
5914.5000	2.8991923e-16
5916.0000	3.392216e-16
5917.5000	3.5830632e-16
5919.0000	3.5649812e-16
5920.5000	3.5142946e-16
5922.0000	3.1201947e-16
5923.5000	3.2656938e-16
5925.0000	3.288337e-16
5926.5000	3.4575829e-16
5928.0000	3.2716218e-16
5929.5000	2.5420547e-16
5931.0000	2.6860699e-16
5932.5000	3.1602767e-16
5934.0000	3.4794894e-16
5935.5000	3.5021964e-16
5937.0000	3.026498e-16
5938.5000	2.6455361e-16
5940.0000	2.8214717e-16
5941.5000	2.9828566e-16
5943.0000	2.9667622e-16
5944.5000	3.1920236e-16
5946.0000	3.4819585e-16
5947.5000	3.5719073e-16
5949.0000	3.5423309e-16
5950.5000	3.4679213e-16
5952.0000	2.7216837e-16
5953.5000	2.3580174e-16
5955.0000	3.2835659e-16
5956.5000	3.6002749e-16
5958.0000	3.2183933e-16
5959.5000	3.0981013e-16
5961.0000	3.0494419e-16
5962.5000	3.0543259e-16
5964.0000	3.5312212e-16
5965.5000	3.7626478e-16
5967.0000	3.1348422e-16
5968.5000	2.5576207e-16
5970.0000	3.0128458e-16
5971.5000	3.662006e-16
5973.0000	3.2487822e-16
5974.5000	3.349781e-16
5976.0000	3.5228685e-16
5977.5000	3.5877687e-16
5979.0000	3.4285459e-16
5980.5000	3.2256186e-16
5982.0000	3.2050309e-16
5983.5000	3.2690912e-16
5985.0000	3.6207545e-16
5986.5000	3.6479899e-16
5988.0000	3.6302024e-16
5989.5000	3.5587701e-16
5991.0000	3.6216938e-16
5992.5000	3.6007291e-16
5994.0000	3.0986443e-16
5995.5000	3.0726439e-16
5997.0000	2.7467963e-16
5998.5000	3.2423162e-16
6000.0000	3.3173868e-16
6001.5000	3.2897633e-16
6003.0000	3.4685788e-16
6004.5000	3.5831231e-16
6006.0000	3.6162624e-16
6007.5000	3.0867475e-16
6009.0000	2.986128e-16
6010.5000	2.9404411e-16
6012.0000	3.3745235e-16
6013.5000	3.6120865e-16
6015.0000	3.5786372e-16
6016.5000	3.6896119e-16
6018.0000	3.5069907e-16
6019.5000	3.2072893e-16
6021.0000	3.3098155e-16
6022.5000	3.4073499e-16
6024.0000	3.8266596e-16
6025.5000	3.6247119e-16
6027.0000	3.3245057e-16
6028.5000	3.5617369e-16
6030.0000	3.9159271e-16
6031.5000	3.8335511e-16
6033.0000	3.4244958e-16
6034.5000	3.3903754e-16
6036.0000	3.4848654e-16
6037.5000	3.3173797e-16
6039.0000	3.2362914e-16
6040.5000	3.414461e-16
6042.0000	3.4903926e-16
6043.5000	3.3841664e-16
6045.0000	2.8973773e-16
6046.5000	3.0323711e-16
6048.0000	3.1733036e-16
6049.5000	3.4426382e-16
6051.0000	2.939406e-16
6052.5000	2.8148594e-16
6054.0000	3.0832386e-16
6055.5000	4.0565836e-16
6057.0000	3.4191972e-16
6058.5000	3.2478866e-16
6060.0000	3.8592252e-16
6061.5000	3.6016396e-16
6063.0000	3.3945215e-16
6064.5000	3.7785566e-16
6066.0000	3.4508747e-16
6067.5000	2.9815611e-16
6069.0000	3.3623773e-16
6070.5000	3.2875365e-16
6072.0000	3.2705921e-16
6073.5000	3.7821096e-16
6075.0000	3.3511144e-16
6076.5000	3.1936261e-16
6079.5000	3.2723886e-16
6081.0000	2.7492031e-16
6082.5000	3.0059731e-16
6084.0000	2.8324395e-16
6085.5000	3.0694386e-16
6087.0000	2.7449241e-16
6088.5000	2.9270029e-16
6090.0000	3.1664383e-16
6091.5000	2.6804611e-16
6093.0000	2.9641691e-16
6094.5000	3.2981768e-16
6096.0000	3.3676106e-16
6097.5000	3.506206e-16
6099.0000	3.1827238e-16
6100.5000	3.1147733e-16
6102.0000	3.3128852e-16
6103.5000	3.6313704e-16
6105.0000	3.6409238e-16
6106.5000	3.5393286e-16
6108.0000	3.4976599e-16
6109.5000	3.4696496e-16
6111.0000	3.4846613e-16
6112.5000	3.173635e-16
6114.0000	3.3747473e-16
6115.5000	3.0246454e-16
6117.0000	3.0321953e-16
6118.5000	3.6646655e-16
6120.0000	3.5585165e-16
6121.5000	3.1561729e-16
6123.0000	2.8903329e-16
6124.5000	3.147043e-16
6126.0000	3.5133976e-16
6127.5000	3.5083404e-16
6129.0000	3.2684568e-16
6130.5000	3.3173326e-16
6132.0000	3.6603162e-16
6133.5000	2.9696396e-16
6135.0000	2.8600577e-16
6136.5000	3.1853646e-16
6138.0000	3.2838574e-16
6139.5000	3.2539183e-16
6141.0000	3.2358453e-16
6142.5000	3.3064389e-16
6144.0000	3.2507592e-16
6145.5000	3.4125841e-16
6147.0000	3.5310996e-16
6148.5000	3.2079089e-16
6150.0000	2.9688701e-16
6151.5000	3.2811281e-16
6153.0000	3.4160677e-16
6154.5000	3.3282629e-16
6156.0000	2.7589643e-16
6157.5000	2.8533664e-16
6159.0000	3.5873947e-16
6160.5000	3.2760108e-16
6162.0000	3.1761315e-16
6163.5000	3.5181573e-16
6165.0000	3.1936538e-16
6166.5000	3.3881205e-16
6168.0000	3.7650454e-16
6169.5000	3.4053853e-16
6171.0000	3.1816176e-16
6172.5000	3.0947724e-16
6174.0000	3.0118048e-16
6175.5000	2.943424e-16
6177.0000	3.348228e-16
6178.5000	3.2330152e-16
6180.0000	3.0238926e-16
6181.5000	3.2945913e-16
6183.0000	3.1470296e-16
6184.5000	3.1759843e-16
6186.0000	3.3887091e-16
6187.5000	3.2648289e-16
6189.0000	2.975921e-16
6190.5000	2.6123431e-16
6192.0000	2.8966749e-16
6193.5000	3.2099047e-16
6195.0000	2.8811678e-16
6196.5000	3.1945691e-16
6198.0000	3.3804739e-16
6199.5000	3.8332582e-16
6201.0000	3.5153598e-16
6202.5000	3.4546468e-16
6204.0000	3.4224689e-16
6205.5000	3.2409105e-16
6207.0000	3.7594095e-16
6208.5000	3.497515e-16
6210.0000	3.2511798e-16
6211.5000	3.4058574e-16
6213.0000	3.5703191e-16
6214.5000	3.5106108e-16
6216.0000	3.453134e-16
6217.5000	3.1528431e-16
6219.0000	3.3274281e-16
6220.5000	3.217048e-16
6222.0000	2.8078237e-16
6223.5000	2.9766312e-16
6225.0000	3.3316016e-16
6226.5000	3.5124359e-16
6228.0000	3.3756837e-16
6229.5000	3.6238578e-16
6231.0000	3.8154733e-16
6232.5000	3.4930798e-16
6234.0000	3.2305321e-16
6235.5000	3.2186967e-16
6237.0000	3.2342631e-16
6238.5000	3.0086344e-16
6240.0000	2.8095451e-16
6241.5000	2.8673103e-16
6243.0000	3.1104538e-16
6244.5000	2.9518574e-16
6246.0000	2.9526964e-16
6247.5000	3.1594291e-16
6249.0000	3.334285e-16
6250.5000	3.2876652e-16
6252.0000	3.171837e-16
6253.5000	2.9208067e-16
6255.0000	3.3292001e-16
6256.5000	3.0803815e-16
6258.0000	3.1688279e-16
6259.5000	3.6376393e-16
6261.0000	3.3440232e-16
6262.5000	3.1040075e-16
6264.0000	3.302187e-16
6265.5000	3.6379111e-16
6267.0000	3.4797814e-16
6268.5000	3.264854e-16
6270.0000	2.9028732e-16
6271.5000	3.0087405e-16
6273.0000	2.9897764e-16
6274.5000	3.0474088e-16
6276.0000	2.9365468e-16
6277.5000	3.3929324e-16
6279.0000	3.5423386e-16
6280.5000	2.8644967e-16
6282.0000	2.8875226e-16
6283.5000	3.3723116e-16
6285.0000	3.5121062e-16
6286.5000	3.0314937e-16
6288.0000	3.1944942e-16
6289.5000	3.0834001e-16
6291.0000	2.9689178e-16
6292.5000	2.887274e-16
6294.0000	3.149935e-16
6295.5000	3.3502331e-16
6297.0000	4.1821721e-16
6298.5000	3.9214125e-16
6300.0000	3.7284559e-16
6301.5000	2.8516871e-16
6303.0000	3.2222131e-16
6304.5000	3.6370185e-16
6306.0000	3.3859384e-16
6307.5000	3.0395511e-16
6309.0000	2.7559936e-16
6310.5000	3.30549e-16
6312.0000	3.195062e-16
6313.5000	2.9595786e-16
6315.0000	3.1841153e-16
6316.5000	3.2905483e-16
6318.0000	3.1437272e-16
6319.5000	2.9623875e-16
6321.0000	2.9464132e-16
6322.5000	3.228358e-16
6324.0000	3.2572669e-16
6325.5000	3.0459082e-16
6327.0000	3.0563492e-16
6328.5000	3.1871456e-16
6330.0000	3.5317072e-16
6331.5000	3.7691551e-16
6333.0000	3.7058049e-16
6334.5000	3.2501805e-16
6336.0000	2.7461171e-16
6337.5000	2.8493798e-16
6339.0000	3.1502315e-16
6340.5000	3.4358439e-16
6342.0000	3.2967195e-16
6343.5000	2.6887155e-16
6345.0000	2.8868887e-16
6346.5000	2.7920285e-16
6348.0000	2.8099626e-16
6349.5000	3.2009083e-16
6351.0000	2.7532876e-16
6352.5000	2.9320011e-16
6354.0000	3.4207931e-16
6355.5000	2.8434721e-16
6357.0000	2.664963e-16
6358.5000	3.0004874e-16
6360.0000	3.2385015e-16
6361.5000	3.598237e-16
6363.0000	2.950775e-16
6364.5000	3.0226335e-16
6366.0000	3.5692537e-16
6367.5000	3.2340506e-16
6369.0000	2.8336591e-16
6370.5000	2.984297e-16
6372.0000	3.4127507e-16
6373.5000	2.9792038e-16
6375.0000	3.0731878e-16
6376.5000	3.3246306e-16
6378.0000	3.0544859e-16
6379.5000	3.4165004e-16
6381.0000	3.599976e-16
6382.5000	3.1178316e-16
6384.0000	3.0863819e-16
6385.5000	3.0705455e-16
6387.0000	2.9221749e-16
6388.5000	2.9727182e-16
6390.0000	3.0382711e-16
6391.5000	2.7325776e-16
6393.0000	2.8986368e-16
6394.5000	3.251366e-16
6396.0000	2.9878232e-16
6397.5000	2.839227e-16
6399.0000	3.135055e-16
6400.5000	3.1742668e-16
6402.0000	2.99321e-16
6403.5000	2.827332e-16
6405.0000	2.706643e-16
6406.5000	2.8098595e-16
6408.0000	2.9308915e-16
6409.5000	3.3643517e-16
6411.0000	2.9251215e-16
6412.5000	2.9394498e-16
6414.0000	3.4534392e-16
6415.5000	3.3771116e-16
6417.0000	3.4681526e-16
6418.5000	3.3051559e-16
6420.0000	2.8481576e-16
6421.5000	2.9146233e-16
6423.0000	2.8098896e-16
6424.5000	3.206287e-16
6426.0000	2.6590991e-16
6427.5000	2.52579e-16
6429.0000	3.0417979e-16
6430.5000	2.9496819e-16
6432.0000	2.3828892e-16
6433.5000	2.6037717e-16
6435.0000	3.3105892e-16
6436.5000	3.1603599e-16
6438.0000	3.4042087e-16
6439.5000	3.1436604e-16
6441.0000	2.6948801e-16
6442.5000	2.5986078e-16
6444.0000	2.3470184e-16
6445.5000	2.9625741e-16
6447.0000	2.9199824e-16
6448.5000	2.6963562e-16
6450.0000	3.3599851e-16
6451.5000	3.7115228e-16
6453.0000	3.1214604e-16
6454.5000	3.1712818e-16
6456.0000	3.5656741e-16
6457.5000	3.513259e-16
6459.0000	3.1354445e-16
6460.5000	3.118341e-16
6462.0000	3.4461087e-16
6463.5000	3.160508e-16
6465.0000	2.6545522e-16
6466.5000	2.8215477e-16
6468.0000	3.0036864e-16
6469.5000	3.1177488e-16
6471.0000	2.9692835e-16
6472.5000	3.2771757e-16
6474.0000	3.3375525e-16
6475.5000	2.8275827e-16
6477.0000	2.4403587e-16
6478.5000	2.6058045e-16
6480.0000	3.1357959e-16
6481.5000	3.3254543e-16
6483.0000	2.9371858e-16
6484.5000	2.6551896e-16
6486.0000	2.8626004e-16
6487.5000	2.9583618e-16
6489.0000	3.1502607e-16
6490.5000	3.0616438e-16
6492.0000	2.9744503e-16
6493.5000	2.9187894e-16
6495.0000	3.1184846e-16
6496.5000	2.7924031e-16
6498.0000	2.3684809e-16
6499.5000	3.2240871e-16
6501.0000	3.2520691e-16
6502.5000	3.3957157e-16
6504.0000	3.1579629e-16
6505.5000	3.2439283e-16
6507.0000	2.9901022e-16
6508.5000	2.6139411e-16
6510.0000	2.7426916e-16
6511.5000	2.9592159e-16
6513.0000	3.1115365e-16
6514.5000	2.9972818e-16
6516.0000	3.015897e-16
6517.5000	2.7495709e-16
6519.0000	2.8845584e-16
6520.5000	2.8860039e-16
6522.0000	3.2480028e-16
6523.5000	3.6469823e-16
6525.0000	3.1109232e-16
6526.5000	2.9574615e-16
6528.0000	3.0844656e-16
6529.5000	3.0576956e-16
6531.0000	3.2419762e-16
6532.5000	3.1576371e-16
6534.0000	2.778191e-16
6535.5000	2.7825812e-16
6537.0000	2.8774863e-16
6538.5000	2.9530007e-16
6540.0000	2.9364511e-16
6541.5000	2.8997651e-16
6543.0000	2.7694544e-16
6544.5000	2.9358479e-16
6546.0000	3.3394584e-16
6547.5000	3.1314105e-16
6549.0000	2.9996756e-16
6550.5000	2.958231e-16
6552.0000	2.9628617e-16
6553.5000	3.2565999e-16
6555.0000	3.0568168e-16
6556.5000	2.6860905e-16
6558.0000	2.7597773e-16
6559.5000	3.0915928e-16
6561.0000	3.2803997e-16
6562.5000	3.2736847e-16
6564.0000	3.1961346e-16
6565.5000	3.1833029e-16
6567.0000	3.1296411e-16
6568.5000	2.1949734e-16
6570.0000	2.2175406e-16
6571.5000	3.4743413e-16
6573.0000	3.0022728e-16
6574.5000	3.00558e-16
6576.0000	3.6225733e-16
6577.5000	3.1341618e-16
6579.0000	2.2606356e-16
6580.5000	2.4952491e-16
6582.0000	2.9220566e-16
6583.5000	3.1807017e-16
6585.0000	2.6331353e-16
6586.5000	2.4074717e-16
6588.0000	2.8687671e-16
6589.5000	2.9139176e-16
6591.0000	3.0965003e-16
6592.5000	3.2155931e-16
6594.0000	3.7087819e-16
6595.5000	3.6460283e-16
6597.0000	3.2364941e-16
6598.5000	2.9486227e-16
6600.0000	2.9613006e-16
6601.5000	3.2525656e-16
6603.0000	3.1576517e-16
6604.5000	2.6772952e-16
6606.0000	2.6897052e-16
6607.5000	3.1693381e-16
6609.0000	2.9502389e-16
6610.5000	2.8868478e-16
6612.0000	2.8234566e-16
6613.5000	2.7600655e-16
6616.5000	2.793183e-16
6618.0000	3.1733537e-16
6619.5000	3.1136432e-16
6621.0000	2.7270442e-16
6622.5000	2.4425094e-16
6624.0000	2.49667e-16
6625.5000	2.9822069e-16
6627.0000	2.9894549e-16
6628.5000	2.9681018e-16
6630.0000	2.8738073e-16
6631.5000	2.6575112e-16
6633.0000	2.683093e-16
6634.5000	3.0128366e-16
6636.0000	3.1062135e-16
6637.5000	2.9428029e-16
6639.0000	3.0242622e-16
6640.5000	2.8269216e-16
6642.0000	2.8662327e-16
6643.5000	3.2394126e-16
6645.0000	3.4486565e-16
6646.5000	3.2680586e-16
6648.0000	2.8720847e-16
6649.5000	3.2429639e-16
6651.0000	2.9721123e-16
6652.5000	2.8943813e-16
6654.0000	2.9623294e-16
6655.5000	3.3022419e-16
6657.0000	3.3884117e-16
6658.5000	3.0259696e-16
6660.0000	2.9242247e-16
6661.5000	3.0164334e-16
6663.0000	3.3211604e-16
6664.5000	3.311488e-16
6666.0000	2.934449e-16
6667.5000	2.9999352e-16
6669.0000	3.4132048e-16
6670.5000	3.322899e-16
6672.0000	2.9967293e-16
6673.5000	2.9145876e-16
6675.0000	3.2879481e-16
6676.5000	3.3724803e-16
6678.0000	3.0189353e-16
6679.5000	3.154012e-16
6681.0000	3.4965312e-16
6682.5000	3.6070561e-16
6684.0000	3.2387707e-16
6685.5000	3.2665902e-16
6687.0000	3.1987172e-16
6688.5000	3.3367705e-16
6690.0000	3.5899588e-16
6691.5000	3.1946254e-16
6693.0000	2.7717975e-16
6694.5000	3.1857136e-16
6696.0000	3.2705796e-16
6697.5000	3.0090165e-16
6699.0000	2.9957297e-16
6700.5000	3.1305203e-16
6702.0000	3.3541265e-16
6703.5000	2.9935038e-16
6705.0000	3.1498852e-16
6706.5000	2.9174641e-16
6708.0000	2.9566562e-16
6709.5000	2.9822654e-16
6711.0000	3.0269614e-16
6712.5000	2.8794077e-16
6714.0000	3.0802187e-16
6715.5000	2.5540859e-16
6717.0000	2.4830727e-16
6718.5000	3.0684364e-16
6720.0000	2.9360458e-16
6721.5000	3.2601345e-16
6723.0000	3.4752706e-16
6724.5000	3.8671678e-16
6726.0000	3.4673676e-16
6727.5000	3.1603721e-16
6729.0000	3.4806305e-16
6730.5000	3.4991744e-16
6732.0000	3.1255552e-16
6733.5000	3.0161759e-16
6735.0000	3.4239408e-16
6736.5000	3.077828e-16
6738.0000	2.8783968e-16
6739.5000	3.3097467e-16
6741.0000	3.205409e-16
6742.5000	3.1884277e-16
6744.0000	3.2314867e-16
6745.5000	3.3484983e-16
6747.0000	3.5309628e-16
6748.5000	3.2561949e-16
6750.0000	3.3006883e-16
6751.5000	3.3389109e-16
6753.0000	3.1453037e-16
6754.5000	3.1344694e-16
6756.0000	3.0494538e-16
6757.5000	3.089532e-16
6759.0000	3.3017069e-16
6760.5000	3.2637689e-16
6762.0000	3.2861993e-16
6763.5000	3.5635924e-16
6765.0000	3.6252043e-16
6766.5000	3.4571281e-16
6768.0000	3.3114609e-16
6769.5000	3.3063537e-16
6771.0000	2.9952517e-16
6772.5000	2.765854e-16
6774.0000	3.0927062e-16
6775.5000	3.6054248e-16
6777.0000	3.8729927e-16
6778.5000	4.7195882e-16
6780.0000	5.5088437e-16
6781.5000	5.2474558e-16
6783.0000	4.3392906e-16
6784.5000	4.116649e-16
6786.0000	3.2503688e-16
6787.5000	3.264665e-16
6789.0000	3.3566415e-16
6790.5000	2.7386659e-16
6792.0000	2.860617e-16
6793.5000	3.0994037e-16
6795.0000	2.7594277e-16
6796.5000	2.8693011e-16
6798.0000	3.5238734e-16
6799.5000	4.4480756e-16
6801.0000	4.8018113e-16
6802.5000	4.4990659e-16
6804.0000	3.7842059e-16
6805.5000	3.3148116e-16
6807.0000	3.1745449e-16
6808.5000	3.0975527e-16
6810.0000	2.8278464e-16
6811.5000	3.0306673e-16
6813.0000	3.308762e-16
6814.5000	2.9596865e-16
6816.0000	2.7842706e-16
6817.5000	2.694467e-16
6819.0000	2.7740887e-16
6820.5000	3.1556764e-16
6822.0000	3.0693635e-16
6823.5000	2.9442093e-16
6825.0000	2.8710887e-16
6826.5000	2.9203472e-16
6828.0000	2.9705301e-16
6829.5000	2.9571384e-16
6831.0000	3.4930071e-16
6832.5000	3.3421037e-16
6834.0000	3.422609e-16
6835.5000	3.7027049e-16
6837.0000	3.2360446e-16
6838.5000	3.0303475e-16
6840.0000	3.0245715e-16
6841.5000	3.1322041e-16
6843.0000	2.5209934e-16
6844.5000	3.1086007e-16
6846.0000	3.4557092e-16
6847.5000	3.1517497e-16
6849.0000	3.1578276e-16
6850.5000	3.2536823e-16
6852.0000	2.6903665e-16
6853.5000	2.9306003e-16
6855.0000	3.3070803e-16
6856.5000	3.1432641e-16
6858.0000	2.7415365e-16
6859.5000	2.9950753e-16
6861.0000	2.6057148e-16
6862.5000	2.9298046e-16
6864.0000	3.7843707e-16
6865.5000	3.7456045e-16
6867.0000	2.9190212e-16
6868.5000	2.6908949e-16
6870.0000	2.7641806e-16
6871.5000	3.4734344e-16
6873.0000	3.1493872e-16
6874.5000	2.8464088e-16
6876.0000	3.2010931e-16
6877.5000	3.0881029e-16
6879.0000	2.6503974e-16
6880.5000	2.5201979e-16
6882.0000	2.5367156e-16
6883.5000	3.2697895e-16
6885.0000	3.4504277e-16
6886.5000	3.5719082e-16
6888.0000	3.3983472e-16
6889.5000	3.2803467e-16
6891.0000	3.1286079e-16
6892.5000	2.9478621e-16
6894.0000	3.0046082e-16
6895.5000	3.2486629e-16
6897.0000	3.067022e-16
6898.5000	3.2985973e-16
6900.0000	3.3438602e-16
6901.5000	2.8682494e-16
6903.0000	3.3839306e-16
6904.5000	3.3120051e-16
6906.0000	2.6080349e-16
6907.5000	2.9049516e-16
6909.0000	2.9677957e-16
6910.5000	2.5663236e-16
6912.0000	2.9566824e-16
6913.5000	3.0466369e-16
6915.0000	2.9566264e-16
6916.5000	2.9911074e-16
6918.0000	3.0590516e-16
6919.5000	3.1986356e-16
6921.0000	2.9288474e-16
6922.5000	2.7226698e-16
6924.0000	2.7468327e-16
6925.5000	2.8196266e-16
6927.0000	2.6263329e-16
6928.5000	2.5454953e-16
6930.0000	2.4067289e-16
6931.5000	3.2408935e-16
6933.0000	3.3911595e-16
6934.5000	2.812072e-16
6936.0000	3.1294417e-16
6937.5000	3.9561576e-16
6939.0000	3.9673725e-16
6940.5000	3.4254602e-16
6942.0000	2.760326e-16
6943.5000	3.0800605e-16
6945.0000	3.4553549e-16
6946.5000	2.6958272e-16
6948.0000	2.7753249e-16
6949.5000	3.4905764e-16
6951.0000	3.7675613e-16
6952.5000	3.4794551e-16
6954.0000	3.4316674e-16
6955.5000	3.1204572e-16
6957.0000	2.5567758e-16
6958.5000	2.6840383e-16
6960.0000	3.0589631e-16
6961.5000	3.0771741e-16
6963.0000	2.8673372e-16
6964.5000	2.6484695e-16
6966.0000	2.7059057e-16
6967.5000	2.6651052e-16
6969.0000	2.383799e-16
6970.5000	2.6654944e-16
6972.0000	2.7976093e-16
6973.5000	2.9542682e-16
6975.0000	3.0840832e-16
6976.5000	2.6064e-16
6978.0000	2.4771643e-16
6979.5000	2.2217694e-16
6981.0000	2.2740071e-16
6982.5000	2.7489644e-16
6984.0000	2.86852e-16
6985.5000	2.4837404e-16
6987.0000	2.5366911e-16
6988.5000	2.8422236e-16
6990.0000	2.648153e-16
6991.5000	2.5001538e-16
6993.0000	2.5958386e-16
6994.5000	2.7868569e-16
6996.0000	2.4687782e-16
6997.5000	2.6465887e-16
6999.0000	2.8098398e-16
7000.5000	2.3370931e-16
7002.0000	2.5517893e-16
7003.5000	2.8444114e-16
7005.0000	2.6479653e-16
7006.5000	2.5395188e-16
7008.0000	2.6839784e-16
7009.5000	3.0427778e-16
7011.0000	3.0264345e-16
7012.5000	2.7383649e-16
7014.0000	2.7883002e-16
7015.5000	2.6400748e-16
7017.0000	2.8240445e-16
7018.5000	3.1676558e-16
7020.0000	3.0279002e-16
7021.5000	2.933327e-16
7023.0000	2.8631285e-16
7024.5000	2.538529e-16
7026.0000	2.50103e-16
7027.5000	2.5625411e-16
7029.0000	2.760646e-16
7030.5000	2.9327142e-16
7032.0000	2.5986469e-16
7033.5000	2.8086227e-16
7035.0000	2.8989291e-16
7036.5000	2.4621165e-16
7038.0000	2.7070069e-16
7039.5000	3.0177945e-16
7041.0000	2.6366678e-16
7042.5000	2.2185314e-16
7044.0000	2.3612829e-16
7045.5000	2.3609571e-16
7047.0000	2.3606313e-16
7048.5000	2.3603055e-16
7050.0000	2.3599797e-16
7051.5000	2.3596539e-16
7053.0000	2.3593281e-16
7056.0000	2.9118767e-16
7057.5000	2.6812515e-16
7059.0000	2.645447e-16
7060.5000	2.4387242e-16
7062.0000	2.7958006e-16
7063.5000	2.825442e-16
7065.0000	2.657128e-16
7066.5000	2.4169162e-16
7068.0000	2.595937e-16
7069.5000	2.6332366e-16
7071.0000	2.0445979e-16
7072.5000	2.1819492e-16
7074.0000	2.7843598e-16
7075.5000	2.8115305e-16
7077.0000	3.2403925e-16
7078.5000	2.7233538e-16
7080.0000	2.3963225e-16
7081.5000	2.6560932e-16
7083.0000	3.0473372e-16
7084.5000	2.9279038e-16
7086.0000	3.0830666e-16
7087.5000	2.8993714e-16
7089.0000	3.0349264e-16
7090.5000	3.1983545e-16
7092.0000	3.1569445e-16
7093.5000	2.8426903e-16
7095.0000	2.884253e-16
7096.5000	2.6537976e-16
7098.0000	2.5773418e-16
7099.5000	2.8353563e-16
7101.0000	3.0082035e-16
7102.5000	2.9510191e-16
7104.0000	2.6170793e-16
7105.5000	2.842088e-16
7107.0000	2.820904e-16
7108.5000	2.6203036e-16
7110.0000	2.5352067e-16
7111.5000	2.6787916e-16
7113.0000	2.8354144e-16
7114.5000	2.5141692e-16
7116.0000	2.6762658e-16
7117.5000	2.9087454e-16
7119.0000	2.6361632e-16
7120.5000	2.6001802e-16
7122.0000	2.4033569e-16
7123.5000	2.4918485e-16
7125.0000	3.2504213e-16
7126.5000	3.0292135e-16
7128.0000	3.0599105e-16
7129.5000	2.9176661e-16
7131.0000	2.7950117e-16
7132.5000	3.0804896e-16
7134.0000	2.7671966e-16
7135.5000	2.8205091e-16
7137.0000	2.6542214e-16
7138.5000	2.52013e-16
7140.0000	2.6375645e-16
7141.5000	3.373329e-16
7143.0000	3.2230368e-16
7144.5000	2.8324226e-16
7146.0000	2.7741572e-16
7147.5000	3.1498092e-16
7149.0000	2.9470661e-16
7150.5000	2.9532349e-16
7152.0000	2.7586094e-16
7153.5000	2.6289162e-16
7155.0000	2.5177401e-16
7156.5000	2.7889317e-16
7158.0000	3.1043559e-16
7159.5000	2.6445431e-16
7161.0000	2.6038045e-16
7162.5000	2.9034489e-16
7164.0000	2.7587977e-16
7165.5000	2.768991e-16
7167.0000	2.7629626e-16
7168.5000	2.4216898e-16
7170.0000	2.6960218e-16
7171.5000	2.8713754e-16
7173.0000	2.7064443e-16
7174.5000	3.018094e-16
7176.0000	2.9513875e-16
7177.5000	2.8092977e-16
7179.0000	2.7732962e-16
7180.5000	2.7121219e-16
7182.0000	2.9324177e-16
7183.5000	2.9632497e-16
7185.0000	2.4864875e-16
7186.5000	2.6034167e-16
7188.0000	2.959379e-16
7189.5000	2.881887e-16
7191.0000	2.8998446e-16
7192.5000	2.6692334e-16
7194.0000	2.7153456e-16
7195.5000	2.5097212e-16
7197.0000	2.4688883e-16
7198.5000	2.3436724e-16
7200.0000	2.9191241e-16
7201.5000	3.1139645e-16
7203.0000	2.9103255e-16
7204.5000	2.810632e-16
7206.0000	2.7109385e-16
7207.5000	2.6112449e-16
7210.5000	2.4461204e-16
7212.0000	3.0123025e-16
7213.5000	3.24274e-16
7215.0000	3.0103907e-16
7216.5000	3.0146083e-16
7218.0000	2.8373292e-16
7219.5000	3.0188039e-16
7221.0000	2.9129231e-16
7222.5000	2.5940931e-16
7224.0000	2.5910482e-16
7225.5000	3.3566529e-16
7227.0000	2.95371e-16
7228.5000	2.6395974e-16
7230.0000	2.8313184e-16
7231.5000	2.80974e-16
7233.0000	2.502721e-16
7234.5000	2.6599455e-16
7236.0000	2.8443176e-16
7237.5000	3.014943e-16
7239.0000	2.9026628e-16
7240.5000	3.5475558e-16
7242.0000	3.8205454e-16
7243.5000	2.7344972e-16
7245.0000	2.5561833e-16
7246.5000	2.6523331e-16
7248.0000	2.0605919e-16
7249.5000	2.0524095e-16
7251.0000	2.4117604e-16
7252.5000	2.5866473e-16
7254.0000	2.7010781e-16
7255.5000	2.9451567e-16
7257.0000	2.6529324e-16
7258.5000	2.4387078e-16
7260.0000	3.0029193e-16
7261.5000	2.8988597e-16
7263.0000	2.615363e-16
7264.5000	2.6336318e-16
7266.0000	2.6149502e-16
7267.5000	2.5946918e-16
7269.0000	2.4336746e-16
7270.5000	2.7038872e-16
7272.0000	2.7850318e-16
7273.5000	2.9213443e-16
7275.0000	3.1004071e-16
7276.5000	3.1274235e-16
7278.0000	2.9563931e-16
7279.5000	2.7271631e-16
7281.0000	3.4096208e-16
7282.5000	3.5412893e-16
7284.0000	2.7618918e-16
7285.5000	2.7597898e-16
7287.0000	2.4023069e-16
7288.5000	2.4953514e-16
7290.0000	2.6691407e-16
7291.5000	2.8316852e-16
7293.0000	2.9993579e-16
7294.5000	3.0446962e-16
7296.0000	3.3203176e-16
7297.5000	3.0645543e-16
7299.0000	2.7703041e-16
7300.5000	2.5082418e-16
7302.0000	2.4789567e-16
7303.5000	2.3937422e-16
7305.0000	2.4338995e-16
7306.5000	2.7182731e-16
7308.0000	2.576403e-16
7309.5000	2.3971984e-16
7311.0000	2.546784e-16
7312.5000	2.5729012e-16
7314.0000	2.4408592e-16
7315.5000	2.6379105e-16
7317.0000	2.8914979e-16
7318.5000	2.7695289e-16
7320.0000	2.3681849e-16
7321.5000	2.5494358e-16
7323.0000	2.9061311e-16
7324.5000	2.6087186e-16
7326.0000	2.2700293e-16
7327.5000	2.3644179e-16
7329.0000	2.3086552e-16
7330.5000	2.1954952e-16
7332.0000	2.5408107e-16
7333.5000	2.6924506e-16
7335.0000	2.3850289e-16
7336.5000	2.2374775e-16
7338.0000	2.3295055e-16
7339.5000	2.5960523e-16
7341.0000	2.6065305e-16
7342.5000	2.770578e-16
7344.0000	2.6153091e-16
7345.5000	2.3678312e-16
7347.0000	2.788215e-16
7348.5000	2.8283018e-16
7350.0000	2.8086936e-16
7351.5000	2.5594667e-16
7353.0000	2.4637567e-16
7354.5000	2.7686226e-16
7356.0000	2.2953032e-16
7357.5000	2.123256e-16
7359.0000	2.9920974e-16
7360.5000	3.2263586e-16
7362.0000	2.6397011e-16
7363.5000	2.3370899e-16
7365.0000	2.453323e-16
7366.5000	2.5530776e-16
7368.0000	2.6120678e-16
7369.5000	2.4242234e-16
7371.0000	2.2754833e-16
7372.5000	2.8537756e-16
7374.0000	2.3242964e-16
7375.5000	2.2097716e-16
7377.0000	2.3713467e-16
7378.5000	2.4350874e-16
7380.0000	2.4157216e-16
7381.5000	2.5126454e-16
7383.0000	2.509242e-16
7384.5000	2.4139217e-16
7386.0000	2.6525697e-16
7387.5000	2.9437968e-16
7389.0000	3.054314e-16
7390.5000	2.9229191e-16
7392.0000	2.4056965e-16
7393.5000	2.4843721e-16
7395.0000	2.4054556e-16
7396.5000	2.6805112e-16
7398.0000	3.202472e-16
7399.5000	2.7830091e-16
7401.0000	2.4657184e-16
7402.5000	2.2937369e-16
7404.0000	2.0013282e-16
7405.5000	2.1441455e-16
7407.0000	2.5566491e-16
7408.5000	2.473965e-16
7410.0000	2.2245924e-16
7411.5000	2.454311e-16
7413.0000	2.6685637e-16
7414.5000	2.6964432e-16
7416.0000	2.5829637e-16
7417.5000	2.5580323e-16
7419.0000	2.9338318e-16
7420.5000	2.5882009e-16
7422.0000	2.0122819e-16
7423.5000	2.6931271e-16
7425.0000	2.4553968e-16
7426.5000	2.4123034e-16
7428.0000	2.8923976e-16
7429.5000	2.5296935e-16
7431.0000	2.4528804e-16
7432.5000	3.0498323e-16
7434.0000	2.6450917e-16
7435.5000	2.2351189e-16
7437.0000	2.6764199e-16
7438.5000	2.4336864e-16
7440.0000	2.3306647e-16
7441.5000	3.1168953e-16
7443.0000	2.816481e-16
7444.5000	2.8582209e-16
7446.0000	3.9220399e-16
7447.5000	3.3495793e-16
7449.0000	3.028712e-16
7450.5000	3.4666523e-16
7452.0000	2.9200542e-16
7453.5000	2.2442952e-16
7455.0000	2.4307117e-16
7456.5000	2.6163167e-16
7458.0000	2.1145241e-16
7459.5000	1.8991433e-16
7461.0000	2.3532481e-16
7462.5000	2.4365035e-16
7464.0000	2.4662326e-16
7465.5000	2.6124853e-16
7467.0000	2.5730824e-16
7468.5000	2.3504113e-16
7470.0000	2.2765362e-16
7471.5000	2.4298634e-16
7473.0000	2.7183118e-16
7474.5000	2.9656085e-16
7476.0000	2.6274562e-16
7477.5000	2.3499335e-16
7479.0000	2.8823811e-16
7480.5000	2.1719903e-16
7482.0000	2.2759269e-16
7483.5000	2.5311914e-16
7485.0000	1.9534078e-16
7486.5000	2.0214464e-16
7488.0000	2.6552308e-16
7489.5000	2.5046462e-16
7491.0000	2.3559141e-16
7492.5000	2.5433186e-16
7494.0000	2.967428e-16
7495.5000	3.0187151e-16
7497.0000	2.865276e-16
7498.5000	2.5251845e-16
7500.0000	3.0503789e-16
7501.5000	3.4007218e-16
7503.0000	3.0763221e-16
7504.5000	2.7217054e-16
7506.0000	3.0748224e-16
7507.5000	2.3415574e-16
7509.0000	2.3277812e-16
7510.5000	3.030282e-16
7512.0000	2.8632852e-16
7513.5000	2.6778784e-16
7515.0000	2.6172751e-16
7516.5000	2.8933758e-16
7518.0000	3.0646008e-16
7519.5000	2.7259561e-16
7521.0000	2.9329032e-16
7522.5000	3.4772226e-16
7524.0000	3.0381018e-16
7525.5000	2.954222e-16
7527.0000	2.9706693e-16
7528.5000	2.7003375e-16
7530.0000	2.8165475e-16
7531.5000	2.6248941e-16
7533.0000	2.9101685e-16
7534.5000	2.7164707e-16
7536.0000	2.2783634e-16
7537.5000	2.6104942e-16
7539.0000	3.3352453e-16
7540.5000	3.0938697e-16
