3476.0000	4.8875442e-16
3477.4700	2.2812226e-16
3478.9400	-3.3366647e-17
3480.4100	-8.9226235e-18
3481.8800	-1.437547e-17
3483.3500	1.8741657e-16
3484.8200	2.9414815e-16
3486.2900	3.0283472e-16
3487.7600	1.2320451e-16
3489.2300	-6.6224262e-18
3490.7000	1.3776425e-16
3492.1700	1.2712441e-16
3493.6400	1.533257e-17
3495.1100	1.2303805e-17
3496.5800	2.4236491e-20
3498.0500	1.1904832e-16
3499.5200	1.4284565e-16
3500.9900	1.864806e-16
3502.4600	3.0512017e-16
3503.9300	3.1294343e-16
3505.4000	2.4933097e-16
3506.8700	1.6906442e-16
3508.3400	2.4423034e-16
3509.8100	1.8313825e-16
3511.2800	1.3308853e-17
3512.7500	1.773745e-16
3514.2200	2.7304831e-16
3515.6900	7.666935e-17
3517.1600	1.0938311e-18
3518.6300	7.0477709e-17
3520.1000	3.978869e-16
3521.5700	5.1021767e-16
3523.0400	7.7258922e-17
3524.5100	-5.8699626e-17
3525.9800	1.1299506e-16
3527.4500	5.0227895e-17
3528.9200	1.3047339e-16
3530.3900	2.2955114e-16
3531.8600	1.5357313e-16
3533.3300	5.2318998e-17
3534.8000	1.1188155e-16
3536.2700	3.4408021e-16
3537.7400	3.3563536e-16
3539.2100	3.2683703e-16
3540.6800	2.1678172e-16
3542.1500	3.3901121e-17
3543.6200	1.2099732e-16
3545.0900	2.1697743e-16
3546.5600	3.004874e-16
3548.0300	1.6242987e-16
3549.5000	9.0472788e-17
3550.9700	2.0987014e-16
3552.4400	2.7805719e-16
3553.9100	1.6646102e-16
3555.3800	2.1879411e-16
3556.8500	2.7773857e-16
3558.3200	2.958281e-16
3559.7900	1.5933436e-16
3561.2600	6.9253139e-17
3562.7300	1.9340493e-16
3564.2000	2.4187286e-16
3565.6700	2.4426968e-16
3567.1400	1.609875e-16
3568.6100	1.0438935e-16
3570.0800	4.263382e-16
3571.5500	4.792386e-16
3573.0200	2.5829422e-16
3574.4900	2.7546334e-16
3575.9600	2.5926331e-16
3577.4300	1.4694503e-16
3578.9000	2.8692648e-16
3580.3700	2.8826365e-16
3581.8400	8.37387e-17
3583.3100	6.6764504e-17
3584.7800	-1.088636e-18
3586.2500	6.2919599e-18
3587.7200	2.8469932e-16
3589.1900	3.2223403e-16
3590.6600	2.1610445e-16
3592.1300	2.1322136e-16
3593.6000	1.8505332e-16
3595.0700	1.2543015e-16
3596.5400	1.3273956e-16
3598.0100	1.4929971e-16
3599.4800	6.823241e-17
3600.9500	1.9045274e-16
3602.4200	2.1534957e-16
3603.8900	9.6846998e-17
3605.3600	7.4100681e-17
3606.8300	1.5042619e-16
3608.3000	2.3912379e-16
3609.7700	2.1873413e-16
3611.2400	1.5963271e-16
3612.7100	2.696709e-16
3614.1800	2.6328161e-16
3615.6500	1.8176387e-16
3617.1200	6.61631e-17
3618.5900	1.0675811e-16
3620.0600	3.0430174e-16
3621.5300	3.2467765e-16
3623.0000	3.0249074e-16
3624.4700	2.3796856e-16
3625.9400	2.3716171e-16
3627.4100	3.1291705e-16
3628.8800	2.6056278e-16
3630.3500	2.7178216e-16
3631.8200	2.7803302e-16
3633.2900	2.370369e-16
3634.7600	2.1835072e-16
3636.2300	2.0470577e-16
3637.7000	1.4758363e-16
3639.1700	1.6226754e-16
3640.6400	2.0845659e-16
3642.1100	2.0765164e-16
3643.5800	2.54471e-16
3645.0500	1.5426654e-16
3646.5200	1.1930679e-16
3647.9900	1.3767125e-16
3649.4600	1.5908363e-16
3650.9300	2.7830881e-16
3652.4000	3.4912741e-16
3653.8700	3.2663012e-16
3655.3400	2.5212926e-16
3656.8100	3.5410094e-16
3658.2800	4.1491318e-16
3659.7500	2.5594753e-16
3661.2200	1.712137e-16
3662.6900	2.7259535e-16
3664.1600	3.3181068e-16
3665.6300	2.6300168e-16
3667.1000	2.3219962e-16
3668.5700	2.3192628e-16
3670.0400	2.4892315e-16
3671.5100	2.3077005e-16
3672.9800	2.5259814e-16
3674.4500	3.4045607e-16
3675.9200	3.5012826e-16
3677.3900	1.4013271e-16
3678.8600	9.5397264e-17
3680.3300	1.7222811e-16
3681.8000	1.8953636e-16
3683.2700	2.3168385e-16
3684.7400	2.2681043e-16
3686.2100	2.4694259e-16
3687.6800	1.3425927e-16
3689.1500	8.7421559e-17
3690.6200	2.1671209e-16
3692.0900	3.4091887e-16
3693.5600	3.4281617e-16
3695.0300	3.4838325e-16
3696.5000	3.0823272e-16
3697.9700	1.7606801e-16
3699.4400	1.337301e-16
3700.9100	1.419566e-16
3702.3800	1.7263788e-16
3703.8500	2.6420331e-16
3705.3200	2.8519166e-16
3706.7900	3.0949527e-16
3708.2600	2.7826256e-16
3709.7300	2.0221238e-16
3711.2000	1.9239336e-16
3712.6700	1.5410797e-16
3714.1400	1.9545983e-16
3715.6100	1.9460385e-16
3717.0800	1.7282574e-16
3718.5500	2.5855431e-16
3720.0200	2.217679e-16
3721.4900	1.8574458e-16
3722.9600	2.7458966e-16
3724.4300	3.03377e-16
3725.9000	1.4150238e-16
3727.3700	9.2075191e-17
3728.8400	1.5467352e-16
3730.3100	1.4600667e-16
3731.7800	2.0284827e-16
3733.2500	2.9527146e-16
3734.7200	3.022626e-16
3736.1900	2.7118552e-16
3737.6600	2.6556793e-16
3739.1300	3.114191e-16
3740.6000	3.0750409e-16
3742.0700	2.6365283e-16
3743.5400	2.7134028e-16
3745.0100	2.6046249e-16
3746.4800	2.6808169e-16
3747.9500	2.5101042e-16
3749.4200	2.5688839e-16
3750.8900	2.7613091e-16
3752.3600	2.694813e-16
3753.8300	3.2696056e-16
3755.3000	3.2438183e-16
3756.7700	2.7188796e-16
3758.2400	2.7300391e-16
3759.7100	2.8173026e-16
3761.1800	2.7687138e-16
3762.6500	3.1479943e-16
3764.1200	3.7041774e-16
3765.5900	4.4727713e-16
3767.0600	4.8580632e-16
3768.5300	5.2530354e-16
3770.0000	4.6290782e-16
3771.4700	3.3371228e-16
3772.9400	3.3583978e-16
3774.4100	3.1608501e-16
3775.8800	2.661432e-16
3777.3500	2.158608e-16
3778.8200	1.8391383e-16
3780.2900	1.976326e-16
3781.7600	1.6167013e-16
3783.2300	2.3005176e-16
3784.7000	3.1719393e-16
3786.1700	3.5356614e-16
3787.6400	2.8260595e-16
3789.1100	2.1074232e-16
3790.5800	2.7289701e-16
3792.0500	2.9829338e-16
3793.5200	3.6368665e-16
3794.9900	3.4684405e-16
3796.4600	2.7910161e-16
3797.9300	3.5828695e-16
3799.4000	3.3028963e-16
3800.8700	2.5191829e-16
3802.3400	2.6847857e-16
3803.8100	3.3794326e-16
3805.2800	3.1572443e-16
3806.7500	3.2231578e-16
3808.2200	3.8611844e-16
3809.6900	3.0897689e-16
3811.1600	3.0215585e-16
3812.6300	3.1551099e-16
3814.1000	2.7817401e-16
3815.5700	2.6204142e-16
3817.0400	2.8008246e-16
3818.5100	3.2104534e-16
3819.9800	3.3438128e-16
3821.4500	4.0003762e-16
3822.9200	4.1385061e-16
3824.3900	3.2822254e-16
3825.8600	3.6924571e-16
3827.3300	4.1502139e-16
3828.8000	3.0131385e-16
3830.2700	3.0283386e-16
3831.7400	3.2290536e-16
3833.2100	2.7431685e-16
3834.6800	3.4616795e-16
3836.1500	3.8365608e-16
3837.6200	3.4512845e-16
3839.0900	3.4781736e-16
3840.5600	3.4023893e-16
3842.0300	3.4379598e-16
3843.5000	3.4330931e-16
3844.9700	2.833713e-16
3846.4400	2.3374018e-16
3847.9100	2.9779255e-16
3849.3800	3.6068279e-16
3850.8500	3.2152873e-16
3852.3200	3.334446e-16
3853.7900	3.3130661e-16
3855.2600	2.6777157e-16
3856.7300	3.0057552e-16
3858.2000	3.3037892e-16
3859.6700	3.1177285e-16
3861.1400	2.8972861e-16
3862.6100	2.6736209e-16
3864.0800	3.3165097e-16
3865.5500	3.6186466e-16
3867.0200	3.3227983e-16
3868.4900	2.9099944e-16
3869.9600	2.4123859e-16
3871.4300	2.2144477e-16
3872.9000	2.9148206e-16
3874.3700	3.7968069e-16
3875.8400	3.5132709e-16
3877.3100	2.4425319e-16
3878.7800	2.2355475e-16
3880.2500	2.2785349e-16
3881.7200	2.0382072e-16
3883.1900	2.4555349e-16
3884.6600	2.9233941e-16
3886.1300	2.7245906e-16
3887.6000	2.3278637e-16
3889.0700	2.4789412e-16
3890.5400	2.461624e-16
3892.0100	2.3326245e-16
3893.4800	2.2476292e-16
3894.9500	2.3372254e-16
3896.4200	2.6223058e-16
3897.8900	2.4215864e-16
3899.3600	2.4162668e-16
3900.8300	2.689077e-16
3902.3000	2.8133032e-16
3903.7700	2.8938353e-16
3905.2400	2.5641373e-16
3906.7100	2.5439423e-16
3908.1800	2.7065966e-16
3909.6500	2.6097158e-16
3911.1200	2.6585725e-16
3912.5900	2.6957819e-16
3914.0600	3.1697193e-16
3915.5300	3.2302079e-16
3917.0000	2.2736634e-16
3918.4700	2.0368361e-16
3919.9400	2.6350793e-16
3921.4100	2.7915826e-16
3922.8800	2.7170888e-16
3924.3500	2.6356068e-16
3925.8200	2.5060639e-16
3927.2900	2.8515413e-16
3928.7600	3.0538577e-16
3930.2300	3.1711018e-16
3931.7000	3.6086926e-16
3933.1700	3.814424e-16
3934.6400	3.5376522e-16
3936.1100	3.0526415e-16
3937.5800	3.4221867e-16
3939.0500	3.7541556e-16
3940.5200	3.4637433e-16
3941.9900	3.6965379e-16
3943.4600	4.1202003e-16
3944.9300	3.9079845e-16
3946.4000	3.3233541e-16
3947.8700	3.4406942e-16
3949.3400	3.9813703e-16
3950.8100	4.1670883e-16
3952.2800	4.7592685e-16
3953.7500	5.14754e-16
3955.2200	4.9670202e-16
3956.6900	4.8948956e-16
3958.1600	4.5177302e-16
3959.6300	4.982971e-16
3961.1000	5.5718613e-16
3962.5700	5.3437787e-16
3964.0400	5.5564809e-16
3965.5100	5.5615586e-16
3966.9800	5.3152788e-16
3968.4500	5.385347e-16
3969.9200	4.5448908e-16
3971.3900	3.8656622e-16
3972.8600	4.5761874e-16
3974.3300	5.1005512e-16
3975.8000	4.9072278e-16
3977.2700	4.9062923e-16
3978.7400	5.2640074e-16
3980.2100	5.8910626e-16
3981.6800	5.9439564e-16
3983.1500	4.8553976e-16
3984.6200	4.9279937e-16
3986.0900	5.4354018e-16
3987.5600	5.5332792e-16
3989.0300	5.6337059e-16
3990.5000	5.3865367e-16
3991.9700	5.5602485e-16
3993.4400	6.1161381e-16
3994.9100	6.2186694e-16
3996.3800	5.8398592e-16
3997.8500	5.7020426e-16
3999.3200	5.5744207e-16
4000.7900	5.3529847e-16
4002.2600	5.3651297e-16
4003.7300	5.9117764e-16
4005.2000	6.3047767e-16
4006.6700	5.9558183e-16
4008.1400	5.13304e-16
4009.6100	5.0079286e-16
4011.0800	5.1282966e-16
4012.5500	5.1045424e-16
4014.0200	5.6304783e-16
4015.4900	5.6188571e-16
4016.9600	5.9945661e-16
4018.4300	5.9775531e-16
4019.9000	5.1790708e-16
4021.3700	4.9505219e-16
4022.8400	4.953593e-16
4024.3100	5.5745935e-16
4025.7800	5.4655761e-16
4027.2500	5.2026421e-16
4028.7200	5.0142354e-16
4030.1900	4.7760436e-16
4031.6600	4.9750522e-16
4033.1300	5.1518875e-16
4034.6000	4.7397846e-16
4036.0700	4.3002909e-16
4037.5400	4.384295e-16
4039.0100	4.8174796e-16
4040.4800	4.8279774e-16
4041.9500	4.5140091e-16
4043.4200	3.9713702e-16
4044.8900	3.8344735e-16
4046.3600	4.3556756e-16
4047.8300	4.5527247e-16
4049.3000	4.4661862e-16
4050.7700	4.6399909e-16
4052.2400	4.6937644e-16
4053.7100	4.8139888e-16
4055.1800	5.0906819e-16
4056.6500	4.9412474e-16
4058.1200	4.2444286e-16
4059.5900	4.2852765e-16
4061.0600	4.8485443e-16
4062.5300	5.076434e-16
4064.0000	5.171411e-16
4065.4700	4.9012443e-16
4066.9400	5.3195542e-16
4068.4100	5.7659495e-16
4069.8800	5.0590831e-16
4071.3500	4.7794342e-16
4072.8200	5.1302201e-16
4074.2900	5.4057181e-16
4075.7600	5.0550091e-16
4077.2300	4.9856019e-16
4078.7000	5.4421097e-16
4080.1700	5.4546273e-16
4081.6400	5.3351474e-16
4083.1100	5.4014033e-16
4084.5800	5.7279909e-16
4086.0500	5.9986389e-16
4087.5200	6.1774731e-16
4088.9900	6.0480094e-16
4090.4600	5.9285605e-16
4091.9300	6.1064059e-16
4093.4000	6.4517212e-16
4094.8700	6.6925305e-16
4096.3400	6.5964013e-16
4097.8100	6.7063791e-16
4099.2800	7.0621026e-16
4100.7500	7.2073054e-16
4102.2200	6.677686e-16
4103.6900	6.3089931e-16
4105.1600	6.1902726e-16
4106.6300	6.1520964e-16
4108.1000	6.4687777e-16
4109.5700	6.4979947e-16
4111.0400	6.3772017e-16
4112.5100	6.3595313e-16
4113.9800	6.4042246e-16
4115.4500	6.1922085e-16
4116.9200	6.5108567e-16
4118.3900	6.8724597e-16
4119.8600	6.8167555e-16
4121.3300	6.5267861e-16
4122.8000	5.9521985e-16
4124.2700	6.3209385e-16
4125.7400	6.4735335e-16
4127.2100	6.0593295e-16
4128.6800	5.8547539e-16
4130.1500	6.1200285e-16
4131.6200	6.3394672e-16
4133.0900	6.0838902e-16
4134.5600	5.9128797e-16
4136.0300	6.0533911e-16
4137.5000	6.5122056e-16
4138.9700	5.9325945e-16
4140.4400	5.5701739e-16
4141.9100	6.02036e-16
4143.3800	5.4528147e-16
4144.8500	5.2357072e-16
4146.3200	5.9651589e-16
4147.7900	6.4494336e-16
4149.2600	6.1354685e-16
4150.7300	5.8434147e-16
4152.2000	6.1412501e-16
4153.6700	5.9512836e-16
4155.1400	5.612787e-16
4156.6100	5.4474813e-16
4158.0800	5.8050841e-16
4159.5500	6.1804259e-16
4161.0200	5.8090848e-16
4162.4900	5.7726341e-16
4163.9600	6.1763537e-16
4165.4300	6.5258622e-16
4166.9000	6.2195146e-16
4168.3700	6.1276513e-16
4169.8400	6.244325e-16
4171.3100	5.7478255e-16
4172.7800	5.5681926e-16
4174.2500	5.7401723e-16
4175.7200	5.9693193e-16
4177.1900	6.2314582e-16
4178.6600	6.2445945e-16
4180.1300	5.9560025e-16
4181.6000	6.0033429e-16
4183.0700	6.224463e-16
4184.5400	6.0108775e-16
4186.0100	5.2076703e-16
4187.4800	5.0676852e-16
4188.9500	5.1871645e-16
4190.4200	5.160982e-16
4191.8900	5.292573e-16
4193.3600	5.2915597e-16
4194.8300	4.9900138e-16
4196.3000	5.0169343e-16
4197.7700	5.1801211e-16
4199.2400	4.9627107e-16
4200.7100	5.125438e-16
4202.1800	5.3777945e-16
4203.6500	5.4406166e-16
4205.1200	5.3084779e-16
4206.5900	4.9237463e-16
4208.0600	4.7220731e-16
4209.5300	5.0442123e-16
4211.0000	5.229736e-16
4212.4700	5.3737211e-16
4213.9400	5.4271263e-16
4215.4100	5.2850628e-16
4216.8800	5.4076004e-16
4218.3500	5.2496922e-16
4219.8200	5.1975143e-16
4221.2900	5.10207e-16
4222.7600	4.9844146e-16
4224.2300	5.073837e-16
4225.7000	4.9414408e-16
4227.1700	5.0366873e-16
4228.6400	4.9750957e-16
4230.1100	5.0299567e-16
4231.5800	5.240165e-16
4233.0500	4.656916e-16
4234.5200	4.4360176e-16
4235.9900	4.7214514e-16
4237.4600	4.6299416e-16
4238.9300	4.5626473e-16
4240.4000	4.205901e-16
4241.8700	4.0211487e-16
4243.3400	4.3139264e-16
4244.8100	4.4901565e-16
4246.2800	4.1666365e-16
4247.7500	3.8612869e-16
4249.2200	3.8207859e-16
4250.6900	3.4794587e-16
4252.1600	3.4161392e-16
4253.6300	3.7437609e-16
4255.1000	3.9626393e-16
4256.5700	4.1187873e-16
4258.0400	3.8760412e-16
4259.5100	3.6281624e-16
4260.9800	3.3674678e-16
4262.4500	2.9873744e-16
4263.9200	3.1793773e-16
4265.3900	3.3734402e-16
4266.8600	3.151105e-16
4268.3300	3.1354272e-16
4269.8000	3.5295886e-16
4271.2700	3.5321495e-16
4272.7400	3.2088488e-16
4274.2100	3.1126586e-16
4275.6800	2.9819539e-16
4277.1500	2.5899377e-16
4278.6200	3.0499327e-16
4280.0900	3.5494229e-16
4281.5600	3.648833e-16
4283.0300	3.4843194e-16
4284.5000	2.9219979e-16
4285.9700	2.7846542e-16
4287.4400	2.978881e-16
4288.9100	3.4397635e-16
4290.3800	3.6105949e-16
4291.8500	3.1155989e-16
4293.3200	3.082518e-16
4294.7900	3.3558154e-16
4296.2600	3.2375577e-16
4297.7300	3.3280587e-16
4299.2000	3.5143515e-16
4300.6700	3.6210719e-16
4302.1400	4.0211701e-16
4303.6100	3.7764719e-16
4305.0800	3.7096545e-16
4306.5500	3.9526141e-16
4308.0200	3.8415998e-16
4309.4900	3.9122075e-16
4310.9600	4.1640705e-16
4312.4300	4.3166149e-16
4313.9000	4.5991057e-16
4315.3700	4.3596715e-16
4316.8400	3.9313677e-16
4318.3100	4.6183887e-16
4319.7800	4.649297e-16
4321.2500	4.4500542e-16
4322.7200	5.0178993e-16
4324.1900	4.9513912e-16
4325.6600	4.7695887e-16
4327.1300	5.0942689e-16
4328.6000	5.1750767e-16
4330.0700	5.006339e-16
4331.5400	4.8707777e-16
4333.0100	4.9140874e-16
4334.4800	5.2645624e-16
4335.9500	4.9035132e-16
4337.4200	4.6798915e-16
4338.8900	5.0719756e-16
4340.3600	4.9287197e-16
4341.8300	4.9305633e-16
4343.3000	5.4159468e-16
4344.7700	5.4011416e-16
4346.2400	4.8872226e-16
4347.7100	4.8754346e-16
4349.1800	5.1271945e-16
4350.6500	5.1344895e-16
4352.1200	5.1567543e-16
4353.5900	5.1817137e-16
4355.0600	5.0821412e-16
4356.5300	4.7713393e-16
4358.0000	4.7282606e-16
4359.4700	4.847742e-16
4360.9400	4.802568e-16
4362.4100	5.1977599e-16
4363.8800	5.0876546e-16
4365.3500	4.7374418e-16
4366.8200	5.0277114e-16
4368.2900	5.258047e-16
4369.7600	5.1547277e-16
4371.2300	5.0231898e-16
4372.7000	5.11962e-16
4374.1700	5.4939842e-16
4375.6400	5.3484929e-16
4377.1100	5.0185943e-16
4378.5800	5.4236788e-16
4380.0500	5.5700833e-16
4381.5200	5.6333572e-16
4382.9900	5.9506863e-16
4384.4600	6.2438107e-16
4385.9300	6.1808449e-16
4387.4000	5.9953463e-16
4388.8700	6.0161006e-16
4390.3400	5.8871716e-16
4391.8100	5.5889004e-16
4393.2800	5.4794228e-16
4394.7500	5.874756e-16
4396.2200	5.5899298e-16
4397.6900	5.3722674e-16
4399.1600	5.601337e-16
4400.6300	5.2556181e-16
4402.1000	5.225693e-16
4403.5700	5.3053707e-16
4405.0400	5.5212563e-16
4406.5100	5.6729531e-16
4407.9800	5.5250883e-16
4409.4500	5.7742184e-16
4410.9200	5.4394692e-16
4412.3900	5.3051913e-16
4413.8600	5.5874258e-16
4415.3300	5.8302408e-16
4416.8000	6.1377037e-16
4418.2700	5.6959635e-16
4419.7400	5.2523839e-16
4421.2100	5.4387558e-16
4422.6800	5.5321807e-16
4424.1500	5.4614866e-16
4425.6200	5.2210224e-16
4427.0900	5.135088e-16
4428.5600	5.4091275e-16
4430.0300	5.0731766e-16
4431.5000	5.1938194e-16
4432.9700	5.9343219e-16
4434.4400	5.7985473e-16
4435.9100	5.4717582e-16
4437.3800	5.5493903e-16
4438.8500	5.8283782e-16
4440.3200	5.7660222e-16
4441.7900	5.5130732e-16
4443.2600	5.5110699e-16
4444.7300	5.4603362e-16
4446.2000	5.6070858e-16
4447.6700	5.734129e-16
4449.1400	5.4725003e-16
4450.6100	5.0920063e-16
4452.0800	5.0235957e-16
4453.5500	5.4579312e-16
4455.0200	5.8219212e-16
4456.4900	5.371598e-16
4457.9600	5.2066988e-16
4459.4300	5.3488386e-16
4460.9000	4.908812e-16
4462.3700	5.0070745e-16
4463.8400	5.312621e-16
4465.3100	5.3014475e-16
4466.7800	5.0239009e-16
4468.2500	4.8752564e-16
4469.7200	5.0011516e-16
4471.1900	5.1780224e-16
4472.6600	4.9134797e-16
4474.1300	4.8139966e-16
4475.6000	5.2082801e-16
4477.0700	4.9365896e-16
4478.5400	4.6750799e-16
4480.0100	4.6352401e-16
4481.4800	4.648805e-16
4482.9500	4.8459524e-16
4484.4200	4.8947865e-16
4485.8900	4.6104485e-16
4487.3600	4.344978e-16
4488.8300	4.3889022e-16
4490.3000	4.4224662e-16
4491.7700	4.3627763e-16
4493.2400	4.457235e-16
4494.7100	4.5565808e-16
4496.1800	4.6194693e-16
4497.6500	4.5396987e-16
4499.1200	4.187617e-16
4500.5900	4.376334e-16
4502.0600	4.8811498e-16
4503.5300	4.704355e-16
4505.0000	4.5246154e-16
4506.4700	4.5452279e-16
4507.9400	4.4144556e-16
4509.4100	4.7347909e-16
4510.8800	4.4467351e-16
4512.3500	4.5189992e-16
4513.8200	4.8507217e-16
4515.2900	4.5970628e-16
4516.7600	4.3942165e-16
4518.2300	4.5581034e-16
4519.7000	4.6308848e-16
4521.1700	4.6376953e-16
4522.6400	4.679378e-16
4524.1100	4.9785724e-16
4525.5800	5.0630796e-16
4527.0500	4.786436e-16
4528.5200	4.9368325e-16
4529.9900	4.8432156e-16
4531.4600	4.805471e-16
4532.9300	4.7554597e-16
4534.4000	4.6453661e-16
4535.8700	4.9720559e-16
4537.3400	5.2157921e-16
4538.8100	5.1948363e-16
4540.2800	5.602957e-16
4541.7500	5.3362399e-16
4543.2200	4.9070308e-16
4544.6900	5.5853319e-16
4546.1600	6.1383808e-16
4547.6300	5.751735e-16
4549.1000	5.2370214e-16
4550.5700	5.3596002e-16
4552.0400	6.1100626e-16
4553.5100	5.9998554e-16
4554.9800	5.8793002e-16
4556.4500	6.333673e-16
4557.9200	6.6323185e-16
4559.3900	6.7349958e-16
4560.8600	6.7560863e-16
4562.3300	6.6393858e-16
4563.8000	6.8850076e-16
4565.2700	7.1831846e-16
4566.7400	7.4814886e-16
4568.2100	7.2682273e-16
4569.6800	7.3712659e-16
4571.1500	7.5759083e-16
4572.6200	7.4575329e-16
4574.0900	7.5451058e-16
4575.5600	7.5295126e-16
4577.0300	8.2194364e-16
4578.5000	8.3321393e-16
4579.9700	7.4922109e-16
4581.4400	7.5282729e-16
4582.9100	7.8299069e-16
4584.3800	7.8304863e-16
4585.8500	7.6185685e-16
4587.3200	7.452361e-16
4588.7900	7.7319992e-16
4590.2600	7.8089237e-16
4591.7300	7.9188579e-16
4593.2000	8.010565e-16
4594.6700	7.5598109e-16
4596.1400	7.6469898e-16
4597.6100	8.0748224e-16
4599.0800	7.9638231e-16
4600.5500	8.2442868e-16
4602.0200	8.0862385e-16
4603.4900	8.1718785e-16
4604.9600	8.4470552e-16
4606.4300	8.1642419e-16
4607.9000	8.4612411e-16
4609.3700	8.499288e-16
4610.8400	8.7218195e-16
4612.3100	8.3879644e-16
4613.7800	8.1917417e-16
4615.2500	8.7531012e-16
4616.7200	8.847217e-16
4618.1900	8.8110262e-16
4619.6600	8.4636319e-16
4621.1300	8.9946306e-16
4622.6000	9.295333e-16
4624.0700	8.5869467e-16
4625.5400	8.2936662e-16
4627.0100	8.5494405e-16
4628.4800	8.5703355e-16
4629.9500	8.3357871e-16
4631.4200	9.0310514e-16
4632.8900	9.0293694e-16
4634.3600	8.521142e-16
4635.8300	8.1968987e-16
4637.3000	8.9452285e-16
4638.7700	9.2143089e-16
4640.2400	9.6076536e-16
4641.7100	9.1986293e-16
4643.1800	9.2234677e-16
4644.6500	9.1853207e-16
4646.1200	9.1373414e-16
4647.5900	9.3941396e-16
4649.0600	9.5566112e-16
4650.5300	9.0619075e-16
4652.0000	9.02219e-16
4653.4700	9.3913674e-16
4654.9400	9.381184e-16
4656.4100	9.3837351e-16
4657.8800	9.0968353e-16
4659.3500	8.9424545e-16
4660.8200	9.0103495e-16
4662.2900	9.511379e-16
4663.7600	9.4323045e-16
4665.2300	9.7427595e-16
4666.7000	9.5289415e-16
4668.1700	9.3583262e-16
4669.6400	9.4413227e-16
4671.1100	9.3060219e-16
4672.5800	9.5501745e-16
4674.0500	1.0081842e-15
4675.5200	9.8300332e-16
4676.9900	9.8178685e-16
4678.4600	9.393869e-16
4679.9300	9.3780559e-16
4681.4000	9.2910123e-16
4682.8700	9.2061299e-16
4684.3400	9.1861504e-16
4685.8100	9.1027021e-16
4687.2800	8.8382328e-16
4688.7500	8.779192e-16
4690.2200	8.9282453e-16
4691.6900	9.2070729e-16
4693.1600	9.3494654e-16
4694.6300	9.1520059e-16
4696.1000	8.990922e-16
4697.5700	9.2356813e-16
4699.0400	8.801778e-16
4700.5100	8.4399575e-16
4701.9800	8.7082553e-16
4703.4500	9.0620917e-16
4704.9200	9.1617799e-16
4706.3900	9.0893281e-16
4707.8600	8.7045693e-16
4709.3300	8.8610417e-16
4710.8000	8.8064188e-16
4712.2700	8.6020428e-16
4713.7400	8.6679095e-16
4715.2100	8.6614799e-16
4716.6800	8.6371475e-16
4718.1500	8.5390866e-16
4719.6200	8.247354e-16
4721.0900	8.1383032e-16
4722.5600	8.4479386e-16
4724.0300	8.2530832e-16
4725.5000	8.075617e-16
4726.9700	8.0494356e-16
4728.4400	7.6480097e-16
4729.9100	7.3716158e-16
4731.3800	7.3892504e-16
4732.8500	7.3288941e-16
4734.3200	7.3427802e-16
4735.7900	7.3976284e-16
4737.2600	7.4503195e-16
4738.7300	7.9522592e-16
4740.2000	7.6465988e-16
4741.6700	7.2276396e-16
4743.1400	7.4736071e-16
4744.6100	7.6107055e-16
4746.0800	6.9123816e-16
4747.5500	6.9786388e-16
4749.0200	7.0748574e-16
4750.4900	7.2336185e-16
4751.9600	6.9004053e-16
4753.4300	6.8337017e-16
4754.9000	7.0928884e-16
4756.3700	6.9613618e-16
4757.8400	6.6160333e-16
4759.3100	6.4592016e-16
4760.7800	6.2218404e-16
4762.2500	6.2230837e-16
4763.7200	6.9995087e-16
4765.1900	7.0310599e-16
4766.6600	6.5615821e-16
4768.1300	6.1044014e-16
4769.6000	5.8050698e-16
4771.0700	5.8342493e-16
4772.5400	5.6588441e-16
4774.0100	5.5550951e-16
4775.4800	5.5630887e-16
4776.9500	5.4572326e-16
4778.4200	5.3748608e-16
4779.8900	4.8782611e-16
4781.3600	4.6287811e-16
4782.8300	5.0799572e-16
4784.3000	5.0828743e-16
4785.7700	5.0995326e-16
4787.2400	5.2883351e-16
4788.7100	4.9725077e-16
4790.1800	5.5113643e-16
4791.6500	5.5024081e-16
4793.1200	5.1635611e-16
4794.5900	4.85304e-16
4796.0600	4.7248787e-16
4797.5300	4.3126413e-16
4799.0000	4.4141093e-16
4800.4700	4.4231433e-16
4801.9400	4.5645556e-16
4803.4100	4.8039517e-16
4804.8800	4.9640775e-16
4806.3500	4.4782034e-16
4807.8200	4.5594254e-16
4809.2900	4.6764499e-16
4810.7600	4.4517687e-16
4812.2300	5.126065e-16
4813.7000	4.9782476e-16
4815.1700	4.7473004e-16
4816.6400	5.1237172e-16
4818.1100	5.0367755e-16
4819.5800	5.1152796e-16
4821.0500	5.676977e-16
4822.5200	5.7503021e-16
4823.9900	5.5708158e-16
4825.4600	5.5539054e-16
4826.9300	5.8041173e-16
4828.4000	6.2543368e-16
4829.8700	6.4024842e-16
4831.3400	6.5674675e-16
4832.8100	6.6497034e-16
4834.2800	6.9193429e-16
4835.7500	7.0489645e-16
4837.2200	7.050932e-16
4838.6900	7.2584206e-16
4840.1600	7.4510241e-16
4841.6300	7.425555e-16
4843.1000	7.5305545e-16
4844.5700	7.8538114e-16
4846.0400	7.8528661e-16
4847.5100	7.9214561e-16
4848.9800	8.47992e-16
4850.4500	8.6979789e-16
4851.9200	8.466621e-16
4853.3900	8.1545705e-16
4854.8600	8.3656645e-16
4856.3300	8.5404527e-16
4857.8000	8.5188663e-16
4859.2700	8.2526314e-16
4860.7400	8.3443576e-16
4862.2100	8.6430651e-16
4863.6800	8.4823799e-16
4865.1500	8.1762618e-16
4866.6200	8.2166541e-16
4868.0900	8.2750028e-16
4869.5600	8.3637619e-16
4871.0300	8.6013359e-16
4872.5000	8.5533082e-16
4873.9700	8.3404475e-16
4875.4400	7.9703945e-16
4876.9100	8.0124116e-16
4878.3800	8.2657522e-16
4879.8500	8.2643104e-16
4881.3200	8.4371513e-16
4882.7900	8.2581866e-16
4884.2600	8.1422371e-16
4885.7300	7.9898667e-16
4887.2000	8.4003669e-16
4888.6700	8.5266596e-16
4890.1400	8.1893307e-16
4891.6100	8.1029612e-16
4893.0800	8.88906e-16
4894.5500	9.2034787e-16
4896.0200	9.0410131e-16
4897.4900	9.4028008e-16
4898.9600	9.2009997e-16
4900.4300	9.0122569e-16
4901.9000	9.2886746e-16
4903.3700	9.479866e-16
4904.8400	9.1757911e-16
4906.3100	9.3054849e-16
4907.7800	9.8029876e-16
4909.2500	9.7620261e-16
4910.7200	1.0102171e-15
4912.1900	1.0430636e-15
4913.6600	1.1314685e-15
4915.1300	1.1161864e-15
4916.6000	1.1128404e-15
4918.0700	1.0958966e-15
4919.5400	1.006336e-15
4921.0100	9.7896516e-16
4922.4800	1.0293404e-15
4923.9500	9.9078864e-16
4925.4200	9.598918e-16
4926.8900	9.6515387e-16
4928.3600	1.0027136e-15
4929.8300	9.6802503e-16
4931.3000	9.816522e-16
4932.7700	9.8628592e-16
4934.2400	9.5531833e-16
4935.7100	9.9359918e-16
4937.1800	9.8202068e-16
4938.6500	9.5848167e-16
4940.1200	9.3306839e-16
4941.5900	9.4924712e-16
4943.0600	1.0229862e-15
4944.5300	9.4216788e-16
4946.0000	9.190951e-16
4947.4700	9.0714782e-16
4948.9400	9.1306502e-16
4950.4100	9.4600326e-16
4951.8800	9.0875912e-16
4953.3500	8.8332587e-16
4954.8200	8.9815748e-16
4956.2900	8.771863e-16
4957.7600	8.218047e-16
4959.2300	8.2298499e-16
4960.7000	8.2853305e-16
4962.1700	8.2542509e-16
4963.6400	8.2620639e-16
4965.1100	8.1101418e-16
4966.5800	7.9094011e-16
4968.0500	7.8875411e-16
4969.5200	7.8502053e-16
4970.9900	7.2847378e-16
4972.4600	7.1794534e-16
4973.9300	7.597537e-16
4975.4000	7.5245404e-16
4976.8700	7.4190784e-16
4978.3400	7.7966589e-16
4979.8100	7.8903246e-16
4981.2800	7.4495232e-16
4982.7500	7.5145024e-16
4984.2200	7.9988694e-16
4985.6900	7.5451189e-16
4987.1600	7.5587642e-16
4988.6300	8.0224425e-16
4990.1000	8.2341605e-16
4991.5700	8.3365411e-16
4993.0400	8.5137182e-16
4994.5100	8.3189207e-16
4995.9800	8.2954806e-16
4997.4500	8.4487152e-16
4998.9200	8.6310345e-16
5000.3900	9.0597528e-16
5001.8600	9.0246862e-16
5003.3300	8.9149964e-16
5004.8000	8.7985462e-16
5006.2700	8.9372778e-16
5007.7400	9.4507557e-16
5009.2100	9.5274836e-16
5010.6800	9.1767246e-16
5012.1500	9.1900605e-16
5013.6200	9.3456352e-16
5015.0900	1.0035163e-15
5016.5600	1.009165e-15
5018.0300	9.8936838e-16
5019.5000	9.9734896e-16
5020.9700	9.7707641e-16
5022.4400	9.550705e-16
5023.9100	9.1976362e-16
5025.3800	9.5172083e-16
5026.8500	9.6477377e-16
5028.3200	9.7536832e-16
5029.7900	9.6906608e-16
5031.2600	9.9190611e-16
5032.7300	9.7415495e-16
5034.2000	9.4232684e-16
5035.6700	9.8945922e-16
5037.1400	1.016274e-15
5038.6100	9.6515238e-16
5040.0800	9.6017838e-16
5041.5500	9.7451496e-16
5043.0200	9.9691284e-16
5044.4900	9.1795051e-16
5045.9600	9.2490882e-16
5047.4300	9.1632497e-16
5048.9000	9.1801596e-16
5050.3700	9.5481682e-16
5051.8400	9.4562483e-16
5053.3100	9.7216129e-16
5054.7800	9.389832e-16
5056.2500	9.3957645e-16
5057.7200	9.3686491e-16
5059.1900	9.1818678e-16
5060.6600	9.7911936e-16
5062.1300	9.5835453e-16
5063.6000	9.7236902e-16
5065.0700	9.2528874e-16
5066.5400	8.6062634e-16
5068.0100	8.703143e-16
5069.4800	8.7506634e-16
5070.9500	8.7522227e-16
5072.4200	8.6857057e-16
5073.8900	8.5277736e-16
5075.3600	8.2029635e-16
5076.8300	7.676115e-16
5078.3000	7.8002161e-16
5079.7700	8.0048132e-16
5081.2400	7.927869e-16
5082.7100	7.7781022e-16
5084.1800	7.8089029e-16
5085.6500	7.5108653e-16
5087.1200	7.2050768e-16
5088.5900	7.1496421e-16
5090.0600	7.1200585e-16
5091.5300	7.070626e-16
5093.0000	7.1855593e-16
5094.4700	7.0002705e-16
5095.9400	7.0046312e-16
5097.4100	6.9536889e-16
5098.8800	6.6888106e-16
5100.3500	6.5500158e-16
5101.8200	6.6921127e-16
5103.2900	6.6422826e-16
5104.7600	6.3132608e-16
5106.2300	5.9709907e-16
5107.7000	6.2187231e-16
5109.1700	6.2065887e-16
5110.6400	5.8063269e-16
5112.1100	6.0035986e-16
5113.5800	5.9903723e-16
5115.0500	5.9289438e-16
5116.5200	5.649783e-16
5117.9900	5.5954003e-16
5119.4600	5.6774652e-16
5120.9300	5.8484656e-16
5122.4000	6.1234331e-16
5123.8700	5.95204e-16
5125.3400	5.779025e-16
5126.8100	5.6804079e-16
5128.2800	5.8542883e-16
5129.7500	5.5433208e-16
5131.2200	5.6198776e-16
5132.6900	5.7200038e-16
5134.1600	5.6387252e-16
5135.6300	5.8960962e-16
5137.1000	6.0012561e-16
5138.5700	5.6054395e-16
5140.0400	6.0004139e-16
5141.5100	6.2112719e-16
5142.9800	6.1262923e-16
5144.4500	5.9871441e-16
5145.9200	6.1588222e-16
5147.3900	6.2792158e-16
5148.8600	6.4459479e-16
5150.3300	6.7055029e-16
5151.8000	6.4961922e-16
5153.2700	6.4186019e-16
5154.7400	6.5457463e-16
5156.2100	6.8363911e-16
5157.6800	6.6486073e-16
5159.1500	6.5912455e-16
5160.6200	7.0526499e-16
5162.0900	7.0538694e-16
5163.5600	7.280935e-16
5165.0300	6.6379106e-16
5166.5000	6.9940281e-16
5167.9700	6.9035423e-16
5169.4400	7.0996612e-16
5170.9100	7.2867155e-16
5172.3800	7.142669e-16
5173.8500	7.1752179e-16
5175.3200	7.3381007e-16
5176.7900	7.1411413e-16
5178.2600	6.9948852e-16
5179.7300	6.9045871e-16
5181.2000	7.3845321e-16
5182.6700	7.6214111e-16
5184.1400	7.4095219e-16
5185.6100	7.4258327e-16
5187.0800	7.8117371e-16
5188.5500	7.7898395e-16
5190.0200	7.788617e-16
5191.4900	7.8430372e-16
5192.9600	7.591446e-16
5194.4300	7.5925058e-16
5195.9000	8.0229419e-16
5197.3700	7.7620715e-16
5198.8400	7.6109892e-16
5200.3100	7.613278e-16
5201.7800	7.6487386e-16
5203.2500	7.7219611e-16
5204.7200	7.9405504e-16
5206.1900	8.0157477e-16
5207.6600	7.8746295e-16
5209.1300	7.9665393e-16
5210.6000	7.9386371e-16
5212.0700	7.9093164e-16
5213.5400	8.066442e-16
5215.0100	8.1917083e-16
5216.4800	8.25607e-16
5217.9500	8.3149356e-16
5219.4200	8.0512655e-16
5220.8900	8.1421196e-16
5222.3600	7.9342127e-16
5223.8300	7.9487282e-16
5225.3000	8.5076654e-16
5226.7700	8.4798443e-16
5228.2400	8.3686209e-16
5229.7100	7.7846289e-16
5231.1800	7.8085935e-16
5232.6500	7.854287e-16
5234.1200	7.8836095e-16
5235.5900	7.880224e-16
5237.0600	8.392787e-16
5238.5300	8.6682349e-16
5240.0000	8.2243627e-16
5241.4700	7.9388624e-16
5242.9400	8.0101055e-16
5244.4100	8.2287145e-16
5245.8800	7.7914e-16
5247.3500	7.609061e-16
5248.8200	8.4515804e-16
5250.2900	8.3834678e-16
5251.7600	8.4070897e-16
5253.2300	8.5881704e-16
5254.7000	8.3681798e-16
5256.1700	8.3117771e-16
5257.6400	8.4644967e-16
5259.1100	8.2854098e-16
5260.5800	7.9243231e-16
5262.0500	7.8003877e-16
5263.5200	7.9527187e-16
5264.9900	8.1245375e-16
5266.4600	8.1320804e-16
5267.9300	7.800976e-16
5269.4000	7.9020596e-16
5270.8700	8.2792741e-16
5272.3400	8.3552694e-16
5273.8100	8.0351406e-16
5275.2800	7.553758e-16
5276.7500	7.9738414e-16
5278.2200	7.7825683e-16
5279.6900	7.5950474e-16
5281.1600	8.0779558e-16
5282.6300	7.9582977e-16
5284.1000	7.9184765e-16
5285.5700	8.0818194e-16
5287.0400	8.0097538e-16
5288.5100	7.8990048e-16
5289.9800	7.9921395e-16
5291.4500	8.4340227e-16
5292.9200	8.1626189e-16
5294.3900	7.9846138e-16
5295.8600	8.0552912e-16
5297.3300	8.070097e-16
5298.8000	8.5246062e-16
5300.2700	8.4907854e-16
5301.7400	8.4800214e-16
5303.2100	8.3296233e-16
5304.6800	8.2510674e-16
5306.1500	8.5768938e-16
5307.6200	8.4128541e-16
5309.0900	8.337912e-16
5310.5600	8.5091007e-16
5312.0300	8.4705538e-16
5313.5000	8.8233984e-16
5314.9700	8.8943797e-16
5316.4400	9.2239559e-16
5317.9100	9.0967256e-16
5319.3800	8.736589e-16
5320.8500	8.767513e-16
5322.3200	8.6922145e-16
5323.7900	8.6910534e-16
5325.2600	8.6513644e-16
5326.7300	8.6208516e-16
5328.2000	8.6444569e-16
5329.6700	8.735317e-16
5331.1400	8.5670763e-16
5332.6100	8.6479539e-16
5334.0800	9.1009659e-16
5335.5500	9.1997653e-16
5337.0200	9.0826267e-16
5338.4900	9.1658199e-16
5339.9600	8.9263982e-16
5341.4300	8.7339354e-16
5342.9000	8.8178378e-16
5344.3700	8.7415743e-16
5345.8400	8.9163959e-16
5347.3100	9.2265463e-16
5348.7800	9.1276312e-16
5350.2500	8.9266557e-16
5351.7200	8.742038e-16
5353.1900	8.9260703e-16
5354.6600	9.4650984e-16
5356.1300	9.3989587e-16
5357.6000	9.2239481e-16
5359.0700	9.1983682e-16
5360.5400	9.3746889e-16
5362.0100	9.2907614e-16
5363.4800	8.9472914e-16
5364.9500	9.0627682e-16
5366.4200	9.0828568e-16
5367.8900	9.1121e-16
5369.3600	9.0268654e-16
5370.8300	9.0398973e-16
5372.3000	9.0143502e-16
5373.7700	9.1357332e-16
5375.2400	8.9491773e-16
5376.7100	9.0523666e-16
5378.1800	9.4846106e-16
5379.6500	9.0036398e-16
5381.1200	8.8575912e-16
5382.5900	9.2968094e-16
5384.0600	9.5248324e-16
5385.5300	9.0067154e-16
5387.0000	8.8693732e-16
5388.4700	9.3129528e-16
5389.9400	9.1071069e-16
5391.4100	9.2147815e-16
5392.8800	9.207409e-16
5394.3500	8.8925153e-16
5395.8200	9.3858612e-16
5397.2900	9.4705921e-16
5398.7600	9.4356889e-16
5400.2300	9.4618231e-16
5401.7000	9.2539227e-16
5403.1700	9.2621583e-16
5404.6400	9.3501729e-16
5406.1100	9.3537229e-16
5407.5800	9.0168619e-16
5409.0500	9.4573104e-16
5410.5200	9.676339e-16
5411.9900	9.1734827e-16
5413.4600	9.2744422e-16
5414.9300	9.6711642e-16
5416.4000	9.3877542e-16
5417.8700	9.3428886e-16
5419.3400	9.2360312e-16
5420.8100	9.2643219e-16
5422.2800	9.5759755e-16
5423.7500	9.5368993e-16
5425.2200	9.4595218e-16
5426.6900	9.5363438e-16
5428.1600	9.39785e-16
5429.6300	9.3985337e-16
5431.1000	9.2326397e-16
5432.5700	9.3418074e-16
5434.0400	9.1362166e-16
5435.5100	8.7308037e-16
5436.9800	9.1122848e-16
5438.4500	9.3692696e-16
5439.9200	9.2128015e-16
5441.3900	8.9145064e-16
5442.8600	9.0022528e-16
5444.3300	9.1344351e-16
5445.8000	9.3162841e-16
5447.2700	9.388842e-16
5448.7400	9.1656744e-16
5450.2100	9.405936e-16
5451.6800	8.9188719e-16
5453.1500	8.920089e-16
5454.6200	8.592186e-16
5456.0900	8.941344e-16
5457.5600	8.980791e-16
5459.0300	9.2215627e-16
5460.5000	8.6886972e-16
5461.9700	8.4992552e-16
5463.4400	9.1768897e-16
5464.9100	9.051646e-16
5466.3800	8.9690053e-16
5467.8500	8.5061818e-16
5469.3200	8.5308468e-16
5470.7900	8.2865918e-16
5472.2600	8.7585574e-16
5473.7300	8.5056144e-16
5475.2000	8.4199452e-16
5476.6700	8.5246414e-16
5478.1400	8.5994357e-16
5479.6100	8.4512043e-16
5481.0800	8.3246362e-16
5482.5500	8.5650367e-16
5484.0200	8.7156868e-16
5485.4900	8.5225266e-16
5486.9600	8.1166846e-16
5488.4300	8.2134074e-16
5489.9000	8.8219583e-16
5491.3700	8.3906913e-16
5492.8400	8.513509e-16
5494.3100	8.684361e-16
5495.7800	8.7924135e-16
5497.2500	8.8771492e-16
5498.7200	8.9224797e-16
5500.1900	8.3947343e-16
5501.6600	8.6276132e-16
5503.1300	8.6485732e-16
5504.6000	8.6271214e-16
5506.0700	8.5220873e-16
5507.5400	9.080072e-16
5509.0100	9.0776175e-16
5510.4800	8.8686204e-16
5511.9500	9.0114146e-16
5513.4200	8.9155436e-16
5514.8900	9.0006983e-16
5516.3600	9.3461764e-16
5517.8300	9.4453311e-16
5519.3000	8.9393038e-16
5520.7700	9.2406666e-16
5522.2400	9.4307142e-16
5523.7100	9.1538548e-16
5525.1800	9.6675271e-16
5526.6500	9.7579044e-16
5528.1200	9.4371706e-16
5529.5900	9.5676708e-16
5531.0600	9.4218469e-16
5532.5300	9.6831101e-16
5534.0000	9.5013285e-16
5535.4700	9.5956182e-16
5536.9400	9.4801289e-16
5538.4100	9.3215925e-16
5539.8800	9.429127e-16
5541.3500	9.6445042e-16
5542.8200	9.7584635e-16
5544.2900	9.8411578e-16
5545.7600	9.9033755e-16
5547.2300	9.5728689e-16
5548.7000	9.3949211e-16
5550.1700	9.1953748e-16
5551.6400	9.3329781e-16
5553.1100	9.446243e-16
5554.5800	9.4559389e-16
5556.0500	9.2167497e-16
5557.5200	8.9170825e-16
5558.9900	9.3679029e-16
5560.4600	9.5796192e-16
5561.9300	9.3941528e-16
5563.4000	9.516657e-16
5564.8700	9.8445445e-16
5566.3400	9.8196524e-16
5567.8100	9.6128601e-16
5569.2800	9.2598796e-16
5570.7500	8.9022315e-16
5572.2200	9.2029989e-16
5573.6900	9.9623209e-16
5575.1600	1.0503172e-15
5576.6300	1.016475e-15
5578.1000	1.0104889e-15
5579.5700	1.0513939e-15
5581.0400	9.872157e-16
5582.5100	9.2979914e-16
5583.9800	8.6235327e-16
5585.4500	8.6056858e-16
5586.9200	9.1696763e-16
5588.3900	8.6849439e-16
5589.8600	8.4394658e-16
5591.3300	9.000178e-16
5592.8000	8.9403909e-16
5594.2700	8.6234075e-16
5595.7400	8.6001211e-16
5597.2100	8.5680515e-16
5598.6800	8.3596379e-16
5600.1500	8.1610781e-16
5601.6200	8.2655048e-16
5603.0900	8.0236167e-16
5604.5600	7.8682017e-16
5606.0300	8.1440133e-16
5607.5000	8.1925184e-16
5608.9700	8.1932086e-16
5610.4400	8.0035675e-16
5611.9100	7.9488707e-16
5613.3800	7.9429686e-16
5614.8500	7.8368938e-16
5616.3200	7.8708339e-16
5617.7900	7.8616154e-16
5619.2600	7.9881853e-16
5620.7300	7.7490348e-16
5622.2000	7.8378302e-16
5623.6700	8.112148e-16
5625.1400	7.9327083e-16
5626.6100	7.8559512e-16
5628.0800	7.8227174e-16
5629.5500	7.5209838e-16
5631.0200	7.5325054e-16
5632.4900	8.1924862e-16
5633.9600	8.3113068e-16
5635.4300	8.2910246e-16
5636.9000	8.1616747e-16
5638.3700	8.0725765e-16
5639.8400	8.1251967e-16
5641.3100	8.229537e-16
5642.7800	8.2922107e-16
5644.2500	8.4170592e-16
5645.7200	8.2269609e-16
5647.1900	7.7784413e-16
5648.6600	8.1738299e-16
5650.1300	8.3297116e-16
5651.6000	8.0442673e-16
5653.0700	8.6105984e-16
5654.5400	8.6555743e-16
5656.0100	8.2422447e-16
5657.4800	8.2448685e-16
5658.9500	8.1953973e-16
5660.4200	8.2364434e-16
5661.8900	8.6634058e-16
5663.3600	8.7117094e-16
5664.8300	8.5330611e-16
5666.3000	8.7249124e-16
5667.7700	8.7746513e-16
5669.2400	8.9273882e-16
5670.7100	8.3919787e-16
5672.1800	8.7123972e-16
5673.6500	8.3487988e-16
5675.1200	8.393392e-16
5676.5900	8.7655973e-16
5678.0600	8.6220664e-16
5679.5300	9.2266828e-16
5681.0000	9.0063858e-16
5682.4700	8.9127654e-16
5683.9400	9.1165245e-16
5685.4100	8.6467981e-16
5686.8800	8.8169491e-16
5688.3500	8.4543288e-16
5689.8200	8.7751758e-16
5691.2900	8.9695233e-16
5692.7600	9.1885579e-16
5694.2300	9.0071088e-16
5695.7000	8.8424969e-16
5697.1700	9.0865064e-16
5698.6400	8.9059377e-16
5700.1100	8.8434321e-16
5701.5800	9.0737677e-16
5703.0500	9.3809146e-16
5704.5200	9.1756028e-16
5705.9900	8.6422354e-16
5707.4600	8.6659294e-16
5708.9300	8.558501e-16
5710.4000	8.5178345e-16
5711.8700	8.9645326e-16
5713.3400	8.5241872e-16
5714.8100	8.6993688e-16
5716.2800	8.7943679e-16
5717.7500	8.789258e-16
5719.2200	8.4382612e-16
5720.6900	8.4525615e-16
5722.1600	8.286581e-16
5723.6300	8.3854842e-16
5725.1000	8.2597971e-16
5726.5700	8.4270555e-16
5728.0400	8.9819688e-16
5729.5100	8.8191944e-16
5730.9800	8.8925177e-16
5732.4500	8.8955414e-16
5733.9200	8.6002165e-16
5735.3900	8.2268077e-16
5736.8600	8.5266268e-16
5738.3300	8.4334856e-16
5739.8000	8.2796329e-16
5741.2700	7.7838016e-16
5742.7400	8.2116431e-16
5744.2100	8.3525348e-16
5745.6800	8.1147116e-16
5747.1500	7.9731941e-16
5748.6200	8.0806875e-16
5750.0900	7.6186538e-16
5751.5600	8.0030322e-16
5753.0300	7.4605691e-16
5754.5000	7.8257781e-16
5755.9700	7.9159629e-16
5757.4400	7.8084648e-16
5758.9100	7.7383822e-16
5760.3800	7.9128605e-16
5761.8500	7.8971523e-16
5763.3200	7.2695559e-16
5764.7900	7.3561436e-16
5766.2600	7.5078416e-16
5767.7300	7.529155e-16
5769.2000	7.5417972e-16
5770.6700	7.7515e-16
5772.1400	7.4253505e-16
5773.6100	7.4694157e-16
5775.0800	7.3300648e-16
5776.5500	6.8322587e-16
5778.0200	6.8274277e-16
5779.4900	6.9366342e-16
5780.9600	6.8718058e-16
5782.4300	6.899845e-16
5783.9000	6.6702133e-16
5785.3700	6.6019547e-16
5786.8400	6.7698455e-16
5788.3100	6.188094e-16
5789.7800	6.8041551e-16
5791.2500	7.0600265e-16
5792.7200	6.7440504e-16
5794.1900	6.4627349e-16
5795.6600	6.7105216e-16
5797.1300	7.1744812e-16
5798.6000	7.0093811e-16
5800.0700	7.0678574e-16
5801.5400	7.0362419e-16
5803.0100	6.8593496e-16
5804.4800	6.6307765e-16
5805.9500	6.8796325e-16
5807.4200	6.9404978e-16
5808.8900	6.8768167e-16
5810.3600	6.6527975e-16
5811.8300	6.7849344e-16
5813.3000	6.846295e-16
5814.7700	6.7829412e-16
5816.2400	6.675055e-16
5817.7100	6.7906773e-16
5819.1800	6.8321133e-16
5820.6500	6.799807e-16
5822.1200	6.7336458e-16
5823.5900	6.7248261e-16
5825.0600	6.6027683e-16
5826.5300	6.6512835e-16
5828.0000	7.0063555e-16
5829.4700	6.7046225e-16
5830.9400	6.6308266e-16
5832.4100	6.7319489e-16
5833.8800	6.5533543e-16
5835.3500	6.6229248e-16
5836.8200	6.6315407e-16
5838.2900	6.7607492e-16
5839.7600	6.654222e-16
5841.2300	6.5950054e-16
5842.7000	6.9676274e-16
5844.1700	7.1732622e-16
5845.6400	7.2575766e-16
5847.1100	7.0527488e-16
5848.5800	6.7407149e-16
5850.0500	7.1454716e-16
5851.5200	7.6378834e-16
5852.9900	7.2354782e-16
5854.4600	7.0717746e-16
5855.9300	7.3294175e-16
5857.4000	7.2954243e-16
5858.8700	7.2990465e-16
5860.3400	7.3431253e-16
5861.8100	7.4651134e-16
5863.2800	7.5026238e-16
5864.7500	7.7248836e-16
5866.2200	7.7838874e-16
5867.6900	7.72349e-16
5869.1600	8.0795282e-16
5870.6300	8.0544162e-16
5872.1000	7.6788348e-16
5873.5700	7.5395375e-16
5875.0400	7.7921832e-16
5876.5100	7.9756111e-16
5877.9800	8.3667928e-16
5879.4500	8.3062732e-16
5880.9200	8.3301497e-16
5882.3900	8.2877678e-16
5883.8600	8.1566364e-16
5885.3300	7.9896915e-16
5886.8000	8.1377596e-16
5888.2700	8.0185235e-16
5889.7400	8.5102832e-16
5891.2100	8.5167527e-16
5892.6800	8.0228275e-16
5894.1500	8.5841793e-16
5895.6200	8.6589694e-16
5897.0900	8.6990857e-16
5898.5600	8.2333469e-16
5900.0300	8.643012e-16
5901.5000	8.9156795e-16
5902.9700	9.1092867e-16
5904.4400	8.7754309e-16
5905.9100	8.2706594e-16
5907.3800	8.7432897e-16
5908.8500	9.0764374e-16
5910.3200	9.0141046e-16
5911.7900	8.8491988e-16
5913.2600	9.0840352e-16
5914.7300	8.7260765e-16
5916.2000	8.8525432e-16
5917.6700	9.158088e-16
5919.1400	9.0603971e-16
5920.6100	8.8154876e-16
5922.0800	8.8303113e-16
5923.5500	8.8305187e-16
5925.0200	8.8421482e-16
5926.4900	8.8331532e-16
5927.9600	8.8605905e-16
5929.4300	8.9354855e-16
5930.9000	8.4166074e-16
5932.3700	8.8015389e-16
5933.8400	8.7406862e-16
5935.3100	8.9417899e-16
5936.7800	8.9000112e-16
5938.2500	8.5254705e-16
5939.7200	8.5839903e-16
5941.1900	8.9471877e-16
5942.6600	8.9752322e-16
5944.1300	9.1831917e-16
5945.6000	8.6882889e-16
5947.0700	8.6173719e-16
5948.5400	9.1115969e-16
5950.0100	9.1087884e-16
5951.4800	8.4444165e-16
5952.9500	8.170557e-16
5954.4200	8.1040752e-16
5955.8900	8.549552e-16
5957.3600	8.8008231e-16
5958.8300	8.433885e-16
5960.3000	8.3435541e-16
5961.7700	8.461042e-16
5963.2400	8.6419964e-16
5964.7100	8.6991149e-16
5966.1800	8.9787406e-16
5967.6500	8.9861023e-16
5969.1200	9.1234618e-16
5970.5900	8.7170094e-16
5972.0600	8.6882341e-16
5973.5300	8.4712994e-16
5975.0000	8.4117627e-16
5976.4700	8.7198889e-16
5977.9400	8.8775897e-16
5979.4100	8.9737666e-16
5980.8800	8.831479e-16
5982.3500	8.7533498e-16
5983.8200	9.0642911e-16
5985.2900	9.2549521e-16
5986.7600	9.332462e-16
5988.2300	9.0438032e-16
5989.7000	9.1668189e-16
5991.1700	9.0493184e-16
5992.6400	8.8697571e-16
5994.1100	8.5855317e-16
5995.5800	8.7832183e-16
5997.0500	8.5855108e-16
5998.5200	8.5893643e-16
5999.9900	8.9083123e-16
6001.4600	8.7700367e-16
6002.9300	8.7201691e-16
6004.4000	8.6286825e-16
6005.8700	8.4101778e-16
6007.3400	8.7270647e-16
6008.8100	9.001928e-16
6010.2800	8.8063407e-16
6011.7500	8.5929108e-16
6013.2200	8.7129223e-16
6014.6900	8.6718726e-16
6016.1600	8.7162977e-16
6017.6300	8.5010135e-16
6019.1000	8.4232062e-16
6020.5700	8.5164517e-16
6022.0400	8.5439456e-16
6023.5100	8.6332023e-16
6024.9800	8.4035259e-16
6026.4500	8.3525211e-16
6027.9200	8.4763855e-16
6029.3900	8.4234828e-16
6030.8600	8.5714638e-16
6032.3300	8.6465055e-16
6033.8000	8.9138937e-16
6035.2700	8.7091792e-16
6036.7400	8.6619723e-16
6038.2100	8.6356902e-16
6039.6800	8.4843612e-16
6041.1500	8.7487102e-16
6042.6200	8.450796e-16
6044.0900	8.1623e-16
6045.5600	8.1130904e-16
6047.0300	8.1988525e-16
6048.5000	8.4863412e-16
6049.9700	8.4180182e-16
6051.4400	8.1753141e-16
6052.9100	8.1225383e-16
6054.3800	8.2951707e-16
6055.8500	8.4731096e-16
6057.3200	8.414641e-16
6058.7900	8.2018352e-16
6060.2600	8.0882943e-16
6061.7300	8.0772299e-16
6063.2000	8.4827542e-16
6064.6700	8.848148e-16
6066.1400	8.3745062e-16
6067.6100	8.084963e-16
6069.0800	8.2112014e-16
6070.5500	8.1525189e-16
6072.0200	8.0116159e-16
6073.4900	7.9046679e-16
6074.9600	8.1975609e-16
6076.4300	8.5748303e-16
6077.9000	8.3590287e-16
6079.3700	8.0633098e-16
6080.8400	8.4967184e-16
6082.3100	8.4247375e-16
6083.7800	8.2784486e-16
6085.2500	8.1172073e-16
6086.7200	8.1028372e-16
6088.1900	8.1629282e-16
6089.6600	7.9831839e-16
6091.1300	8.1320083e-16
6092.6000	8.1351566e-16
6094.0700	8.0794525e-16
6095.5400	8.1885469e-16
6097.0100	8.0199552e-16
6098.4800	8.1425494e-16
6099.9500	8.1991202e-16
6101.4200	8.0254704e-16
6102.8900	7.9253608e-16
6104.3600	8.188929e-16
6105.8300	8.1312537e-16
6107.3000	8.0162442e-16
6108.7700	8.1524789e-16
6110.2400	8.2786334e-16
6111.7100	8.1302929e-16
6113.1800	7.7025414e-16
6114.6500	7.8372389e-16
6116.1200	8.018328e-16
6117.5900	8.0013674e-16
6119.0600	7.9938197e-16
6120.5300	8.0641395e-16
6122.0000	8.0327755e-16
6123.4700	7.7993989e-16
6124.9400	8.0071127e-16
6126.4100	8.3222991e-16
6127.8800	8.0861622e-16
6129.3500	7.9807091e-16
6130.8200	8.1513292e-16
6132.2900	7.8019196e-16
6133.7600	8.0156332e-16
6135.2300	8.3414835e-16
6136.7000	8.3377975e-16
6138.1700	8.8500875e-16
6139.6400	8.3707005e-16
6141.1100	8.3257943e-16
6142.5800	8.3383298e-16
6144.0500	8.3677679e-16
6145.5200	8.2599705e-16
6146.9900	8.3602536e-16
6148.4600	8.2612079e-16
6149.9300	8.2142246e-16
6151.4000	8.4690022e-16
6152.8700	8.3412802e-16
6154.3400	8.5926747e-16
6155.8100	8.4884804e-16
6157.2800	8.0945832e-16
6158.7500	8.1085217e-16
6160.2200	7.7461195e-16
6161.6900	7.5829697e-16
6163.1600	7.9033768e-16
6164.6300	8.5118467e-16
6166.1000	8.0007637e-16
6167.5700	8.0374968e-16
6169.0400	8.5282534e-16
6170.5100	8.5222358e-16
6171.9800	8.1436533e-16
6173.4500	8.1553829e-16
6174.9200	8.0986989e-16
6176.3900	7.8303683e-16
6177.8600	7.9070622e-16
6179.3300	8.1270939e-16
6180.8000	8.1305468e-16
6182.2700	8.0465651e-16
6183.7400	7.9415804e-16
6185.2100	7.7710962e-16
6186.6800	7.715596e-16
6188.1500	7.6318675e-16
6189.6200	7.7994108e-16
6191.0900	7.4124593e-16
6192.5600	7.4940455e-16
6194.0300	7.8231144e-16
6195.5000	7.8829527e-16
6196.9700	7.7392673e-16
6198.4400	7.6816773e-16
6199.9100	7.7313221e-16
6201.3800	7.5705367e-16
6202.8500	7.5431633e-16
6204.3200	7.6174718e-16
6205.7900	7.755971e-16
6207.2600	7.7046484e-16
6208.7300	7.5969499e-16
6210.2000	7.9051006e-16
6211.6700	7.8569525e-16
6213.1400	7.5367826e-16
6214.6100	7.7233028e-16
6216.0800	8.1050384e-16
6217.5500	7.7227819e-16
6219.0200	7.7462196e-16
6220.4900	7.9296684e-16
6221.9600	7.8415048e-16
6223.4300	8.1381017e-16
6224.9000	8.0444086e-16
6226.3700	8.0676496e-16
6227.8400	8.01889e-16
6229.3100	7.9352856e-16
6230.7800	8.0721575e-16
6232.2500	7.9737711e-16
6233.7200	7.8703171e-16
6235.1900	8.2647562e-16
6236.6600	8.5259622e-16
6238.1300	8.1317103e-16
6239.6000	7.950235e-16
6241.0700	8.0685812e-16
6242.5400	8.0276406e-16
6244.0100	7.9331386e-16
6245.4800	8.1085527e-16
6246.9500	8.3500952e-16
6248.4200	8.3301198e-16
6249.8900	8.2457209e-16
6251.3600	8.1613946e-16
6252.8300	8.0776268e-16
6254.3000	7.9432666e-16
6255.7700	8.2063425e-16
6257.2400	8.4384573e-16
6258.7100	8.1491244e-16
6260.1800	8.0861706e-16
6261.6500	8.3506435e-16
6263.1200	8.4896612e-16
6264.5900	8.2248604e-16
6266.0600	8.0886739e-16
6267.5300	7.887457e-16
6269.0000	7.8671807e-16
6270.4700	8.2708472e-16
6271.9400	8.3090436e-16
6273.4100	8.224048e-16
6274.8800	8.3085823e-16
6276.3500	8.3041739e-16
6277.8200	8.1660289e-16
6279.2900	8.024652e-16
6280.7600	8.1516957e-16
6282.2300	8.0641228e-16
6283.7000	8.0150318e-16
6285.1700	8.1788403e-16
6286.6400	8.0889481e-16
6288.1100	8.1952095e-16
6289.5800	8.0129093e-16
6291.0500	7.9350221e-16
6292.5200	7.968455e-16
6293.9900	8.2569075e-16
6295.4600	8.3103997e-16
6296.9300	8.2631308e-16
6298.4000	8.3675408e-16
6299.8700	7.956596e-16
6301.3400	8.1750166e-16
6302.8100	7.9984206e-16
6304.2800	7.8147852e-16
6305.7500	7.8054553e-16
6307.2200	7.9008925e-16
6308.6900	7.9226452e-16
6310.1600	7.5406212e-16
6311.6300	7.5508672e-16
6313.1000	8.0247521e-16
6314.5700	7.8785408e-16
6316.0400	7.7074993e-16
6317.5100	7.770716e-16
6318.9800	7.7453947e-16
6320.4500	7.8419006e-16
6321.9200	7.9238427e-16
6323.3900	7.6826769e-16
6324.8600	7.8429008e-16
6326.3300	7.6105231e-16
6327.8000	7.2946966e-16
6329.2700	7.353422e-16
6330.7400	7.2501606e-16
6332.2100	7.6320875e-16
6333.6800	7.6260537e-16
6335.1500	7.2333395e-16
6336.6200	7.3561066e-16
6338.0900	7.6157564e-16
6339.5600	7.7396971e-16
6341.0300	7.6568562e-16
6342.5000	7.5549442e-16
6343.9700	8.1158167e-16
6345.4400	7.7653468e-16
6346.9100	7.2865373e-16
6348.3800	7.4896014e-16
6349.8500	7.5772411e-16
6351.3200	7.3586464e-16
6352.7900	7.3666292e-16
6354.2600	7.1948135e-16
6355.7300	7.3582053e-16
6357.2000	7.6788884e-16
6358.6700	7.5638533e-16
6360.1400	7.4889636e-16
6361.6100	7.1540576e-16
6363.0800	6.9635189e-16
6364.5500	7.1583414e-16
6366.0200	6.9484931e-16
6367.4900	7.3173827e-16
6368.9600	7.4739987e-16
6370.4300	7.4949205e-16
6371.9000	7.5786191e-16
6373.3700	7.6158077e-16
6374.8400	7.1395665e-16
6376.3100	7.2773021e-16
6377.7800	7.2210926e-16
6379.2500	7.1807003e-16
6380.7200	7.2639394e-16
6382.1900	7.1084434e-16
6383.6600	7.3624516e-16
6385.1300	7.3379582e-16
6386.6000	6.9546157e-16
6388.0700	7.0374769e-16
6389.5400	7.383408e-16
6391.0100	7.1775806e-16
6392.4800	6.9525325e-16
6393.9500	6.9675958e-16
6395.4200	7.1477246e-16
6396.8900	7.0589733e-16
6398.3600	7.0354199e-16
6399.8300	7.2137302e-16
6401.3000	7.1539181e-16
6402.7700	7.0086282e-16
6404.2400	6.9425631e-16
6405.7100	6.6330022e-16
6407.1800	6.7716843e-16
6408.6500	6.9416177e-16
6410.1200	7.0472354e-16
6411.5900	7.068913e-16
6413.0600	6.8906802e-16
6414.5300	6.7720532e-16
6416.0000	6.6483897e-16
6417.4700	6.628508e-16
6418.9400	6.3957494e-16
6420.4100	6.5064502e-16
6421.8800	6.8800318e-16
6423.3500	6.7528504e-16
6424.8200	6.5495604e-16
6426.2900	6.3856971e-16
6427.7600	6.2463194e-16
6429.2300	6.2710631e-16
6430.7000	6.4828801e-16
6432.1700	6.4906454e-16
6433.6400	6.5264732e-16
6435.1100	6.6623545e-16
6436.5800	6.5044069e-16
6438.0500	6.396631e-16
6439.5200	6.4540595e-16
6440.9900	6.2898427e-16
6442.4600	6.0300303e-16
6443.9300	6.1350524e-16
6445.4000	6.3555366e-16
6446.8700	6.1763269e-16
6448.3400	5.9667128e-16
6449.8100	6.1656833e-16
6451.2800	6.2838382e-16
6452.7500	6.2724411e-16
6454.2200	6.2314326e-16
6455.6900	6.0670918e-16
6457.1600	5.9863859e-16
6458.6300	5.8400452e-16
6460.1000	5.8418053e-16
6461.5700	6.0399193e-16
6463.0400	6.1243176e-16
6464.5100	5.9754324e-16
6465.9800	5.8120507e-16
6467.4500	6.0692179e-16
6468.9200	6.268689e-16
6470.3900	6.1343229e-16
6471.8600	6.1182708e-16
6473.3300	6.2991083e-16
6474.8000	6.6173482e-16
6476.2700	6.7256165e-16
6477.7400	6.7227554e-16
6479.2100	6.8122929e-16
6480.6800	6.8181622e-16
6482.1500	6.8310261e-16
6483.6200	6.8707216e-16
6485.0900	7.0656031e-16
6486.5600	6.8222409e-16
6488.0300	6.7014611e-16
6489.5000	7.0784301e-16
6490.9700	7.1160632e-16
6492.4400	7.2101456e-16
6493.9100	6.7933434e-16
6495.3800	7.388975e-16
6496.8500	7.8284514e-16
6498.3200	7.4040258e-16
6499.7900	7.3559368e-16
6501.2600	7.7695161e-16
6502.7300	7.8063649e-16
6504.2000	7.894274e-16
6505.6700	8.4548676e-16
6507.1400	8.6459243e-16
6508.6100	8.5840499e-16
6510.0800	8.8076085e-16
6511.5500	9.3759263e-16
6513.0200	9.5467228e-16
6514.4900	9.5107687e-16
6515.9600	9.5040637e-16
6517.4300	9.3689793e-16
6518.9000	9.8638803e-16
6520.3700	1.0295806e-15
6521.8400	1.0230126e-15
6523.3100	1.0934176e-15
6524.7800	1.1094396e-15
6526.2500	1.1104764e-15
6527.7200	1.1441032e-15
6529.1900	1.1691186e-15
6530.6600	1.1663519e-15
6532.1300	1.1540643e-15
6533.6000	1.25925e-15
6535.0700	1.2868752e-15
6536.5400	1.2735332e-15
6538.0100	1.2621573e-15
6539.4800	1.265794e-15
6540.9500	1.2827275e-15
6542.4200	1.3309035e-15
6543.8900	1.3242995e-15
6545.3600	1.2924517e-15
6546.8300	1.3389653e-15
6548.3000	1.3739735e-15
6549.7700	1.3413023e-15
6551.2400	1.351907e-15
6552.7100	1.3684216e-15
6554.1800	1.3815762e-15
6555.6500	1.4020965e-15
6557.1200	1.4122947e-15
6558.5900	1.3917134e-15
6560.0600	1.3857789e-15
6561.5300	1.4424783e-15
6563.0000	1.4549695e-15
6564.4700	1.4309275e-15
6565.9400	1.4059849e-15
6567.4100	1.4096757e-15
6568.8800	1.4660859e-15
6570.3500	1.4403503e-15
6571.8200	1.4649572e-15
6573.2900	1.4489357e-15
6574.7600	1.488706e-15
6576.2300	1.5506505e-15
6577.7000	1.5394715e-15
6579.1700	1.4859216e-15
6580.6400	1.4838014e-15
6582.1100	1.4877026e-15
6583.5800	1.4633927e-15
6585.0500	1.5080434e-15
6586.5200	1.5470064e-15
6587.9900	1.5086049e-15
6589.4600	1.4840711e-15
6590.9300	1.4735256e-15
6592.4000	1.502516e-15
6593.8700	1.5065931e-15
6595.3400	1.5091022e-15
6596.8100	1.4925795e-15
6598.2800	1.5086961e-15
6599.7500	1.5308878e-15
6601.2200	1.4989235e-15
6602.6900	1.5032678e-15
6604.1600	1.5229609e-15
6605.6300	1.5715897e-15
6607.1000	1.5562458e-15
6608.5700	1.5029814e-15
6610.0400	1.492077e-15
6611.5100	1.5196568e-15
6612.9800	1.5021435e-15
6614.4500	1.4770048e-15
6615.9200	1.5012999e-15
6617.3900	1.4915446e-15
6618.8600	1.5071377e-15
6620.3300	1.5296459e-15
6621.8000	1.534669e-15
6623.2700	1.5203466e-15
6624.7400	1.4669749e-15
6626.2100	1.4511288e-15
6627.6800	1.4567224e-15
6629.1500	1.4289382e-15
6630.6200	1.4164128e-15
6632.0900	1.4579548e-15
6633.5600	1.5282562e-15
6635.0300	1.5529093e-15
6636.5000	1.5324429e-15
6637.9700	1.5051764e-15
6639.4400	1.5033982e-15
6640.9100	1.4380226e-15
6642.3800	1.3653085e-15
6643.8500	1.3461645e-15
6645.3200	1.3554832e-15
6646.7900	1.3576899e-15
6648.2600	1.3415688e-15
6649.7300	1.3484148e-15
6651.2000	1.3344797e-15
6652.6700	1.3509027e-15
6654.1400	1.378509e-15
6655.6100	1.3729399e-15
6657.0800	1.3720851e-15
6658.5500	1.337814e-15
6660.0200	1.2872978e-15
6661.4900	1.2758729e-15
6662.9600	1.2490121e-15
6664.4300	1.2299038e-15
6665.9000	1.2594779e-15
6667.3700	1.2554022e-15
6668.8400	1.2335519e-15
6670.3100	1.2517281e-15
6671.7800	1.2343708e-15
6673.2500	1.1713077e-15
6674.7200	1.1999687e-15
6676.1900	1.2130193e-15
6677.6600	1.2006394e-15
6679.1300	1.2066109e-15
6680.6000	1.1980929e-15
6682.0700	1.2174084e-15
6683.5400	1.2347001e-15
6685.0100	1.2046167e-15
6686.4800	1.1804783e-15
6687.9500	1.1892076e-15
6689.4200	1.1805576e-15
6690.8900	1.152832e-15
6692.3600	1.1539439e-15
6693.8300	1.1633819e-15
6695.3000	1.1615485e-15
6696.7700	1.1566886e-15
6698.2400	1.1388074e-15
6699.7100	1.1188169e-15
6701.1800	1.1332343e-15
6702.6500	1.1527793e-15
6704.1200	1.1235195e-15
6705.5900	1.1193459e-15
6707.0600	1.1029012e-15
6708.5300	1.0957032e-15
6710.0000	1.0988033e-15
6711.4700	1.0789039e-15
6712.9400	1.0742171e-15
6714.4100	1.0772119e-15
6715.8800	1.0876729e-15
6717.3500	1.07172e-15
6718.8200	1.0477965e-15
6720.2900	1.0377233e-15
6721.7600	1.0244154e-15
6723.2300	1.0171238e-15
6724.7000	1.0570006e-15
6726.1700	1.0518857e-15
6727.6400	1.0335602e-15
6729.1100	1.0127218e-15
6730.5800	1.0184262e-15
6732.0500	1.0203657e-15
6733.5200	1.0212537e-15
6734.9900	1.0131458e-15
6736.4600	9.987604e-16
6737.9300	9.9032027e-16
6739.4000	9.6972096e-16
6740.8700	9.5459855e-16
6742.3400	9.5691079e-16
6743.8100	9.7556919e-16
6745.2800	9.60729e-16
6746.7500	9.3419832e-16
6748.2200	9.3918133e-16
6749.6900	9.4535196e-16
6751.1600	9.4297743e-16
6752.6300	9.2416263e-16
6754.1000	9.106968e-16
6755.5700	9.3194824e-16
6757.0400	9.6268249e-16
6758.5100	9.5750117e-16
6759.9800	9.3047369e-16
6761.4500	9.1631567e-16
6762.9200	8.9561433e-16
6764.3900	9.0692395e-16
6765.8600	9.224773e-16
6767.3300	9.0119189e-16
6768.8000	9.0846765e-16
6770.2700	8.9566529e-16
6771.7400	8.8488072e-16
6773.2100	9.0331656e-16
6774.6800	8.9786643e-16
6776.1500	8.9817172e-16
6777.6200	8.8094169e-16
6779.0900	8.7476319e-16
6780.5600	8.8223988e-16
6782.0300	8.5491669e-16
6783.5000	8.3654976e-16
6784.9700	8.3534932e-16
6786.4400	8.4601867e-16
6787.9100	8.5582834e-16
6789.3800	8.4427541e-16
6790.8500	8.7687361e-16
6792.3200	9.0938616e-16
6793.7900	8.6926371e-16
6795.2600	8.335461e-16
6796.7300	8.4759414e-16
6798.2000	8.9392215e-16
6799.6700	8.6604792e-16
6801.1400	8.3883011e-16
6802.6100	8.4872484e-16
6804.0800	8.5104674e-16
6805.5500	8.7370473e-16
6807.0200	8.8340735e-16
6808.4900	8.4905058e-16
6809.9600	7.9928297e-16
6811.4300	8.182289e-16
6812.9000	8.1491846e-16
6814.3700	7.7794355e-16
6815.8400	7.608813e-16
6817.3100	7.6645887e-16
6818.7800	7.9158431e-16
6820.2500	8.1169587e-16
6821.7200	8.0493158e-16
6823.1900	8.1513906e-16
6824.6600	8.122862e-16
6826.1300	7.874766e-16
6827.6000	7.8348237e-16
6829.0700	7.8688067e-16
6830.5400	8.0388463e-16
6832.0100	8.1344897e-16
6833.4800	7.9677767e-16
6834.9500	7.8387457e-16
6836.4200	7.8529233e-16
6837.8900	7.8669155e-16
6839.3600	7.9150963e-16
6840.8300	7.8615427e-16
6842.3000	7.6817977e-16
6843.7700	7.5724131e-16
6845.2400	7.811932e-16
6846.7100	7.8367251e-16
6848.1800	7.8480488e-16
6849.6500	7.7695841e-16
6851.1200	7.7311051e-16
6852.5900	7.9657644e-16
6854.0600	7.8110379e-16
6855.5300	7.6213646e-16
6857.0000	8.2759732e-16
6858.4700	8.7332517e-16
6859.9400	8.1676912e-16
6861.4100	7.967056e-16
6862.8800	8.2580835e-16
6864.3500	8.11961e-16
6865.8200	7.6131928e-16
6867.2900	7.2241658e-16
6868.7600	7.5271618e-16
6870.2300	7.7866858e-16
6871.7000	7.4333245e-16
6873.1700	7.4921244e-16
6874.6400	7.6827615e-16
6876.1100	7.6964396e-16
6877.5800	8.0972749e-16
6879.0500	8.2065421e-16
6880.5200	7.643674e-16
6881.9900	7.2928023e-16
6883.4600	7.3656911e-16
6884.9300	7.425437e-16
6886.4000	7.6797915e-16
6887.8700	7.8502959e-16
6889.3400	7.5516105e-16
6890.8100	7.4977416e-16
6892.2800	7.728036e-16
6893.7500	7.4015689e-16
6895.2200	7.1887916e-16
6896.6900	7.3282337e-16
6898.1600	7.1692646e-16
6899.6300	7.3908764e-16
6901.1000	7.6299196e-16
6902.5700	7.4304742e-16
6904.0400	7.6599097e-16
6905.5100	7.812888e-16
6906.9800	7.4016368e-16
6908.4500	7.1477562e-16
6909.9200	7.1750617e-16
6911.3900	7.1899658e-16
6912.8600	7.0168734e-16
6914.3300	7.3575121e-16
6915.8000	7.5539088e-16
6917.2700	7.1144557e-16
6918.7400	7.075268e-16
6920.2100	7.1956307e-16
6921.6800	7.3590446e-16
6923.1500	7.5949305e-16
6924.6200	7.7361894e-16
6926.0900	7.3431182e-16
6927.5600	7.1928775e-16
6929.0300	7.3267674e-16
6930.5000	7.1510834e-16
6931.9700	6.9790715e-16
6933.4400	7.0023406e-16
6934.9100	7.2472215e-16
6936.3800	7.0928645e-16
6937.8500	6.8301773e-16
6939.3200	7.0090288e-16
6940.7900	7.0266104e-16
6942.2600	6.9810253e-16
6943.7300	6.9389486e-16
6945.2000	6.942929e-16
6946.6700	6.9783956e-16
6948.1400	7.1052128e-16
6949.6100	7.1059376e-16
6951.0800	6.9054592e-16
6952.5500	6.7274153e-16
6954.0200	7.0251352e-16
6955.4900	7.178157e-16
6956.9600	6.8910569e-16
6958.4300	6.8597209e-16
6959.9000	6.9888598e-16
6961.3700	6.912899e-16
6962.8400	6.841709e-16
6964.3100	6.7511219e-16
6965.7800	6.6376871e-16
6967.2500	6.8303496e-16
6968.7200	7.2533894e-16
6970.1900	6.8311715e-16
6971.6600	6.5453029e-16
6973.1300	6.6598159e-16
6974.6000	6.8715286e-16
6976.0700	7.0327318e-16
6977.5400	6.9538385e-16
6979.0100	6.7620522e-16
6980.4800	6.6871184e-16
6981.9500	6.9529146e-16
6983.4200	6.9221902e-16
6984.8900	6.832096e-16
6986.3600	6.8657625e-16
6987.8300	6.7593378e-16
6989.3000	6.7007142e-16
6990.7700	6.8065768e-16
6992.2400	6.884771e-16
6993.7100	6.8322831e-16
6995.1800	6.885947e-16
6996.6500	7.0976532e-16
6998.1200	6.9631487e-16
6999.5900	6.8901712e-16
7001.0600	7.2308064e-16
7002.5300	7.1403807e-16
7004.0000	7.1167296e-16
7005.4700	7.3808676e-16
7006.9400	7.1503609e-16
7008.4100	7.0587856e-16
7009.8800	7.0088762e-16
7011.3500	6.7662853e-16
7012.8200	6.92294e-16
7014.2900	7.2762823e-16
7015.7600	7.591514e-16
7017.2300	7.3449045e-16
7018.7000	6.9341028e-16
7020.1700	7.0997173e-16
7021.6400	7.3557717e-16
7023.1100	7.0936644e-16
7024.5800	7.1724862e-16
7026.0500	7.4874926e-16
7027.5200	7.4951929e-16
7028.9900	7.1454966e-16
7030.4600	6.9721568e-16
7031.9300	7.356739e-16
7033.4000	7.5606793e-16
7034.8700	7.3136032e-16
7036.3400	7.1725899e-16
7037.8100	7.4929982e-16
7039.2800	7.3473811e-16
7040.7500	7.1378416e-16
7042.2200	7.1924728e-16
7043.6900	7.1387923e-16
7045.1600	7.0761418e-16
7046.6300	7.0503974e-16
7048.1000	7.2759295e-16
7049.5700	7.327401e-16
7051.0400	7.3657638e-16
7052.5100	7.4884778e-16
7053.9800	7.340889e-16
7055.4500	7.2777301e-16
7056.9200	7.3395139e-16
7058.3900	7.3132676e-16
7059.8600	7.4498153e-16
7061.3300	7.2753483e-16
7062.8000	7.1189994e-16
7064.2700	7.5663298e-16
7065.7400	7.4607277e-16
7067.2100	7.3447442e-16
7068.6800	7.0996338e-16
7070.1500	7.1451616e-16
7071.6200	7.4234372e-16
7073.0900	6.9016284e-16
7074.5600	6.6798127e-16
7076.0300	6.87298e-16
7077.5000	6.9506031e-16
7078.9700	7.0628798e-16
7080.4400	6.9387418e-16
7081.9100	6.9102043e-16
7083.3800	6.9624126e-16
7084.8500	6.9384891e-16
7086.3200	6.8944335e-16
7087.7900	6.859147e-16
7089.2600	7.0524424e-16
7090.7300	7.4395579e-16
7092.2000	7.2432387e-16
7093.6700	6.942935e-16
7095.1400	7.1025985e-16
7096.6100	7.1912557e-16
7098.0800	6.9828194e-16
7099.5500	6.9010055e-16
7101.0200	7.1309841e-16
7102.4900	7.0387757e-16
7103.9600	6.908958e-16
7105.4300	6.9364625e-16
7106.9000	7.0276433e-16
7108.3700	7.1328562e-16
7109.8400	7.2368163e-16
7111.3100	7.2378308e-16
7112.7800	6.9159818e-16
7114.2500	6.9153231e-16
7115.7200	7.0699209e-16
7117.1900	7.0216608e-16
7118.6600	7.1426028e-16
7120.1300	7.2107232e-16
7121.6000	7.1040076e-16
7123.0700	7.0692497e-16
7124.5400	7.0154047e-16
7126.0100	7.0160681e-16
7127.4800	6.958257e-16
7128.9500	6.8898088e-16
7130.4200	6.9551688e-16
7131.8900	6.9524533e-16
7133.3600	6.8406254e-16
7134.8300	6.7840236e-16
7136.3000	6.8324125e-16
7137.7700	7.0248127e-16
7139.2400	7.0561719e-16
7140.7100	6.9027495e-16
7142.1800	6.7748445e-16
7143.6500	6.7233384e-16
7145.1200	6.7962837e-16
7146.5900	6.6702038e-16
7148.0600	6.6203856e-16
7149.5300	6.7126393e-16
7151.0000	6.7439175e-16
7152.4700	6.6442025e-16
7153.9400	6.5480524e-16
7155.4100	6.6831803e-16
7156.8800	6.7833275e-16
7158.3500	6.8680775e-16
7159.8200	6.7654091e-16
7161.2900	6.4686638e-16
7162.7600	6.5665823e-16
7164.2300	6.9314998e-16
7165.7000	6.8188435e-16
7167.1700	6.5858227e-16
7168.6400	6.9256061e-16
7170.1100	6.964618e-16
7171.5800	6.876868e-16
7173.0500	7.1530825e-16
7174.5200	7.0181429e-16
7175.9900	6.7897564e-16
7177.4600	6.7802858e-16
7178.9300	6.7511421e-16
7180.4000	6.8236631e-16
7181.8700	6.9505227e-16
7183.3400	6.8671083e-16
7184.8100	6.8977422e-16
7186.2800	7.2284794e-16
7187.7500	7.4201679e-16
7189.2200	7.1918297e-16
7190.6900	7.02721e-16
7192.1600	7.3136044e-16
7193.6300	7.2954935e-16
7195.1000	7.0327324e-16
7196.5700	6.9707572e-16
7198.0400	6.9042206e-16
7199.5100	7.0454377e-16
7200.9800	7.4128872e-16
7202.4500	7.4654418e-16
7203.9200	7.1965712e-16
7205.3900	7.2142732e-16
7206.8600	7.2385103e-16
7208.3300	7.1408534e-16
7209.8000	7.0324165e-16
7211.2700	7.0171362e-16
7212.7400	7.1879303e-16
7214.2100	7.0293754e-16
7215.6800	6.7387003e-16
7217.1500	6.5415418e-16
7218.6200	6.589061e-16
7220.0900	7.0007527e-16
7221.5600	7.0779049e-16
7223.0300	6.8567234e-16
7224.5000	7.1205831e-16
7225.9700	7.3139471e-16
7227.4400	7.2044617e-16
7228.9100	7.1239734e-16
7230.3800	6.9962871e-16
7231.8500	7.1039927e-16
7233.3200	7.2369206e-16
7234.7900	7.2857815e-16
7236.2600	7.2040433e-16
7237.7300	7.0677286e-16
7239.2000	7.2241247e-16
7240.6700	7.5440276e-16
7242.1400	7.4225456e-16
7243.6100	7.1675795e-16
7245.0800	7.1103805e-16
7246.5500	7.1080559e-16
7248.0200	7.2439694e-16
7249.4900	7.1022195e-16
7250.9600	6.8237877e-16
7252.4300	6.9157898e-16
7253.9000	7.0603734e-16
7255.3700	7.1241146e-16
7256.8400	6.9683313e-16
7258.3100	6.4813423e-16
7259.7800	6.6373235e-16
7261.2500	6.8945062e-16
7262.7200	6.757369e-16
7264.1900	6.9097042e-16
7265.6600	6.991415e-16
7267.1300	6.957528e-16
7268.6000	7.0147127e-16
7270.0700	7.0726013e-16
7271.5400	7.123853e-16
7273.0100	6.9962043e-16
7274.4800	7.0732307e-16
7275.9500	7.3907942e-16
7277.4200	7.5200647e-16
7278.8900	7.2437388e-16
7280.3600	7.1123868e-16
7281.8300	7.0214051e-16
7283.3000	6.7457086e-16
7284.7700	6.8519056e-16
7286.2400	7.1247011e-16
7287.7100	7.0136434e-16
7289.1800	6.9039297e-16
7290.6500	6.9438905e-16
7292.1200	7.0789707e-16
7293.5900	7.204631e-16
7295.0600	6.7509055e-16
7296.5300	6.4358336e-16
7298.0000	6.4838892e-16
7299.4700	6.5158844e-16
7300.9400	6.6160542e-16
7302.4100	6.9185728e-16
7303.8800	7.044915e-16
7305.3500	7.19585e-16
7306.8200	7.2327954e-16
7308.2900	6.8761474e-16
7309.7600	6.8584943e-16
7311.2300	6.8576896e-16
7312.7000	6.7405283e-16
7314.1700	7.0222288e-16
7315.6400	7.0395845e-16
7317.1100	6.92774e-16
7318.5800	7.5067323e-16
7320.0500	7.6678079e-16
7321.5200	7.3014677e-16
7322.9900	7.1877456e-16
7324.4600	7.0519412e-16
7325.9300	7.1006715e-16
7327.4000	6.843136e-16
7328.8700	6.4629704e-16
7330.3400	6.8991727e-16
7331.8100	7.0666254e-16
7333.2800	6.8242437e-16
7334.7500	6.9116682e-16
7336.2200	7.0643294e-16
7337.6900	7.0541602e-16
7339.1600	6.7202687e-16
7340.6300	6.7496228e-16
7342.1000	7.0005286e-16
7343.5700	6.9038844e-16
7345.0400	6.8625784e-16
7346.5100	6.8297422e-16
7347.9800	6.7729759e-16
7349.4500	6.7440218e-16
7350.9200	6.6152251e-16
7352.3900	6.6034937e-16
7353.8600	6.8383008e-16
7355.3300	6.877197e-16
7356.8000	6.8503511e-16
7358.2700	6.7928249e-16
7359.7400	6.89789e-16
7361.2100	7.1438038e-16
7362.6800	6.8461365e-16
7364.1500	6.6448724e-16
7365.6200	6.5456891e-16
7367.0900	6.6471612e-16
7368.5600	7.2071564e-16
7370.0300	7.1030957e-16
7371.5000	6.5537333e-16
7372.9700	6.8435454e-16
7374.4400	6.9097131e-16
7375.9100	6.9711524e-16
7377.3800	7.4475765e-16
7378.8500	7.5399512e-16
7380.3200	7.2879016e-16
7381.7900	6.9359219e-16
7383.2600	6.9012451e-16
7384.7300	6.9311821e-16
7386.2000	7.0833129e-16
7387.6700	6.9321489e-16
7389.1400	6.6194731e-16
7390.6100	6.8348634e-16
7392.0800	7.1335649e-16
7393.5500	6.8720919e-16
7395.0200	6.6737181e-16
7396.4900	6.7463595e-16
7397.9600	6.8094784e-16
7399.4300	6.8598324e-16
7400.9000	6.7986685e-16
7402.3700	6.6983509e-16
7403.8400	6.7356497e-16
7405.3100	6.7965138e-16
7406.7800	6.6980028e-16
7408.2500	6.5380228e-16
7409.7200	6.5208769e-16
7411.1900	6.4749664e-16
7412.6600	6.5600276e-16
7414.1300	6.6785347e-16
7415.6000	6.6955763e-16
7417.0700	6.6582429e-16
7418.5400	6.28721e-16
