3.235232086261400127e+03 2.443882329307683204e-15
3.240090065622482598e+03 5.446326305528700895e-14
3.244948044983565524e+03 2.417327507598081987e-14
3.249806024344647994e+03 -1.814309844667873900e-14
3.254664003705730465e+03 2.662889685842097405e-15
3.259521983066813391e+03 -7.665005274644452055e-15
3.264379962427895862e+03 2.106987680031494059e-14
3.269237941788978333e+03 4.368158056946257195e-14
3.274095921150060803e+03 -2.162126772040670435e-15
3.278953900511143729e+03 -1.337634599710580546e-14
3.283811879872226200e+03 -8.035914225983532139e-15
3.288669859233308671e+03 3.293923090557683564e-15
3.293527838594391596e+03 1.325817643063435802e-14
3.298385817955474067e+03 4.479494354522320018e-15
3.303243797316556538e+03 -5.703089351005675642e-15
3.308101776677639464e+03 6.758177730544628892e-15
3.312959756038721935e+03 -5.267044836572160743e-15
3.317817735399804405e+03 4.096989522135328562e-15
3.322675714760887331e+03 -3.383648443627384345e-15
3.327533694121969802e+03 7.440609518016079622e-16
3.332391673483052273e+03 2.562619566672468636e-16
3.337249652844134744e+03 6.825526590730239193e-15
3.342107632205217669e+03 6.594234080087085434e-16
3.346965611566300140e+03 4.848862976446818157e-15
3.351823590927382611e+03 -4.778751094787264328e-15
3.356681570288465537e+03 6.214645264500135314e-16
3.361539549649548007e+03 -1.095144821724493289e-14
3.366397529010630478e+03 -4.928899119632876996e-15
3.371255508371713404e+03 8.028668706152718854e-15
3.376113487732795875e+03 -4.393487052574591989e-15
3.380971467093878346e+03 -7.454728498455624741e-15
3.385829446454960816e+03 5.376354014898854575e-15
3.390687425816043742e+03 1.309632156342474367e-15
3.395545405177126213e+03 2.925653070365774253e-15
3.400403384538208684e+03 -1.718858442995615642e-15
3.405261363899291609e+03 2.675899900153686645e-15
3.410119343260374080e+03 1.186802108716115359e-15
3.414977322621456551e+03 -1.637021190126338940e-15
3.419835301982539477e+03 3.383458708247199381e-15
3.424693281343621948e+03 6.176582886103197667e-15
3.429551260704704418e+03 5.021314543463939028e-16
3.434409240065787344e+03 -3.288895314741018851e-15
3.439267219426869815e+03 -8.233492178348004575e-16
3.444125198787952286e+03 2.443824519309033098e-15
3.448983178149034757e+03 4.616284246273258743e-15
3.453841157510117682e+03 3.550235683913308474e-15
3.458699136871200153e+03 3.164740189947798897e-15
3.463557116232282624e+03 -6.123555870747999889e-17
3.468415095593365550e+03 3.252504873502842786e-15
3.473273074954448020e+03 1.607435176311693484e-15
3.478131054315530491e+03 -3.727924985038894717e-15
3.482989033676613417e+03 1.609392881211034985e-15
3.487847013037695888e+03 3.153193436810828275e-16
3.492704992398778359e+03 3.039783771986476375e-15
3.497562971759861284e+03 1.965773523438809310e-15
3.502420951120943755e+03 8.244967886596524242e-16
3.507278930482026226e+03 -2.119146202714619100e-15
3.512136909843108697e+03 -1.700792289021865484e-15
3.516994889204191622e+03 -1.597876621260165518e-15
3.521852868565274093e+03 9.988620148628575730e-16
3.526710847926356564e+03 -3.085374473339491837e-15
3.531568827287439490e+03 1.475933946525173797e-15
3.536426806648521961e+03 6.894031333251496394e-16
3.541284786009604431e+03 -7.232896392921235856e-16
3.546142765370687357e+03 -1.100203789529440642e-15
3.551000744731769828e+03 4.840839350974833390e-16
3.555858724092852299e+03 -6.514234994592468971e-16
3.560716703453935224e+03 1.315342640714626046e-16
3.565574682815017695e+03 -7.327644969005509858e-16
3.570432662176100166e+03 3.789685227717639552e-16
3.575290641537182637e+03 -7.089000847654899212e-16
3.580148620898265563e+03 -5.985987132202060836e-17
3.585006600259348033e+03 9.676054403179898226e-16
3.589864579620430504e+03 -5.562815295105324759e-16
3.594722558981513430e+03 -1.674425529802378403e-15
3.599580538342595901e+03 -5.782112654545055151e-16
3.604438517703678372e+03 5.603999757536502952e-17
3.609296497064761297e+03 6.921911422710371690e-16
3.614154476425843768e+03 -1.005383745040242058e-15
3.619012455786926239e+03 -6.026767004052027091e-16
3.623870435148009165e+03 -1.775286083875802622e-15
3.628728414509091635e+03 1.898628321737454465e-16
3.633586393870174106e+03 1.041290424586417511e-15
3.638444373231256577e+03 -1.221696133904068694e-16
3.643302352592339503e+03 1.021529781201685125e-15
3.648160331953421974e+03 9.292799523118113088e-16
3.653018311314504444e+03 4.357276976414621887e-16
3.657876290675587370e+03 -2.577490553550497963e-16
3.662734270036669841e+03 -1.082364746264673043e-15
3.667592249397752312e+03 3.558457673913628357e-16
3.672450228758835237e+03 5.388259274730750580e-16
3.677308208119917708e+03 2.585515661330140425e-16
3.682166187481000179e+03 7.299523475156667086e-17
3.687024166842083105e+03 3.037966251039905460e-16
3.691882146203165576e+03 -3.669751384261290010e-17
3.696740125564248046e+03 8.827972193862186623e-16
3.701598104925330517e+03 5.149916908867599279e-16
3.706456084286413443e+03 6.005314306476035834e-16
3.711314063647495914e+03 -2.583278700256001021e-16
3.716172043008578385e+03 4.435895133507417824e-16
3.721030022369661310e+03 9.742210323338419253e-17
3.725888001730743781e+03 -3.309755036314372895e-16
3.730745981091826252e+03 5.711499223501608370e-16
3.735603960452909178e+03 2.487859644654416037e-16
3.740461939813991648e+03 -6.179203784713014784e-18
3.745319919175074119e+03 -3.933636888916731793e-16
3.750177898536157045e+03 3.977290320040258263e-16
3.755035877897239516e+03 3.746862484452463335e-17
3.759893857258321987e+03 -3.098420051276628943e-16
3.764751836619404457e+03 7.139155653695296463e-17
3.769609815980487383e+03 -1.644973982468109566e-16
3.774467795341569854e+03 -2.977446541051973752e-16
3.779325774702652325e+03 -3.056160254049131815e-16
3.784183754063735250e+03 -2.108244657072884739e-17
3.789041733424817721e+03 2.785321733862365298e-16
3.793899712785900192e+03 -1.109470885837774323e-18
3.798757692146982663e+03 -2.212325981136349531e-17
3.803615671508065589e+03 1.789610681563293722e-16
3.808473650869148059e+03 2.294066149471492110e-17
3.813331630230230985e+03 1.112120345339781671e-17
3.818189609591313456e+03 -3.268473826838750500e-16
3.823047588952395927e+03 -2.445777443104434044e-18
3.827905568313478398e+03 7.146883505850011868e-17
3.832763547674561323e+03 1.715023739554938213e-16
3.837621527035643794e+03 3.130232094146438303e-17
3.842479506396726265e+03 -3.849646293007077448e-17
3.847337485757809191e+03 -1.548906020219588983e-16
3.852195465118891661e+03 6.633306254106048215e-17
3.857053444479974132e+03 -2.506081176234428156e-16
3.861911423841056603e+03 5.624767284867504286e-17
3.866769403202139529e+03 2.837006360814842620e-16
3.871627382563222000e+03 -1.050661851531051281e-16
3.876485361924304925e+03 5.308438529376200549e-17
3.881343341285387396e+03 3.037240714381022949e-16
3.886201320646469867e+03 3.783669374733112897e-17
3.891059300007552338e+03 7.515731943665777460e-17
3.895917279368635263e+03 -3.433525144928396367e-17
3.900775258729717734e+03 1.644203844230598195e-16
3.905633238090800205e+03 3.104181860551428313e-17
3.910491217451883131e+03 2.634032914455478698e-16
3.915349196812965602e+03 -4.153722849265245739e-17
3.920207176174048072e+03 4.117215729238585394e-17
3.925065155535130543e+03 4.942366308219509931e-16
3.929923134896213469e+03 -9.753618136602260568e-17
3.934781114257295940e+03 1.657535216378094823e-16
3.939639093618378865e+03 1.677289215848147184e-16
3.944497072979461336e+03 1.257758032237828497e-16
3.949355052340543807e+03 1.087468477113904825e-16
3.954213031701626278e+03 4.437866073296560174e-16
3.959071011062709204e+03 2.565574388169406059e-16
3.963928990423791674e+03 1.372568848375616620e-16
3.968786969784874145e+03 -7.962529911941600125e-17
3.973644949145957071e+03 -1.150562985281754845e-17
3.978502928507039542e+03 1.846724789707671109e-16
3.983360907868122013e+03 1.852047994734470362e-16
3.988218887229204483e+03 1.802386453036950733e-16
3.993076866590287409e+03 -1.588735891679650338e-16
3.997934845951369880e+03 -3.291490888389202044e-16
4.002792825312452806e+03 -8.937218003536513992e-17
4.007650804673535276e+03 8.716952544995076039e-18
4.012508784034617747e+03 -2.441180188326823580e-16
4.017366763395700218e+03 -1.328734628657410560e-16
4.022224742756783144e+03 -2.155980753914952435e-16
4.027082722117865615e+03 -3.414530629609565694e-16
4.031940701478948085e+03 -2.124558743247574079e-16
4.036798680840031011e+03 8.711759008801100599e-17
4.041656660201113482e+03 -4.570525925040915536e-17
4.046514639562195953e+03 1.052421562478972090e-16
4.051372618923278424e+03 4.211012915269525406e-16
4.056230598284361349e+03 3.860692529081559583e-16
4.061088577645443820e+03 4.405412800015899707e-16
4.065946557006526746e+03 1.242444735342654815e-16
4.070804536367609217e+03 3.610782604834670726e-16
4.075662515728691687e+03 1.691060780430420031e-16
4.080520495089774158e+03 1.713674707237537731e-16
4.085378474450857084e+03 2.688600100406580810e-16
4.090236453811939555e+03 2.985813373686274121e-16
4.095094433173022026e+03 3.058443007841982154e-16
4.099952412534104951e+03 8.332546990526780635e-17
4.104810391895187422e+03 1.829873201570944813e-16
4.109668371256269893e+03 2.907073190909514361e-16
4.114526350617352364e+03 -1.372607494253835097e-16
4.119384329978434835e+03 -1.752402807208902955e-18
4.124242309339517305e+03 2.191536814760523810e-16
4.129100288700600686e+03 4.034085401165986198e-17
4.133958268061683157e+03 -4.348759795432183880e-17
4.138816247422765628e+03 8.797862554867460399e-17
4.143674226783848098e+03 9.004630576481625578e-17
4.148532206144930569e+03 -7.000021227685917038e-17
4.153390185506013950e+03 6.191246376378929293e-17
4.158248164867096420e+03 1.802566844584936297e-16
4.163106144228178891e+03 1.010930778523353260e-16
4.167964123589261362e+03 1.006669673403072095e-16
4.172822102950343833e+03 2.555477226042542765e-16
4.177680082311426304e+03 1.374781324903624454e-16
4.182538061672508775e+03 1.103074265073677258e-16
4.187396041033591246e+03 1.674315468458794547e-16
4.192254020394674626e+03 7.099780533048792260e-17
4.197111999755757097e+03 1.912078807893158728e-16
4.201969979116839568e+03 -2.126309330393338428e-18
4.206827958477922039e+03 2.496308533605481666e-16
4.211685937839004509e+03 2.404235522843347185e-16
4.216543917200087890e+03 1.364884141961651980e-16
4.221401896561170361e+03 3.762181538524700386e-16
4.226259875922252832e+03 2.635609719226351781e-16
4.231117855283335302e+03 2.509465337556505103e-16
4.235975834644417773e+03 1.572583502771102864e-16
4.240833814005500244e+03 2.652266622134107597e-17
4.245691793366582715e+03 1.080338246408146731e-16
4.250549772727665186e+03 1.805072473922032924e-16
4.255407752088748566e+03 1.075425984709663823e-16
4.260265731449831037e+03 7.840504889722267525e-17
4.265123710810913508e+03 9.192995483827710998e-17
4.269981690171995979e+03 3.292343281466825688e-17
4.274839669533078450e+03 -5.134555900194693538e-17
4.279697648894161830e+03 1.757005339398821507e-16
4.284555628255244301e+03 1.954494247424713835e-16
4.289413607616326772e+03 1.229149097397620478e-16
4.294271586977409243e+03 2.179534225549032366e-17
4.299129566338491713e+03 5.760028520376665414e-17
4.303987545699574184e+03 6.199811335313548362e-17
4.308845525060656655e+03 1.531736927076540332e-16
4.313703504421739126e+03 5.809871115366660650e-17
4.318561483782822506e+03 1.852132433331399775e-16
4.323419463143904977e+03 2.510996879004259285e-16
4.328277442504987448e+03 9.445750115288394219e-17
4.333135421866069919e+03 8.244488651236835520e-17
4.337993401227152390e+03 -7.122829755381459866e-17
4.342851380588235770e+03 -3.597251319676732283e-17
4.347709359949318241e+03 1.891073449592436148e-16
4.352567339310400712e+03 8.747733424513276794e-17
4.357425318671483183e+03 1.445477606357224547e-16
4.362283298032565654e+03 3.990720821512363245e-16
4.367141277393648124e+03 2.529068856329521817e-16
4.371999256754730595e+03 9.577736377316335399e-17
4.376857236115813066e+03 1.008238669588962678e-16
4.381715215476896446e+03 8.962196872802145301e-17
4.386573194837978917e+03 1.198042180505078884e-18
4.391431174199061388e+03 1.261162442941300742e-16
4.396289153560143859e+03 1.217798194159922811e-16
4.401147132921226330e+03 1.529524979944124532e-16
4.406005112282309710e+03 1.073790814074768998e-16
4.410863091643392181e+03 4.612444460634897788e-17
4.415721071004474652e+03 9.015367380832563877e-17
4.420579050365557123e+03 1.090294059911936964e-16
4.425437029726639594e+03 1.374736193929403561e-16
4.430295009087722065e+03 1.101337913706254947e-16
4.435152988448804535e+03 1.676521989286391999e-16
4.440010967809887006e+03 8.990769676393197004e-17
4.444868947170970387e+03 1.861244125563691894e-16
4.449726926532052858e+03 1.197666470934954236e-16
4.454584905893135328e+03 1.198885271936714369e-16
4.459442885254217799e+03 2.109451778284395624e-16
4.464300864615300270e+03 1.571825540632208274e-16
4.469158843976383650e+03 1.616114908210665511e-16
4.474016823337466121e+03 1.854437951134707573e-16
4.478874802698548592e+03 1.661564049182371098e-16
4.483732782059631063e+03 1.180622447500523603e-16
4.488590761420713534e+03 9.526815138807571016e-17
4.493448740781796005e+03 1.845565148663320769e-16
4.498306720142878476e+03 1.761069112312172022e-16
4.503164699503960946e+03 1.221899818858103752e-16
4.508022678865044327e+03 1.736820411916853522e-16
4.512880658226126798e+03 1.522743025363475764e-16
4.517738637587209269e+03 7.090347365343237533e-17
4.522596616948291739e+03 7.651292287684437763e-17
4.527454596309374210e+03 1.316302170225187558e-16
4.532312575670457591e+03 1.331094012462207812e-16
4.537170555031540061e+03 1.615143599648181244e-16
4.542028534392622532e+03 1.021004382546371043e-16
4.546886513753705003e+03 1.038492568882518150e-16
4.551744493114787474e+03 2.029035529063256417e-16
4.556602472475869945e+03 2.114542710995189986e-16
4.561460451836952416e+03 3.164380425938342434e-17
4.566318431198034887e+03 1.042177823947564399e-16
4.571176410559118267e+03 6.763823443366095219e-17
4.576034389920200738e+03 8.717137668016165407e-17
4.580892369281283209e+03 1.458937356935789405e-16
4.585750348642365680e+03 1.093910559724467805e-16
4.590608328003448150e+03 1.211205912093732452e-17
4.595466307364531531e+03 1.487381649746874869e-16
4.600324286725614002e+03 7.290124718164594565e-17
4.605182266086696472e+03 1.778312453187003432e-16
4.610040245447778943e+03 1.027659083661584653e-16
4.614898224808861414e+03 1.169017699076445663e-16
4.619756204169943885e+03 1.251004532670251554e-16
4.624614183531026356e+03 7.116675531624065340e-17
4.629472162892108827e+03 7.909946371273849177e-17
4.634330142253192207e+03 1.667889267715992586e-16
4.639188121614274678e+03 1.653340153357919892e-16
4.644046100975357149e+03 1.171417316946237494e-16
4.648904080336439620e+03 1.920894204030034353e-17
4.653762059697522091e+03 5.400776701155495028e-17
4.658620039058605471e+03 9.159416583169488371e-17
4.663478018419687942e+03 7.650040928853767542e-17
4.668335997780770413e+03 1.023261460653007737e-16
4.673193977141852884e+03 8.360559958279256449e-17
4.678051956502935354e+03 1.238256554465176325e-16
4.682909935864017825e+03 1.420946870460249967e-16
4.687767915225100296e+03 1.116221606078493089e-16
4.692625894586182767e+03 1.990700406057302886e-16
4.697483873947266147e+03 1.262015828635659450e-16
4.702341853308348618e+03 8.428965809703921710e-17
4.707199832669431089e+03 8.860376895097277976e-17
4.712057812030513560e+03 1.717072500496109552e-16
4.716915791391596031e+03 2.292462113914853781e-16
4.721773770752679411e+03 1.974120397859289999e-16
4.726631750113761882e+03 1.099264999091197059e-16
4.731489729474844353e+03 1.686593078680347622e-16
4.736347708835926824e+03 2.098913629629368060e-16
4.741205688197009295e+03 1.997186163804208665e-16
4.746063667558091765e+03 1.705434797196427499e-16
4.750921646919174236e+03 2.326733596356354806e-16
4.755779626280256707e+03 1.840313014994752073e-16
4.760637605641340087e+03 2.344031862023859738e-16
4.765495585002422558e+03 1.312297027873654803e-16
4.770353564363505029e+03 2.075692089031493407e-16
4.775211543724587500e+03 2.399595370479169721e-16
4.780069523085669971e+03 2.711305083255528348e-16
4.784927502446753351e+03 2.419004336372113963e-16
4.789785481807835822e+03 1.546684676315414580e-16
4.794643461168918293e+03 1.676576252334575478e-16
4.799501440530000764e+03 2.222994559630364457e-16
4.804359419891083235e+03 1.958605401243551387e-16
4.809217399252165706e+03 1.585691999374353204e-16
4.814075378613248176e+03 1.634819513268408598e-16
4.818933357974330647e+03 1.747511158851284868e-16
4.823791337335414028e+03 1.765514314749582988e-16
4.828649316696496498e+03 1.569759441985397823e-16
4.833507296057578969e+03 1.883167323472103314e-16
4.838365275418661440e+03 2.711324406194637587e-16
4.843223254779743911e+03 2.699684055916995364e-16
4.848081234140827291e+03 1.791256307761131218e-16
4.852939213501909762e+03 2.465494004379962254e-16
4.857797192862992233e+03 1.904846205314791071e-16
4.862655172224074704e+03 1.210527475098928710e-16
4.867513151585157175e+03 8.209091938464466360e-17
4.872371130946239646e+03 4.515184564210912794e-17
4.877229110307322117e+03 9.113205641940845948e-17
4.882087089668404587e+03 7.475678534916979775e-17
4.886945069029487968e+03 1.740109579817384879e-17
4.891803048390570439e+03 1.190623259629636720e-16
4.896661027751652910e+03 1.873392827958584705e-16
4.901519007112735380e+03 1.756844800185537216e-16
4.906376986473817851e+03 1.972735763688325235e-16
4.911234965834901232e+03 1.114571744715919322e-16
4.916092945195983702e+03 1.074850465526673929e-16
4.920950924557066173e+03 1.648572946051654283e-16
4.925808903918148644e+03 1.581787045138612871e-16
4.930666883279231115e+03 1.384179155453410916e-16
4.935524862640313586e+03 1.397191963803401122e-16
4.940382842001396057e+03 1.624216513653356877e-16
4.945240821362478528e+03 1.657980041024301339e-16
4.950098800723560998e+03 1.661376643142791084e-16
4.954956780084644379e+03 1.071418989473558949e-16
4.959814759445726850e+03 1.626708378705060622e-16
4.964672738806809321e+03 1.685342778640861469e-16
4.969530718167891791e+03 1.657690593984356784e-16
4.974388697528975172e+03 1.373034848845504493e-16
4.979246676890057643e+03 2.094602893672333713e-16
4.984104656251140113e+03 2.742436455742880072e-16
4.988962635612222584e+03 2.216310675583139976e-16
4.993820614973305055e+03 2.666585714107441545e-16
4.998678594334387526e+03 2.181718247063968376e-16
5.003536573695469997e+03 1.629010190739224183e-16
5.008394553056552468e+03 1.628199421390024207e-16
5.013252532417634939e+03 1.477244782950609030e-16
5.018110511778718319e+03 1.055009314307282981e-16
5.022968491139800790e+03 1.797360106588384511e-16
5.027826470500883261e+03 2.499046567607481192e-16
5.032684449861965732e+03 2.627451997850904818e-16
5.037542429223049112e+03 2.097863441123670736e-16
5.042400408584131583e+03 1.565719624222586845e-16
5.047258387945214054e+03 1.911866520260753119e-16
5.052116367306296524e+03 1.626885329181697966e-16
5.056974346667378995e+03 1.765666515982292745e-16
5.061832326028461466e+03 2.321611958701222476e-16
5.066690305389543937e+03 1.788910158846134814e-16
5.071548284750626408e+03 2.077019548478518506e-16
5.076406264111708879e+03 2.473228209281782067e-16
5.081264243472792259e+03 1.828310955178852663e-16
5.086122222833874730e+03 2.142079884459325298e-16
5.090980202194957201e+03 2.418063335707273638e-16
5.095838181556039672e+03 2.430394811930316167e-16
5.100696160917123052e+03 1.647230928225848251e-16
5.105554140278205523e+03 1.349203179827810728e-16
5.110412119639287994e+03 2.230945022631530134e-16
5.115270099000370465e+03 1.887652362927814834e-16
5.120128078361452935e+03 1.583027021964054362e-16
5.124986057722535406e+03 1.815517316603964507e-16
5.129844037083617877e+03 1.816516947830622590e-16
5.134702016444700348e+03 1.937567088067224694e-16
5.139559995805782819e+03 1.773567612844501257e-16
5.144417975166866199e+03 1.662207132477794324e-16
5.149275954527948670e+03 1.740058857102223127e-16
5.154133933889031141e+03 1.886023147993330391e-16
5.158991913250113612e+03 2.093161746521919326e-16
5.163849892611196083e+03 1.270542538738754067e-16
5.168707871972279463e+03 1.118718765086117173e-16
5.173565851333361934e+03 1.462428456167457207e-16
5.178423830694444405e+03 1.904066273258827073e-16
5.183281810055526876e+03 1.559396523271333493e-16
5.188139789416609347e+03 1.336778132933876201e-16
5.192997768777691817e+03 2.116363037738398681e-16
5.197855748138774288e+03 1.597785115232082452e-16
5.202713727499856759e+03 8.940473124683032667e-17
5.207571706860940139e+03 1.170194677826435115e-16
5.212429686222022610e+03 1.860856740339221060e-16
5.217287665583105081e+03 2.311255392734262552e-16
5.222145644944187552e+03 1.699597681398661302e-16
5.227003624305270023e+03 5.213679696252330889e-17
5.231861603666353403e+03 1.340401978110246513e-16
5.236719583027435874e+03 1.645836764934226876e-16
5.241577562388518345e+03 1.563974736351242986e-16
5.246435541749600816e+03 1.917505774455996632e-16
5.251293521110683287e+03 1.840243399474399610e-16
5.256151500471765758e+03 1.703153896288149278e-16
5.261009479832848228e+03 1.610448390142432250e-16
5.265867459193930699e+03 1.241356562703229056e-16
5.270725438555014080e+03 1.241019470060001446e-16
5.275583417916096550e+03 1.318067572175722732e-16
5.280441397277179021e+03 1.418925241043170367e-16
5.285299376638261492e+03 1.543783853168864619e-16
5.290157355999344873e+03 1.796895164909680705e-16
5.295015335360427343e+03 1.719819269525377638e-16
5.299873314721509814e+03 1.394428518812983967e-16
5.304731294082592285e+03 1.386142021959774749e-16
5.309589273443674756e+03 1.437018526541012265e-16
5.314447252804757227e+03 1.439646181562072714e-16
5.319305232165839698e+03 1.318223082130882701e-16
5.324163211526922169e+03 1.925270419604358397e-16
5.329021190888004639e+03 2.064117251458365385e-16
5.333879170249087110e+03 1.370907869705610140e-16
5.338737149610170491e+03 1.529914350402065493e-16
5.343595128971252961e+03 1.851539907315015790e-16
5.348453108332335432e+03 1.346715285243047238e-16
5.353311087693418813e+03 1.346989115113026792e-16
5.358169067054501284e+03 2.547204096428032404e-16
5.363027046415583754e+03 2.214721032969160070e-16
5.367885025776666225e+03 3.669403372833976700e-16
5.372743005137748696e+03 3.148418023872886140e-16
5.377600984498831167e+03 1.545659237053644843e-16
5.382458963859913638e+03 1.926429928299810729e-16
5.387316943220996109e+03 2.261790786196979548e-16
5.392174922582078580e+03 2.558479957840559260e-16
5.397032901943161050e+03 2.010451229153803043e-16
5.401890881304244431e+03 1.269682403250596927e-16
5.406748860665326902e+03 1.495382008282589745e-16
5.411606840026409373e+03 1.293489587722159123e-16
5.416464819387492753e+03 1.610184883486497358e-16
5.421322798748575224e+03 2.058962526578730933e-16
5.426180778109657695e+03 1.354030076487078163e-16
5.431038757470740165e+03 1.665264656719586331e-16
5.435896736831822636e+03 1.795258538436907787e-16
5.440754716192905107e+03 1.596906583247102132e-16
5.445612695553987578e+03 1.083069001220755790e-16
5.450470674915070049e+03 9.769506621808179123e-17
5.455328654276152520e+03 2.134837091015810988e-16
5.460186633637234991e+03 3.240833818280862595e-16
5.465044612998318371e+03 2.384260103666926631e-16
5.469902592359400842e+03 3.049835300213306344e-16
5.474760571720483313e+03 3.752336898095237280e-16
5.479618551081566693e+03 1.670837604116927593e-16
5.484476530442649164e+03 2.369884101667449035e-16
5.489334509803731635e+03 1.963557102913640823e-16
5.494192489164814106e+03 2.413587560674422712e-16
5.499050468525896576e+03 2.255105843358571000e-16
5.503908447886979047e+03 2.460783707099840293e-16
5.508766427248061518e+03 1.752604076795549358e-16
5.513624406609143989e+03 1.651535576133574207e-16
5.518482385970226460e+03 1.656384178012115034e-16
5.523340365331308931e+03 2.437956169171336899e-16
5.528198344692392311e+03 2.146355547958387396e-16
5.533056324053474782e+03 2.409047993472731696e-16
5.537914303414557253e+03 1.696492643902484249e-16
5.542772282775640633e+03 9.754346717285797275e-17
5.547630262136723104e+03 1.885471120739737002e-16
5.552488241497805575e+03 2.424568813439982682e-16
5.557346220858888046e+03 1.908030652149773215e-16
5.562204200219970517e+03 2.237879840189378701e-16
5.567062179581052987e+03 3.462244789621788483e-16
5.571920158942135458e+03 3.146561433531623120e-16
5.576778138303217929e+03 2.085735649854663265e-16
5.581636117664300400e+03 2.066795993154057110e-16
5.586494097025382871e+03 2.326192289363500105e-16
5.591352076386466251e+03 2.166804776189678325e-16
5.596210055747548722e+03 1.987540576117350320e-16
5.601068035108631193e+03 2.015549308705089863e-16
5.605926014469714573e+03 1.424991452783389251e-16
5.610783993830797044e+03 2.071000320597092634e-16
5.615641973191879515e+03 1.790864025627434070e-16
5.620499952552961986e+03 1.473506720675257396e-16
5.625357931914044457e+03 2.502077357371875485e-16
5.630215911275126928e+03 1.777318380614061706e-16
5.635073890636209399e+03 5.958788110172337201e-17
5.639931869997291869e+03 1.331762506746048667e-16
5.644789849358374340e+03 1.889197668660961898e-16
5.649647828719456811e+03 2.483790974831839209e-16
5.654505808080540191e+03 2.022052007110940728e-16
5.659363787441622662e+03 2.036365805128354336e-16
5.664221766802705133e+03 1.484762862101980988e-16
5.669079746163788514e+03 2.261205804067782047e-16
5.673937725524870984e+03 1.540632228860588579e-16
5.678795704885953455e+03 1.413786927426888967e-16
5.683653684247035926e+03 2.838638752122879267e-16
5.688511663608118397e+03 3.318588266465255163e-16
5.693369642969200868e+03 2.436257074018703976e-16
5.698227622330283339e+03 2.327701596196388861e-16
5.703085601691365810e+03 2.297008827957037255e-16
5.707943581052448280e+03 2.150848263650183409e-16
5.712801560413530751e+03 2.725460856688719825e-16
5.717659539774614132e+03 1.944779441264197052e-16
5.722517519135696602e+03 1.344163333791647641e-16
5.727375498496779073e+03 3.009367771762640111e-16
5.732233477857862454e+03 2.952911172943568875e-16
5.737091457218944925e+03 1.406976517833168376e-16
5.741949436580027395e+03 1.483395697985553344e-16
5.746807415941109866e+03 2.258213924879402248e-16
5.751665395302192337e+03 2.407504011228564717e-16
5.756523374663274808e+03 1.049208726805367126e-16
5.761381354024357279e+03 1.452131182506805084e-16
5.766239333385439750e+03 2.128156648039934728e-16
5.771097312746522221e+03 2.671929697911228129e-16
5.775955292107604691e+03 2.052833846158652045e-16
5.780813271468688072e+03 2.206544121003501877e-16
5.785671250829770543e+03 2.458469983664855968e-16
5.790529230190853013e+03 3.353395497245894533e-16
5.795387209551936394e+03 2.418438147786433666e-16
5.800245188913018865e+03 1.496942798836803801e-16
5.805103168274101336e+03 2.168785377448375295e-16
5.809961147635183806e+03 1.919156429911958450e-16
5.814819126996266277e+03 1.555984436331776756e-16
5.819677106357348748e+03 1.638423770807873655e-16
5.824535085718431219e+03 1.628051852368744747e-16
5.829393065079513690e+03 2.440741584078823462e-16
5.834251044440596161e+03 1.819387860126222634e-16
5.839109023801678632e+03 1.467503374661592542e-16
5.843967003162762012e+03 3.326614697733877709e-16
5.848824982523844483e+03 3.289651503404680127e-16
5.853682961884926954e+03 2.178427127017191394e-16
5.858540941246010334e+03 6.176078530922666935e-17
5.863398920607092805e+03 2.248252023326303625e-16
5.868256899968175276e+03 2.509875619140331405e-16
5.873114879329257747e+03 3.214234866154709429e-16
5.877972858690340217e+03 3.381698838480600962e-16
5.882830838051422688e+03 2.570910431039312135e-16
5.887688817412505159e+03 2.029458516141291534e-16
5.892546796773587630e+03 1.961173366911610010e-16
5.897404776134670101e+03 3.145514289050579991e-16
5.902262755495752572e+03 2.855910018615190468e-16
5.907120734856835952e+03 2.973236257908527845e-16
5.911978714217918423e+03 3.566058471126255618e-16
5.916836693579000894e+03 1.601837903186898262e-16
5.921694672940084274e+03 1.314989533854739410e-16
5.926552652301166745e+03 1.380849786575109482e-16
5.931410631662249216e+03 1.157549534715112479e-16
5.936268611023331687e+03 2.233190718732938097e-16
5.941126590384414158e+03 1.902413367871599111e-16
5.945984569745496628e+03 6.480301663585379623e-17
5.950842549106579099e+03 4.882887522314414953e-17
5.955700528467661570e+03 1.240600453448906584e-16
5.960558507828744041e+03 2.574644787545519531e-16
5.965416487189826512e+03 2.323376963605063624e-16
5.970274466550909892e+03 9.686200931445718685e-17
5.975132445911992363e+03 1.563141997084973602e-16
5.979990425273074834e+03 2.132968853971523222e-16
5.984848404634158214e+03 1.273068417457245993e-16
5.989706383995240685e+03 2.024388626905280521e-16
5.994564363356323156e+03 3.014354413541803787e-16
5.999422342717405627e+03 3.234688858946328663e-16
6.004280322078488098e+03 2.331357866852771252e-16
6.009138301439570569e+03 1.683830030736624492e-16
6.013996280800653039e+03 2.001893417059676431e-16
6.018854260161735510e+03 2.574538643729316727e-16
6.023712239522817981e+03 1.763719663692587939e-16
6.028570218883900452e+03 1.508185440675930528e-16
6.033428198244983832e+03 3.092949806624142265e-16
6.038286177606066303e+03 1.960679970219834380e-16
6.043144156967148774e+03 -3.581610575064273359e-18
6.048002136328232154e+03 7.979975481932588500e-17
6.052860115689314625e+03 1.215580158978198620e-16
6.057718095050397096e+03 1.768568927315618809e-16
6.062576074411479567e+03 1.709853794552032786e-16
6.067434053772562038e+03 2.440474504002642341e-16
6.072292033133644509e+03 1.939859106282935627e-16
6.077150012494726980e+03 1.490494098781340398e-16
6.082007991855809450e+03 6.933649578823642182e-17
6.086865971216891921e+03 1.912380033985026039e-16
6.091723950577974392e+03 1.277121867156551845e-16
6.096581929939057773e+03 1.349404482501681633e-16
6.101439909300140243e+03 1.219823396997248639e-16
6.106297888661222714e+03 1.912615217976787116e-16
6.111155868022306095e+03 2.376557133105036820e-16
6.116013847383388566e+03 1.439012230340612074e-16
6.120871826744471036e+03 1.603863635419816125e-16
6.125729806105553507e+03 1.774637521336001845e-16
6.130587785466635978e+03 1.229205345679274084e-16
6.135445764827718449e+03 1.614433944857059751e-16
6.140303744188800920e+03 1.928970365397083588e-16
6.145161723549883391e+03 1.577325431437848853e-16
6.150019702910965862e+03 1.382114115597784534e-16
6.154877682272048332e+03 1.506446640853895060e-16
6.159735661633131713e+03 9.436483045449840139e-17
6.164593640994214184e+03 1.548134161446403502e-16
6.169451620355296654e+03 2.564663827751107687e-16
6.174309599716380035e+03 3.639317027245299969e-16
6.179167579077462506e+03 2.337892196645246145e-16
6.184025558438544977e+03 1.458741480566736848e-16
6.188883537799627447e+03 7.938650862018419322e-17
6.193741517160709918e+03 1.085909208572017866e-16
6.198599496521792389e+03 1.648742749687799169e-16
6.203457475882874860e+03 1.550140041344620092e-16
6.208315455243957331e+03 8.882667758244356965e-17
6.213173434605039802e+03 1.258776457008003785e-16
6.218031413966122273e+03 1.403512417776694304e-16
6.222889393327205653e+03 1.304872254695378826e-16
6.227747372688288124e+03 1.991932706646659884e-16
6.232605352049370595e+03 1.512848754097259477e-16
6.237463331410453975e+03 1.140044804766714311e-16
6.242321310771536446e+03 1.409376003354062198e-16
6.247179290132618917e+03 1.814183372060936992e-16
6.252037269493701388e+03 1.836330107258084742e-16
6.256895248854783858e+03 1.116903335252134792e-16
6.261753228215866329e+03 1.381798198778238281e-16
6.266611207576948800e+03 1.601118057530630115e-16
6.271469186938031271e+03 1.164468602754098036e-16
6.276327166299113742e+03 1.671301487004447331e-16
6.281185145660196213e+03 1.144106195399900673e-16
6.286043125021279593e+03 1.202513087580024936e-16
6.290901104382362064e+03 2.059369367091209014e-16
6.295759083743444535e+03 1.471861226826317909e-16
6.300617063104527006e+03 1.420857799651890256e-16
6.305475042465610386e+03 2.139073314543266558e-16
6.310333021826692857e+03 2.107447751270751153e-16
6.315191001187775328e+03 2.361822730289752249e-16
6.320048980548857799e+03 1.881796453586531432e-16
6.324906959909940269e+03 1.330948031627704454e-16
6.329764939271022740e+03 2.063915419388902446e-16
6.334622918632105211e+03 1.443525063064905376e-16
6.339480897993187682e+03 1.617675301718185543e-16
6.344338877354270153e+03 1.922360199686049833e-16
6.349196856715353533e+03 1.013612696592597188e-16
6.354054836076436004e+03 1.695097951215270840e-16
6.358912815437518475e+03 2.068198626775151028e-16
6.363770794798600946e+03 1.863608273928817451e-16
6.368628774159684326e+03 1.453468303423384803e-16
6.373486753520766797e+03 1.170943640240265128e-16
6.378344732881849268e+03 1.504362939803649481e-16
6.383202712242931739e+03 1.566028394201640639e-16
6.388060691604014210e+03 1.745767991515615120e-16
6.392918670965096680e+03 1.931659430306819974e-16
6.397776650326179151e+03 9.989940990630700405e-17
6.402634629687261622e+03 7.221096826919289426e-17
6.407492609048344093e+03 1.398665404084929579e-16
6.412350588409427473e+03 1.690276745558617769e-16
6.417208567770509944e+03 1.211583486956138407e-16
6.422066547131592415e+03 1.721404279927927247e-16
6.426924526492674886e+03 1.860053250179411551e-16
6.431782505853758266e+03 1.717082956059052222e-16
6.436640485214840737e+03 1.971460449707115479e-16
6.441498464575923208e+03 1.697002981253204965e-16
6.446356443937005679e+03 1.342086382535200495e-16
6.451214423298088150e+03 1.647972876148083815e-16
6.456072402659170621e+03 1.526515763050105621e-16
6.460930382020253091e+03 1.405849831664422148e-16
6.465788361381335562e+03 1.321888484861227678e-16
6.470646340742418033e+03 8.589303190918750382e-17
6.475504320103501414e+03 1.554785222966921878e-16
6.480362299464583884e+03 2.348585193510943636e-16
6.485220278825666355e+03 1.411653066144298173e-16
6.490078258186748826e+03 1.083023671723187884e-16
6.494936237547832206e+03 1.258119741776085685e-16
6.499794216908914677e+03 1.991229007555948773e-16
6.504652196269997148e+03 1.257529995086559878e-16
6.509510175631079619e+03 1.225062825171608521e-16
6.514368154992162090e+03 9.454718076617449124e-17
6.519226134353244561e+03 1.332467794023535880e-16
6.524084113714327032e+03 1.246824822122245607e-16
6.528942093075409502e+03 1.598480211644423012e-16
6.533800072436491973e+03 1.488955410493093758e-16
6.538658051797575354e+03 1.429198030157690920e-16
6.543516031158657825e+03 2.030447691805006946e-16
6.548374010519740295e+03 1.640500986762116818e-16
6.553231989880822766e+03 1.001833975542087095e-16
6.558089969241906147e+03 1.143613989848207119e-16
6.562947948602988617e+03 1.136101072303857492e-16
6.567805927964071088e+03 1.454293101755773678e-16
6.572663907325153559e+03 1.827567286720942989e-16
6.577521886686236030e+03 1.042536092414473366e-16
6.582379866047318501e+03 1.089106096203412808e-16
6.587237845408400972e+03 9.962714837076885031e-17
6.592095824769483443e+03 1.474846091523103258e-16
6.596953804130565914e+03 2.199924955567403545e-16
6.601811783491649294e+03 1.590794049392580279e-16
6.606669762852731765e+03 7.545556767831989426e-17
6.611527742213814236e+03 1.138757049989091758e-16
6.616385721574896706e+03 1.067248741871760608e-16
6.621243700935980087e+03 1.218202387694440722e-16
6.626101680297062558e+03 1.599911697325282780e-16
6.630959659658145029e+03 5.741418280083202376e-17
6.635817639019227499e+03 5.624047306862338131e-17
6.640675618380309970e+03 1.075075591002186361e-16
6.645533597741392441e+03 1.413176534309273837e-16
6.650391577102474912e+03 1.134500047684648856e-16
6.655249556463557383e+03 1.002835525827766301e-16
6.660107535824639854e+03 8.934745064377225461e-17
6.664965515185722325e+03 9.801977762190070735e-17
6.669823494546805705e+03 7.827360658916554894e-17
6.674681473907888176e+03 6.356763893461810045e-17
6.679539453268970647e+03 8.494246241902116612e-17
6.684397432630054027e+03 1.089372249837307870e-16
6.689255411991136498e+03 1.251873403185677254e-16
6.694113391352218969e+03 1.365575532604848302e-16
6.698971370713301440e+03 1.572508328597034045e-16
6.703829350074383910e+03 1.831967755230827087e-16
6.708687329435466381e+03 2.092257406501827352e-16
6.713545308796548852e+03 2.332070698017444949e-16
6.718403288157631323e+03 1.959208647520674059e-16
6.723261267518713794e+03 2.439121368869403596e-16
6.728119246879796265e+03 2.539551418447385817e-16
6.732977226240879645e+03 2.543736290602414095e-16
6.737835205601962116e+03 2.583096852870137364e-16
6.742693184963044587e+03 2.377415812755315867e-16
6.747551164324127967e+03 2.760628076471942274e-16
6.752409143685210438e+03 2.903952403894474298e-16
6.757267123046292909e+03 3.044351291275426783e-16
6.762125102407375380e+03 3.095193914538774127e-16
6.766983081768457851e+03 2.685543634955972871e-16
6.771841061129540321e+03 2.901483832248820047e-16
6.776699040490622792e+03 3.264701353849916660e-16
6.781557019851705263e+03 2.840091413627420392e-16
6.786414999212787734e+03 2.825033814803199102e-16
6.791272978573870205e+03 2.752019310052082396e-16
6.796130957934953585e+03 3.005455803035305328e-16
6.800988937296036056e+03 2.612333518533599625e-16
6.805846916657118527e+03 2.621194277255267657e-16
6.810704896018201907e+03 2.590771236070057342e-16
6.815562875379284378e+03 2.507021382805880430e-16
6.820420854740366849e+03 1.995233091116297461e-16
6.825278834101449320e+03 2.361119428245735162e-16
6.830136813462531791e+03 3.104895618158388070e-16
6.834994792823614262e+03 3.175252027641902374e-16
6.839852772184696732e+03 2.705190034771944333e-16
6.844710751545779203e+03 2.470780548762013156e-16
6.849568730906861674e+03 2.310732349889333022e-16
6.854426710267944145e+03 2.045863559096137204e-16
6.859284689629027525e+03 2.424732661375717186e-16
6.864142668990109996e+03 1.635999138996358220e-16
6.869000648351192467e+03 1.136722185682211310e-16
6.873858627712275847e+03 1.844427080489345811e-16
6.878716607073358318e+03 2.057799312114134364e-16
6.883574586434440789e+03 1.801924158336207097e-16
6.888432565795523260e+03 2.159593481783890034e-16
6.893290545156605731e+03 1.841378953019312406e-16
6.898148524517688202e+03 1.808577337439093609e-16
6.903006503878770673e+03 2.360441272492339688e-16
6.907864483239853143e+03 2.203859555956297778e-16
6.912722462600935614e+03 1.977960765832802192e-16
6.917580441962018085e+03 2.221562279856116639e-16
6.922438421323101466e+03 1.982943437145025614e-16
6.927296400684183936e+03 1.777598563231145667e-16
6.932154380045266407e+03 2.028479398993824766e-16
6.937012359406349788e+03 1.743925827204235025e-16
6.941870338767432258e+03 1.628699170828904245e-16
6.946728318128514729e+03 1.964597762298681536e-16
6.951586297489597200e+03 1.998162369275919246e-16
6.956444276850679671e+03 2.042639672289548532e-16
6.961302256211762142e+03 1.174972208346745386e-16
6.966160235572844613e+03 1.141782545797565712e-16
6.971018214933927084e+03 1.365892111168884597e-16
6.975876194295009554e+03 1.390878391972804381e-16
6.980734173656092025e+03 1.183498256705349961e-16
6.985592153017175406e+03 1.038238326649443852e-16
6.990450132378257877e+03 1.236705690078312905e-16
6.995308111739340347e+03 1.420508398561147858e-16
7.000166091100423728e+03 1.691352345052732722e-16
7.005024070461506199e+03 1.175391886702330290e-16
7.009882049822588669e+03 1.186153837343890201e-16
7.014740029183671140e+03 1.917091257707434059e-16
7.019598008544753611e+03 1.926531572253481245e-16
7.024455987905836082e+03 2.237564585114322491e-16
7.029313967266918553e+03 1.945753926200233523e-16
7.034171946628001024e+03 1.402149488825002932e-16
7.039029925989083495e+03 9.038705123762889979e-17
7.043887905350165966e+03 5.305306161832584744e-17
7.048745884711249346e+03 1.075414735053333102e-16
7.053603864072331817e+03 1.583117813308088182e-16
7.058461843433414288e+03 1.636436816802072278e-16
7.063319822794497668e+03 1.818441697854359979e-16
7.068177802155580139e+03 1.731042588425395126e-16
7.073035781516662610e+03 1.842503124558996473e-16
7.077893760877745081e+03 1.515439880822469585e-16
7.082751740238827551e+03 1.472445547211025368e-16
7.087609719599910022e+03 9.890626377565133690e-17
7.092467698960992493e+03 1.019123903229017492e-16
7.097325678322074964e+03 1.375809543492252369e-16
7.102183657683157435e+03 1.730494928685436017e-16
7.107041637044239906e+03 1.878540670695522715e-16
7.111899616405323286e+03 1.644976894143865753e-16
7.116757595766405757e+03 1.152653419582186606e-16
7.121615575127488228e+03 1.261476903922968901e-16
7.126473554488571608e+03 1.387144167815494993e-16
7.131331533849654079e+03 1.065724744311192910e-16
7.136189513210736550e+03 1.118249720591575104e-16
7.141047492571819021e+03 1.409613304928191411e-16
7.145905471932901492e+03 1.733321107053509193e-16
7.150763451293983962e+03 1.240415164991694706e-16
7.155621430655066433e+03 1.702093516917305301e-16
7.160479410016148904e+03 9.267236598165570337e-17
7.165337389377231375e+03 8.575970362933375661e-17
7.170195368738313846e+03 4.600626365787230171e-17
7.175053348099397226e+03 6.065119200065823717e-17
7.179911327460479697e+03 6.463585997766908039e-17
7.184769306821562168e+03 1.016604840478773004e-16
7.189627286182645548e+03 1.467221339159936462e-16
7.194485265543728019e+03 1.513117554709114709e-16
7.199343244904810490e+03 1.402216457367395225e-16
7.204201224265892961e+03 9.525627969192434910e-17
7.209059203626975432e+03 6.813983675711310817e-17
7.213917182988057903e+03 9.278384345844824981e-17
7.218775162349140373e+03 1.127903910956804001e-16
7.223633141710222844e+03 1.176302844167322688e-16
7.228491121071305315e+03 1.116724664239823338e-16
7.233349100432387786e+03 1.142117388509527177e-16
7.238207079793471166e+03 1.287483991777228125e-16
7.243065059154553637e+03 6.286383396478858196e-17
7.247923038515636108e+03 1.184161192335474459e-16
7.252781017876719488e+03 1.087520556405271164e-16
7.257638997237801959e+03 8.898750796330347993e-17
7.262496976598884430e+03 1.158922257485256479e-16
7.267354955959966901e+03 1.360167756632221629e-16
7.272212935321049372e+03 1.077789140458054317e-16
7.277070914682131843e+03 7.652942678442603563e-17
7.281928894043214314e+03 1.609754484870173767e-16
7.286786873404296784e+03 1.192649521258146617e-16
7.291644852765379255e+03 1.658672622807579738e-16
7.296502832126461726e+03 1.190770299255324146e-16
7.301360811487545107e+03 1.028177957516226916e-16
7.306218790848627577e+03 1.612200292505370559e-16
7.311076770209710048e+03 1.042469322395428086e-16
7.315934749570793429e+03 2.418133646059340646e-17
7.320792728931875899e+03 1.600823118011418208e-17
7.325650708292958370e+03 1.122124234580773486e-16
7.330508687654040841e+03 1.710073626071624878e-16
7.335366667015123312e+03 1.573749496562557612e-16
7.340224646376205783e+03 1.530669533214101905e-16
7.345082625737288254e+03 1.624860788088862179e-16
7.349940605098370725e+03 1.595474832868446348e-16
7.354798584459453195e+03 1.179984658161020716e-16
7.359656563820535666e+03 1.363920509635252205e-16
7.364514543181618137e+03 7.565601008435374393e-17
7.369372522542700608e+03 -1.641329821735894952e-17
7.374230501903784898e+03 6.224143680212408224e-17
7.379088481264867369e+03 7.039128341813954059e-17
7.383946460625949840e+03 7.110650348042229086e-17
7.388804439987032310e+03 1.691563838591750280e-16
7.393662419348114781e+03 1.432864094632525938e-16
7.398520398709197252e+03 1.007661363695849669e-16
7.403378378070279723e+03 1.374753002239450638e-16
7.408236357431362194e+03 1.573746055491209391e-16
7.413094336792444665e+03 1.577235963582795117e-16
7.417952316153527136e+03 1.616860164855351287e-16
7.422810295514609606e+03 1.723253591079799800e-16
7.427668274875692077e+03 1.660005376210525177e-16
7.432526254236774548e+03 1.687581063203980958e-16
7.437384233597858838e+03 1.197044828161008385e-16
7.442242212958941309e+03 9.906730591474806075e-17
7.447100192320023780e+03 7.210713394126033781e-17
7.451958171681106251e+03 8.466738846940033208e-17
7.456816151042188721e+03 7.882480004470148404e-17
7.461674130403271192e+03 7.666940559640470919e-17
7.466532109764353663e+03 1.231512716367154001e-16
7.471390089125436134e+03 1.255219315676229749e-16
7.476248068486518605e+03 1.327807789324657144e-16
7.481106047847601076e+03 1.360616684094266408e-16
7.485964027208683547e+03 1.050338920219910579e-16
7.490822006569766017e+03 1.353265496903283149e-16
7.495679985930848488e+03 1.224544017491415262e-16
7.500537965291932778e+03 1.122475620904986012e-16
7.505395944653015249e+03 1.245200768794783495e-16
7.510253924014097720e+03 1.454268749558540116e-16
7.515111903375180191e+03 1.302642440461731881e-16
7.519969882736262662e+03 1.492419510549567829e-16
7.524827862097345132e+03 1.539483308076976926e-16
7.529685841458427603e+03 1.513152759515984966e-16
7.534543820819510074e+03 2.257783526263078657e-16
7.539401800180592545e+03 1.730102646551738869e-16
7.544259779541675016e+03 1.390393995006093328e-16
7.549117758902757487e+03 1.216858516984062571e-16
7.553975738263839958e+03 6.700581845941721020e-17
7.558833717624922429e+03 1.044699136629075032e-16
7.563691696986006718e+03 4.195254264332553174e-17
7.568549676347089189e+03 2.275113621840554629e-17
7.573407655708171660e+03 1.061177567047866407e-16
7.578265635069254131e+03 5.438146405124925670e-17
7.583123614430336602e+03 1.256495291401929547e-16
7.587981593791419073e+03 1.015749535725393173e-16
7.592839573152501544e+03 8.775669629904907687e-17
7.597697552513584014e+03 1.238144587297461147e-16
7.602555531874666485e+03 1.012633910317375441e-16
7.607413511235748956e+03 3.472887692429589763e-17
7.612271490596831427e+03 4.994080118103998123e-17
7.617129469957913898e+03 5.927262602666716210e-17
7.621987449318996369e+03 2.031573616967589625e-17
7.626845428680080659e+03 1.516002032766760623e-17
7.631703408041163129e+03 2.865637199397671044e-17
7.636561387402245600e+03 2.686096985698546344e-17
7.641419366763328071e+03 1.323199135998205699e-17
7.646277346124410542e+03 5.984083293304208787e-17
7.651135325485493013e+03 5.484318303428655590e-17
7.655993304846575484e+03 6.589467666874207876e-17
7.660851284207657955e+03 8.296382654145962265e-17
7.665709263568740425e+03 2.169536722142369461e-16
7.670567242929822896e+03 1.719615981618036605e-16
7.675425222290905367e+03 1.505718854263746404e-16
7.680283201651987838e+03 1.766992651940337759e-16
7.685141181013070309e+03 1.716436299343382767e-16
7.689999160374154599e+03 1.222533240683972358e-16
7.694857139735237070e+03 7.425245002097376657e-17
7.699715119096319540e+03 3.619001206703201592e-17
7.704573098457402011e+03 -1.289386474098875587e-17
7.709431077818484482e+03 -1.865407259412222278e-17
7.714289057179566953e+03 -6.042233428622196590e-17
7.719147036540649424e+03 -5.872637580247184390e-17
7.724005015901731895e+03 1.037940012233332728e-16
7.728862995262814366e+03 1.031530487451679835e-16
7.733720974623896836e+03 1.406219879183253870e-16
7.738578953984979307e+03 1.851547980597794307e-16
7.743436933346061778e+03 2.994874243941730982e-16
7.748294912707144249e+03 3.699503482708046314e-16
7.753152892068228539e+03 3.124979828128971598e-16
7.758010871429311010e+03 2.210751360122293588e-16
7.762868850790393481e+03 1.790314910049596868e-16
7.767726830151475951e+03 2.047879762208398456e-16
7.772584809512558422e+03 1.615794756226382987e-16
7.777442788873640893e+03 7.041972519632156390e-17
7.782300768234723364e+03 1.068427904378567200e-16
7.787158747595805835e+03 6.963385067483698421e-17
7.792016726956888306e+03 -4.313221138466700620e-17
7.796874706317970777e+03 -3.976899427569990204e-17
7.801732685679053247e+03 -4.236965673901152147e-17
7.806590665040135718e+03 6.407237130950815709e-17
7.811448644401218189e+03 1.371180376086609609e-16
7.816306623762302479e+03 1.801672298383296951e-16
7.821164603123384950e+03 3.164044987656339930e-16
7.826022582484467421e+03 3.290589857091560282e-16
7.830880561845549892e+03 2.427352904858489160e-16
7.835738541206632362e+03 2.064105340057544621e-16
7.840596520567714833e+03 1.313686956000539906e-16
7.845454499928797304e+03 1.667896877777628073e-17
7.850312479289879775e+03 3.532026474015700945e-18
7.855170458650962246e+03 2.531087474809171723e-18
7.860028438012044717e+03 -4.265932546336024113e-17
7.864886417373127188e+03 1.455064795092836648e-17
7.869744396734209658e+03 4.778315680147706215e-17
7.874602376095292129e+03 1.499397341499269154e-16
7.879460355456376419e+03 2.201612536365909730e-16
7.884318334817458890e+03 1.782997736525401790e-16
7.889176314178541361e+03 5.307283785241076522e-17
7.894034293539623832e+03 -1.341713919648980117e-17
7.898892272900706303e+03 -1.468238969836723699e-17
7.903750252261788773e+03 3.956823092358838180e-17
7.908608231622871244e+03 1.059284646934100058e-16
7.913466210983953715e+03 1.911854741208830364e-16
7.918324190345036186e+03 2.700748670452575613e-16
7.923182169706118657e+03 2.653886307947935430e-16
7.928040149067201128e+03 1.331491588551825299e-16
7.932898128428283599e+03 9.728454640623907424e-18
7.937756107789366069e+03 2.657317304236295129e-18
7.942614087150450359e+03 -1.964223744312909559e-17
7.947472066511532830e+03 8.995103441058484826e-17
7.952330045872615301e+03 1.084871262339386327e-16
7.957188025233697772e+03 2.330059788861104037e-16
7.962046004594780243e+03 2.271733894206560966e-16
7.966903983955862714e+03 1.800632433091644289e-16
7.971761963316945184e+03 1.123534809135747913e-16
7.976619942678027655e+03 -4.651258421953846016e-17
7.981477922039110126e+03 -2.737878492044365877e-17
7.986335901400192597e+03 9.929176964577045034e-17
7.991193880761275068e+03 1.657860794667195695e-16
7.996051860122357539e+03 2.079409769576551735e-16
8.000909839483440010e+03 2.241119211817034365e-16
8.005767818844524299e+03 2.048624224759696181e-16
8.010625798205606770e+03 1.156127975201603347e-16
8.015483777566689241e+03 9.027013752985065486e-18
8.020341756927771712e+03 7.438509670400277008e-17
8.025199736288854183e+03 1.555585801450975201e-16
8.030057715649936654e+03 2.265541289268743980e-16
8.034915695011019125e+03 2.013707806138199810e-16
8.039773674372101596e+03 1.985130767382411836e-16
8.044631653733184066e+03 1.720175155712122452e-16
8.049489633094266537e+03 6.741144797947851370e-17
8.054347612455349008e+03 -7.746913704751077719e-18
8.059205591816431479e+03 -4.669013357493929223e-17
8.064063571177513950e+03 -7.051972802365677473e-17
8.068921550538598240e+03 1.453041345878409432e-17
8.073779529899680711e+03 9.980795020033824089e-17
8.078637509260763181e+03 1.328306479972353113e-16
8.083495488621845652e+03 1.516030951000975477e-16
8.088353467982928123e+03 9.580804886516662111e-17
8.093211447344010594e+03 5.501966698105841967e-17
8.098069426705093065e+03 4.811780099009151503e-17
8.102927406066175536e+03 3.914355970582610760e-18
8.107785385427258007e+03 5.571528617154611340e-17
8.112643364788340477e+03 1.332907258539373053e-17
8.117501344149422948e+03 4.062269760741382999e-17
8.122359323510505419e+03 5.027336087451080048e-17
8.127217302871587890e+03 7.581582799614388930e-17
8.132075282232672180e+03 1.035742094084105827e-16
8.136933261593754651e+03 1.832124588674967141e-16
8.141791240954837122e+03 1.926312931873971229e-16
8.146649220315919592e+03 1.665421490163726385e-16
8.151507199677002063e+03 1.552341135867399196e-16
8.156365179038084534e+03 9.490773225157410494e-17
8.161223158399167005e+03 -8.405824274014893187e-18
8.166081137760249476e+03 -1.146209864590133282e-17
8.170939117121331947e+03 1.336019244352695551e-16
8.175797096482414418e+03 1.871465298607989138e-16
8.180655075843496888e+03 4.627700318108335788e-17
8.185513055204579359e+03 -3.759925320685900748e-17
8.190371034565661830e+03 -7.024991494273177795e-17
8.195229013926746120e+03 -1.244282267442604613e-16
8.200086993287828591e+03 -6.686675947227969561e-17
