3347.53222656  4.771334E-16
3351.61165618646  4.172027E-16
3355.69108581292  4.384973E-16
3359.77051543938  3.968664E-16
3363.84994506584  3.585726E-16
3367.9293746923  4.049394E-16
3372.00880431876  3.015586E-16
3376.08823394522  4.039501E-16
3380.16766357168  5.005632E-16
3384.24709319814  3.796697E-16
3388.3265228246  3.564717E-16
3392.40595245106  4.528122E-16
3396.48538207752  4.993220E-16
3400.56481170398  4.945688E-16
3404.64424133044  4.665658E-16
3408.7236709569  4.700914E-16
3412.80310058336  4.304698E-16
3416.88253020982  5.395663E-16
3420.96195983628  5.369828E-16
3425.04138946274  4.737513E-16
3429.1208190892  4.407385E-16
3433.20024871566  4.631043E-16
3437.27967834212  4.185485E-16
3441.35910796858  4.243030E-16
3445.43853759504  4.143299E-16
3449.5179672215  4.232716E-16
3453.59739684796  4.755177E-16
3457.67682647442  4.924260E-16
3461.75625610088  4.432636E-16
3465.83568572734  4.603783E-16
3469.9151153538  4.070287E-16
3473.99454498026  4.160086E-16
3478.07397460672  4.156115E-16
3482.15340423318  3.587950E-16
3486.23283385964  4.324772E-16
3490.3122634861  3.803279E-16
3494.39169311256  4.734057E-16
3498.47112273902  4.646835E-16
3502.55055236548  3.693853E-16
3506.62998199194  4.230570E-16
3510.7094116184  4.403457E-16
3514.78884124486  4.236102E-16
3518.86827087132  3.945116E-16
3522.94770049778  4.373916E-16
3527.02713012424  4.313745E-16
3531.1065597507  3.628542E-16
3535.18598937716  3.791534E-16
3539.26541900362  3.629830E-16
3543.34484863008  3.704081E-16
3547.42427825654  3.516849E-16
3551.503707883  4.128749E-16
3555.58313750946  3.285263E-16
3559.66256713592  3.463161E-16
3563.74199676238  3.767455E-16
3567.82142638884  4.021533E-16
3571.9008560153  4.044355E-16
3575.98028564176  3.557939E-16
3580.05971526822  3.774693E-16
3584.13914489468  3.362521E-16
3588.21857452114  3.679564E-16
3592.2980041476  3.466968E-16
3596.37743377406  3.593092E-16
3600.45686340052  3.816121E-16
3604.53629302698  3.975078E-16
3608.61572265344  4.313981E-16
3612.6951522799  3.663190E-16
3616.77458190636  4.070741E-16
3620.85401153282  4.499796E-16
3624.93344115928  4.051524E-16
3629.01287078574  4.042038E-16
3633.0923004122  3.891525E-16
3637.17173003866  4.105134E-16
3641.25115966512  3.893466E-16
3645.33058929158  4.086316E-16
3649.41001891804  3.673951E-16
3653.4894485445  3.922362E-16
3657.56887817096  3.814354E-16
3661.64830779742  4.093080E-16
3665.72773742388  3.846526E-16
3669.80716705034  4.022517E-16
3673.8865966768  3.822212E-16
3677.96602630326  3.837196E-16
3682.04545592972  4.095402E-16
3686.12488555618  4.009812E-16
3690.20431518264  3.897920E-16
3694.2837448091  3.962786E-16
3698.36317443556  3.910260E-16
3702.44260406202  4.222878E-16
3706.52203368848  4.005096E-16
3710.60146331494  3.771122E-16
3714.6808929414  3.882343E-16
3718.76032256786  4.025933E-16
3722.83975219432  3.934677E-16
3726.91918182078  3.921111E-16
3730.99861144724  3.925797E-16
3735.0780410737  3.938098E-16
3739.15747070016  4.432178E-16
3743.23690032662  3.980575E-16
3747.31632995308  3.908827E-16
3751.39575957954  4.068505E-16
3755.475189206  4.156510E-16
3759.55461883246  3.886959E-16
3763.63404845892  3.564997E-16
3767.71347808538  3.769292E-16
3771.79290771184  3.592087E-16
3775.8723373383  3.727799E-16
3779.95176696476  3.858956E-16
3784.03119659122  3.629698E-16
3788.11062621768  3.884751E-16
3792.19005584414  3.913550E-16
3796.2694854706  3.584393E-16
3800.34891509706  3.446969E-16
3804.42834472352  3.914204E-16
3808.50777434998  3.549989E-16
3812.58720397644  3.670835E-16
3816.6666336029  3.786898E-16
3820.74606322936  3.932863E-16
3824.82549285582  3.739330E-16
3828.90492248228  3.623089E-16
3832.98435210874  3.785012E-16
3837.0637817352  3.568109E-16
3841.14321136166  3.761964E-16
3845.22264098812  3.585058E-16
3849.30207061458  3.591980E-16
3853.38150024104  3.412661E-16
3857.4609298675  3.586738E-16
3861.54035949396  3.410957E-16
3865.61978912042  3.606644E-16
3869.69921874688  3.727267E-16
3873.77864837334  3.388198E-16
3877.8580779998  3.545883E-16
3881.93750762626  3.365332E-16
3886.01693725272  3.642036E-16
3890.09636687918  3.329332E-16
3894.17579650564  3.429556E-16
3898.2552261321  3.472310E-16
3902.33465575856  3.834551E-16
3906.41408538502  3.542937E-16
3910.49351501148  3.263260E-16
3914.57294463794  3.474327E-16
3918.6523742644  3.524230E-16
3922.73180389086  3.608048E-16
3926.81123351732  3.553892E-16
3930.89066314378  3.505087E-16
3934.97009277024  3.340754E-16
3939.0495223967  3.686710E-16
3943.12895202316  3.127356E-16
3947.20838164962  3.528628E-16
3951.28781127608  3.666994E-16
3955.36724090254  3.351092E-16
3959.446670529  3.474840E-16
3963.52610015546  3.451775E-16
3967.60552978192  3.440452E-16
3971.68495940838  3.604288E-16
3975.76438903484  3.400691E-16
3979.8438186613  3.322746E-16
3983.92324828776  3.664443E-16
3988.00267791422  3.593518E-16
3992.08210754068  3.602058E-16
3996.16153716714  3.408254E-16
4000.2409667936  3.338161E-16
4004.32039642006  3.458593E-16
4008.39982604652  3.554692E-16
4012.47925567298  3.244034E-16
4016.55868529944  3.736302E-16
4020.6381149259  3.397135E-16
4024.71754455236  3.409703E-16
4028.79697417882  3.294213E-16
4032.87640380528  3.249850E-16
4036.95583343174  3.234090E-16
4041.0352630582  3.420557E-16
4045.11469268466  3.366703E-16
4049.19412231112  3.451730E-16
4053.27355193758  3.350328E-16
4057.35298156404  3.275773E-16
4061.4324111905  3.210216E-16
4065.51184081696  3.125436E-16
4069.59127044342  3.258227E-16
4073.67070006988  3.225860E-16
4077.75012969634  3.248397E-16
4081.8295593228  3.206702E-16
4085.90898894926  3.232704E-16
4089.98841857572  3.187727E-16
4094.06784820218  3.019969E-16
4098.14727782864  3.124436E-16
4102.2267074551  3.162078E-16
4106.30613708156  2.920286E-16
4110.38556670802  3.071751E-16
4114.46499633448  3.212622E-16
4118.54442596094  3.058344E-16
4122.6238555874  3.281640E-16
4126.70328521386  3.104165E-16
4130.78271484032  3.257342E-16
4134.86214446678  3.187055E-16
4138.94157409324  3.318011E-16
4143.0210037197  3.248168E-16
4147.10043334616  3.103582E-16
4151.17986297262  3.133915E-16
4155.25929259908  2.905369E-16
4159.33872222554  3.151318E-16
4163.418151852  3.024001E-16
4167.49758147846  3.036394E-16
4171.57701110492  3.040776E-16
4175.65644073138  2.976050E-16
4179.73587035784  3.058298E-16
4183.8152999843  2.911653E-16
4187.89472961076  3.153392E-16
4191.97415923722  3.218585E-16
4196.05358886368  3.198112E-16
4200.13301849014  3.047765E-16
4204.2124481166  2.934543E-16
4208.29187774306  3.037627E-16
4212.37130736952  3.090603E-16
4216.45073699598  3.114471E-16
4220.53016662244  2.987647E-16
4224.6095962489  2.890480E-16
4228.68902587536  2.985098E-16
4232.76845550183  2.920620E-16
4236.84788512828  2.990932E-16
4240.92731475474  3.073851E-16
4245.0067443812  3.094865E-16
4249.08617400766  2.961315E-16
4253.16560363412  2.960516E-16
4257.24503326058  3.022406E-16
4261.32446288704  3.149405E-16
4265.4038925135  3.096607E-16
4269.48332213996  3.035922E-16
4273.56275176642  3.019757E-16
4277.64218139288  3.019516E-16
4281.72161101934  2.817600E-16
4285.8010406458  2.919583E-16
4289.88047027226  2.841901E-16
4293.95989989872  2.902007E-16
4298.03932952518  2.696995E-16
4302.11875915165  2.688622E-16
4306.1981887781  2.825290E-16
4310.27761840456  2.808215E-16
4314.35704803102  2.743564E-16
4318.43647765748  2.983106E-16
4322.51590728394  2.737582E-16
4326.5953369104  2.752608E-16
4330.67476653686  2.663097E-16
4334.75419616332  2.655904E-16
4338.83362578978  2.557344E-16
4342.91305541624  2.596871E-16
4346.9924850427  2.576163E-16
4351.07191466916  2.481501E-16
4355.15134429562  2.571134E-16
4359.23077392208  2.603611E-16
4363.31020354854  2.576146E-16
4367.389633175  2.537517E-16
4371.46906280147  2.701699E-16
4375.54849242792  2.690401E-16
4379.62792205438  2.509097E-16
4383.70735168084  2.579225E-16
4387.7867813073  2.616658E-16
4391.86621093376  2.490973E-16
4395.94564056022  2.406251E-16
4400.02507018668  2.428005E-16
4404.10449981314  2.600453E-16
4408.1839294396  2.519802E-16
4412.26335906606  2.277109E-16
4416.34278869252  2.508857E-16
4420.42221831898  2.533328E-16
4424.50164794544  2.452355E-16
4428.5810775719  2.367731E-16
4432.66050719836  2.370966E-16
4436.73993682482  2.363757E-16
4440.81936645128  2.382930E-16
4444.89879607774  2.664767E-16
4448.9782257042  2.491268E-16
4453.05765533066  2.504546E-16
4457.13708495712  2.577556E-16
4461.21651458358  2.298347E-16
4465.29594421004  2.545143E-16
4469.3753738365  2.581579E-16
4473.45480346296  2.603103E-16
4477.53423308942  2.514456E-16
4481.61366271588  2.507112E-16
4485.69309234234  2.862316E-16
4489.7725219688  2.873860E-16
4493.85195159527  2.735998E-16
4497.93138122172  2.687011E-16
4502.01081084818  2.752029E-16
4506.09024047464  2.997667E-16
4510.16967010111  3.113478E-16
4514.24909972756  2.983800E-16
4518.32852935402  2.938083E-16
4522.40795898048  3.088643E-16
4526.48738860694  2.786952E-16
4530.5668182334  2.734177E-16
4534.64624785986  2.627832E-16
4538.72567748632  2.704762E-16
4542.80510711279  2.747701E-16
4546.88453673924  2.551101E-16
4550.9639663657  2.502567E-16
4555.04339599217  2.561875E-16
4559.12282561862  2.587660E-16
4563.20225524508  2.566285E-16
4567.28168487154  2.452095E-16
4571.361114498  2.511042E-16
4575.44054412446  2.505792E-16
4579.51997375093  2.408102E-16
4583.59940337738  2.445547E-16
4587.67883300384  2.398945E-16
4591.7582626303  2.281871E-16
4595.83769225676  2.336493E-16
4599.91712188322  2.565151E-16
4603.99655150968  2.473794E-16
4608.07598113614  2.260633E-16
4612.1554107626  2.288152E-16
4616.23484038906  2.267926E-16
4620.31427001552  2.468454E-16
4624.39369964198  2.449849E-16
4628.47312926844  2.349178E-16
4632.5525588949  2.282869E-16
4636.63198852136  2.351588E-16
4640.71141814782  2.400218E-16
4644.79084777428  2.398506E-16
4648.87027740074  2.316144E-16
4652.9497070272  2.558824E-16
4657.02913665366  2.440317E-16
4661.10856628012  2.260645E-16
4665.18799590658  2.188172E-16
4669.26742553304  2.173669E-16
4673.3468551595  2.149430E-16
4677.42628478596  2.397708E-16
4681.50571441242  2.260152E-16
4685.58514403888  2.255666E-16
4689.66457366534  2.344940E-16
4693.74400329181  2.078477E-16
4697.82343291826  2.163493E-16
4701.90286254472  2.006203E-16
4705.98229217119  2.198174E-16
4710.06172179764  2.160863E-16
4714.1411514241  2.034180E-16
4718.22058105056  2.105320E-16
4722.30001067703  1.910402E-16
4726.37944030348  1.991210E-16
4730.45886992995  2.119208E-16
4734.53829955641  2.218430E-16
4738.61772918286  2.210563E-16
4742.69715880932  2.041041E-16
4746.77658843578  2.036592E-16
4750.85601806224  1.949602E-16
4754.9354476887  1.908894E-16
4759.01487731517  2.008893E-16
4763.09430694162  2.141728E-16
4767.17373656808  2.082154E-16
4771.25316619455  2.115766E-16
4775.332595821  2.024170E-16
4779.41202544747  2.077065E-16
4783.49145507393  1.989232E-16
4787.57088470038  1.990034E-16
4791.65031432685  2.153190E-16
4795.7297439533  1.928671E-16
4799.80917357976  1.999638E-16
4803.88860320623  1.982968E-16
4807.96803283268  1.928233E-16
4812.04746245914  2.074089E-16
4816.1268920856  1.927826E-16
4820.20632171207  1.928655E-16
4824.28575133852  2.024027E-16
4828.36518096499  1.990673E-16
4832.44461059145  1.966734E-16
4836.5240402179  1.984974E-16
4840.60346984437  1.977993E-16
4844.68289947082  1.873481E-16
4848.76232909728  1.895040E-16
4852.84175872375  2.073752E-16
4856.9211883502  1.877678E-16
4861.00061797666  1.982579E-16
4865.08004760312  1.974971E-16
4869.15947722959  1.825165E-16
4873.23890685604  1.859932E-16
4877.3183364825  1.989210E-16
4881.39776610896  1.955682E-16
4885.47719573542  1.923644E-16
4889.55662536189  2.040451E-16
4893.63605498834  1.941981E-16
4897.7154846148  1.903935E-16
4901.79491424127  1.850985E-16
4905.87434386772  1.968816E-16
4909.95377349418  1.938856E-16
4914.03320312064  2.010333E-16
4918.11263274711  1.990713E-16
4922.19206237357  1.860890E-16
4926.27149200002  1.904226E-16
4930.35092162649  1.955770E-16
4934.43035125294  1.888861E-16
4938.50978087941  1.912959E-16
4942.58921050587  1.907144E-16
4946.66864013232  1.909060E-16
4950.74806975878  2.024436E-16
4954.82749938524  1.955069E-16
4958.90692901171  2.055564E-16
4962.98635863816  2.004020E-16
4967.06578826463  1.999904E-16
4971.14521789108  1.888124E-16
4975.22464751755  1.846129E-16
4979.30407714401  1.808707E-16
4983.38350677046  1.988187E-16
4987.46293639693  1.902988E-16
4991.54236602339  1.850734E-16
4995.62179564984  1.837866E-16
4999.70122527631  2.217586E-16
5003.78065490277  1.881851E-16
5007.86008452923  2.141499E-16
5011.93951415569  2.072361E-16
5016.01894378215  2.209401E-16
5020.09837340861  2.182157E-16
5024.17780303507  2.191040E-16
5028.25723266153  2.421081E-16
5032.33666228798  2.456602E-16
5036.41609191445  2.356409E-16
5040.4955215409  2.664707E-16
5044.57495116736  2.718747E-16
5048.65438079383  2.930488E-16
5052.73381042028  2.842696E-16
5056.81324004675  2.649681E-16
5060.89266967321  2.428189E-16
5064.97209929967  2.182705E-16
5069.05152892613  2.285280E-16
5073.13095855259  2.186255E-16
5077.21038817904  2.094490E-16
5081.28981780551  1.984742E-16
5085.36924743197  2.169827E-16
5089.44867705842  2.003441E-16
5093.52810668488  2.066934E-16
5097.60753631135  2.071952E-16
5101.6869659378  1.875396E-16
5105.76639556427  1.902635E-16
5109.84582519072  1.901431E-16
5113.92525481718  1.901350E-16
5118.00468444365  1.967318E-16
5122.08411407011  1.928705E-16
5126.16354369657  1.846648E-16
5130.24297332303  1.798352E-16
5134.32240294949  1.868949E-16
5138.40183257595  1.864283E-16
5142.48126220241  1.767576E-16
5146.56069182887  1.791828E-16
5150.64012145533  1.958441E-16
5154.71955108179  1.927387E-16
5158.79898070825  1.964868E-16
5162.87841033471  1.892970E-16
5166.95783996117  1.819638E-16
5171.03726958763  1.902401E-16
5175.11669921409  1.733653E-16
5179.19612884055  1.930842E-16
5183.27555846701  1.741462E-16
5187.35498809347  1.789966E-16
5191.43441771993  1.791578E-16
5195.51384734639  1.657222E-16
5199.59327697285  1.815814E-16
5203.67270659931  1.813024E-16
5207.75213622577  1.877726E-16
5211.83156585223  1.856069E-16
5215.91099547869  1.761046E-16
5219.99042510515  2.111577E-16
5224.06985473161  1.881297E-16
5228.14928435807  1.743143E-16
5232.22871398453  1.867175E-16
5236.30814361099  1.767293E-16
5240.38757323745  1.728629E-16
5244.46700286391  1.635810E-16
5248.54643249036  1.747107E-16
5252.62586211683  1.781688E-16
5256.70529174329  1.704357E-16
5260.78472136974  1.780594E-16
5264.86415099621  1.757085E-16
5268.94358062267  1.696332E-16
5273.02301024913  1.780729E-16
5277.10243987559  1.706878E-16
5281.18186950205  1.644875E-16
5285.26129912851  1.671711E-16
5289.34072875497  1.666752E-16
5293.42015838142  1.717314E-16
5297.49958800789  1.701463E-16
5301.57901763435  1.673463E-16
5305.65844726081  1.674594E-16
5309.73787688726  1.583953E-16
5313.81730651373  1.740598E-16
5317.89673614019  1.773439E-16
5321.97616576664  1.779800E-16
5326.05559539311  1.649440E-16
5330.13502501957  1.603397E-16
5334.21445464603  1.713584E-16
5338.29388427249  1.713944E-16
5342.37331389895  1.515734E-16
5346.45274352541  1.620139E-16
5350.53217315187  1.543329E-16
5354.61160277833  1.590351E-16
5358.69103240479  1.650851E-16
5362.77046203125  1.690926E-16
5366.84989165771  1.677742E-16
5370.92932128416  1.678880E-16
5375.00875091063  1.643287E-16
5379.08818053709  1.548275E-16
5383.16761016355  1.514161E-16
5387.24703979001  1.569113E-16
5391.32646941647  1.519308E-16
5395.40589904293  1.578850E-16
5399.48532866939  1.689861E-16
5403.56475829585  1.529455E-16
5407.64418792231  1.462497E-16
5411.72361754877  1.498837E-16
5415.80304717523  1.506168E-16
5419.88247680169  1.475937E-16
5423.96190642815  1.565430E-16
5428.04133605461  1.354089E-16
5432.12076568107  1.474871E-16
5436.20019530753  1.527482E-16
5440.27962493399  1.412067E-16
5444.35905456045  1.581804E-16
5448.43848418691  1.552895E-16
5452.51791381337  1.574737E-16
5456.59734343983  1.468720E-16
5460.67677306629  1.571547E-16
5464.75620269275  1.357071E-16
5468.83563231921  1.435329E-16
5472.91506194567  1.535474E-16
5476.99449157213  1.527059E-16
5481.07392119859  1.440145E-16
5485.15335082505  1.582592E-16
5489.23278045151  1.652951E-16
5493.31221007797  1.448903E-16
5497.39163970443  1.492614E-16
5501.47106933088  1.529863E-16
5505.55049895735  1.556567E-16
5509.62992858381  1.511252E-16
5513.70935821027  1.424511E-16
5517.78878783673  1.365666E-16
5521.86821746319  1.400360E-16
5525.94764708964  1.535067E-16
5530.02707671611  1.326882E-16
5534.10650634257  1.543880E-16
5538.18593596902  1.462290E-16
5542.26536559549  1.298094E-16
5546.34479522195  1.373169E-16
5550.42422484841  1.275249E-16
5554.50365447487  1.404853E-16
5558.58308410133  1.392624E-16
5562.66251372779  1.266653E-16
5566.74194335425  1.369588E-16
5570.8213729807  1.303317E-16
5574.90080260717  1.487385E-16
5578.98023223363  1.779613E-16
5583.05966186009  1.430279E-16
5587.13909148655  1.250324E-16
5591.21852111301  1.310044E-16
5595.29795073947  1.348390E-16
5599.37738036593  1.344163E-16
5603.45680999239  1.308652E-16
5607.53623961885  1.348646E-16
5611.61566924531  1.345550E-16
5615.69509887177  1.286894E-16
5619.77452849823  1.371787E-16
5623.85395812469  1.354814E-16
5627.93338775115  1.396731E-16
5632.01281737761  1.474333E-16
5636.09224700407  1.375261E-16
5640.17167663053  1.282332E-16
5644.25110625699  1.275512E-16
5648.33053588345  1.369149E-16
5652.40996550991  1.367726E-16
5656.48939513637  1.267401E-16
5660.56882476283  1.345274E-16
5664.64825438929  1.395367E-16
5668.72768401575  1.326144E-16
5672.80711364221  1.354816E-16
5676.88654326867  1.284645E-16
5680.96597289513  1.280701E-16
5685.04540252159  1.270066E-16
5689.12483214805  1.150375E-16
5693.20426177451  1.411304E-16
5697.28369140097  1.401589E-16
5701.36312102743  1.405604E-16
5705.44255065389  1.432131E-16
5709.52198028035  1.256693E-16
5713.60140990681  1.182374E-16
5717.68083953327  1.226078E-16
5721.76026915973  1.265866E-16
5725.83969878619  1.305940E-16
5729.91912841265  1.283415E-16
5733.99855803911  1.239816E-16
5738.07798766557  1.257007E-16
5742.15741729203  1.280012E-16
5746.23684691849  1.262150E-16
5750.31627654495  1.092764E-16
5754.39570617141  1.225550E-16
5758.47513579787  9.942806E-17
5762.55456542433  1.139856E-16
5766.63399505079  1.098259E-16
5770.71342467725  1.176822E-16
5774.79285430371  1.215911E-16
5778.87228393017  1.217916E-16
5782.95171355663  1.220387E-16
5787.03114318309  1.233221E-16
5791.11057280955  1.146936E-16
5795.19000243601  1.267245E-16
5799.26943206247  1.175390E-16
5803.34886168893  1.048568E-16
5807.42829131539  1.297139E-16
5811.50772094185  1.322663E-16
5815.58715056831  1.236868E-16
5819.66658019477  1.237496E-16
5823.74600982123  1.126578E-16
5827.82543944769  1.125463E-16
5831.90486907415  1.160559E-16
5835.98429870061  1.276286E-16
5840.06372832707  1.311950E-16
5844.14315795353  1.159233E-16
5848.22258757998  1.143355E-16
5852.30201720645  1.190142E-16
5856.38144683291  1.199246E-16
5860.46087645937  1.237426E-16
5864.54030608583  1.108733E-16
5868.61973571229  1.090938E-16
5872.69916533875  1.264415E-16
5876.77859496521  1.172097E-16
5880.85802459167  1.091375E-16
5884.93745421813  1.121953E-16
5889.01688384459  1.195437E-16
5893.09631347105  1.167564E-16
5897.17574309751  1.036864E-16
5901.25517272397  1.140050E-16
5905.33460235043  1.299490E-16
5909.41403197689  1.352966E-16
5913.49346160335  1.180549E-16
5917.57289122981  1.032406E-16
5921.65232085627  1.250233E-16
5925.73175048273  1.078938E-16
5929.81118010919  1.001988E-16
5933.89060973565  1.192169E-16
5937.97003936211  1.284489E-16
5942.04946898857  1.114813E-16
5946.12889861503  9.829693E-17
5950.20832824149  1.043393E-16
5954.28775786795  1.143683E-16
5958.36718749441  1.102572E-16
5962.44661712087  1.083349E-16
5966.52604674733  1.079706E-16
5970.60547637379  1.215670E-16
5974.68490600025  1.091734E-16
5978.76433562671  1.134531E-16
5982.84376525317  1.088538E-16
5986.92319487963  1.262331E-16
5991.00262450609  1.173412E-16
5995.08205413255  1.123433E-16
5999.16148375901  1.185336E-16
6003.24091338547  1.113565E-16
6007.32034301193  1.204907E-16
6011.39977263839  1.258998E-16
6015.47920226485  1.218418E-16
6019.55863189131  1.253752E-16
6023.63806151777  1.385309E-16
6027.71749114423  1.004688E-16
6031.79692077069  1.238234E-16
6035.87635039715  1.091911E-16
6039.95578002361  1.105538E-16
6044.03520965007  1.218211E-16
6048.11463927653  1.261997E-16
6052.19406890299  1.298419E-16
6056.27349852945  1.265398E-16
6060.35292815591  1.202918E-16
6064.43235778236  1.224183E-16
6068.51178740883  1.263189E-16
6072.59121703529  1.206707E-16
6076.67064666174  1.322612E-16
6080.75007628821  1.471192E-16
6084.82950591467  1.287205E-16
6088.90893554113  1.278464E-16
6092.98836516759  1.313691E-16
6097.06779479405  1.541540E-16
6101.14722442051  1.411661E-16
6105.22665404697  1.531969E-16
6109.30608367343  1.403903E-16
6113.38551329989  1.402087E-16
6117.46494292635  1.368550E-16
6121.54437255281  1.255700E-16
6125.62380217927  1.282884E-16
6129.70323180573  1.355861E-16
6133.78266143219  1.352685E-16
6137.86209105865  1.187871E-16
6141.94152068511  1.117064E-16
6146.02095031156  1.180065E-16
6150.10037993803  1.236444E-16
6154.17980956449  1.299572E-16
6158.25923919095  1.168297E-16
6162.33866881741  1.146698E-16
6166.41809844387  1.096582E-16
6170.49752807033  1.136876E-16
6174.57695769679  1.111308E-16
6178.65638732325  1.112611E-16
6182.73581694971  1.163258E-16
6186.81524657617  1.180295E-16
6190.89467620263  1.223969E-16
6194.97410582909  1.068124E-16
6199.05353545555  1.183975E-16
6203.13296508201  1.237871E-16
6207.21239470847  1.197771E-16
6211.29182433493  1.218806E-16
6215.37125396139  1.164137E-16
6219.45068358785  1.062461E-16
6223.53011321431  9.702496E-17
6227.60954284077  1.059028E-16
6231.68897246723  1.123715E-16
6235.76840209369  1.029448E-16
6239.84783172015  9.355921E-17
6243.92726134661  1.085622E-16
6248.00669097307  1.092824E-16
6252.08612059953  9.871067E-17
6256.16555022599  1.098209E-16
6260.24497985245  1.046059E-16
6264.32440947891  1.046307E-16
6268.40383910537  1.143821E-16
6272.48326873183  9.522554E-17
6276.56269835829  1.016145E-16
6280.64212798475  1.084880E-16
6284.72155761121  1.003679E-16
6288.80098723767  9.279871E-17
6292.88041686413  7.486996E-17
6296.95984649059  7.679153E-17
6301.03927611705  1.262184E-16
6305.11870574351  1.074144E-16
6309.19813536997  3.355414E-17
6313.27756499643  9.767455E-17
6317.35699462289  1.061186E-16
6321.43642424935  9.459990E-17
6325.51585387581  8.475776E-17
6329.59528350227  1.066239E-16
6333.67471312873  9.876102E-17
6337.75414275519  9.645599E-17
6341.83357238165  9.660220E-17
6345.91300200811  9.287190E-17
6349.99243163457  9.714308E-17
6354.07186126103  9.653460E-17
6358.15129088749  9.000691E-17
6362.23072051395  1.119200E-16
6366.31015014041  1.188095E-16
6370.38957976687  7.195330E-17
6374.46900939333  7.926646E-17
6378.54843901979  1.016992E-16
6382.62786864625  8.302806E-17
6386.70729827271  8.888787E-17
6390.78672789917  8.690949E-17
6394.86615752563  9.248790E-17
6398.94558715209  1.000337E-16
6403.02501677855  1.086190E-16
6407.10444640501  9.702287E-17
6411.18387603147  8.360685E-17
6415.26330565793  8.860272E-17
6419.34273528439  1.006217E-16
6423.42216491085  1.019868E-16
6427.50159453731  9.592810E-17
6431.58102416377  8.792148E-17
6435.66045379023  9.374086E-17
6439.73988341669  1.018703E-16
6443.81931304315  8.917550E-17
6447.89874266961  8.482091E-17
6451.97817229607  9.633643E-17
6456.05760192253  1.015226E-16
6460.13703154899  1.012577E-16
6464.21646117545  9.253639E-17
6468.29589080191  9.453910E-17
6472.37532042837  9.867066E-17
6476.45475005483  9.807086E-17
6480.53417968129  9.335335E-17
6484.61360930775  8.209197E-17
6488.69303893421  8.907319E-17
6492.77246856067  9.105482E-17
6496.85189818713  8.599037E-17
6500.93132781359  8.410843E-17
6505.01075744005  8.106458E-17
6509.09018706651  7.503446E-17
6513.16961669297  7.769171E-17
6517.24904631943  9.285834E-17
6521.32847594589  9.553226E-17
6525.40790557235  9.478119E-17
6529.48733519881  8.950954E-17
6533.56676482527  8.204697E-17
6537.64619445173  1.027719E-16
6541.72562407819  8.154832E-17
6545.80505370465  7.450802E-17
6549.88448333111  9.268759E-17
6553.96391295757  9.097097E-17
6558.04334258403  9.124408E-17
6562.12277221049  1.007890E-16
6566.20220183695  8.720607E-17
6570.28163146341  8.606262E-17
6574.36106108987  9.298110E-17
6578.44049071633  9.178247E-17
6582.51992034279  9.179453E-17
6586.59934996925  9.177565E-17
6590.67877959571  8.899845E-17
6594.75820922217  8.586431E-17
6598.83763884863  8.705832E-17
6602.91706847509  8.650568E-17
6606.99649810155  8.914704E-17
6611.07592772801  8.620844E-17
6615.15535735447  8.010812E-17
6619.23478698093  7.858993E-17
6623.31421660739  8.522896E-17
6627.39364623385  9.638811E-17
6631.47307586031  9.079432E-17
6635.55250548677  8.578891E-17
6639.63193511323  9.030251E-17
6643.71136473969  7.633196E-17
6647.79079436615  7.900054E-17
6651.87022399261  9.192549E-17
6655.94965361907  8.300371E-17
6660.02908324553  8.377573E-17
6664.10851287199  8.633370E-17
6668.18794249845  7.332394E-17
6672.26737212491  8.888815E-17
6676.34680175137  9.351600E-17
6680.42623137783  8.631226E-17
6684.50566100429  9.224993E-17
6688.58509063075  8.962033E-17
6692.66452025721  9.472826E-17
6696.74394988367  9.396745E-17
6700.82337951013  7.876138E-17
6704.90280913659  1.011781E-16
6708.98223876305  8.185844E-17
6713.06166838951  7.174658E-17
6717.14109801597  8.665438E-17
6721.22052764243  1.026263E-16
6725.29995726889  1.070088E-16
6729.37938689535  8.877271E-17
6733.45881652181  8.021265E-17
6737.53824614827  8.956992E-17
6741.61767577473  9.313852E-17
6745.69710540119  9.720037E-17
6749.77653502765  9.266940E-17
6753.85596465411  8.111649E-17
6757.93539428057  9.747304E-17
6762.01482390703  1.017930E-16
6766.09425353349  9.375387E-17
6770.17368315995  9.817389E-17
6774.25311278641  1.092519E-16
6778.33254241287  1.053522E-16
6782.41197203933  1.114017E-16
6786.49140166579  1.413068E-16
6790.57083129225  1.376198E-16
6794.65026091871  1.107163E-16
6798.72969054517  1.178753E-16
6802.80912017163  1.437308E-16
6806.88854979809  1.671602E-16
6810.96797942455  1.711629E-16
6815.04740905101  1.679491E-16
6819.12683867747  1.463036E-16
6823.20626830393  1.382633E-16
6827.28569793039  1.413476E-16
6831.36512755685  1.347660E-16
6835.44455718331  1.174192E-16
6839.52398680977  1.124257E-16
6843.60341643623  1.149838E-16
6847.68284606269  1.133443E-16
6851.76227568915  1.177641E-16
6855.84170531561  1.131851E-16
6859.92113494207  1.100801E-16
6864.00056456853  1.041716E-16
6868.07999419499  1.064090E-16
6872.15942382145  8.280726E-17
6876.23885344791  7.662683E-17
6880.31828307437  8.187992E-17
6884.39771270083  8.989669E-17
6888.47714232729  9.738752E-17
6892.55657195375  8.924755E-17
6896.63600158021  8.984402E-17
6900.71543120667  7.936667E-17
6904.79486083313  7.167231E-17
6908.87429045959  8.063113E-17
6912.95372008605  7.675736E-17
6917.03314971251  6.920622E-17
6921.11257933897  7.236805E-17
6925.19200896543  7.002898E-17
6929.27143859189  6.542556E-17
6933.35086821835  7.580783E-17
6937.43029784481  8.759900E-17
6941.50972747127  7.568577E-17
6945.58915709773  7.808416E-17
6949.66858672419  8.778125E-17
6953.74801635065  8.768742E-17
6957.82744597711  8.923540E-17
6961.90687560357  6.908085E-17
6965.98630523003  8.040441E-17
6970.06573485649  9.034854E-17
6974.14516448295  8.197521E-17
6978.22459410941  7.200233E-17
6982.30402373587  8.447575E-17
6986.38345336233  6.207559E-17
6990.46288298879  7.727854E-17
6994.54231261525  7.654244E-17
6998.62174224171  6.833114E-17
7002.70117186817  7.583331E-17
7006.78060149463  8.129372E-17
7010.86003112109  7.714777E-17
7014.93946074755  6.450359E-17
7019.01889037401  7.784139E-17
7023.09832000047  6.305113E-17
7027.17774962693  6.460580E-17
7031.25717925339  8.635200E-17
7035.33660887985  7.861021E-17
7039.41603850631  6.111802E-17
7043.49546813277  6.941146E-17
7047.57489775923  7.505827E-17
7051.65432738569  6.544347E-17
7055.73375701215  7.595700E-17
7059.81318663861  8.651281E-17
7063.89261626507  8.224468E-17
7067.97204589153  8.931410E-17
7072.05147551799  6.233718E-17
7076.13090514445  6.738765E-17
7080.21033477091  5.767052E-17
7084.28976439737  6.342280E-17
7088.36919402383  5.930678E-17
7092.44862365029  5.384679E-17
7096.52805327675  8.428310E-17
7100.60748290321  6.317415E-17
7104.68691252967  6.068894E-17
7108.76634215613  7.838913E-17
7112.84577178259  6.283764E-17
7116.92520140905  6.826336E-17
7121.00463103551  7.990786E-17
7125.08406066197  8.131304E-17
7129.16349028843  6.339267E-17
7133.24291991489  6.197307E-17
7137.32234954135  6.643865E-17
7141.40177916781  7.234361E-17
7145.48120879427  5.325154E-17
7149.56063842073  6.558061E-17
7153.64006804719  6.630145E-17
7157.71949767365  6.353075E-17
7161.79892730011  7.488532E-17
7165.87835692657  6.623681E-17
7169.95778655303  4.981994E-17
7174.03721617949  6.007728E-17
7178.11664580595  6.260396E-17
7182.19607543241  6.785103E-17
7186.27550505887  7.903999E-17
7190.35493468533  5.351271E-17
7194.43436431179  5.967541E-17
7198.51379393825  5.601829E-17
7202.59322356471  3.863829E-17
7206.67265319117  5.827025E-17
7210.75208281763  7.020613E-17
7214.83151244409  6.274209E-17
7218.91094207055  7.004917E-17
7222.99037169701  6.974082E-17
7227.06980132347  5.993145E-17
7231.14923094993  5.864053E-17
7235.22866057639  6.379022E-17
7239.30809020285  6.148537E-17
7243.38751982931  6.937397E-17
7247.46694945577  7.682194E-17
7251.54637908223  6.614136E-17
7255.62580870869  6.078291E-17
7259.70523833515  7.407738E-17
7263.78466796161  6.342955E-17
7267.86409758807  7.187472E-17
7271.94352721453  7.595623E-17
7276.02295684099  6.371701E-17
7280.10238646745  6.480212E-17
7284.18181609391  6.416854E-17
7288.26124572037  7.763793E-17
7292.34067534683  6.473367E-17
7296.42010497329  7.247906E-17
7300.49953459975  7.377271E-17
7304.57896422621  6.432213E-17
7308.65839385267  6.618021E-17
7312.73782347913  7.432837E-17
7316.81725310559  6.347808E-17
7320.89668273205  5.716912E-17
7324.97611235851  7.700843E-17
7329.05554198497  7.654619E-17
7333.13497161143  6.618919E-17
7337.21440123789  7.362337E-17
7341.29383086435  6.252036E-17
7345.37326049081  7.319421E-17
7349.45269011727  8.245143E-17
7353.53211974373  7.873228E-17
7357.61154937019  6.632259E-17
7361.69097899665  8.546081E-17
7365.77040862311  1.035230E-16
7369.84983824957  7.312128E-17
7373.92926787603  5.275224E-17
7378.00869750249  6.386086E-17
7382.08812712895  6.537864E-17
7386.16755675541  6.464982E-17
7390.24698638187  6.112128E-17
7394.32641600833  4.668204E-17
7398.40584563479  6.403712E-17
7402.48527526125  5.985689E-17
7406.56470488771  7.069332E-17
7410.64413451417  5.596420E-17
7414.72356414063  5.817684E-17
7418.80299376709  6.912394E-17
7422.88242339355  6.447743E-17
7426.96185302001  4.993222E-17
7431.04128264647  5.254333E-17
7435.12071227293  5.577582E-17
7439.20014189939  7.074164E-17
7443.27957152585  7.007824E-17
7447.35900115231  6.316678E-17
7451.43843077877  5.528116E-17
7455.51786040523  4.778917E-17
7459.59729003169  6.924242E-17
7463.67671965815  4.889178E-17
7467.75614928461  3.366451E-17
