3632.00000000	5.067342313818e-16
3633.92111880	6.566859166372e-17
3635.84223760	2.350889652523e-16
3637.76335641	7.377910418725e-17
3639.68447521	2.363073956772e-16
3641.60559401	1.545458199078e-16
3643.52671281	-1.828759353245e-17
3645.44783162	3.514761229398e-17
3647.36895042	5.661937737571e-16
3649.29006922	1.939934412806e-16
3651.21118802	1.616497396526e-16
3653.13230683	-4.361116881167e-17
3655.05342563	-1.286316724128e-17
3656.97454443	1.723153005917e-16
3658.89566323	7.874180405076e-17
3660.81678204	-1.610598209095e-16
3662.73790084	3.498905699068e-16
3664.65901964	8.783806440154e-17
3666.58013844	4.308261297339e-16
3668.50125725	3.052079672826e-16
3670.42237605	2.314795990454e-16
3672.34349485	-2.522262946598e-17
3674.26461365	3.947965642360e-17
3676.18573246	-4.038206745850e-17
3678.10685126	1.228122334647e-16
3680.02797006	5.872102228955e-17
3681.94908886	-8.390637568841e-17
3683.87020767	1.282973011938e-16
3685.79132647	4.304342181772e-16
3687.71244527	1.907577092476e-16
3689.63356407	1.590443589511e-16
3691.55468288	1.791688823960e-16
3693.47580168	7.942702723531e-17
3695.39692048	1.241849032953e-16
3697.31803928	-1.522820151684e-17
3699.23915809	3.364154403863e-16
3701.16027689	2.056966440499e-16
3703.08139569	3.745627867757e-16
3705.00251449	1.846442886555e-16
3706.92363330	1.834899283322e-16
3708.84475210	2.423882716753e-16
3710.76587090	1.856956418315e-16
3712.68698970	2.100464229318e-16
3714.60810851	3.605784845748e-16
3716.52922731	2.549481026869e-16
3718.45034611	1.646906673426e-16
3720.37146491	2.850336277124e-16
3722.29258372	2.157613542270e-16
3724.21370252	8.384914140746e-17
3726.13482132	1.370971132479e-16
3728.05594012	7.483343521345e-17
3729.97705893	1.857333083279e-16
3731.89817773	1.906456891404e-16
3733.81929653	4.618332795456e-16
3735.74041533	2.897806915164e-16
3737.66153414	2.417460354128e-16
3739.58265294	6.146463479760e-17
3741.50377174	1.103298331758e-16
3743.42489054	2.796758266837e-16
3745.34600935	1.995598506424e-16
3747.26712815	2.393484557160e-16
3749.18824695	1.681572820281e-16
3751.10936575	2.353300520049e-16
3753.03048456	1.699138000589e-17
3754.95160336	1.018071994188e-16
3756.87272216	1.926587026442e-16
3758.79384096	2.836745368788e-16
3760.71495977	3.034145867750e-16
3762.63607857	2.104016473741e-16
3764.55719737	1.706475324233e-16
3766.47831617	2.725945253655e-16
3768.39943498	1.998570003882e-16
3770.32055378	1.566043746674e-16
3772.24167258	3.264788439425e-16
3774.16279138	5.326607055223e-17
3776.08391019	1.123730023760e-16
3778.00502899	1.599623176728e-16
3779.92614779	2.556114088940e-16
3781.84726659	3.399435377524e-17
3783.76838540	3.348600761369e-16
3785.68950420	1.135373153365e-16
3787.61062300	1.169512286908e-16
3789.53174180	1.154993877495e-16
3791.45286061	6.695621409244e-17
3793.37397941	1.462373928421e-16
3795.29509821	1.333319591531e-16
3797.21621701	3.843627395998e-17
3799.13733582	1.424623125800e-16
3801.05845462	1.004683447316e-16
3802.97957342	1.378464462386e-16
3804.90069222	1.039186407980e-16
3806.82181103	1.897407403153e-16
3808.74292983	1.248431670093e-16
3810.66404863	1.164427442247e-16
3812.58516743	1.467077211210e-16
3814.50628624	1.014611004330e-16
3816.42740504	2.666640043330e-17
3818.34852384	4.104737875134e-17
3820.26964264	1.273900230281e-16
3822.19076145	1.361542067589e-16
3824.11188025	1.259159342370e-16
3826.03299905	9.322688801198e-17
3827.95411785	3.957785599720e-17
3829.87523666	7.097134878578e-17
3831.79635546	1.298691958205e-16
3833.71747426	5.738414621843e-17
3835.63859306	1.568785486445e-16
3837.55971187	1.250817126631e-16
3839.48083067	1.812560112827e-16
3841.40194947	1.283210975256e-16
3843.32306827	1.606599022444e-16
3845.24418708	1.397066629397e-16
3847.16530588	2.632409787570e-16
3849.08642468	2.616231193580e-16
3851.00754348	8.186744827036e-17
3852.92866229	1.021810982905e-16
3854.84978109	1.949192350570e-16
3856.77089989	2.500141887087e-16
3858.69201869	1.178850742434e-17
3860.61313750	1.100498226123e-16
3862.53425630	1.128620712588e-16
3864.45537510	1.530212664818e-16
3866.37649390	1.151913324545e-16
3868.29761271	1.441938067429e-16
3870.21873151	1.488675624923e-16
3872.13985031	1.978218978533e-16
3874.06096911	1.836786843305e-16
3875.98208792	1.892355248670e-16
3877.90320672	2.283319981436e-16
3879.82432552	2.839466462131e-16
3881.74544432	2.599281534910e-16
3883.66656313	2.286094014338e-16
3885.58768193	2.923542158382e-16
3887.50880073	3.067672755291e-16
3889.42991953	2.662494809670e-16
3891.35103834	2.311969812086e-16
3893.27215714	1.917657578642e-16
3895.19327594	2.221373550328e-16
3897.11439474	2.232946402667e-16
3899.03551355	3.431792366981e-16
3900.95663235	2.989043480891e-16
3902.87775115	2.487589917600e-16
3904.79886995	2.259368007270e-16
3906.71998876	2.755093774953e-16
3908.64110756	2.708061741161e-16
3910.56222636	2.191013771916e-16
3912.48334516	2.295341761238e-16
3914.40446397	1.912876342353e-16
3916.32558277	3.059509739960e-16
3918.24670157	3.214396067112e-16
3920.16782037	3.399401297683e-16
3922.08893918	3.306491312489e-16
3924.01005798	3.145653255393e-16
3925.93117678	2.925345544466e-16
3927.85229558	3.607391826068e-16
3929.77341439	3.697240316552e-16
3931.69453319	2.943873596094e-16
3933.61565199	3.638606578361e-16
3935.53677079	3.947959157264e-16
3937.45788960	3.961576005984e-16
3939.37900840	3.465050586260e-16
3941.30012720	3.349050482924e-16
3943.22124600	3.847472462357e-16
3945.14236481	4.353708320729e-16
3947.06348361	4.691289331390e-16
3948.98460241	3.736295417563e-16
3950.90572121	3.905327724331e-16
3952.82684002	4.436943072082e-16
3954.74795882	4.682015379409e-16
3956.66907762	3.768499610218e-16
3958.59019642	3.598729325995e-16
3960.51131523	4.413465965762e-16
3962.43243403	5.099569799878e-16
3964.35355283	5.078578735259e-16
3966.27467163	4.562052750067e-16
3968.19579044	5.040877828172e-16
3970.11690924	4.669381883000e-16
3972.03802804	4.310530816242e-16
3973.95914684	5.105950075554e-16
3975.88026565	5.420140536074e-16
3977.80138445	4.825401116720e-16
3979.72250325	5.162733046755e-16
3981.64362205	5.748829024278e-16
3983.56474086	5.787904242322e-16
3985.48585966	5.398773071189e-16
3987.40697846	5.598789843166e-16
3989.32809726	5.718168549170e-16
3991.24921607	5.114226646239e-16
3993.17033487	5.951146020104e-16
3995.09145367	6.233857559931e-16
3997.01257247	6.235079934353e-16
3998.93369128	6.463077910347e-16
4000.85481008	6.242078014684e-16
4002.77592888	6.005319071036e-16
4004.69704768	6.401930601885e-16
4006.61816649	7.165986084044e-16
4008.53928529	6.116888133266e-16
4010.46040409	6.199330379418e-16
4012.38152289	6.596748709149e-16
4014.30264170	7.765083487912e-16
4016.22376050	7.127461966812e-16
4018.14487930	6.629772935576e-16
4020.06599810	6.649486039236e-16
4021.98711691	6.237574446382e-16
4023.90823571	6.409626955002e-16
4025.82935451	7.185170321508e-16
4027.75047331	6.607879780867e-16
4029.67159212	6.399649436279e-16
4031.59271092	6.604881284234e-16
4033.51382972	6.124924887749e-16
4035.43494852	6.528369327504e-16
4037.35606733	6.579392474664e-16
4039.27718613	6.990924490879e-16
4041.19830493	7.879354585244e-16
4043.11942373	7.601659068651e-16
4045.04054254	6.703659619565e-16
4046.96166134	6.371659761933e-16
4048.88278014	6.912709997925e-16
4050.80389894	7.704772095090e-16
4052.72501775	7.742507412890e-16
4054.64613655	5.137733398713e-16
4056.56725535	6.977073384609e-16
4058.48837415	7.314828301722e-16
4060.40949296	6.816201181497e-16
4062.33061176	6.102795622606e-16
4064.25173056	6.686396029309e-16
4066.17284936	6.387119701407e-16
4068.09396817	7.125971718220e-16
4070.01508697	7.302648497336e-16
4071.93620577	7.050591609266e-16
4073.85732457	6.360340754779e-16
4075.77844338	5.854547735821e-16
4077.69956218	5.668604416261e-16
4079.62068098	5.777457679104e-16
4081.54179978	5.997971060219e-16
4083.46291859	6.159032786953e-16
4085.38403739	6.626755910097e-16
4087.30515619	5.710717835608e-16
4089.22627499	6.023715038464e-16
4091.14739380	6.551331861309e-16
4093.06851260	5.590741971376e-16
4094.98963140	5.168745392494e-16
4096.91075020	4.902986687710e-16
4098.83186901	5.315644728349e-16
4100.75298781	5.659383403839e-16
4102.67410661	4.848644759584e-16
4104.59522541	4.919046961786e-16
4106.51634422	4.803741425467e-16
4108.43746302	5.191624281795e-16
4110.35858182	4.735623565245e-16
4112.27970062	4.918690149157e-16
4114.20081943	4.807729362462e-16
4116.12193823	5.116594103327e-16
4118.04305703	4.777783571403e-16
4119.96417583	4.239115350877e-16
4121.88529464	4.924713082808e-16
4123.80641344	4.718403385427e-16
4125.72753224	3.956385017506e-16
4127.64865104	5.102913991833e-16
4129.56976985	4.907758130181e-16
4131.49088865	5.005539613613e-16
4133.41200745	4.295910762875e-16
4135.33312625	4.446878503855e-16
4137.25424506	4.123286242318e-16
4139.17536386	4.975474708545e-16
4141.09648266	4.050729400056e-16
4143.01760146	4.347737532544e-16
4144.93872027	4.204843339040e-16
4146.85983907	4.240201141236e-16
4148.78095787	4.531167811228e-16
4150.70207667	3.628137515831e-16
4152.62319548	4.065607004379e-16
4154.54431428	3.803409014348e-16
4156.46543308	4.710490509513e-16
4158.38655188	3.479792930009e-16
4160.30767069	3.441030055364e-16
4162.22878949	3.423801140519e-16
4164.14990829	3.097715690441e-16
4166.07102709	3.327157328216e-16
4167.99214590	3.668168557616e-16
4169.91326470	3.494228224315e-16
4171.83438350	3.408525960107e-16
4173.75550230	3.787605232437e-16
4175.67662111	3.523253925835e-16
4177.59773991	2.856131835368e-16
4179.51885871	3.691129238535e-16
4181.43997751	3.802018556825e-16
4183.36109632	3.463827947140e-16
4185.28221512	3.672409545703e-16
4187.20333392	3.880158405001e-16
4189.12445272	3.513432578811e-16
4191.04557153	4.082448136953e-16
4192.96669033	3.138222129468e-16
4194.88780913	3.518252196281e-16
4196.80892793	3.293403065268e-16
4198.73004674	3.821504814475e-16
4200.65116554	3.633274770656e-16
4202.57228434	3.526984576572e-16
4204.49340314	3.114924223556e-16
4206.41452195	3.692925477779e-16
4208.33564075	3.376714049586e-16
4210.25675955	3.244840019424e-16
4212.17787835	3.809749585354e-16
4214.09899716	3.826947001161e-16
4216.02011596	3.252195177082e-16
4217.94123476	3.898681692068e-16
4219.86235356	3.498102341257e-16
4221.78347237	3.899667426660e-16
4223.70459117	4.069469474619e-16
4225.62570997	3.469108138775e-16
4227.54682877	3.434203234507e-16
4229.46794758	3.911132546997e-16
4231.38906638	4.040901964983e-16
4233.31018518	3.256514780415e-16
4235.23130398	3.934104080527e-16
4237.15242279	3.854303518379e-16
4239.07354159	3.284630715610e-16
4240.99466039	3.983917823457e-16
4242.91577919	4.115856704579e-16
4244.83689800	3.819016655192e-16
4246.75801680	3.599670326660e-16
4248.67913560	3.555647642111e-16
4250.60025440	3.882128550696e-16
4252.52137321	3.774886238640e-16
4254.44249201	3.633240889338e-16
4256.36361081	3.481610345076e-16
4258.28472961	4.287572782300e-16
4260.20584842	3.864521912097e-16
4262.12696722	4.023670403161e-16
4264.04808602	4.485187686477e-16
4265.96920482	4.161970766415e-16
4267.89032362	4.320341840052e-16
4269.81144243	4.650223056525e-16
4271.73256123	4.857165381638e-16
4273.65368003	4.778300790897e-16
4275.57479883	4.566821016165e-16
4277.49591764	4.140966466905e-16
4279.41703644	4.214157525086e-16
4281.33815524	4.055281143356e-16
4283.25927404	4.495486018929e-16
4285.18039285	4.637884433461e-16
4287.10151165	3.938750585638e-16
4289.02263045	4.530139195592e-16
4290.94374925	4.606374807823e-16
4292.86486806	3.980272405410e-16
4294.78598686	4.288516429943e-16
4296.70710566	4.616080217212e-16
4298.62822446	4.285993859947e-16
4300.54934327	4.105030564722e-16
4302.47046207	4.884772832367e-16
4304.39158087	4.905262029965e-16
4306.31269967	4.715733114061e-16
4308.23381848	3.923831423761e-16
4310.15493728	4.678349314934e-16
4312.07605608	4.478951406403e-16
4313.99717488	4.297944965437e-16
4315.91829369	4.714188867119e-16
4317.83941249	4.416882949611e-16
4319.76053129	4.162173789624e-16
4321.68165009	4.584068195157e-16
4323.60276890	4.202376090883e-16
4325.52388770	4.683209166469e-16
4327.44500650	4.667365415190e-16
4329.36612530	4.942339309044e-16
4331.28724411	4.645285383838e-16
4333.20836291	4.361252207915e-16
4335.12948171	4.376703941758e-16
4337.05060051	4.594324175962e-16
4338.97171932	4.548319699014e-16
4340.89283812	4.253746521552e-16
4342.81395692	4.644756517641e-16
4344.73507572	4.719574937872e-16
4346.65619453	4.845009929449e-16
4348.57731333	4.411180035596e-16
4350.49843213	4.551500837127e-16
4352.41955093	3.996973512850e-16
4354.34066974	4.204453439186e-16
4356.26178854	4.756540514482e-16
4358.18290734	4.683043995044e-16
4360.10402614	4.233752308832e-16
4362.02514495	4.550166230839e-16
4363.94626375	4.712874377864e-16
4365.86738255	4.556793734256e-16
4367.78850135	5.153071577201e-16
4369.70962016	5.212373942025e-16
4371.63073896	4.424052289416e-16
4373.55185776	4.208454611071e-16
4375.47297656	4.480657119001e-16
4377.39409537	4.291577130559e-16
4379.31521417	4.131947683599e-16
4381.23633297	4.711260250704e-16
4383.15745177	5.023345304955e-16
4385.07857058	4.228315151404e-16
4386.99968938	3.990771643489e-16
4388.92080818	4.631468688281e-16
4390.84192698	4.467446581397e-16
4392.76304579	4.549003678119e-16
4394.68416459	4.162893502932e-16
4396.60528339	3.767585873426e-16
4398.52640219	4.250210158997e-16
4400.44752100	4.336773485135e-16
4402.36863980	4.222153780806e-16
4404.28975860	4.141382571840e-16
4406.21087740	3.830911909447e-16
4408.13199621	4.178161801201e-16
4410.05311501	4.569166768033e-16
4411.97423381	4.052863393688e-16
4413.89535261	4.431552236768e-16
4415.81647142	4.329239127069e-16
4417.73759022	4.908182705446e-16
4419.65870902	4.853875717429e-16
4421.57982782	4.088966849575e-16
4423.50094663	3.955378371788e-16
4425.42206543	4.397756151568e-16
4427.34318423	4.866233398734e-16
4429.26430303	3.915296772724e-16
4431.18542184	4.375462244397e-16
4433.10654064	4.410344649351e-16
4435.02765944	4.807032148468e-16
4436.94877824	3.909712178624e-16
4438.86989705	3.372703877976e-16
4440.79101585	4.202451000360e-16
4442.71213465	4.482744525820e-16
4444.63325345	4.420283786894e-16
4446.55437226	4.710101933149e-16
4448.47549106	3.711229065676e-16
4450.39660986	4.277103190375e-16
4452.31772866	4.402752322468e-16
4454.23884747	4.421721625322e-16
4456.15996627	4.121438651702e-16
4458.08108507	4.420584483590e-16
4460.00220387	4.152349001529e-16
4461.92332268	4.241615950956e-16
4463.84444148	4.613206128543e-16
4465.76556028	4.278019574144e-16
4467.68667908	4.427159841541e-16
4469.60779789	4.857054208563e-16
4471.52891669	4.518333144495e-16
4473.45003549	4.318882031707e-16
4475.37115429	4.205183211010e-16
4477.29227310	4.417344847265e-16
4479.21339190	5.174237871761e-16
4481.13451070	5.048800233207e-16
4483.05562950	4.904570109926e-16
4484.97674831	4.773664344302e-16
4486.89786711	4.922655322141e-16
4488.81898591	5.044797473135e-16
4490.74010471	4.895763084857e-16
4492.66122352	5.002020721112e-16
4494.58234232	5.185767048965e-16
4496.50346112	5.050825171346e-16
4498.42457992	5.322377581489e-16
4500.34569873	5.483502835694e-16
4502.26681753	5.499081359780e-16
4504.18793633	5.103174983860e-16
4506.10905513	5.684775334016e-16
4508.03017394	6.064058688346e-16
4509.95129274	5.627645079306e-16
4511.87241154	6.028140256218e-16
4513.79353034	6.340055903879e-16
4515.71464915	5.796267104489e-16
4517.63576795	5.686165526840e-16
4519.55688675	6.016635960607e-16
4521.47800555	5.724509649571e-16
4523.39912436	5.949997231669e-16
4525.32024316	6.080741002242e-16
4527.24136196	6.325427644880e-16
4529.16248076	6.437201053809e-16
4531.08359957	6.542331606848e-16
4533.00471837	6.452342826532e-16
4534.92583717	6.755202103801e-16
4536.84695597	6.641551987499e-16
4538.76807478	6.618999735278e-16
4540.68919358	6.927393314066e-16
4542.61031238	6.700283134479e-16
4544.53143118	6.639751513090e-16
4546.45254999	6.490887060797e-16
4548.37366879	6.651233044690e-16
4550.29478759	6.866724579219e-16
4552.21590639	6.590822654892e-16
4554.13702520	6.482888952193e-16
4556.05814400	6.861170160667e-16
4557.97926280	7.123825019094e-16
4559.90038160	6.762168420396e-16
4561.82150041	6.839621642489e-16
4563.74261921	6.974537050328e-16
4565.66373801	7.430861756980e-16
4567.58485681	7.510348916937e-16
4569.50597562	7.643733312724e-16
4571.42709442	7.353889226085e-16
4573.34821322	7.304411914054e-16
4575.26933202	7.872307271123e-16
4577.19045083	7.527630506643e-16
4579.11156963	7.465150709476e-16
4581.03268843	7.813090668384e-16
4582.95380723	7.958653809766e-16
4584.87492604	8.017633243279e-16
4586.79604484	8.300027675146e-16
4588.71716364	8.115026150345e-16
4590.63828244	7.956948626564e-16
4592.55940125	8.219507664389e-16
4594.48052005	8.326293108049e-16
4596.40163885	8.417470910865e-16
4598.32275765	8.328026349218e-16
4600.24387646	7.575928325296e-16
4602.16499526	8.318432642299e-16
4604.08611406	8.658866301108e-16
4606.00723286	8.133568760352e-16
4607.92835167	8.270288348368e-16
4609.84947047	8.303146873974e-16
4611.77058927	8.357614798252e-16
4613.69170807	8.501568047638e-16
4615.61282688	8.639367602662e-16
4617.53394568	8.788190762099e-16
4619.45506448	8.994347464153e-16
4621.37618328	8.681475728052e-16
4623.29730209	8.935379147948e-16
4625.21842089	8.662029969166e-16
4627.13953969	8.932778756800e-16
4629.06065849	8.827286626571e-16
4630.98177730	8.397525402540e-16
4632.90289610	8.410013844556e-16
4634.82401490	7.384914454756e-16
4636.74513370	8.810681604431e-16
4638.66625251	8.163234501142e-16
4640.58737131	8.257035459117e-16
4642.50849011	8.509544980419e-16
4644.42960891	8.770858350416e-16
4646.35072772	8.338184391837e-16
4648.27184652	8.269591134373e-16
4650.19296532	9.219836105042e-16
4652.11408412	8.629091504825e-16
4654.03520293	8.657539106358e-16
4655.95632173	8.839073090032e-16
4657.87744053	8.998806033829e-16
4659.79855933	8.635196494792e-16
4661.71967814	8.318881569761e-16
4663.64079694	8.512539241887e-16
4665.56191574	8.234111571191e-16
4667.48303454	8.166920682650e-16
4669.40415335	7.962442694018e-16
4671.32527215	7.536145834741e-16
4673.24639095	7.633359806098e-16
4675.16750975	7.261947505430e-16
4677.08862856	7.344468631525e-16
4679.00974736	7.325036636924e-16
4680.93086616	7.852738163063e-16
4682.85198496	7.326077428657e-16
4684.77310377	7.335222737510e-16
4686.69422257	7.509935458980e-16
4688.61534137	7.069828256894e-16
4690.53646017	7.040359980659e-16
4692.45757898	7.031819241573e-16
4694.37869778	7.125552966307e-16
4696.29981658	6.985668651441e-16
4698.22093538	7.158409374331e-16
4700.14205419	6.864882811954e-16
4702.06317299	6.708662407910e-16
4703.98429179	6.900862124576e-16
4705.90541059	6.676254397952e-16
4707.82652940	7.060015380200e-16
4709.74764820	6.950938712417e-16
4711.66876700	6.530791841733e-16
4713.58988580	6.771415902598e-16
4715.51100461	6.932602566691e-16
4717.43212341	7.026159473298e-16
4719.35324221	7.234235763769e-16
4721.27436101	6.971953070443e-16
4723.19547982	7.078608282788e-16
4725.11659862	7.399958818691e-16
4727.03771742	7.645486141529e-16
4728.95883622	7.413105828823e-16
4730.87995503	7.403026136751e-16
4732.80107383	7.941643799998e-16
4734.72219263	8.265138388049e-16
4736.64331143	8.272477928537e-16
4738.56443024	8.076416800422e-16
4740.48554904	7.972019989673e-16
4742.40666784	8.031494408065e-16
4744.32778664	8.102981341835e-16
4746.24890545	8.020796911337e-16
4748.17002425	8.107043394213e-16
4750.09114305	7.906557048345e-16
4752.01226185	7.777997034588e-16
4753.93338066	7.806162468271e-16
4755.85449946	7.830761893246e-16
4757.77561826	7.989292579655e-16
4759.69673706	7.574649305546e-16
4761.61785587	7.312081797391e-16
4763.53897467	7.739796907458e-16
4765.46009347	7.712158222390e-16
4767.38121227	7.439370202935e-16
4769.30233108	7.420972647321e-16
4771.22344988	7.973369419037e-16
4773.14456868	7.761057963830e-16
4775.06568748	7.638744818060e-16
4776.98680629	7.836137376088e-16
4778.90792509	7.903046626174e-16
4780.82904389	7.496224642542e-16
4782.75016269	7.425232693650e-16
4784.67128150	7.371624507814e-16
4786.59240030	8.029221712788e-16
4788.51351910	7.640672876806e-16
4790.43463790	7.401549652445e-16
4792.35575671	7.318344017849e-16
4794.27687551	7.495544898601e-16
4796.19799431	7.764664206603e-16
4798.11911311	7.486035365582e-16
4800.04023192	7.007110231710e-16
4801.96135072	7.394832681173e-16
4803.88246952	7.743665730445e-16
4805.80358832	7.391778598002e-16
4807.72470713	7.656792972583e-16
4809.64582593	7.366794302432e-16
4811.56694473	7.279942720394e-16
4813.48806353	7.056954944282e-16
4815.40918234	6.882737207691e-16
4817.33030114	7.583220749576e-16
4819.25141994	7.116295954985e-16
4821.17253874	6.991462886196e-16
4823.09365755	7.373570036614e-16
4825.01477635	7.358491261967e-16
4826.93589515	6.701294280060e-16
4828.85701395	7.245521948396e-16
4830.77813276	7.561116366026e-16
4832.69925156	7.480691646476e-16
4834.62037036	7.507592354089e-16
4836.54148916	7.446765859356e-16
4838.46260797	7.208483844590e-16
4840.38372677	7.008026615480e-16
4842.30484557	7.288657630630e-16
4844.22596437	7.615010425482e-16
4846.14708318	7.658950259621e-16
4848.06820198	7.297798174922e-16
4849.98932078	7.091698647592e-16
4851.91043958	7.582598709756e-16
4853.83155839	7.379604616968e-16
4855.75267719	7.880647898675e-16
4857.67379599	8.236197389823e-16
4859.59491479	8.482298577483e-16
4861.51603360	8.358601591635e-16
4863.43715240	8.151626443996e-16
4865.35827120	8.244485077817e-16
4867.27939000	7.833778389330e-16
4869.20050881	7.590856751596e-16
4871.12162761	8.030597082536e-16
4873.04274641	8.054652288843e-16
4874.96386521	8.569607557313e-16
4876.88498402	8.256264659135e-16
4878.80610282	8.144961353492e-16
4880.72722162	8.155374564787e-16
4882.64834042	8.048964462602e-16
4884.56945923	7.820877548148e-16
4886.49057803	8.059538080762e-16
4888.41169683	8.388940723619e-16
4890.33281563	7.993290575166e-16
4892.25393444	7.384323119880e-16
4894.17505324	7.552701093695e-16
4896.09617204	7.815003904054e-16
4898.01729084	7.724205677877e-16
4899.93840964	7.965801179654e-16
4901.85952845	7.845042868737e-16
4903.78064725	7.636569002177e-16
4905.70176605	7.721705342496e-16
4907.62288485	7.974681790710e-16
4909.54400366	8.122267223253e-16
4911.46512246	7.891539154190e-16
4913.38624126	7.854788512191e-16
4915.30736006	7.904378585484e-16
4917.22847887	8.184614671522e-16
4919.14959767	8.026784375482e-16
4921.07071647	8.089341993802e-16
4922.99183527	7.939836443447e-16
4924.91295408	8.269555135473e-16
4926.83407288	8.119143259864e-16
4928.75519168	7.949894959695e-16
4930.67631048	7.697019626040e-16
4932.59742929	8.014550043351e-16
4934.51854809	8.248599010962e-16
4936.43966689	8.181757523512e-16
4938.36078569	7.967757825762e-16
4940.28190450	7.917125901944e-16
4942.20302330	8.264229415817e-16
4944.12414210	8.184754431959e-16
4946.04526090	8.457471512404e-16
4947.96637971	8.571719845725e-16
4949.88749851	8.490675733332e-16
4951.80861731	8.404618244682e-16
4953.72973611	8.527487785219e-16
4955.65085492	8.713610569884e-16
4957.57197372	8.910329207324e-16
4959.49309252	8.579566547190e-16
4961.41421132	8.855081483339e-16
4963.33533013	9.279390991563e-16
4965.25644893	9.402695695277e-16
4967.17756773	9.413441367004e-16
4969.09868653	9.315324246768e-16
4971.01980534	9.313204546817e-16
4972.94092414	1.012148467794e-15
4974.86204294	9.735511880912e-16
4976.78316174	9.639699749084e-16
4978.70428055	1.022881116390e-15
4980.62539935	1.001132910194e-15
4982.54651815	9.726148990472e-16
4984.46763695	9.920847983728e-16
4986.38875576	9.516379163502e-16
4988.30987456	1.022323451073e-15
4990.23099336	1.008227658161e-15
4992.15211216	1.059386648230e-15
4994.07323097	1.058585460941e-15
4995.99434977	1.078293694162e-15
4997.91546857	1.061151123738e-15
4999.83658737	1.018608682204e-15
5001.75770618	1.056299742533e-15
5003.67882498	1.016564474065e-15
5005.59994378	1.037091046992e-15
5007.52106258	1.009278826048e-15
5009.44218139	1.006471335345e-15
5011.36330019	1.036249202122e-15
5013.28441899	1.018776818244e-15
5015.20553779	1.030459837806e-15
5017.12665660	9.939944341523e-16
5019.04777540	9.712992451218e-16
5020.96889420	9.847675983788e-16
5022.89001300	9.703294982764e-16
5024.81113181	9.451471028754e-16
5026.73225061	9.166585261230e-16
5028.65336941	9.001660534861e-16
5030.57448821	9.062912663651e-16
5032.49560702	9.189988781563e-16
5034.41672582	9.571111256180e-16
5036.33784462	9.486191968053e-16
5038.25896342	8.816791358958e-16
5040.18008223	8.654122916603e-16
5042.10120103	8.975477687671e-16
5044.02231983	8.696587325227e-16
5045.94343863	9.307156731574e-16
5047.86455744	8.905608057434e-16
5049.78567624	8.508759357360e-16
5051.70679504	8.842957794886e-16
5053.62791384	8.891950709951e-16
5055.54903265	8.465285391342e-16
5057.47015145	8.555706687857e-16
5059.39127025	8.344722956795e-16
5061.31238905	8.530124175268e-16
5063.23350786	8.459053875828e-16
5065.15462666	8.488053636964e-16
5067.07574546	8.839678189193e-16
5068.99686426	8.657631221191e-16
5070.91798307	8.529744598628e-16
5072.83910187	8.516365713226e-16
5074.76022067	8.589651003823e-16
5076.68133947	8.219664365484e-16
5078.60245828	8.261075806275e-16
5080.52357708	8.245861506356e-16
5082.44469588	8.505461752217e-16
5084.36581468	8.000128778028e-16
5086.28693349	8.549946863816e-16
5088.20805229	8.552446669801e-16
5090.12917109	8.163646900309e-16
5092.05028989	8.627043273279e-16
5093.97140870	8.591789762015e-16
5095.89252750	8.400788596969e-16
5097.81364630	8.104515000865e-16
5099.73476510	8.246232612666e-16
5101.65588391	8.294648486535e-16
5103.57700271	8.330162989827e-16
5105.49812151	8.283064781586e-16
5107.41924031	8.793004026822e-16
5109.34035912	8.670528356605e-16
5111.26147792	8.374827037136e-16
5113.18259672	8.678652990755e-16
5115.10371552	8.821735913788e-16
5117.02483433	8.898368043317e-16
5118.94595313	8.889935830327e-16
5120.86707193	8.677913425113e-16
5122.78819073	8.673185393081e-16
5124.70930954	8.889465727042e-16
5126.63042834	9.049568718358e-16
5128.55154714	8.653688282822e-16
5130.47266594	8.746851319108e-16
5132.39378475	8.697325832078e-16
5134.31490355	8.435291954680e-16
5136.23602235	8.524994331981e-16
5138.15714115	8.988891513182e-16
5140.07825996	9.158392335048e-16
5141.99937876	9.124070560025e-16
5143.92049756	9.078507599001e-16
5145.84161636	8.617944021843e-16
5147.76273517	8.992947742208e-16
5149.68385397	9.047119734349e-16
5151.60497277	8.937075331424e-16
5153.52609157	9.225242292827e-16
5155.44721038	9.365030257695e-16
5157.36832918	9.072795420563e-16
5159.28944798	8.655944566835e-16
5161.21056678	9.056413803363e-16
5163.13168559	8.871141228019e-16
5165.05280439	9.114869664636e-16
5166.97392319	8.995878476205e-16
5168.89504199	9.128098201689e-16
5170.81616080	8.787853007711e-16
5172.73727960	8.547855751227e-16
5174.65839840	9.256167465732e-16
5176.57951720	8.782592933109e-16
5178.50063601	8.789968472497e-16
5180.42175481	8.774863228069e-16
5182.34287361	8.943684305995e-16
5184.26399241	9.090447587184e-16
5186.18511122	8.600958893669e-16
5188.10623002	9.154054467567e-16
5190.02734882	9.286246664480e-16
5191.94846762	9.108159046111e-16
5193.86958643	8.858002158820e-16
5195.79070523	8.999061202505e-16
5197.71182403	9.256442751440e-16
5199.63294283	9.088025072955e-16
5201.55406164	8.853701349031e-16
5203.47518044	9.074668422168e-16
5205.39629924	8.867600100904e-16
5207.31741804	8.626121595554e-16
5209.23853685	8.871731504104e-16
5211.15965565	9.260277693108e-16
5213.08077445	9.779199722749e-16
5215.00189325	9.750728827810e-16
5216.92301206	9.316077047300e-16
5218.84413086	9.101054557266e-16
5220.76524966	9.420145632782e-16
5222.68636846	9.379124885938e-16
5224.60748727	9.239129397998e-16
5226.52860607	9.422567088220e-16
5228.44972487	9.769467314185e-16
5230.37084367	9.861704966977e-16
5232.29196248	9.836709024703e-16
5234.21308128	9.343596088965e-16
5236.13420008	9.686994892485e-16
5238.05531888	9.391680031798e-16
5239.97643769	9.234010142623e-16
5241.89755649	9.671129965383e-16
5243.81867529	9.503354973147e-16
5245.73979409	9.649002288427e-16
5247.66091290	9.629281243833e-16
5249.58203170	9.719051913165e-16
5251.50315050	9.603693437287e-16
5253.42426930	1.005424190863e-15
5255.34538811	9.856449127539e-16
5257.26650691	9.990358683753e-16
5259.18762571	1.028741525594e-15
5261.10874451	1.055903225234e-15
5263.02986332	1.043471322667e-15
5264.95098212	1.050638597830e-15
5266.87210092	1.066354235375e-15
5268.79321972	1.044320473197e-15
5270.71433853	1.110773278404e-15
5272.63545733	1.032282017434e-15
5274.55657613	1.083261118881e-15
5276.47769493	1.103123088582e-15
5278.39881374	1.082833049605e-15
5280.31993254	1.135920204300e-15
5282.24105134	1.118674719373e-15
5284.16217014	1.109059942509e-15
5286.08328895	1.152262328589e-15
5288.00440775	1.113259214225e-15
5289.92552655	1.143491090662e-15
5291.84664535	1.171042743095e-15
5293.76776416	1.187268188595e-15
5295.68888296	1.204884885711e-15
5297.61000176	1.215621345955e-15
5299.53112056	1.200133136756e-15
5301.45223937	1.260773919516e-15
5303.37335817	1.291596177917e-15
5305.29447697	1.268839578998e-15
5307.21559577	1.308031369951e-15
5309.13671458	1.303173000724e-15
5311.05783338	1.310738275492e-15
5312.97895218	1.321823713311e-15
5314.90007098	1.334469068180e-15
5316.82118979	1.327552938287e-15
5318.74230859	1.322108845776e-15
5320.66342739	1.352977585111e-15
5322.58454619	1.353914509429e-15
5324.50566500	1.340154882718e-15
5326.42678380	1.351144076417e-15
5328.34790260	1.374684604329e-15
5330.26902140	1.358855040852e-15
5332.19014021	1.400206342304e-15
5334.11125901	1.411496656217e-15
5336.03237781	1.399560479682e-15
5337.95349661	1.463373189071e-15
5339.87461542	1.452304797791e-15
5341.79573422	1.471813237116e-15
5343.71685302	1.478375730754e-15
5345.63797182	1.443144559983e-15
5347.55909063	1.461364873953e-15
5349.48020943	1.518691852065e-15
5351.40132823	1.534100651925e-15
5353.32244703	1.446452223642e-15
5355.24356584	1.484281244462e-15
5357.16468464	1.527056725936e-15
5359.08580344	1.508232265716e-15
5361.00692224	1.547546135293e-15
5362.92804105	1.551155342681e-15
5364.84915985	1.546290408948e-15
5366.77027865	1.540643981443e-15
5368.69139745	1.528703357985e-15
5370.61251626	1.581061429070e-15
5372.53363506	1.587897090834e-15
5374.45475386	1.542673895901e-15
5376.37587266	1.515280638628e-15
5378.29699147	1.505059280296e-15
5380.21811027	1.535237899536e-15
5382.13922907	1.546655586028e-15
5384.06034787	1.566047028926e-15
5385.98146668	1.562751753124e-15
5387.90258548	1.555343073572e-15
5389.82370428	1.572944418216e-15
5391.74482308	1.583234597976e-15
5393.66594189	1.638964707224e-15
5395.58706069	1.604950087524e-15
5397.50817949	1.627124563050e-15
5399.42929829	1.618993470273e-15
5401.35041710	1.619566276303e-15
5403.27153590	1.627243994695e-15
5405.19265470	1.594195098434e-15
5407.11377350	1.608298620522e-15
5409.03489231	1.642983560921e-15
5410.95601111	1.596101134324e-15
5412.87712991	1.576985718286e-15
5414.79824871	1.588489590380e-15
5416.71936752	1.602770248234e-15
5418.64048632	1.611886652087e-15
5420.56160512	1.604807574230e-15
5422.48272392	1.641274142555e-15
5424.40384273	1.573206680792e-15
5426.32496153	1.585164033150e-15
5428.24608033	1.618306103036e-15
5430.16719913	1.566872568413e-15
5432.08831794	1.560587478065e-15
5434.00943674	1.526731994680e-15
5435.93055554	1.596655940904e-15
5437.85167434	1.540098280466e-15
5439.77279315	1.544477440804e-15
5441.69391195	1.575468047003e-15
5443.61503075	1.565920291622e-15
5445.53614955	1.500339824472e-15
5447.45726836	1.563109412786e-15
5449.37838716	1.581199177803e-15
5451.29950596	1.539000419888e-15
5453.22062476	1.505331177872e-15
5455.14174357	1.524695727474e-15
5457.06286237	1.535445846125e-15
5458.98398117	1.546565271140e-15
5460.90509997	1.609820315212e-15
5462.82621878	1.560768319599e-15
5464.74733758	1.586010854339e-15
5466.66845638	1.520708743392e-15
5468.58957518	1.532293930649e-15
5470.51069399	1.565773966680e-15
5472.43181279	1.534416595215e-15
5474.35293159	1.577679861787e-15
5476.27405039	1.571361207758e-15
5478.19516920	1.562225533906e-15
5480.11628800	1.552940358738e-15
5482.03740680	1.548905729052e-15
5483.95852560	1.577699131786e-15
5485.87964441	1.595079506710e-15
5487.80076321	1.600638901580e-15
5489.72188201	1.588719665705e-15
5491.64300081	1.550181995945e-15
5493.56411962	1.535780318260e-15
5495.48523842	1.583936047135e-15
5497.40635722	1.574187333187e-15
5499.32747602	1.597358448855e-15
5501.24859483	1.643619682665e-15
5503.16971363	1.669425282556e-15
5505.09083243	1.634370718155e-15
5507.01195123	1.647034072475e-15
5508.93307004	1.669793318372e-15
5510.85418884	1.630425768083e-15
5512.77530764	1.651112006720e-15
5514.69642644	1.720484005101e-15
5516.61754525	1.696711072524e-15
5518.53866405	1.715024136602e-15
5520.45978285	1.720761408391e-15
5522.38090165	1.712898930937e-15
5524.30202046	1.721201442007e-15
5526.22313926	1.768442481178e-15
5528.14425806	1.697841861508e-15
5530.06537686	1.709283794318e-15
5531.98649566	1.767744208393e-15
5533.90761447	1.765915993655e-15
5535.82873327	1.724503176435e-15
5537.74985207	1.710790454173e-15
5539.67097087	1.705309515730e-15
5541.59208968	1.754784921937e-15
5543.51320848	1.751094611144e-15
5545.43432728	1.694415189720e-15
5547.35544608	1.677165363749e-15
5549.27656489	1.738972510878e-15
5551.19768369	1.730939462164e-15
5553.11880249	1.718738693713e-15
5555.03992129	1.688123640746e-15
5556.96104010	1.705318197817e-15
5558.88215890	1.693230402385e-15
5560.80327770	1.653401960293e-15
5562.72439650	1.669628041068e-15
5564.64551531	1.721199430304e-15
5566.56663411	1.697533541516e-15
5568.48775291	1.680286786039e-15
5570.40887171	1.672843801652e-15
5572.32999052	1.648840264356e-15
5574.25110932	1.611901475163e-15
5576.17222812	1.651420750230e-15
5578.09334692	1.628948542623e-15
5580.01446573	1.621422337249e-15
5581.93558453	1.637548997532e-15
5583.85670333	1.663235906932e-15
5585.77782213	1.632953314397e-15
5587.69894094	1.621189720826e-15
5589.62005974	1.588519977687e-15
5591.54117854	1.607842493280e-15
5593.46229734	1.570896186670e-15
5595.38341615	1.544617201240e-15
5597.30453495	1.529274681708e-15
5599.22565375	1.574030420333e-15
5601.14677255	1.513873716903e-15
5603.06789136	1.536855732465e-15
5604.98901016	1.546436204494e-15
5606.91012896	1.522617955655e-15
5608.83124776	1.498337438584e-15
5610.75236657	1.491649266433e-15
5612.67348537	1.539659093883e-15
5614.59460417	1.504954671727e-15
5616.51572297	1.491455084130e-15
5618.43684178	1.487620989494e-15
5620.35796058	1.464187399492e-15
5622.27907938	1.439400780235e-15
5624.20019818	1.436081258115e-15
5626.12131699	1.413620379574e-15
5628.04243579	1.380268139638e-15
5629.96355459	1.348225624397e-15
5631.88467339	1.426741978718e-15
5633.80579220	1.398485594872e-15
5635.72691100	1.371476043525e-15
5637.64802980	1.369947890209e-15
5639.56914860	1.354217641345e-15
5641.49026741	1.342459553488e-15
5643.41138621	1.338594012754e-15
5645.33250501	1.322562855436e-15
5647.25362381	1.331449501602e-15
5649.17474262	1.340910330227e-15
5651.09586142	1.270583302199e-15
5653.01698022	1.246096850244e-15
5654.93809902	1.221006463797e-15
5656.85921783	1.237528264949e-15
5658.78033663	1.243658136509e-15
5660.70145543	1.267255203870e-15
5662.62257423	1.255295098655e-15
5664.54369304	1.234394984198e-15
5666.46481184	1.275043460062e-15
5668.38593064	1.265722497752e-15
5670.30704944	1.165899347281e-15
5672.22816825	1.188325709230e-15
5674.14928705	1.208279793764e-15
5676.07040585	1.198944643652e-15
5677.99152465	1.187826489187e-15
5679.91264346	1.232080149032e-15
5681.83376226	1.214235176537e-15
5683.75488106	1.184571341570e-15
5685.67599986	1.185855337639e-15
5687.59711867	1.170545640634e-15
5689.51823747	1.144495142341e-15
5691.43935627	1.143832868456e-15
5693.36047507	1.137590976788e-15
5695.28159388	1.104123116856e-15
5697.20271268	1.085731913988e-15
5699.12383148	1.084816271372e-15
5701.04495028	1.040118554504e-15
5702.96606909	1.037808166261e-15
5704.88718789	1.058214354631e-15
5706.80830669	1.015600232934e-15
5708.72942549	1.011998013567e-15
5710.65054430	9.662956097442e-16
5712.57166310	9.440089023525e-16
5714.49278190	9.082433596712e-16
5716.41390070	9.145727074904e-16
5718.33501951	9.265976107261e-16
5720.25613831	9.143835015058e-16
5722.17725711	9.043272087186e-16
5724.09837591	8.811808158251e-16
5726.01949472	9.159593004251e-16
5727.94061352	9.251400787821e-16
5729.86173232	9.203222612572e-16
5731.78285112	9.073780096364e-16
5733.70396993	9.205351841644e-16
5735.62508873	9.122540606764e-16
5737.54620753	9.102283813830e-16
5739.46732633	9.467802882768e-16
5741.38844514	9.467565713543e-16
5743.30956394	9.261227428800e-16
5745.23068274	9.307807888152e-16
5747.15180154	9.563792891516e-16
5749.07292035	9.611387672822e-16
5750.99403915	9.770787626792e-16
5752.91515795	9.829381130918e-16
5754.83627675	1.010094412897e-15
5756.75739556	1.020353252438e-15
5758.67851436	1.018543354788e-15
5760.59963316	1.030454332092e-15
5762.52075196	1.057385638771e-15
5764.44187077	1.109073706795e-15
5766.36298957	1.097397145859e-15
5768.28410837	1.123908641833e-15
5770.20522717	1.131557349347e-15
5772.12634598	1.152653869568e-15
5774.04746478	1.150604261594e-15
5775.96858358	1.142735643152e-15
5777.88970238	1.182681293428e-15
5779.81082119	1.174865932182e-15
5781.73193999	1.199427875949e-15
5783.65305879	1.191909929146e-15
5785.57417759	1.172317633560e-15
5787.49529640	1.208303087170e-15
5789.41641520	1.197590661486e-15
5791.33753400	1.214535449717e-15
5793.25865280	1.266659422071e-15
5795.17977161	1.262237168933e-15
5797.10089041	1.228280253352e-15
5799.02200921	1.252486549160e-15
5800.94312801	1.275293970056e-15
5802.86424682	1.262469679477e-15
5804.78536562	1.283911365624e-15
5806.70648442	1.341857313063e-15
5808.62760322	1.339709343387e-15
5810.54872203	1.334000976598e-15
5812.46984083	1.361531453208e-15
5814.39095963	1.347945680008e-15
5816.31207843	1.374068387860e-15
5818.23319724	1.376228110117e-15
5820.15431604	1.359384012928e-15
5822.07543484	1.395878215702e-15
5823.99655364	1.406413611500e-15
5825.91767245	1.433849432178e-15
5827.83879125	1.454787133722e-15
5829.75991005	1.440376879828e-15
5831.68102885	1.418849537474e-15
5833.60214766	1.465546569735e-15
5835.52326646	1.483530032117e-15
5837.44438526	1.470882136149e-15
5839.36550406	1.494774288613e-15
5841.28662287	1.525182030265e-15
5843.20774167	1.508209925222e-15
5845.12886047	1.495034010090e-15
5847.04997927	1.491820684726e-15
5848.97109808	1.522712717466e-15
5850.89221688	1.524243094243e-15
5852.81333568	1.535753636722e-15
5854.73445448	1.506152164556e-15
5856.65557329	1.498143468040e-15
5858.57669209	1.534945249653e-15
5860.49781089	1.501261819835e-15
5862.41892969	1.547879548636e-15
5864.34004850	1.609781457576e-15
5866.26116730	1.592606699900e-15
5868.18228610	1.571994576645e-15
5870.10340490	1.601024725088e-15
5872.02452371	1.640703771744e-15
5873.94564251	1.619674061246e-15
5875.86676131	1.617947702220e-15
5877.78788011	1.637030507489e-15
5879.70899892	1.655656444362e-15
5881.63011772	1.649024811659e-15
5883.55123652	1.693910463963e-15
5885.47235532	1.690596341678e-15
5887.39347413	1.686706554626e-15
5889.31459293	1.685478145094e-15
5891.23571173	1.728332082994e-15
5893.15683053	1.709677135243e-15
5895.07794934	1.684824341538e-15
5896.99906814	1.729428567144e-15
5898.92018694	1.732189682794e-15
5900.84130574	1.744598503713e-15
5902.76242455	1.746164879391e-15
5904.68354335	1.714663194687e-15
5906.60466215	1.730794619530e-15
5908.52578095	1.783807129446e-15
5910.44689976	1.729815237685e-15
5912.36801856	1.742195471242e-15
5914.28913736	1.745300905785e-15
5916.21025616	1.755582932852e-15
5918.13137497	1.787735668255e-15
5920.05249377	1.769665808513e-15
5921.97361257	1.729051743362e-15
5923.89473137	1.729665418732e-15
5925.81585018	1.674827129298e-15
5927.73696898	1.542930335126e-15
5929.65808778	1.603202658553e-15
5931.57920658	1.680367677686e-15
5933.50032539	1.615026603222e-15
5935.42144419	1.639119820132e-15
5937.34256299	1.672815214291e-15
5939.26368179	1.697291925367e-15
5941.18480060	1.697331735916e-15
5943.10591940	1.730638236072e-15
5945.02703820	1.715146426983e-15
5946.94815700	1.734763815921e-15
5948.86927581	1.748216393189e-15
5950.79039461	1.778882056374e-15
5952.71151341	1.747552213479e-15
5954.63263221	1.749793039141e-15
5956.55375102	1.729594691481e-15
5958.47486982	1.713792762455e-15
5960.39598862	1.745153098535e-15
5962.31710742	1.740363868373e-15
5964.23822623	1.738219710346e-15
5966.15934503	1.755335493353e-15
5968.08046383	1.774389499501e-15
5970.00158263	1.793437047023e-15
5971.92270144	1.785646461491e-15
5973.84382024	1.788318003407e-15
5975.76493904	1.795753470376e-15
5977.68605784	1.786092000821e-15
5979.60717665	1.788182266377e-15
5981.52829545	1.756624677498e-15
5983.44941425	1.742439628489e-15
5985.37053305	1.769876931475e-15
5987.29165186	1.746634453281e-15
5989.21277066	1.761306863873e-15
5991.13388946	1.770757422223e-15
5993.05500826	1.799134825901e-15
5994.97612707	1.788061775940e-15
5996.89724587	1.793556478669e-15
5998.81836467	1.726728649625e-15
6000.73948347	1.678278365042e-15
6002.66060228	1.722002205779e-15
6004.58172108	1.735589249528e-15
6006.50283988	1.728735270677e-15
6008.42395868	1.725732962396e-15
6010.34507749	1.740511569743e-15
6012.26619629	1.699183138180e-15
6014.18731509	1.670273056658e-15
6016.10843389	1.714571609250e-15
6018.02955270	1.690637846292e-15
6019.95067150	1.657379521134e-15
6021.87179030	1.673705763555e-15
6023.79290910	1.648788595346e-15
6025.71402791	1.640786357456e-15
6027.63514671	1.652706546244e-15
6029.55626551	1.649788200103e-15
6031.47738431	1.693940004237e-15
6033.39850312	1.651362199077e-15
6035.31962192	1.615062708002e-15
6037.24074072	1.604980368951e-15
6039.16185952	1.623968518288e-15
6041.08297833	1.614605627848e-15
6043.00409713	1.611935462360e-15
6044.92521593	1.598700996076e-15
6046.84633473	1.618821946101e-15
6048.76745354	1.558620773441e-15
6050.68857234	1.528336380961e-15
6052.60969114	1.545093869031e-15
6054.53080994	1.556539825247e-15
6056.45192875	1.540917361326e-15
6058.37304755	1.541130813629e-15
6060.29416635	1.509904414633e-15
6062.21528515	1.510189758857e-15
6064.13640396	1.546234504774e-15
6066.05752276	1.497621166348e-15
6067.97864156	1.491945092690e-15
6069.89976036	1.489394888244e-15
6071.82087917	1.488820070510e-15
6073.74199797	1.490207086961e-15
6075.66311677	1.450441960582e-15
6077.58423557	1.445700693660e-15
6079.50535438	1.439697982921e-15
6081.42647318	1.435568909061e-15
6083.34759198	1.429638831397e-15
6085.26871078	1.446782566492e-15
6087.18982959	1.450187215423e-15
6089.11094839	1.405983954038e-15
6091.03206719	1.431539361573e-15
6092.95318599	1.390906873456e-15
6094.87430480	1.343837570214e-15
6096.79542360	1.374129691869e-15
6098.71654240	1.389862164194e-15
6100.63766120	1.403759645518e-15
6102.55878001	1.365454274544e-15
6104.47989881	1.382010592290e-15
6106.40101761	1.387663266663e-15
6108.32213641	1.405579707564e-15
6110.24325522	1.384848576180e-15
6112.16437402	1.385651986930e-15
6114.08549282	1.382157340748e-15
6116.00661162	1.367256548898e-15
6117.92773043	1.366857914017e-15
6119.84884923	1.327333133237e-15
6121.76996803	1.367131399780e-15
6123.69108683	1.384462964430e-15
6125.61220564	1.351285742678e-15
6127.53332444	1.350951164663e-15
6129.45444324	1.359845857642e-15
6131.37556204	1.328873992047e-15
6133.29668085	1.277427751930e-15
6135.21779965	1.318745277943e-15
6137.13891845	1.302961030729e-15
6139.06003725	1.280498669880e-15
6140.98115606	1.243106929819e-15
6142.90227486	1.259613802016e-15
6144.82339366	1.279729034568e-15
6146.74451246	1.237831926261e-15
6148.66563127	1.235004000887e-15
6150.58675007	1.244344233197e-15
6152.50786887	1.212202720980e-15
6154.42898767	1.234585672490e-15
6156.35010648	1.267217299146e-15
6158.27122528	1.213539868366e-15
6160.19234408	1.167525227023e-15
6162.11346288	1.193627076689e-15
6164.03458168	1.178485409844e-15
6165.95570049	1.146889492725e-15
6167.87681929	1.131429341493e-15
6169.79793809	1.148699072738e-15
6171.71905689	1.149473578489e-15
6173.64017570	1.149937752544e-15
6175.56129450	1.123135936027e-15
6177.48241330	1.118956146070e-15
6179.40353210	1.138822245056e-15
6181.32465091	1.121682639248e-15
6183.24576971	1.117258374406e-15
6185.16688851	1.136627476811e-15
6187.08800731	1.137188847897e-15
6189.00912612	1.140900863909e-15
6190.93024492	1.110436794565e-15
6192.85136372	1.098315541332e-15
6194.77248252	1.107169894367e-15
6196.69360133	1.125385761414e-15
6198.61472013	1.111710096843e-15
6200.53583893	1.099343309934e-15
6202.45695773	1.101937242456e-15
6204.37807654	1.092527129928e-15
6206.29919534	1.084032024742e-15
6208.22031414	1.116426376293e-15
6210.14143294	1.120055912472e-15
6212.06255175	1.100214165683e-15
6213.98367055	1.082590692303e-15
6215.90478935	1.121688991995e-15
6217.82590815	1.088916440233e-15
6219.74702696	1.098790938573e-15
6221.66814576	1.099597525697e-15
6223.58926456	1.139042367743e-15
6225.51038336	1.044943465930e-15
6227.43150217	1.044411317481e-15
6229.35262097	1.073776785092e-15
6231.27373977	1.080160025382e-15
6233.19485857	1.064617500196e-15
6235.11597738	1.040828897509e-15
6237.03709618	1.036087630587e-15
6238.95821498	1.023549213627e-15
6240.87933378	9.932218342253e-16
6242.80045259	9.824260816752e-16
6244.72157139	9.731430240898e-16
6246.64269019	9.759798433093e-16
6248.56380899	9.753762264552e-16
6250.48492780	9.235023405786e-16
6252.40604660	9.159797350949e-16
6254.32716540	9.145596843588e-16
6256.24828420	9.170627725971e-16
6258.16940301	8.729671373355e-16
6260.09052181	8.376882150824e-16
6262.01164061	8.631334024553e-16
6263.93275941	8.340341678875e-16
6265.85387822	8.211838839843e-16
6267.77499702	8.120110465611e-16
6269.69611582	7.980208151295e-16
6271.61723462	8.203946610357e-16
6273.53835343	8.170596805641e-16
6275.45947223	8.134540201263e-16
6277.38059103	7.759125140524e-16
6279.30170983	7.625251053814e-16
6281.22282864	7.749610313548e-16
6283.14394744	7.599941709351e-16
6285.06506624	7.583741674839e-16
6286.98618504	7.540748400018e-16
6288.90730385	7.460385090357e-16
6290.82842265	7.510223450182e-16
6292.74954145	7.272822349681e-16
6294.67066025	7.330240595593e-16
6296.59177906	7.514429498160e-16
6298.51289786	7.724315262765e-16
6300.43401666	7.478210369336e-16
6302.35513546	6.970340002074e-16
6304.27625427	7.276311066633e-16
6306.19737307	7.116833820906e-16
6308.11849187	7.114094198717e-16
6310.03961067	7.174932869549e-16
6311.96072948	7.179822367237e-16
6313.88184828	7.295503245031e-16
6315.80296708	7.116108019549e-16
6317.72408588	6.839066835909e-16
6319.64520469	7.049969569445e-16
6321.56632349	7.089302073747e-16
6323.48744229	6.631520999821e-16
6325.40856109	6.908106903252e-16
6327.32967990	7.425664151057e-16
6329.25079870	7.497851475196e-16
6331.17191750	7.188787152193e-16
6333.09303630	7.102251089928e-16
6335.01415511	6.860361773598e-16
6336.93527391	6.894274855224e-16
6338.85639271	7.333329618873e-16
6340.77751151	7.221292041544e-16
6342.69863032	7.147058603442e-16
6344.61974912	7.264965060304e-16
6346.54086792	7.183335436386e-16
6348.46198672	7.216343780945e-16
6350.38310553	7.162584717365e-16
6352.30422433	7.168814644692e-16
6354.22534313	7.323071520486e-16
6356.14646193	7.079886773142e-16
6358.06758074	7.000209030772e-16
6359.98869954	7.140013936299e-16
6361.90981834	7.540170300032e-16
6363.83093714	7.523345049326e-16
6365.75205595	7.504871260746e-16
6367.67317475	7.676691364701e-16
6369.59429355	7.743143216996e-16
6371.51541235	7.867021256136e-16
6373.43653116	7.731475338147e-16
6375.35764996	7.687995019382e-16
6377.27876876	8.231557766855e-16
6379.19988756	8.434411040415e-16
6381.12100637	8.360769995980e-16
6383.04212517	8.377058968952e-16
6384.96324397	8.779439852962e-16
6386.88436277	9.192303299091e-16
6388.80548158	9.222194033009e-16
6390.72660038	9.140024425587e-16
6392.64771918	9.346484471315e-16
6394.56883798	9.794111737786e-16
6396.48995679	9.659256681045e-16
6398.41107559	9.868582874508e-16
6400.33219439	1.022092528716e-15
6402.25331319	1.015695841777e-15
6404.17443200	9.999594519251e-16
6406.09555080	1.041759151444e-15
6408.01666960	1.076366164811e-15
6409.93778840	1.054654169274e-15
6411.85890721	1.061925100094e-15
6413.78002601	1.096591935163e-15
6415.70114481	1.087191034119e-15
6417.62226361	1.116051140698e-15
6419.54338242	1.149764534306e-15
6421.46450122	1.134028885608e-15
6423.38562002	1.151404390092e-15
6425.30673882	1.151564055803e-15
6427.22785763	1.177215707456e-15
6429.14897643	1.159296831336e-15
6431.07009523	1.163408011625e-15
6432.99121403	1.235366954505e-15
6434.91233284	1.181646007408e-15
6436.83345164	1.197727986703e-15
6438.75457044	1.254397031973e-15
6440.67568924	1.252097761038e-15
6442.59680805	1.254684917296e-15
6444.51792685	1.284721235001e-15
6446.43904565	1.320111330329e-15
6448.36016445	1.317714438846e-15
6450.28128326	1.367581597792e-15
6452.20240206	1.352732792589e-15
6454.12352086	1.306600096029e-15
6456.04463966	1.346358022628e-15
6457.96575847	1.388683517848e-15
6459.88687727	1.385123438371e-15
6461.80799607	1.354751377981e-15
6463.72911487	1.376039327649e-15
6465.65023368	1.427474979855e-15
6467.57135248	1.427237492992e-15
6469.49247128	1.418940275878e-15
6471.41359008	1.430182944187e-15
6473.33470889	1.427852227153e-15
6475.25582769	1.417432239595e-15
6477.17694649	1.406029270300e-15
6479.09806529	1.428924570865e-15
6481.01918410	1.446095305134e-15
6482.94030290	1.423523253518e-15
6484.86142170	1.433984957450e-15
6486.78254050	1.464923894639e-15
6488.70365931	1.470748199064e-15
6490.62477811	1.483457399042e-15
6492.54589691	1.478108385980e-15
6494.46701571	1.471467012399e-15
6496.38813452	1.479606363747e-15
6498.30925332	1.464285867072e-15
6500.23037212	1.484223540343e-15
6502.15149092	1.481955821385e-15
6504.07260973	1.460826055120e-15
6505.99372853	1.467581884028e-15
6507.91484733	1.464205716579e-15
6509.83596613	1.466184703181e-15
6511.75708494	1.502649048044e-15
6513.67820374	1.471534775034e-15
6515.59932254	1.475509477139e-15
6517.52044134	1.522455642966e-15
6519.44156015	1.510915771972e-15
6521.36267895	1.528991984462e-15
6523.28379775	1.569164957205e-15
6525.20491655	1.544484428826e-15
6527.12603536	1.524877521921e-15
6529.04715416	1.585938009506e-15
6530.96827296	1.612689851079e-15
6532.88939176	1.608631080954e-15
6534.81051057	1.627669522872e-15
6536.73162937	1.631452054377e-15
6538.65274817	1.650449944593e-15
6540.57386697	1.684316651165e-15
6542.49498578	1.711456751465e-15
6544.41610458	1.725045595159e-15
6546.33722338	1.720394537245e-15
6548.25834218	1.719686205943e-15
6550.17946099	1.748511584171e-15
6552.10057979	1.751784942996e-15
6554.02169859	1.752668398360e-15
6555.94281739	1.820243522222e-15
6557.86393620	1.781168198299e-15
6559.78505500	1.796367992779e-15
6561.70617380	1.792685305283e-15
6563.62729260	1.803303286793e-15
6565.54841141	1.826322677684e-15
6567.46953021	1.797782749559e-15
6569.39064901	1.838406873226e-15
6571.31176781	1.839913321323e-15
6573.23288662	1.839517121662e-15
6575.15400542	1.831405722401e-15
6577.07512422	1.842713612246e-15
6578.99624302	1.851857332912e-15
6580.91736183	1.844916744942e-15
6582.83848063	1.842102477975e-15
6584.75959943	1.842730341147e-15
6586.68071823	1.834997565613e-15
6588.60183704	1.861055263686e-15
6590.52295584	1.848665077492e-15
6592.44407464	1.866056146207e-15
6594.36519344	1.834807830233e-15
6596.28631225	1.814721714438e-15
6598.20743105	1.851764794563e-15
6600.12854985	1.910458036818e-15
6602.04966865	1.960530813012e-15
6603.97078746	1.961497701121e-15
6605.89190626	1.902912032050e-15
6607.81302506	1.880303028621e-15
6609.73414386	1.907648005016e-15
6611.65526267	1.929780764169e-15
6613.57638147	1.916873464361e-15
6615.49750027	1.917154467541e-15
6617.41861907	1.935952246223e-15
6619.33973788	1.942267723878e-15
6621.26085668	1.942795001887e-15
6623.18197548	1.933095839367e-15
6625.10309428	1.971694707257e-15
6627.02421309	1.945384593365e-15
6628.94533189	1.873785321851e-15
6630.86645069	1.904429491575e-15
6632.78756949	1.887064257365e-15
6634.70868830	1.901621153838e-15
6636.62980710	1.913512014110e-15
6638.55092590	1.886714432757e-15
6640.47204470	1.921433042716e-15
6642.39316351	1.884005621392e-15
6644.31428231	1.874470571505e-15
6646.23540111	1.899650743444e-15
6648.15651991	1.896744996919e-15
6650.07763872	1.893261997440e-15
6651.99875752	1.860537091281e-15
6653.91987632	1.888115848769e-15
6655.84099512	1.905791097037e-15
6657.76211393	1.905250690017e-15
6659.68323273	1.918841545414e-15
6661.60435153	1.907279122167e-15
6663.52547033	1.883137836138e-15
6665.44658914	1.892643239872e-15
6667.36770794	1.882713472631e-15
6669.28882674	1.844319163198e-15
6671.20994554	1.881707621006e-15
6673.13106435	1.852080737852e-15
6675.05218315	1.827428055680e-15
6676.97330195	1.893240821616e-15
6678.89442075	1.877088750345e-15
6680.81553956	1.835894573505e-15
6682.73665836	1.885344992240e-15
6684.65777716	1.835523573074e-15
6686.57889596	1.896757278897e-15
6688.50001477	1.895645124637e-15
6690.42113357	1.852816597725e-15
6692.34225237	1.840700003173e-15
6694.26337117	1.846140707551e-15
6696.18448998	1.906727703719e-15
6698.10560878	1.853009297720e-15
6700.02672758	1.842712976972e-15
6701.94784638	1.885157374442e-15
6703.86896519	1.947547915513e-15
6705.79008399	1.886243270680e-15
6707.71120279	1.850584665909e-15
6709.63232159	1.877943830105e-15
6711.55344040	1.877064186389e-15
6713.47455920	1.880565608835e-15
6715.39567800	1.869497217555e-15
6717.31679680	1.861433675655e-15
6719.23791561	1.880948891244e-15
6721.15903441	1.875686063784e-15
6723.08015321	1.902689474143e-15
6725.00127201	1.918304103009e-15
6726.92239082	1.885396237733e-15
6728.84350962	1.889029373802e-15
6730.76462842	1.861183589178e-15
6732.68574722	1.853049320027e-15
6734.60686603	1.848091000912e-15
6736.52798483	1.806941505060e-15
6738.44910363	1.838114223343e-15
6740.37022243	1.837260837648e-15
6742.29134124	1.850713414917e-15
6744.21246004	1.900363098153e-15
6746.13357884	1.845499080093e-15
6748.05469764	1.825970947253e-15
6749.97581645	1.822639778429e-15
6751.89693525	1.787894910450e-15
6753.81805405	1.805997063324e-15
6755.73917285	1.810410316737e-15
6757.66029166	1.800115266538e-15
6759.58141046	1.838760509482e-15
6761.50252926	1.763741871838e-15
6763.42364806	1.776607561153e-15
6765.34476687	1.817283353829e-15
6767.26588567	1.820409117163e-15
6769.18700447	1.795163511928e-15
6771.10812327	1.808866810949e-15
6773.02924208	1.808673899195e-15
6774.95036088	1.785344070729e-15
6776.87147968	1.727356830435e-15
6778.79259848	1.746545938338e-15
6780.71371729	1.773870374184e-15
6782.63483609	1.752486074518e-15
6784.55595489	1.767094216485e-15
6786.47707369	1.771034931393e-15
6788.39819250	1.799358230841e-15
6790.31931130	1.771876776263e-15
6792.24043010	1.677929916863e-15
6794.16154890	1.706775094487e-15
6796.08266770	1.719566562540e-15
6798.00378651	1.699096529061e-15
6799.92490531	1.695900885510e-15
6801.84602411	1.657974561780e-15
6803.76714291	1.659096668677e-15
6805.68826172	1.704065647847e-15
6807.60938052	1.697009651638e-15
6809.53049932	1.686012834642e-15
6811.45161812	1.623501379618e-15
6813.37273693	1.653597307267e-15
6815.29385573	1.669550749312e-15
6817.21497453	1.612789377450e-15
6819.13609333	1.677447002204e-15
6821.05721214	1.622164338111e-15
6822.97833094	1.559907416487e-15
6824.89944974	1.585715239841e-15
6826.82056854	1.621858135700e-15
6828.74168735	1.647390249829e-15
6830.66280615	1.645162447299e-15
6832.58392495	1.568957751771e-15
6834.50504375	1.546060439503e-15
6836.42616256	1.525424281688e-15
6838.34728136	1.536080697319e-15
6840.26840016	1.554250083433e-15
6842.18951896	1.532055914391e-15
6844.11063777	1.517310976603e-15
6846.03175657	1.487443112575e-15
6847.95287537	1.507020585085e-15
6849.87399417	1.513585937459e-15
6851.79511298	1.464187399492e-15
6853.71623178	1.431606806571e-15
6855.63735058	1.432627798910e-15
6857.55846938	1.475281201760e-15
6859.47958819	1.456093682043e-15
6861.40070699	1.399711675063e-15
6863.32182579	1.410033830317e-15
6865.24294459	1.429768745076e-15
6867.16406340	1.379087481589e-15
6869.08518220	1.357556327586e-15
6871.00630100	1.311119757956e-15
6872.92741980	1.307860375175e-15
6874.84853861	1.313340678344e-15
6876.76965741	1.297954007220e-15
6878.69077621	1.338519473855e-15
6880.61189501	1.333592389080e-15
6882.53301382	1.320676936579e-15
6884.45413262	1.299982121733e-15
6886.37525142	1.295142916626e-15
6888.29637022	1.296743914775e-15
6890.21748903	1.276145238168e-15
6892.13860783	1.259473194547e-15
6894.05972663	1.258320488585e-15
6895.98084543	1.315489918568e-15
6897.90196424	1.293786922756e-15
6899.82308304	1.232277084193e-15
6901.74420184	1.282841986528e-15
6903.66532064	1.268368311042e-15
6905.58643945	1.310541763849e-15
6907.50755825	1.293810322042e-15
6909.42867705	1.253353487382e-15
6911.34979585	1.280089870604e-15
6913.27091466	1.289249367258e-15
6915.19203346	1.299550664325e-15
6917.11315226	1.310881424061e-15
6919.03427106	1.294009163026e-15
6920.95538987	1.305099471283e-15
6922.87650867	1.320964292506e-15
6924.79762747	1.290420496187e-15
6926.71874627	1.264682764810e-15
6928.63986508	1.302659063483e-15
6930.56098388	1.349541913597e-15
6932.48210268	1.363976307931e-15
6934.40322148	1.335655443702e-15
6936.32434029	1.303258551052e-15
6938.24545909	1.341042890884e-15
6940.16657789	1.372627478937e-15
6942.08769669	1.345067991449e-15
6944.00881550	1.400230906260e-15
6945.92993430	1.403265401793e-15
6947.85105310	1.352194397272e-15
6949.77217190	1.377858330903e-15
6951.69329071	1.417354206684e-15
6953.61440951	1.409265042038e-15
6955.53552831	1.381611851530e-15
6957.45664711	1.358606119045e-15
6959.37776592	1.388589708949e-15
6961.29888472	1.421043035170e-15
6963.22000352	1.384017530979e-15
6965.14112232	1.371336494847e-15
6967.06224113	1.394614336666e-15
6968.98335993	1.322978113339e-15
6970.90447873	1.322217689510e-15
6972.82559753	1.382516906234e-15
6974.74671634	1.373606225508e-15
6976.66783514	1.370524402009e-15
6978.58895394	1.410209377895e-15
6980.51007274	1.375184565526e-15
6982.43119155	1.366246038592e-15
6984.35231035	1.391137584055e-15
6986.27342915	1.388637672190e-15
6988.19454795	1.378604461051e-15
6990.11566676	1.396352765911e-15
6992.03678556	1.417583858492e-15
6993.95790436	1.418650908247e-15
6995.87902316	1.402929659109e-15
6997.80014197	1.394184149808e-15
6999.72126077	1.410347656024e-15
7001.64237957	1.393154475381e-15
7003.56349837	1.370786770464e-15
7005.48461718	1.409288441323e-15
7007.40573598	1.418707871213e-15
7009.32685478	1.398714293768e-15
7011.24797358	1.357030743642e-15
7013.16909239	1.402751782190e-15
7015.09021119	1.362228137807e-15
7017.01132999	1.398271719053e-15
7018.93244879	1.360544871582e-15
7020.85356760	1.376055844791e-15
7022.77468640	1.358719303823e-15
7024.69580520	1.358516333553e-15
7026.61692400	1.314344730024e-15
7028.53804281	1.311971767222e-15
7030.45916161	1.359614405890e-15
7032.38028041	1.316260718550e-15
7034.30139921	1.278493742894e-15
7036.22251802	1.278745205800e-15
7038.14363682	1.282654368731e-15
7040.06475562	1.289636567194e-15
7041.98587442	1.299155841093e-15
7043.90699323	1.281200860193e-15
7045.82811203	1.293631386331e-15
7047.74923083	1.321807619685e-15
7049.67034963	1.344374165586e-15
7051.59146844	1.328426652772e-15
7053.51258724	1.268483189886e-15
7055.43370604	1.324922583348e-15
7057.35482484	1.298990563789e-15
7059.27594365	1.327984607452e-15
7061.19706245	1.284957133677e-15
7063.11818125	1.307186242828e-15
7065.03930005	1.335259667557e-15
7066.96041886	1.364137773586e-15
7068.88153766	1.357838177799e-15
7070.80265646	1.346217838675e-15
7072.72377526	1.334697237680e-15
7074.64489407	1.350420498522e-15
7076.56601287	1.323183730586e-15
7078.48713167	1.342603125573e-15
7080.40825047	1.345412627980e-15
7082.32936928	1.315086942644e-15
7084.25048808	1.313218705599e-15
7086.17160688	1.289722964555e-15
7088.09272568	1.305097036064e-15
7090.01384449	1.351055984991e-15
7091.93496329	1.286339279689e-15
7093.85608209	1.294673766252e-15
7095.77720089	1.335813203588e-15
7097.69831970	1.302427505851e-15
7099.61943850	1.312374743147e-15
7101.54055730	1.316457759590e-15
7103.46167610	1.298225057763e-15
7105.38279491	1.325811650305e-15
7107.30391371	1.314376917276e-15
7109.22503251	1.293170812166e-15
7111.14615131	1.313647833666e-15
7113.06727012	1.271265904876e-15
7114.98838892	1.327697780921e-15
7116.90950772	1.328753183973e-15
7118.83062652	1.289261331598e-15
7120.75174533	1.290392544099e-15
7122.67286413	1.312495021825e-15
7124.59398293	1.318833687007e-15
7126.51510173	1.311888334477e-15
7128.43622054	1.278002357905e-15
7130.35733934	1.288667349744e-15
7132.27845814	1.338358643474e-15
7134.19957694	1.303645009834e-15
7136.12069575	1.280271665050e-15
7138.04181455	1.292107574059e-15
7139.96293335	1.270702204449e-15
7141.88405215	1.287529996254e-15
7143.80517096	1.268104883796e-15
7145.72628976	1.283954987821e-15
7147.64740856	1.318220752790e-15
7149.56852736	1.269650295408e-15
7151.48964617	1.277609758134e-15
7153.41076497	1.296963296309e-15
7155.33188377	1.273448073506e-15
7157.25300257	1.302836728644e-15
7159.17412138	1.270166561989e-15
7161.09524018	1.296163273690e-15
7163.01635898	1.276650281563e-15
7164.93747778	1.264700128985e-15
7166.85859659	1.239686928415e-15
7168.77971539	1.252847702833e-15
7170.70083419	1.294231191537e-15
7172.62195299	1.310369180886e-15
7174.54307180	1.313542801581e-15
7176.46419060	1.273365381915e-15
7178.38530940	1.262181053000e-15
7180.30642820	1.294789280370e-15
7182.22754701	1.293987563686e-15
7184.14866581	1.275506151810e-15
7186.06978461	1.275228854399e-15
7187.99090341	1.290228219708e-15
7189.91202222	1.287392988675e-15
7191.83314102	1.276459275634e-15
7193.75425982	1.254820442567e-15
7195.67537862	1.249577626261e-15
7197.59649743	1.264897275904e-15
7199.51761623	1.270084823310e-15
7201.43873503	1.266468416142e-15
7203.35985383	1.265418412924e-15
7205.28097264	1.242824867848e-15
7207.20209144	1.219325950429e-15
7209.12321024	1.228781061582e-15
7211.04432904	1.272907242969e-15
7212.96544785	1.294298001261e-15
7214.88656665	1.240583512790e-15
7216.80768545	1.275564597083e-15
7218.72880425	1.263348899676e-15
7220.64992306	1.271185013229e-15
7222.57104186	1.244169109135e-15
7224.49216066	1.199940330882e-15
7226.41327946	1.212207167903e-15
7228.33439827	1.187663964740e-15
7230.25551707	1.195833068121e-15
7232.17663587	1.183382530829e-15
7234.09775467	1.118791927557e-15
7236.01887348	1.150572180221e-15
7237.93999228	1.202463112636e-15
7239.86111108	1.179896249097e-15
7241.78222988	1.189494826455e-15
7243.70334869	1.209426358737e-15
7245.62446749	1.157163049463e-15
7247.54558629	1.181117882365e-15
7249.46670509	1.223660641537e-15
7251.38782390	1.222728375899e-15
7253.30894270	1.235454304778e-15
7255.23006150	1.188956113501e-15
7257.15118030	1.176069354241e-15
7259.07229911	1.223919304223e-15
7260.99341791	1.241482108868e-15
7262.91453671	1.215120961242e-15
7264.83565551	1.202515416921e-15
7266.75677432	1.232858466432e-15
7268.67789312	1.209593224228e-15
7270.59901192	1.214326867854e-15
7272.52013072	1.214627564550e-15
7274.44124953	1.200256274171e-15
7276.36236833	1.205679508495e-15
7278.28348713	1.220461821611e-15
7280.20460593	1.220656956827e-15
7282.12572474	1.219609812346e-15
7284.04684354	1.200586087625e-15
7285.96796234	1.230289944898e-15
7287.88908114	1.275423354339e-15
7289.81019995	1.257588863876e-15
7291.73131875	1.234697798477e-15
7293.65243755	1.271168601966e-15
7295.57355635	1.281372807881e-15
7297.49467516	1.278546788332e-15
7299.41579396	1.282192418137e-15
7301.33691276	1.228556386093e-15
7303.25803156	1.207744786579e-15
7305.17915037	1.250306709871e-15
7307.10026917	1.263807038621e-15
7309.02138797	1.274885064901e-15
7310.94250677	1.296020866276e-15
7312.86362558	1.286138109364e-15
7314.78474438	1.297175583941e-15
7316.70586318	1.294194875000e-15
7318.62698198	1.266669162950e-15
7320.54810079	1.281773136828e-15
7322.46921959	1.330441955911e-15
7324.39033839	1.304547629318e-15
7326.31145719	1.286099251727e-15
7328.23257600	1.317411201051e-15
7330.15369480	1.274648319192e-15
7332.07481360	1.241903084243e-15
7333.99593240	1.276876227602e-15
7335.91705121	1.255779283864e-15
7337.83817001	1.225829787036e-15
7339.75928881	1.243297723990e-15
7341.68040761	1.235542713842e-15
7343.60152642	1.273699430533e-15
7345.52264522	1.220785388197e-15
7347.44376402	1.255238453327e-15
7349.36488282	1.237059432213e-15
7351.28600163	1.172213872024e-15
7353.20712043	1.205009399555e-15
7355.12823923	1.203614442170e-15
7357.04935803	1.216739111808e-15
7358.97047684	1.246313796557e-15
7360.89159564	1.245804306239e-15
7362.81271444	1.225827034178e-15
7364.73383324	1.179979258326e-15
7366.65495205	1.183019894848e-15
7368.57607085	1.185108678096e-15
7370.49718965	1.206320712436e-15
7372.41830845	1.210831374639e-15
7374.33942726	1.176215679183e-15
7376.26054606	1.140438913315e-15
7378.18166486	1.178963030548e-15
7380.10278366	1.105275187543e-15
7382.02390247	1.176878058948e-15
7383.94502127	1.191135529274e-15
7385.86614007	1.148211075881e-15
7387.78725887	1.185178240677e-15
7389.70837768	1.173733449131e-15
7391.62949648	1.158220675977e-15
7393.55061528	1.206929305609e-15
7395.47173408	1.163809717000e-15
7397.39285289	1.162764160706e-15
7399.31397169	1.174724583559e-15
7401.23509049	1.170884877330e-15
7403.15620929	1.198943796619e-15
7405.07732810	1.186370757188e-15
7406.99844690	1.185495136879e-15
7408.91956570	1.210948900460e-15
7410.84068450	1.216067308802e-15
7412.76180331	1.235307026924e-15
7414.68292211	1.197568320992e-15
7416.60404091	1.235716567354e-15
7418.52515971	1.209905779385e-15
7420.44627852	1.170079772513e-15
7422.36739732	1.162374102034e-15
7424.28851612	1.196740346286e-15
7426.20963492	1.209704397302e-15
7428.13075372	1.179147789609e-15
7430.05187253	1.175303636457e-15
7431.97299133	1.157898168182e-15
7433.89411013	1.203168055806e-15
7435.81522893	1.215091103330e-15
7437.73634774	1.152730208413e-15
7439.65746654	1.144349452674e-15
7441.57858534	1.191923481673e-15
7443.49970414	1.217611873381e-15
7445.42082295	1.199063651781e-15
7447.34194175	1.190434185994e-15
7449.26306055	1.175839173038e-15
7451.18417935	1.165833596349e-15
7453.10529816	1.209308621158e-15
7455.02641696	1.217532675801e-15
7456.94753576	1.253106471399e-15
7458.86865456	1.219076393347e-15
7460.78977337	1.158174089165e-15
7462.71089217	1.156833977163e-15
7464.63201097	1.153692226083e-15
7466.55312977	1.154818462265e-15
7468.47424858	1.177459017671e-15
7470.39536738	1.249087617701e-15
7472.31648618	1.278457849873e-15
7474.23760498	1.217335846520e-15
7476.15872379	1.202895946472e-15
7478.07984259	1.203233171464e-15
7480.00096139	1.188494374666e-15
7481.92208019	1.188375048899e-15
7483.84319900	1.189933801280e-15
7485.76431780	1.250431541351e-15
7487.68543660	1.262466503103e-15
7489.60655540	1.189784829361e-15
7491.52767421	1.252586287290e-15
7493.44879301	1.194922825340e-15
7495.36991181	1.233508987735e-15
7497.29103061	1.270169632484e-15
7499.21214942	1.266720408443e-15
7501.13326822	1.238823378326e-15
7503.05438702	1.262710977988e-15
7504.97550582	1.251021605678e-15
7506.89662463	1.259850441846e-15
7508.81774343	1.230942054389e-15
7510.73886223	1.243525681732e-15
7512.65998103	1.266708232345e-15
7514.58109984	1.263614656263e-15
7516.50221864	1.303428169399e-15
7518.42333744	1.285036119499e-15
7520.34445624	1.315200445059e-15
7522.26557505	1.289842396200e-15
7524.18669385	1.329702284390e-15
7526.10781265	1.292883985635e-15
7528.02893145	1.237524770938e-15
7529.95005026	1.287966429980e-15
7531.87116906	1.305084118811e-15
7533.79228786	1.314457597164e-15
7535.71340666	1.329373635607e-15
7537.63452547	1.284386021712e-15
7539.55564427	1.279112394583e-15
7541.47676307	1.261774477185e-15
7543.39788187	1.244082500016e-15
7545.31900068	1.252150277080e-15
7547.24011948	1.282943736361e-15
7549.16123828	1.282492056042e-15
7551.08235708	1.261291668405e-15
7553.00347589	1.273351723508e-15
7554.92459469	1.268298324945e-15
7556.84571349	1.274522428921e-15
7558.76683229	1.286280834415e-15
7560.68795110	1.181774121141e-15
7562.60906990	1.186242855213e-15
7564.53018870	1.222169122396e-15
7566.45130750	1.224276752127e-15
7568.37242631	1.229686539803e-15
7570.29354511	1.216362288026e-15
7572.21466391	1.208654605843e-15
7574.13578271	1.183030906277e-15
7576.05690152	1.175206121789e-15
7577.97802032	1.200041868956e-15
7579.89913912	1.174923106906e-15
7581.82025792	1.184824180905e-15
7583.74137673	1.182235012944e-15
7585.66249553	1.207702011415e-15
7587.58361433	1.228196397090e-15
7589.50473313	1.186684582895e-15
7591.42585194	1.139826190857e-15
7593.34697074	1.187850311988e-15
7595.26808954	1.107575940786e-15
7597.18920834	1.013243152000e-15
7599.11032715	9.860765819196e-16
7601.03144595	1.010732969860e-15
7602.95256475	1.009216357368e-15
7604.87368355	1.060052733764e-15
7606.79480236	1.007543573177e-15
7608.71592116	1.007292322029e-15
7610.63703996	1.084321921768e-15
7612.55815876	1.118466455147e-15
7614.47927757	1.121524138207e-15
7616.40039637	1.147969459733e-15
7618.32151517	1.150204038527e-15
7620.24263397	1.107478637876e-15
7622.16375278	1.049918831583e-15
7624.08487158	1.073115464118e-15
7626.00599038	1.066929053109e-15
7627.92710918	1.057757486235e-15
7629.84822799	1.016226296161e-15
7631.76934679	1.084047377214e-15
7633.69046559	1.091665697421e-15
7635.61158439	1.073792243443e-15
7637.53270320	1.041539558152e-15
7639.45382200	1.052850836130e-15
7641.37494080	1.055062015638e-15
7643.29605960	1.100645093695e-15
7645.21717841	1.074830917594e-15
7647.13829721	1.095459346234e-15
7649.05941601	1.109975691005e-15
7650.98053481	1.071836656126e-15
7652.90165362	1.089908633451e-15
7654.82277242	1.127347595599e-15
7656.74389122	1.141296534174e-15
7658.66501002	1.138364741386e-15
7660.58612883	1.120954614430e-15
7662.50724763	1.127582647242e-15
7664.42836643	1.123606780466e-15
7666.34948523	1.161421084089e-15
7668.27060404	1.172711292122e-15
7670.19172284	1.131010483700e-15
7672.11284164	1.130501946294e-15
7674.03396044	1.142172789758e-15
7675.95507925	1.138492008086e-15
7677.87619805	1.120725703776e-15
7679.79731685	1.163265815969e-15
7681.71843565	1.159511024793e-15
7683.63955446	1.126467951883e-15
7685.56067326	1.132587764927e-15
7687.48179206	1.115287434617e-15
7689.40291086	1.113036656318e-15
7691.32402967	1.153170453787e-15
7693.24514847	1.165405632952e-15
7695.16626727	1.138754482420e-15
7697.08738607	1.145709575829e-15
7699.00850488	1.152268469577e-15
7700.92962368	1.153551724493e-15
7702.85074248	1.178484245174e-15
7704.77186128	1.148453327304e-15
7706.69298009	1.137551166240e-15
7708.61409889	1.123867560735e-15
7710.53521769	1.148180688574e-15
7712.45633649	1.165422255974e-15
7714.37745530	1.142456545796e-15
7716.29857410	1.122077356601e-15
7718.21969290	1.141692310319e-15
7720.14081170	1.158559065639e-15
7722.06193051	1.175848278642e-15
7723.98304931	1.132923825249e-15
7725.90416811	1.204168613475e-15
7727.82528691	1.202263424619e-15
7729.74640572	1.191276772018e-15
7731.66752452	1.194101838656e-15
7733.58864332	1.217320494047e-15
7735.50976212	1.194110097227e-15
7737.43088093	1.202977367514e-15
7739.35199973	1.166799531546e-15
7741.27311853	1.232723894072e-15
7743.19423733	1.295700899580e-15
7745.11535614	1.233089282910e-15
7747.03647494	1.138549818085e-15
7748.95759374	1.244345715504e-15
7750.87871254	1.210388164649e-15
7752.79983135	1.225075927713e-15
7754.72095015	1.186675477291e-15
7756.64206895	1.270177255780e-15
7758.56318775	1.174420392851e-15
7760.48430656	1.109703052275e-15
7762.40542536	1.137069416251e-15
7764.32654416	1.171532963413e-15
7766.24766296	1.182941650180e-15
7768.16878177	1.169024581219e-15
7770.08990057	1.152057452494e-15
7772.01101937	1.214490133454e-15
7773.93213817	1.211696724673e-15
7775.85325698	1.164337312647e-15
7777.77437578	1.185246109192e-15
7779.69549458	1.201422744419e-15
7781.61661338	1.226973705031e-15
7783.53773219	1.211171140730e-15
7785.45885099	1.192481464627e-15
7787.37996979	1.238878435467e-15
7789.30108859	1.189390641403e-15
7791.22220740	1.180756728692e-15
7793.14332620	1.192921286485e-15
7795.06444500	1.233297441257e-15
7796.98556380	1.173962995060e-15
7798.90668261	1.147744572485e-15
7800.82780141	1.111165878175e-15
7802.74892021	1.148138231048e-15
7804.67003901	1.165636661188e-15
7806.59115782	1.164880790162e-15
7808.51227662	1.173288862713e-15
7810.43339542	1.092676101848e-15
7812.35451422	1.049854351200e-15
7814.27563303	1.155989379436e-15
7816.19675183	1.111921643322e-15
7818.11787063	1.033800747509e-15
7820.03898943	1.133782504899e-15
7821.96010824	1.139931117063e-15
7823.88122704	1.089828482959e-15
7825.80234584	1.076983334193e-15
7827.72346464	1.113809679761e-15
7829.64458345	1.150207109021e-15
7831.56570225	1.143913865981e-15
7833.48682105	1.146213983950e-15
7835.40793985	1.051839584670e-15
7837.32905866	1.123815997604e-15
7839.25017746	1.172040230270e-15
7841.17129626	1.138175535401e-15
7843.09241506	1.144875566014e-15
7845.01353387	1.162771995761e-15
7846.93465267	1.143311837314e-15
7848.85577147	1.142194812615e-15
7850.77689027	1.143453715333e-15
7852.69800908	1.149817685624e-15
7854.61912788	1.173267157494e-15
7856.54024668	1.128435503541e-15
7858.46136548	1.128383093377e-15
7860.38248429	1.201331688377e-15
7862.30360309	1.173456892874e-15
7864.22472189	1.130810054529e-15
7866.14584069	1.130622966127e-15
7868.06695950	1.149056414762e-15
7869.98807830	1.217947827824e-15
7871.90919710	1.178649734236e-15
7873.83031590	1.140481476721e-15
7875.75143471	1.148024410995e-15
7877.67255351	1.205191617517e-15
7879.59367231	1.226429592241e-15
7881.51479111	1.189956777049e-15
7883.43590992	1.142803829304e-15
7885.35702872	1.167722691579e-15
7887.27814752	1.155666236366e-15
7889.19926632	1.128889089684e-15
7891.12038513	1.169164765172e-15
7893.04150393	1.205833139096e-15
7894.96262273	1.218743085882e-15
7896.88374153	1.222664954307e-15
7898.80486034	1.230525420058e-15
7900.72597914	1.228514140325e-15
7902.64709794	1.275772226034e-15
7904.56821674	1.261602317739e-15
7906.48933555	1.233549010042e-15
7908.41045435	1.202922310373e-15
7910.33157315	1.236524636786e-15
7912.25269195	1.231659914812e-15
7914.17381076	1.244353656438e-15
7916.09492956	1.261271763131e-15
7918.01604836	1.242107748579e-15
7919.93716716	1.195803527847e-15
7921.85828597	1.229477322665e-15
7923.77940477	1.215614252054e-15
7925.70052357	1.207692799932e-15
7927.62164237	1.244159791772e-15
7929.54276118	1.271478933662e-15
7931.46387998	1.257907983539e-15
7933.38499878	1.256682644502e-15
7935.30611758	1.260862752097e-15
7937.22723639	1.224549284978e-15
7939.14835519	1.236854450240e-15
7941.06947399	1.271862004312e-15
7942.99059279	1.209966553999e-15
7944.91171160	1.208190855305e-15
7946.83283040	1.242811103562e-15
7948.75394920	1.250586866018e-15
7950.67506800	1.225470645066e-15
7952.59618681	1.248198762502e-15
7954.51730561	1.193969066241e-15
7956.43842441	1.236111072949e-15
7958.35954321	1.214752290151e-15
7960.28066202	1.166730815998e-15
7962.20178082	1.186816084760e-15
7964.12289962	1.206900718247e-15
7966.04401842	1.202092641601e-15
7967.96513723	1.228334251702e-15
7969.88625603	1.221923800478e-15
7971.80737483	1.205720060197e-15
7973.72849363	1.197323104954e-15
7975.64961244	1.160479924605e-15
7977.57073124	1.181215079396e-15
7979.49185004	1.151925950629e-15
7981.41296884	1.135619189966e-15
7983.33408765	1.126985065497e-15
7985.25520645	1.165106736201e-15
7987.17632525	1.101255380933e-15
7989.09744405	1.151215289987e-15
7991.01856286	1.138850197144e-15
7992.93968166	1.093804243855e-15
7994.86080046	1.184571235691e-15
7996.78191926	1.089170126600e-15
7998.70303807	1.073999554757e-15
8000.62415687	1.099290476254e-15
8002.54527567	1.143514384068e-15
8004.46639447	1.160368963289e-15
8006.38751328	1.104005273397e-15
8008.30863208	1.108457807963e-15
8010.22975088	1.098221414796e-15
8012.15086968	1.073701187401e-15
8014.07198849	1.119953209728e-15
8015.99310729	1.111234911360e-15
8017.91422609	1.113072972855e-15
8019.83534489	1.088580168153e-15
8021.75646370	1.067121435467e-15
8023.67758250	1.080091098076e-15
8025.59870130	1.028060511104e-15
8027.51982010	1.058247918311e-15
8029.44093891	1.104560927010e-15
8031.36205771	1.062771497766e-15
8033.28317651	1.045741159208e-15
8035.20429531	1.012728791242e-15
8037.12541412	9.765424849445e-16
8039.04653292	1.005946704313e-15
8040.96765172	9.886582324638e-16
8042.88877052	9.433527694557e-16
8044.80988933	9.580091923003e-16
8046.73100813	9.994008336964e-16
8048.65212693	9.834353214319e-16
8050.57324573	9.194348883659e-16
8052.49436454	8.983999897911e-16
8054.41548334	9.504267651147e-16
8056.33660214	9.693915151664e-16
8058.25772094	1.015260784480e-15
8060.17883974	9.967183862316e-16
8062.09995855	9.286031729870e-16
8064.02107735	9.603522971907e-16
8065.94219615	9.513124439402e-16
8067.86331495	8.958300918291e-16
8069.78443376	8.906110983246e-16
8071.70555256	8.878000077309e-16
8073.62667136	8.779278916702e-16
8075.54779016	9.056344981936e-16
8077.46890897	9.098412873262e-16
8079.39002777	8.770566124049e-16
8081.31114657	8.395606343519e-16
8083.23226537	8.479045441570e-16
8085.15338418	8.765853444489e-16
8087.07450298	8.775739907170e-16
8088.99562178	8.676692109483e-16
8090.91674058	8.557000530684e-16
8092.83785939	8.540150398385e-16
8094.75897819	8.717469863750e-16
8096.68009699	8.519424031561e-16
8098.60121579	8.189203472514e-16
8100.52233460	8.256413419296e-16
8102.44345340	8.685032737035e-16
8104.36457220	7.988642481868e-16
8106.28569100	7.825430879635e-16
8108.20680981	7.565136596152e-16
8110.12792861	7.843275216855e-16
8112.04904741	7.820719258866e-16
8113.97016621	7.975392768990e-16
8115.89128502	7.732756475480e-16
8117.81240382	8.017737004815e-16
8119.73352262	7.873552938951e-16
8121.65464142	7.045453295650e-16
8123.57576023	7.406805491882e-16
8125.49687903	7.992857529571e-16
8127.41799783	7.907878419742e-16
8129.33911663	7.420537484144e-16
8131.26023544	7.362008036884e-16
8133.18135424	6.887294244947e-16
8135.10247304	6.760078366599e-16
8137.02359184	6.989755585412e-16
8138.94471065	6.526284567663e-16
8140.86582945	7.218397835842e-16
8142.78694825	6.881686886836e-16
8144.70806705	6.525741407785e-16
8146.62918586	7.057747449484e-16
8148.55030466	6.970107068014e-16
8150.47142346	6.300092889428e-16
8152.39254226	6.290282659712e-16
8154.31366107	6.379238589228e-16
8156.23477987	6.450415826577e-16
8158.15589867	6.753196223903e-16
8160.07701747	6.716067064055e-16
8161.99813628	6.564770568412e-16
8163.91925508	6.635637579944e-16
8165.84037388	6.576503562919e-16
8167.76149268	6.719833713693e-16
8169.68261149	6.406472816065e-16
8171.60373029	6.564907152475e-16
8173.52484909	6.624782323330e-16
8175.44596789	6.336552363851e-16
8177.36708670	6.206443867988e-16
8179.28820550	6.191675848553e-16
8181.20932430	6.317220954413e-16
8183.13044310	6.116802371180e-16
8185.05156191	6.579677289493e-16
8186.97268071	5.916613545635e-16
8188.89379951	6.016472906765e-16
8190.81491831	6.430121975952e-16
8192.73603712	6.254209114675e-16
8194.65715592	5.946702802900e-16
8196.57827472	5.779413795817e-16
8198.49939352	5.905266480516e-16
8200.42051233	5.851159074636e-16
8202.34163113	5.660655541447e-16
8204.26274993	5.905337948920e-16
8206.18386873	6.126015972064e-16
8208.10498754	5.290781664370e-16
8210.02610634	5.458750415392e-16
8211.94722514	5.658293907711e-16
8213.86834394	5.125961228932e-16
8215.78946275	5.058822750555e-16
8217.71058155	5.231583061082e-16
8219.63170035	5.213262797224e-16
8221.55281915	5.183642055058e-16
8223.47393796	5.354102141737e-16
8225.39505676	5.044080671504e-16
8227.31617556	4.853640665786e-16
8229.23729436	4.840479361972e-16
8231.15841317	4.671181828013e-16
8233.07953197	4.746988100419e-16
8235.00065077	5.147810443807e-16
8236.92176957	5.074274219700e-16
8238.84288838	4.618396852323e-16
8240.76400718	4.862680624915e-16
8242.68512598	4.739056695659e-16
8244.60624478	4.178967011897e-16
8246.52736359	4.315011091138e-16
8248.44848239	4.481362273929e-16
8250.36960119	4.623884567030e-16
8252.29071999	4.440662605511e-16
8254.21183880	4.623534107148e-16
8256.13295760	4.696345059294e-16
8258.05407640	4.579767385368e-16
8259.97519520	4.418272877738e-16
8261.89631401	3.934296780522e-16
8263.81743281	4.032403842242e-16
8265.73855161	4.211975091758e-16
8267.65967041	4.280526262273e-16
8269.58078922	3.954586395982e-16
8271.50190802	3.826790829461e-16
8273.42302682	4.139259166121e-16
8275.34414562	3.929408341625e-16
8277.26526443	3.847216234891e-16
8279.18638323	4.076067331882e-16
8281.10750203	4.203747490164e-16
8283.02862083	3.869283825447e-16
8284.94973964	3.798660335887e-16
8286.87085844	3.620971881795e-16
8288.79197724	3.993386328318e-16
8290.71309604	3.736163598061e-16
8292.63421485	3.737738549947e-16
8294.55533365	3.496482126048e-16
8296.47645245	3.842027099298e-16
8298.39757125	3.770743718132e-16
8300.31869006	3.475537912938e-16
8302.23980886	3.348924751471e-16
8304.16092766	3.787451972413e-16
8306.08204646	3.598237517490e-16
8308.00316527	3.505845810582e-16
8309.92428407	4.103038978505e-16
8311.84540287	3.908247341021e-16
8313.76652167	3.362693536727e-16
8315.68764048	3.019732013966e-16
8317.60875928	3.388080172947e-16
8319.52987808	3.539215732330e-16
8321.45099688	3.564188910593e-16
8323.37211569	3.749807445956e-16
8325.29323449	3.472173339253e-16
8327.21435329	3.244891106098e-16
8329.13547209	3.531185859990e-16
8331.05659090	3.904346754298e-16
8332.97770970	3.226534049247e-16
8334.89882850	3.342714941177e-16
8336.81994730	3.293501003452e-16
8338.74106611	3.999197239034e-16
8340.66218491	3.614178677558e-16
8342.58330371	3.108122019594e-16
8344.50442251	3.607375679502e-16
8346.42554132	3.664409848912e-16
8348.34666012	3.551317715564e-16
8350.26777892	3.426052395275e-16
8352.18889772	3.508841130841e-16
8354.11001653	3.832032110520e-16
8356.03113533	3.774596129856e-16
8357.95225413	3.605127601121e-16
8359.87337293	3.887388889997e-16
8361.79449174	3.794282763737e-16
8363.71561054	3.537760953243e-16
8365.63672934	3.587617841914e-16
8367.55784814	3.638247912847e-16
8369.47896695	3.917929721701e-16
8371.40008575	4.258721516628e-16
8373.32120455	4.082131028993e-16
8375.24232335	3.967928223693e-16
8377.16344216	3.858155400707e-16
8379.08456096	3.833732529162e-16
8381.00567976	3.865772344485e-16
8382.92679856	3.701788883479e-16
8384.84791737	3.759007547253e-16
8386.76903617	4.248648706698e-16
8388.69015497	4.186004002804e-16
8390.61127377	3.615435197995e-16
8392.53239258	3.861651793894e-16
8394.45351138	3.968412885357e-16
8396.37463018	4.126573788945e-16
8398.29574898	4.010748650852e-16
8400.21686779	4.338681956244e-16
8402.13798659	4.295641565216e-16
8404.05910539	4.649792128513e-16
8405.98022419	4.279255977550e-16
8407.90134300	4.063005289742e-16
8409.82246180	4.172707703115e-16
8411.74358060	3.768864628479e-16
8413.66469940	4.115573477938e-16
8415.58581821	4.372945233054e-16
8417.50693701	4.393764508804e-16
8419.42805581	4.340998591355e-16
8421.34917461	4.361350675495e-16
8423.27029342	4.455480123435e-16
8425.19141222	4.269472482311e-16
8427.11253102	4.513491821805e-16
8429.03364982	4.365506430893e-16
8430.95476863	4.577898089532e-16
8432.87588743	4.532813702123e-16
8434.79700623	4.987742392600e-16
8436.71812503	5.023029785182e-16
8438.63924384	4.830374258912e-16
8440.56036264	5.419802252291e-16
8442.48148144	4.549679186894e-16
8444.40260024	4.640726228999e-16
8446.32371905	4.707952057649e-16
8448.24483785	4.292544071607e-16
8450.16595665	4.580307368872e-16
8452.08707545	4.547810420455e-16
8454.00819426	4.192236312411e-16
8455.92931306	4.305526439711e-16
8457.85043186	4.761034024267e-16
8459.77155066	5.002409297477e-16
8461.69266947	4.947623206448e-16
8463.61378827	5.042196023196e-16
8465.53490707	4.800423703292e-16
8467.45602587	4.713298423733e-16
8469.37714468	4.877266532267e-16
8471.29826348	5.158534410315e-16
8473.21938228	5.365987072778e-16
8475.14050108	4.984763483603e-16
8477.06161989	4.774510318458e-16
8478.98273869	4.874086452946e-16
8480.90385749	4.814561741973e-16
8482.82497629	5.137379762457e-16
8484.74609510	5.724231187490e-16
8486.66721390	5.874253427943e-16
8488.58833270	5.603130887021e-16
8490.50945150	5.223580187917e-16
8492.43057031	5.054433531702e-16
8494.35168911	5.466392770159e-16
8496.27280791	5.729279503856e-16
8498.19392671	5.399910212920e-16
8500.11504552	5.260597645294e-16
8502.03616432	5.613266165631e-16
8503.95728312	5.731191680734e-16
8505.87840192	5.643782115742e-16
8507.79952073	5.997759831378e-16
8509.72063953	5.408476892391e-16
8511.64175833	5.524225532820e-16
8513.56287713	5.928093489048e-16
8515.48399594	5.798688559927e-16
8517.40511474	5.794693740790e-16
8519.32623354	5.888445994370e-16
8521.24735234	6.131612212868e-16
8523.16847115	6.061477355439e-16
8525.08958995	6.242281302591e-16
8527.01070875	6.523278130096e-16
8528.93182755	6.694353903848e-16
8530.85294636	6.366727383202e-16
8532.77406516	6.155617126593e-16
8534.69518396	6.452821400147e-16
8536.61630276	6.625951758193e-16
8538.53742157	6.886396390023e-16
8540.45854037	7.046558673646e-16
8542.37965917	6.762507762971e-16
8544.30077797	6.485186529062e-16
8546.22189678	6.550341362156e-16
8548.14301558	6.747284463326e-16
8550.06413438	6.539770390974e-16
8551.98525318	6.509244911742e-16
8553.90637199	6.417270368560e-16
8555.82749079	6.910450537538e-16
8557.74860959	7.340446813212e-16
8559.66972839	7.758028232857e-16
8561.59084720	8.080419560494e-16
8563.51196600	8.303267046774e-16
8565.43308480	7.956129651583e-16
8567.35420360	8.025810816989e-16
8569.27532241	8.398144795382e-16
8571.19644121	8.142112675811e-16
8573.11756001	8.268494226707e-16
8575.03867881	9.008911136890e-16
8576.95979762	9.249636841708e-16
8578.88091642	8.576046066503e-16
8580.80203522	8.417921426514e-16
8582.72315402	8.944298404882e-16
8584.64427283	8.911543640812e-16
8586.56539163	8.051213335077e-16
8588.48651043	9.329399816769e-16
8590.40762923	9.578533382380e-16
8592.32874804	9.873075325502e-16
8594.24986684	9.207662124007e-16
8596.17098564	8.831114686097e-16
8598.09210444	9.252201233956e-16
8600.01322325	9.239849376003e-16
8601.93434205	9.434727304969e-16
8603.85546085	9.690555607237e-16
8605.77657965	9.688507905087e-16
8607.69769846	1.018270398421e-15
8609.61881726	1.031288447787e-15
8611.53993606	1.026465442185e-15
8613.46105486	1.104321746082e-15
8615.38217367	1.036460113326e-15
8617.30329247	1.041975780120e-15
8619.22441127	9.970489408393e-16
8621.14553007	1.047140775274e-15
8623.06664888	1.151096387737e-15
8624.98776768	1.097022651417e-15
8626.90888648	1.147388818647e-15
8628.83000528	1.104126081471e-15
8630.75112409	1.070451016103e-15
8632.67224289	1.143460703355e-15
8634.59336169	1.134307030052e-15
8636.51448049	1.056544746813e-15
8638.43559930	1.079703368744e-15
8640.35671810	1.096583994229e-15
8642.27783690	1.080716737787e-15
8644.19895570	1.137965788867e-15
8646.12007451	1.133870172809e-15
8648.04119331	1.061812656470e-15
8649.96231211	1.053765631713e-15
8651.88343091	1.113481136857e-15
8653.80454972	1.154853084737e-15
8655.72566852	1.148254486320e-15
8657.64678732	1.267662838476e-15
8659.56790612	1.216205798689e-15
8661.48902493	1.119144716779e-15
8663.41014373	1.158470444817e-15
8665.33126253	1.189666138869e-15
8667.25238133	1.169694901918e-15
8669.17350014	1.237275107977e-15
8671.09461894	1.219635540971e-15
8673.01573774	1.148399964228e-15
8674.93685654	1.138357541606e-15
8676.85797535	1.143991898892e-15
8678.77909415	1.212509029270e-15
8680.70021295	1.190386116874e-15
8682.62133175	1.210358306737e-15
8684.54245056	1.229556096729e-15
8686.46356936	1.212220296914e-15
8688.38468816	1.251547189622e-15
8690.30580696	1.254480041202e-15
8692.22692576	1.239788254732e-15
8694.14804457	1.279793197314e-15
8696.06916337	1.244018972545e-15
8697.99028217	1.237576228190e-15
8699.91140097	1.242213521818e-15
8701.83251978	1.219523203227e-15
8703.75363858	1.191080789770e-15
8705.67475738	1.213176067716e-15
8707.59587618	1.238622313880e-15
8709.51699499	1.237459655280e-15
8711.43811379	1.236897966557e-15
8713.35923259	1.263053708694e-15
8715.28035139	1.258317735728e-15
8717.20147020	1.240549525593e-15
8719.12258900	1.320310912467e-15
8721.04370780	1.355048686546e-15
8722.96482660	1.299186228400e-15
8724.88594541	1.322253476652e-15
8726.80706421	1.287529572738e-15
8728.72818301	1.293697137264e-15
8730.64930181	1.220741448363e-15
8732.57042062	1.248196221403e-15
8734.49153942	1.311296470205e-15
8736.41265822	1.294278519503e-15
8738.33377702	1.275672593784e-15
8740.25489583	1.239706410173e-15
8742.17601463	1.216138141932e-15
8744.09713343	1.261910425973e-15
8746.01825223	1.293929224292e-15
8747.93937104	1.336344399125e-15
8749.86048984	1.332529680368e-15
8751.78160864	1.294548934772e-15
8753.70272744	1.252475114216e-15
8755.62384625	1.249803466421e-15
8757.54496505	1.243283112672e-15
8759.46608385	1.242941123120e-15
8761.38720265	1.343598812802e-15
8763.30832146	1.440433101640e-15
8765.22944026	1.290823577990e-15
8767.15055906	1.259521475425e-15
8769.07167786	1.271612129593e-15
8770.99279667	1.327400578235e-15
8772.91391547	1.278432650642e-15
8774.83503427	1.225802893739e-15
8776.75615307	1.255486316343e-15
8778.67727188	1.280640230261e-15
8780.59839068	1.370559024480e-15
8782.51950948	1.322241724070e-15
8784.44062828	1.320487624715e-15
8786.36174709	1.323738007771e-15
8788.28286589	1.285890987501e-15
8790.20398469	1.243851683538e-15
8792.12510349	1.212010550380e-15
8794.04622230	1.223196573361e-15
8795.96734110	1.234804101112e-15
8797.88845990	1.217685671127e-15
8799.80957870	1.199729102041e-15
8801.73069751	1.179296126254e-15
8803.65181631	1.217341881629e-15
8805.57293511	1.243245419706e-15
8807.49405391	1.188979830424e-15
8809.41517272	1.176346545773e-15
8811.33629152	1.216648161646e-15
8813.25741032	1.212703105694e-15
8815.17852912	1.222009033169e-15
8817.09964793	1.149866707655e-15
8819.02076673	1.132280503725e-15
8820.94188553	1.159560999737e-15
8822.86300433	1.159985469123e-15
8824.78412314	1.139050520436e-15
8826.70524194	1.192869723355e-15
8828.62636074	1.160819584817e-15
8830.54747954	1.100179013816e-15
8832.46859835	1.158946159696e-15
8834.38971715	1.212822749098e-15
8836.31083595	1.200846232619e-15
8838.23195475	1.144047908945e-15
8840.15307356	1.101137219837e-15
8842.07419236	1.074597983534e-15
8843.99531116	1.150639307583e-15
8845.91642996	1.142148966957e-15
8847.83754877	1.116980971116e-15
8849.75866757	1.080092686263e-15
8851.67978637	1.019942335579e-15
8853.60090517	1.073838300859e-15
8855.52202398	1.097766134586e-15
8857.44314278	1.116204983057e-15
8859.36426158	1.083805337550e-15
8861.28538038	1.062552963266e-15
8863.20649919	1.082889377296e-15
8865.12761799	1.102370182171e-15
8867.04873679	1.109162645254e-15
8868.96985559	1.073483076417e-15
8870.89097440	1.052747180473e-15
8872.81209320	1.067516470458e-15
8874.73321200	1.083369221461e-15
8876.65433080	1.065106132327e-15
8878.57544961	1.007128950549e-15
8880.49656841	1.052720075418e-15
8882.41768721	9.539902327238e-16
8884.33880601	9.528990425295e-16
8886.25992482	1.053102193157e-15
8888.18104362	1.048949614133e-15
8890.10216242	1.046570404463e-15
8892.02328122	1.048517627330e-15
8893.94440003	1.020317253538e-15
8895.86551883	1.030542317640e-15
8897.78663763	9.797722215724e-16
8899.70775643	9.908776705438e-16
8901.62887524	9.763768900033e-16
8903.54999404	1.059834199263e-15
8905.47111284	1.058992883788e-15
8907.39223164	9.783054781451e-16
8909.31335045	9.755901022744e-16
8911.23446925	9.623580712097e-16
8913.15558805	1.056698800930e-15
8915.07670685	1.120656141195e-15
8916.99782566	9.986313042638e-16
8918.91894446	1.055787499358e-15
8920.84006326	1.037822989338e-15
8922.76118206	1.013955400829e-15
8924.68230087	1.083255719046e-15
8926.60341967	1.059572995478e-15
8928.52453847	1.059919220195e-15
8930.44565727	9.901183055066e-16
8932.36677608	1.028312291648e-15
8934.28789488	1.021662871254e-15
8936.20901368	9.683366415097e-16
8938.13013248	9.866847515758e-16
8940.05125129	9.705122456347e-16
8941.97237009	9.461151556550e-16
8943.89348889	9.528597613766e-16
8945.81460769	9.907337808219e-16
8947.73572650	9.557361793864e-16
8949.65684530	9.142106009054e-16
8951.57796410	9.945893689187e-16
8953.49908290	9.693928915949e-16
8955.42020171	9.100803623755e-16
8957.34132051	9.653191925142e-16
8959.26243931	9.555350090614e-16
8961.18355811	9.362321869846e-16
8963.10467692	9.280519662965e-16
8965.02579572	9.504467762681e-16
8966.94691452	9.446186601954e-16
8968.86803332	9.610358527791e-16
8970.78915213	9.060171453275e-16
8972.71027093	9.168931542494e-16
8974.63138973	8.867717626725e-16
8976.55250853	9.757668145230e-16
8978.47362734	9.960095255339e-16
8980.39474614	9.216169511171e-16
8982.31586494	8.570646231464e-16
8984.23698374	8.683519195037e-16
8986.15810255	9.083632148332e-16
8988.07922135	9.395344508086e-16
8990.00034015	9.152818858255e-16
8991.92145895	8.112773042705e-16
8993.84257776	8.572187302033e-16
8995.76369656	8.831749431411e-16
8997.68481536	8.347781275130e-16
8999.60593416	8.638644977679e-16
9001.52705297	8.394591492169e-16
9003.44817177	8.596048749552e-16
9005.36929057	8.667252456681e-16
9007.29040937	8.409260514628e-16
9009.21152818	7.981567639176e-16
9011.13264698	8.275487013082e-16
9013.05376578	8.734373465004e-16
9014.97488458	8.237837457367e-16
9016.89600339	8.792475160625e-16
9018.81712219	8.641028316634e-16
9020.73824099	8.248021969767e-16
9022.65935979	8.533059144430e-16
9024.58047860	8.902264394875e-16
9026.50159740	8.999781180510e-16
9028.42271620	8.636394517017e-16
9030.34383500	8.506739713176e-16
9032.26495381	7.984045210546e-16
9034.18607261	7.913476778128e-16
9036.10719141	8.146560128180e-16
9038.02831021	7.708693857635e-16
9039.94942902	7.585084751456e-16
9041.87054782	7.684581476605e-16
9043.79166662	8.418907690502e-16
9045.71278542	8.056564465721e-16
9047.63390423	8.029854869916e-16
9049.55502303	8.308160779626e-16
9051.47614183	7.796130951198e-16
9053.39726063	7.163809209370e-16
9055.31837944	7.284208060679e-16
9057.23949824	7.648666750246e-16
9059.16061704	7.929295647814e-16
9061.08173584	7.631677386906e-16
9063.00285465	7.443878006401e-16
9064.92397345	7.826049213686e-16
9066.84509225	8.103218511060e-16
9068.76621105	7.912970675942e-16
9070.68732986	7.480466123954e-16
9072.60844866	7.357534114736e-16
9074.52956746	7.593273971869e-16
9076.45068626	7.626239964780e-16
9078.37180507	7.410280973944e-16
9080.29292387	7.023972540107e-16
9082.21404267	7.483551441464e-16
9084.13516147	7.363583518166e-16
9086.05628028	7.236198762624e-16
9087.97739908	7.364190734910e-16
9089.89851788	6.921883894140e-16
9091.81963668	7.196339509709e-16
9093.74075549	6.885703940589e-16
9095.66187429	6.264212573782e-16
9097.58299309	6.349323503114e-16
9099.50411189	6.482343145337e-16
9101.42523070	6.655654027279e-16
9103.34634950	6.436610248328e-16
9105.26746830	6.339858968719e-16
9107.18858710	6.760714700101e-16
9109.10970591	6.520252634287e-16
9111.03082471	7.313461402304e-16
9112.95194351	6.678164457248e-16
9114.87306231	6.355807540325e-16
9116.79418112	6.618872150940e-16
9118.71529992	6.681847462382e-16
9120.63641872	6.448046251907e-16
9122.55753752	5.989911541726e-16
9124.47865633	6.203357491687e-16
9126.39977513	6.397606498689e-16
9128.32089393	6.638400495539e-16
9130.24201273	6.649009583204e-16
9132.16313154	6.139012633849e-16
9134.08425034	6.364310692324e-16
9136.00536914	6.115317416545e-16
9137.92648794	6.072695248035e-16
9139.84760675	6.423844932417e-16
9141.76872555	6.449486737313e-16
9143.68984435	6.375652463488e-16
9145.61096315	6.522613209232e-16
9147.53208196	7.580679121339e-16
9149.45320076	6.697099878784e-16
9151.37431956	6.319528060403e-16
9153.29543836	6.347658553977e-16
9155.21655717	5.703563583577e-16
9157.13767597	6.789115185427e-16
9159.05879477	6.398292595377e-16
9160.97991357	6.187358098104e-16
9162.90103238	6.297939308160e-16
9164.82215118	6.687371705385e-16
9166.74326998	6.749471925913e-16
9168.66438878	6.657479383281e-16
9170.58550759	6.614516813405e-16
9172.50662639	6.656311007209e-16
9174.42774519	6.333009648549e-16
9176.34886399	6.169371353469e-16
9178.26998280	6.788174449460e-16
9180.19110160	7.077135504251e-16
9182.11222040	7.199701171718e-16
9184.03333920	7.197450711057e-16
9185.95445801	6.568568981785e-16
9187.87557681	6.634676197549e-16
9189.79669561	7.130782335965e-16
9191.71781441	7.199041544811e-16
9193.63893322	7.273957373831e-16
9195.56005202	6.728334748110e-16
9197.48117082	6.934307220498e-16
9199.40228962	7.076764927336e-16
9201.32340843	7.734958231747e-16
