6573.4  5.516965E-16
6575.38496689147  5.520524E-16
6577.36993378294  5.533893E-16
6579.35490067441  5.496407E-16
6581.33986756588  5.458018E-16
6583.32483445735  5.387515E-16
6585.30980134882  5.488997E-16
6587.29476824028  5.443611E-16
6589.27973513175  5.434146E-16
6591.26470202322  5.415610E-16
6593.24966891469  5.462230E-16
6595.23463580616  5.452274E-16
6597.21960269763  5.422798E-16
6599.2045695891  5.408186E-16
6601.18953648057  5.483383E-16
6603.17450337203  5.428252E-16
6605.1594702635  5.442383E-16
6607.14443715497  5.423534E-16
6609.12940404644  5.456919E-16
6611.11437093791  5.626420E-16
6613.09933782938  5.893078E-16
6615.08430472085  6.165597E-16
6617.06927161232  6.209397E-16
6619.05423850379  6.019174E-16
6621.03920539525  5.780407E-16
6623.02417228672  5.686202E-16
6625.00913917819  6.263290E-16
6626.99410606966  8.554070E-16
6628.97907296113  1.201109E-15
6630.9640398526  1.399486E-15
6632.94900674407  1.280737E-15
6634.93397363554  9.614210E-16
6636.91894052701  6.847244E-16
6638.90390741848  5.683647E-16
6640.88887430994  5.517907E-16
6642.87384120141  5.538415E-16
6644.85880809288  5.548133E-16
6646.84377498435  5.961840E-16
6648.82874187582  6.929006E-16
6650.81370876729  7.696316E-16
6652.79867565876  7.772586E-16
6654.78364255023  7.183109E-16
6656.7686094417  6.245598E-16
6658.75357633316  5.695589E-16
6660.73854322463  5.537656E-16
6662.7235101161  5.565318E-16
6664.70847700757  5.406523E-16
6666.69344389904  5.428637E-16
6668.67841079051  5.484503E-16
6670.66337768198  5.461693E-16
6672.64834457345  5.505633E-16
6674.63331146492  5.480220E-16
6676.61827835638  5.503581E-16
6678.60324524785  5.432876E-16
6680.58821213932  5.513805E-16
6682.57317903079  5.445597E-16
6684.55814592226  5.407010E-16
6686.54311281373  5.394920E-16
6688.5280797052  5.466377E-16
6690.51304659667  5.423978E-16
6692.49801348814  5.382487E-16
6694.4829803796  5.477071E-16
6696.46794727107  5.442185E-16
6698.45291416254  5.462348E-16
6700.43788105401  5.382616E-16
6702.42284794548  5.367489E-16
6704.40781483695  5.438282E-16
6706.39278172842  5.432199E-16
6708.37774861989  5.449977E-16
6710.36271551136  5.337847E-16
6712.34768240282  5.303654E-16
6714.33264929429  5.341031E-16
6716.31761618576  5.285593E-16
6718.30258307723  5.284374E-16
6720.2875499687  5.212759E-16
6722.27251686017  5.278934E-16
6724.25748375164  5.317335E-16
6726.24245064311  5.229608E-16
6728.22741753457  5.203723E-16
6730.21238442604  5.225977E-16
6732.19735131751  5.166733E-16
6734.18231820898  5.271256E-16
6736.16728510045  5.296110E-16
6738.15225199192  5.167303E-16
6740.13721888339  5.183867E-16
6742.12218577486  5.269832E-16
6744.10715266633  5.261642E-16
6746.0921195578  5.350260E-16
6748.07708644927  5.231178E-16
6750.06205334073  5.172222E-16
6752.0470202322  5.133086E-16
6754.03198712367  5.137907E-16
6756.01695401514  5.172679E-16
6758.00192090661  5.235565E-16
6759.98688779808  5.072973E-16
6761.97185468955  5.154044E-16
6763.95682158102  5.153186E-16
6765.94178847249  5.149290E-16
6767.92675536395  5.072814E-16
6769.91172225542  5.166616E-16
6771.89668914689  5.099711E-16
6773.88165603836  5.125422E-16
6775.86662292983  5.066149E-16
6777.8515898213  5.082699E-16
6779.83655671277  5.239184E-16
6781.82152360424  5.417738E-16
6783.80649049571  5.815105E-16
6785.79145738717  6.133419E-16
6787.77642427864  6.032551E-16
6789.76139117011  5.758210E-16
6791.74635806158  5.253740E-16
6793.73132495305  5.052819E-16
6795.71629184452  5.228442E-16
6797.70125873599  5.465517E-16
6799.68622562746  5.669274E-16
6801.67119251892  5.795568E-16
6803.65615941039  5.654693E-16
6805.64112630186  5.243523E-16
6807.62609319333  5.081351E-16
6809.6110600848  5.094433E-16
6811.59602697627  4.935299E-16
6813.58099386774  4.947986E-16
6815.56596075921  4.998962E-16
6817.55092765068  4.891994E-16
6819.53589454215  4.894620E-16
6821.52086143362  4.948257E-16
6823.50582832508  4.910242E-16
6825.49079521655  4.923143E-16
6827.47576210802  4.922277E-16
6829.46072899949  4.942053E-16
6831.44569589096  4.910234E-16
6833.43066278243  4.881668E-16
6835.4156296739  4.954531E-16
6837.40059656537  4.854150E-16
6839.38556345683  4.768403E-16
6841.3705303483  4.817675E-16
6843.35549723977  4.829701E-16
6845.34046413124  4.825939E-16
6847.32543102271  4.845514E-16
6849.31039791418  4.923050E-16
6851.29536480565  4.911965E-16
6853.28033169712  4.859484E-16
6855.26529858859  4.831892E-16
6857.25026548006  4.856432E-16
6859.23523237152  4.888880E-16
6861.22019926299  4.844947E-16
6863.20516615446  4.659482E-16
6865.19013304593  4.433517E-16
6867.1750999374  4.014118E-16
6869.16006682887  3.583377E-16
6871.14503372034  3.529598E-16
6873.13000061181  3.667950E-16
6875.11496750327  3.805308E-16
6877.09993439474  4.073705E-16
6879.08490128621  4.300494E-16
6881.06986817768  4.416407E-16
6883.05483506915  4.527609E-16
6885.03980196062  4.403473E-16
6887.02476885209  4.334196E-16
6889.00973574356  4.323714E-16
6890.99470263503  4.292164E-16
6892.9796695265  4.295141E-16
6894.96463641796  4.216821E-16
6896.94960330943  4.346272E-16
6898.9345702009  4.404231E-16
6900.91953709237  4.432373E-16
6902.90450398384  4.461473E-16
6904.88947087531  4.429794E-16
6906.87443776678  4.429370E-16
6908.85940465825  4.499710E-16
6910.84437154971  4.569498E-16
6912.82933844118  4.536267E-16
6914.81430533265  4.561046E-16
6916.79927222412  4.642938E-16
6918.78423911559  4.627902E-16
6920.76920600706  4.566274E-16
6922.75417289853  4.585013E-16
6924.73913979  4.720483E-16
6926.72410668146  4.727558E-16
6928.70907357293  4.639408E-16
6930.69404046441  4.620634E-16
6932.67900735587  4.620527E-16
6934.66397424734  4.695902E-16
6936.64894113881  4.756989E-16
6938.63390803028  4.668278E-16
6940.61887492175  4.638999E-16
6942.60384181322  4.641944E-16
6944.58880870469  4.710791E-16
6946.57377559616  4.695698E-16
6948.55874248762  4.692570E-16
6950.54370937909  4.749758E-16
6952.52867627056  4.716397E-16
6954.51364316203  4.700800E-16
6956.4986100535  4.668935E-16
6958.48357694497  4.693842E-16
6960.46854383644  4.735630E-16
6962.45351072791  4.717094E-16
6964.43847761937  4.735682E-16
6966.42344451085  4.678220E-16
6968.40841140231  4.724689E-16
6970.39337829378  4.841049E-16
6972.37834518525  4.853027E-16
6974.36331207672  4.773257E-16
6976.34827896819  4.778159E-16
6978.33324585966  4.773364E-16
6980.31821275113  4.750068E-16
6982.3031796426  4.765359E-16
6984.28814653406  4.804915E-16
6986.27311342553  4.733254E-16
6988.258080317  4.723116E-16
6990.24304720847  4.719122E-16
6992.22801409994  4.736662E-16
6994.21298099141  4.813082E-16
6996.19794788288  4.780969E-16
6998.18291477435  4.679576E-16
7000.16788166581  4.750456E-16
7002.15284855728  4.676896E-16
7004.13781544875  4.612693E-16
7006.12278234022  4.695742E-16
7008.10774923169  4.644792E-16
7010.09271612316  4.697039E-16
7012.07768301463  4.686545E-16
7014.0626499061  4.725800E-16
7016.04761679757  4.706044E-16
7018.03258368904  4.703326E-16
7020.0175505805  4.725662E-16
7022.00251747197  4.745721E-16
7023.98748436344  4.698834E-16
7025.97245125491  4.758438E-16
7027.95741814638  4.648495E-16
7029.94238503785  4.711297E-16
7031.92735192932  4.769406E-16
7033.91231882079  4.701879E-16
7035.89728571226  4.661949E-16
7037.88225260372  4.696725E-16
7039.86721949519  4.711161E-16
7041.85218638666  4.781124E-16
7043.83715327813  4.728189E-16
7045.8221201696  4.655286E-16
7047.80708706107  4.718447E-16
7049.79205395254  4.678024E-16
7051.77702084401  4.623969E-16
7053.76198773548  4.678095E-16
7055.74695462695  4.717400E-16
7057.73192151841  4.678396E-16
7059.71688840988  4.748026E-16
7061.70185530135  4.692158E-16
7063.68682219282  4.658654E-16
7065.67178908429  4.660250E-16
7067.65675597576  4.724553E-16
7069.64172286723  4.752606E-16
7071.6266897587  4.681932E-16
7073.61165665016  4.737417E-16
7075.59662354163  4.776603E-16
7077.5815904331  4.744713E-16
7079.56655732457  4.809524E-16
7081.55152421604  4.841376E-16
7083.53649110751  4.726140E-16
7085.52145799898  4.650673E-16
7087.50642489045  4.692783E-16
7089.49139178192  4.766063E-16
7091.47635867338  4.716748E-16
7093.46132556485  4.690655E-16
7095.44629245632  4.743872E-16
7097.43125934779  4.824023E-16
7099.41622623926  4.805512E-16
7101.40119313073  4.771971E-16
7103.3861600222  4.790737E-16
7105.37112691367  4.821118E-16
7107.35609380514  4.841477E-16
7109.34106069661  4.825367E-16
7111.32602758807  4.822397E-16
7113.31099447954  4.846405E-16
7115.29596137101  4.872382E-16
7117.28092826248  4.805824E-16
7119.26589515395  4.709342E-16
7121.25086204542  4.762931E-16
7123.23582893689  4.759330E-16
7125.22079582836  4.746459E-16
7127.20576271983  4.731700E-16
7129.19072961129  4.747295E-16
7131.17569650276  4.727225E-16
7133.16066339423  4.795737E-16
7135.1456302857  4.776181E-16
7137.13059717717  4.800130E-16
7139.11556406864  4.828037E-16
7141.10053096011  4.826820E-16
7143.08549785158  4.787808E-16
7145.07046474305  4.738020E-16
7147.05543163452  4.719887E-16
7149.04039852598  4.687507E-16
7151.02536541745  4.780349E-16
7153.01033230892  4.782370E-16
7154.99529920039  4.711847E-16
7156.98026609186  4.748815E-16
7158.96523298333  4.713981E-16
7160.9501998748  4.690507E-16
7162.93516676627  4.619551E-16
7164.92013365773  4.524334E-16
7166.9051005492  4.408647E-16
7168.89006744067  4.340444E-16
7170.87503433214  4.337339E-16
7172.86000122361  4.272212E-16
7174.84496811508  4.308962E-16
7176.82993500655  4.316297E-16
7178.81490189802  4.350138E-16
7180.79986878949  4.260348E-16
7182.78483568095  4.106847E-16
7184.76980257242  4.050107E-16
7186.75476946389  4.023184E-16
7188.73973635536  4.025803E-16
7190.72470324683  4.079158E-16
7192.7096701383  4.080668E-16
7194.69463702977  4.081934E-16
7196.67960392124  4.053287E-16
7198.66457081271  4.018612E-16
7200.64953770417  4.009832E-16
7202.63450459564  4.119269E-16
7204.61947148711  4.136699E-16
7206.60443837858  4.206806E-16
7208.58940527005  4.266682E-16
7210.57437216152  4.314846E-16
7212.55933905299  4.257609E-16
7214.54430594446  4.311265E-16
7216.52927283593  4.255908E-16
7218.5142397274  4.213820E-16
7220.49920661886  4.241104E-16
7222.48417351033  4.262837E-16
7224.4691404018  4.167823E-16
7226.45410729327  4.099062E-16
7228.43907418474  4.063601E-16
7230.42404107621  3.998114E-16
7232.40900796768  3.909393E-16
7234.39397485915  3.874727E-16
7236.37894175061  3.824029E-16
7238.36390864208  3.840333E-16
7240.34887553355  3.768189E-16
7242.33384242502  3.713002E-16
7244.31880931649  3.720256E-16
7246.30377620796  3.796922E-16
7248.28874309943  3.812156E-16
7250.2737099909  3.798039E-16
7252.25867688237  3.758270E-16
7254.24364377384  3.767431E-16
7256.2286106653  3.780866E-16
7258.21357755677  3.855376E-16
7260.19854444824  3.816024E-16
7262.18351133971  3.637100E-16
7264.16847823118  3.585342E-16
7266.15344512265  3.721935E-16
7268.13841201412  3.724918E-16
7270.12337890559  3.731402E-16
7272.10834579705  3.672967E-16
7274.09331268852  3.507992E-16
7276.07827957999  3.534195E-16
7278.06324647146  3.559394E-16
7280.04821336293  3.550174E-16
7282.0331802544  3.652195E-16
7284.01814714587  3.752660E-16
7286.00311403734  3.643168E-16
7287.98808092881  3.589902E-16
7289.97304782027  3.472958E-16
7291.95801471174  3.468141E-16
7293.94298160321  3.553481E-16
7295.92794849468  3.541340E-16
7297.91291538615  3.552386E-16
7299.89788227762  3.625959E-16
7301.88284916909  3.561857E-16
7303.86781606056  3.538074E-16
7305.85278295203  3.593561E-16
7307.8377498435  3.552917E-16
7309.82271673496  3.577155E-16
7311.80768362643  3.569141E-16
7313.7926505179  3.585018E-16
7315.77761740937  3.640872E-16
7317.76258430084  3.612063E-16
7319.74755119231  3.578102E-16
7321.73251808378  3.639299E-16
7323.71748497525  3.649674E-16
7325.70245186672  3.592656E-16
7327.68741875819  3.654494E-16
7329.67238564965  3.641261E-16
7331.65735254112  3.609804E-16
7333.64231943259  3.589436E-16
7335.62728632406  3.591029E-16
7337.61225321553  3.688651E-16
7339.597220107  3.623460E-16
7341.58218699847  3.592973E-16
7343.56715388994  3.511236E-16
7345.55212078141  3.590311E-16
7347.53708767287  3.622366E-16
7349.52205456434  3.527946E-16
7351.50702145581  3.551299E-16
7353.49198834728  3.595757E-16
7355.47695523875  3.612244E-16
7357.46192213022  3.576140E-16
7359.44688902169  3.530678E-16
7361.43185591316  3.561496E-16
7363.41682280462  3.665764E-16
7365.40178969609  3.567415E-16
7367.38675658756  3.534203E-16
7369.37172347903  3.574473E-16
7371.3566903705  3.591848E-16
7373.34165726197  3.616295E-16
7375.32662415344  3.631701E-16
7377.31159104491  3.554510E-16
7379.29655793638  3.524496E-16
7381.28152482785  3.529044E-16
7383.26649171931  3.537249E-16
7385.25145861078  3.558124E-16
7387.23642550225  3.601956E-16
7389.22139239372  3.548686E-16
7391.20635928519  3.532556E-16
7393.19132617666  3.621920E-16
7395.17629306813  3.600768E-16
7397.1612599596  3.618628E-16
7399.14622685106  3.539870E-16
7401.13119374253  3.576588E-16
7403.116160634  3.625694E-16
7405.10112752547  3.553438E-16
7407.08609441694  3.576403E-16
7409.07106130841  3.581539E-16
7411.05602819988  3.535161E-16
7413.04099509135  3.509188E-16
7415.02596198282  3.551591E-16
7417.01092887429  3.556369E-16
7418.99589576576  3.487920E-16
7420.98086265722  3.538279E-16
7422.96582954869  3.497311E-16
7424.95079644016  3.485937E-16
7426.93576333163  3.542564E-16
7428.9207302231  3.572683E-16
7430.90569711457  3.501973E-16
7432.89066400604  3.502507E-16
7434.8756308975  3.535286E-16
7436.86059778898  3.489498E-16
7438.84556468044  3.524161E-16
7440.83053157191  3.532584E-16
7442.81549846338  3.518098E-16
7444.80046535485  3.530650E-16
7446.78543224632  3.558160E-16
7448.77039913779  3.512653E-16
7450.75536602926  3.551725E-16
7452.74033292072  3.569034E-16
7454.72529981219  3.534351E-16
7456.71026670366  3.581042E-16
7458.69523359513  3.519786E-16
7460.6802004866  3.494539E-16
7462.66516737807  3.498698E-16
7464.65013426954  3.512263E-16
7466.63510116101  3.494873E-16
7468.62006805248  3.494692E-16
7470.60503494394  3.501791E-16
7472.59000183541  3.527037E-16
7474.57496872688  3.495265E-16
7476.55993561835  3.517280E-16
7478.54490250982  3.558882E-16
7480.52986940129  3.436824E-16
7482.51483629276  3.444315E-16
7484.49980318423  3.500868E-16
7486.4847700757  3.476452E-16
7488.46973696717  3.509249E-16
7490.45470385864  3.516993E-16
7492.4396707501  3.498970E-16
7494.42463764157  3.521691E-16
7496.40960453304  3.501101E-16
7498.39457142451  3.501944E-16
7500.37953831598  3.471877E-16
7502.36450520745  3.498320E-16
7504.34947209892  3.482165E-16
7506.33443899038  3.499627E-16
7508.31940588185  3.560740E-16
7510.30437277333  3.531143E-16
7512.28933966479  3.487405E-16
7514.27430655626  3.511648E-16
7516.25927344773  3.513193E-16
7518.2442403392  3.556949E-16
7520.22920723067  3.552976E-16
7522.21417412214  3.577085E-16
7524.19914101361  3.574242E-16
7526.18410790508  3.565651E-16
7528.16907479654  3.631934E-16
7530.15404168801  3.654372E-16
7532.13900857948  3.636218E-16
7534.12397547095  3.622720E-16
7536.10894236242  3.658087E-16
7538.09390925389  3.688320E-16
7540.07887614536  3.618747E-16
7542.06384303683  3.590680E-16
7544.04880992829  3.658358E-16
7546.03377681976  3.674551E-16
7548.01874371123  3.687894E-16
7550.0037106027  3.645926E-16
7551.98867749417  3.619184E-16
7553.97364438564  3.607633E-16
7555.95861127711  3.526756E-16
7557.94357816858  3.587798E-16
7559.92854506004  3.621068E-16
7561.91351195151  3.617360E-16
7563.89847884299  3.641811E-16
7565.88344573445  3.659515E-16
7567.86841262592  3.634033E-16
7569.85337951739  3.567402E-16
7571.83834640886  3.565292E-16
7573.82331330033  3.635641E-16
7575.8082801918  3.621922E-16
7577.79324708327  3.584827E-16
7579.77821397473  3.621606E-16
7581.7631808662  3.703541E-16
7583.74814775767  3.655835E-16
7585.73311464914  3.618027E-16
7587.71808154061  3.649112E-16
7589.70304843208  3.557899E-16
7591.68801532355  3.353906E-16
7593.67298221502  2.857308E-16
7595.65794910649  2.167885E-16
7597.64291599795  1.696288E-16
7599.62788288943  1.451629E-16
7601.61284978089  1.254410E-16
7603.59781667236  1.140193E-16
7605.58278356383  1.091467E-16
7607.5677504553  1.148583E-16
7609.55271734677  1.289293E-16
7611.53768423824  1.604688E-16
7613.52265112971  1.943448E-16
7615.50761802118  2.383771E-16
7617.49258491264  2.808556E-16
7619.47755180411  2.850123E-16
7621.46251869558  2.676257E-16
7623.44748558705  2.392455E-16
7625.43245247852  2.125274E-16
7627.41741936999  2.058897E-16
7629.40238626146  2.044518E-16
7631.38735315293  2.020039E-16
7633.37232004439  2.137770E-16
7635.35728693586  2.263264E-16
7637.34225382733  2.274519E-16
7639.3272207188  2.268798E-16
7641.31218761027  2.384634E-16
7643.29715450174  2.445276E-16
7645.28212139321  2.514223E-16
7647.26708828468  2.648279E-16
7649.25205517615  2.785827E-16
7651.23702206761  2.905948E-16
7653.22198895908  2.932156E-16
7655.20695585055  2.995714E-16
7657.19192274202  3.118003E-16
7659.17688963349  3.128546E-16
7661.16185652496  3.184098E-16
7663.14682341643  3.237227E-16
7665.1317903079  3.247738E-16
7667.11675719937  3.297120E-16
7669.10172409084  3.432838E-16
7671.0866909823  3.453624E-16
7673.07165787377  3.463131E-16
7675.05662476524  3.454192E-16
7677.04159165671  3.494406E-16
7679.02655854818  3.512809E-16
7681.01152543965  3.546150E-16
7682.99649233112  3.519611E-16
7684.98145922259  3.472105E-16
7686.96642611406  3.541162E-16
7688.95139300552  3.565329E-16
7690.93635989699  3.591135E-16
7692.92132678846  3.542985E-16
7694.90629367993  3.505766E-16
7696.8912605714  3.547126E-16
7698.87622746287  3.528001E-16
7700.86119435434  3.527056E-16
7702.84616124581  3.577741E-16
7704.83112813728  3.484788E-16
7706.81609502875  3.515511E-16
7708.80106192021  3.474281E-16
7710.78602881168  3.433742E-16
7712.77099570315  3.436801E-16
7714.75596259462  3.458036E-16
7716.74092948609  3.465342E-16
7718.72589637756  3.399100E-16
7720.71086326903  3.428632E-16
7722.6958301605  3.344209E-16
7724.68079705196  3.422481E-16
7726.66576394343  3.446105E-16
7728.6507308349  3.396306E-16
7730.63569772637  3.374297E-16
7732.62066461784  3.430924E-16
7734.60563150931  3.431428E-16
7736.59059840078  3.428252E-16
7738.57556529225  3.406220E-16
7740.56053218372  3.402241E-16
7742.54549907518  3.337419E-16
7744.53046596665  3.284038E-16
7746.51543285812  3.285328E-16
7748.50039974959  3.375164E-16
7750.48536664106  3.360593E-16
7752.47033353253  3.366517E-16
7754.455300424  3.289758E-16
7756.44026731547  3.316721E-16
7758.42523420694  3.359092E-16
7760.41020109841  3.348058E-16
7762.39516798987  3.359625E-16
7764.38013488134  3.360170E-16
7766.36510177281  3.254330E-16
7768.35006866428  3.223764E-16
7770.33503555575  3.247092E-16
7772.32000244722  3.265890E-16
7774.30496933869  3.182342E-16
7776.28993623016  3.204163E-16
7778.27490312163  3.211541E-16
7780.25987001309  3.146930E-16
7782.24483690456  3.176583E-16
7784.22980379603  3.151767E-16
7786.2147706875  3.164791E-16
7788.19973757897  3.156233E-16
7790.18470447044  3.154886E-16
7792.16967136191  3.180639E-16
7794.15463825338  3.153282E-16
7796.13960514485  3.072674E-16
7798.12457203632  3.144552E-16
7800.10953892778  3.120708E-16
7802.09450581925  3.058806E-16
7804.07947271072  3.045178E-16
7806.06443960219  2.991554E-16
7808.04940649366  3.032954E-16
7810.03437338513  3.079503E-16
7812.0193402766  2.986838E-16
7814.00430716807  2.957626E-16
7815.98927405953  3.047197E-16
7817.974240951  2.978628E-16
7819.95920784247  2.937920E-16
7821.94417473394  3.037601E-16
7823.92914162541  3.004476E-16
7825.91410851688  2.927824E-16
7827.89907540835  2.887994E-16
7829.88404229982  2.914455E-16
7831.86900919129  2.902172E-16
7833.85397608275  2.908656E-16
7835.83894297422  2.831761E-16
7837.82390986569  2.807710E-16
7839.80887675716  2.790987E-16
7841.79384364863  2.750611E-16
7843.7788105401  2.818462E-16
7845.76377743157  2.794855E-16
7847.74874432304  2.789117E-16
7849.73371121451  2.751768E-16
7851.71867810597  2.810886E-16
7853.70364499744  2.690794E-16
7855.68861188891  2.741445E-16
7857.67357878038  2.766946E-16
7859.65854567185  2.681773E-16
7861.64351256332  2.783408E-16
7863.62847945479  2.720888E-16
7865.61344634626  2.729824E-16
7867.59841323773  2.687228E-16
7869.5833801292  2.688133E-16
7871.56834702066  2.691889E-16
7873.55331391213  2.714829E-16
7875.5382808036  2.733341E-16
7877.52324769507  2.761353E-16
7879.50821458654  2.715364E-16
7881.49318147801  2.672350E-16
7883.47814836948  2.660215E-16
7885.46311526095  2.631104E-16
7887.44808215242  2.607841E-16
7889.43304904388  2.602196E-16
7891.41801593535  2.587123E-16
7893.40298282682  2.621076E-16
7895.38794971829  2.693135E-16
7897.37291660976  2.584472E-16
7899.35788350123  2.609064E-16
7901.3428503927  2.568036E-16
7903.32781728417  2.555429E-16
7905.31278417564  2.607731E-16
7907.2977510671  2.595773E-16
7909.28271795857  2.569095E-16
7911.26768485004  2.574726E-16
7913.25265174151  2.664286E-16
7915.23761863298  2.602219E-16
7917.22258552445  2.646247E-16
7919.20755241592  2.614924E-16
7921.19251930739  2.540177E-16
7923.17748619885  2.579662E-16
7925.16245309032  2.516422E-16
7927.14741998179  2.562301E-16
7929.13238687326  2.596092E-16
7931.11735376473  2.636670E-16
7933.1023206562  2.641726E-16
7935.08728754767  2.545584E-16
7937.07225443914  2.597208E-16
7939.05722133061  2.583859E-16
7941.04218822208  2.594700E-16
7943.02715511354  2.575366E-16
7945.01212200501  2.593151E-16
7946.99708889648  2.570500E-16
7948.98205578795  2.535412E-16
7950.96702267942  2.540326E-16
7952.95198957089  2.605630E-16
7954.93695646236  2.543296E-16
7956.92192335383  2.609426E-16
7958.9068902453  2.519075E-16
7960.89185713676  2.496942E-16
7962.87682402823  2.457577E-16
7964.8617909197  2.479191E-16
7966.84675781117  2.534451E-16
7968.83172470264  2.557287E-16
7970.81669159411  2.556275E-16
7972.80165848558  2.509790E-16
7974.78662537705  2.517860E-16
7976.77159226851  2.611475E-16
7978.75655915999  2.571341E-16
7980.74152605145  2.554805E-16
7982.72649294292  2.511016E-16
7984.71145983439  2.533853E-16
7986.69642672586  2.508130E-16
7988.68139361733  2.542233E-16
7990.6663605088  2.576581E-16
7992.65132740027  2.548884E-16
7994.63629429174  2.478192E-16
7996.62126118321  2.469175E-16
7998.60622807467  2.576295E-16
8000.59119496614  2.508974E-16
8002.57616185761  2.487971E-16
8004.56112874908  2.427604E-16
8006.54609564055  2.492779E-16
8008.53106253202  2.572917E-16
8010.51602942349  2.578107E-16
8012.50099631496  2.571746E-16
8014.48596320642  2.539934E-16
8016.47093009789  2.502454E-16
8018.45589698936  2.485450E-16
8020.44086388083  2.565685E-16
8022.4258307723  2.591153E-16
8024.41079766377  2.591950E-16
8026.39576455524  2.562935E-16
8028.38073144671  2.568747E-16
8030.36569833818  2.594480E-16
8032.35066522965  2.559267E-16
8034.33563212111  2.603302E-16
8036.32059901258  2.575571E-16
8038.30556590405  2.634095E-16
8040.29053279552  2.637090E-16
8042.27549968699  2.526331E-16
8044.26046657846  2.605756E-16
8046.24543346993  2.601593E-16
8048.2304003614  2.631715E-16
8050.21536725286  2.725665E-16
8052.20033414433  2.698971E-16
8054.1853010358  2.628855E-16
8056.17026792727  2.677962E-16
8058.15523481874  2.671669E-16
8060.14020171021  2.613348E-16
8062.12516860168  2.662010E-16
8064.11013549315  2.643047E-16
8066.09510238462  2.595021E-16
8068.08006927609  2.687668E-16
8070.06503616755  2.628236E-16
8072.05000305902  2.632100E-16
8074.03496995049  2.621962E-16
8076.01993684196  2.624411E-16
8078.00490373343  2.586860E-16
8079.9898706249  2.633122E-16
8081.97483751637  2.619142E-16
8083.95980440784  2.629512E-16
8085.94477129931  2.600638E-16
8087.92973819077  2.632074E-16
8089.91470508224  2.659182E-16
8091.89967197371  2.703453E-16
8093.88463886518  2.606982E-16
8095.86960575665  2.557795E-16
8097.85457264812  2.587482E-16
8099.83953953959  2.655616E-16
8101.82450643105  2.597210E-16
8103.80947332252  2.591300E-16
8105.79444021399  2.577527E-16
8107.77940710546  2.548617E-16
8109.76437399693  2.483366E-16
8111.7493408884  2.483646E-16
8113.73430777987  2.478738E-16
8115.71927467134  2.493331E-16
8117.70424156281  2.499182E-16
8119.68920845428  2.510888E-16
8121.67417534575  2.432595E-16
8123.65914223721  2.410222E-16
8125.64410912868  2.459413E-16
8127.62907602015  2.507424E-16
8129.61404291162  2.428347E-16
8131.59900980309  2.418973E-16
8133.58397669456  2.343985E-16
8135.56894358603  2.316109E-16
8137.5539104775  2.370246E-16
8139.53887736897  2.316882E-16
8141.52384426044  2.341471E-16
8143.5088111519  2.395943E-16
8145.49377804337  2.373339E-16
8147.47874493484  2.368671E-16
8149.46371182631  2.362824E-16
8151.44867871778  2.335282E-16
8153.43364560925  2.295152E-16
8155.41861250072  2.288334E-16
8157.40357939218  2.320961E-16
8159.38854628365  2.315106E-16
8161.37351317513  2.246862E-16
8163.35848006659  2.236532E-16
8165.34344695806  2.264466E-16
8167.32841384953  2.303223E-16
8169.313380741  2.371590E-16
8171.29834763247  2.441146E-16
8173.28331452394  2.495188E-16
8175.2682814154  2.452521E-16
8177.25324830687  2.429875E-16
8179.23821519834  2.328736E-16
8181.22318208981  2.438472E-16
8183.20814898128  2.515577E-16
8185.19311587275  2.503941E-16
8187.17808276422  2.553619E-16
8189.16304965569  2.566264E-16
8191.14801654716  2.499262E-16
8193.13298343863  2.523008E-16
8195.11795033009  2.563439E-16
8197.10291722156  2.623108E-16
8199.08788411303  2.584134E-16
8201.0728510045  2.696778E-16
8203.05781789597  2.747439E-16
8205.04278478744  2.789355E-16
8207.02775167891  2.822278E-16
8209.01271857038  2.828852E-16
8210.99768546184  2.837867E-16
8212.98265235332  2.865710E-16
8214.96761924479  2.867586E-16
8216.95258613625  2.862315E-16
8218.93755302772  2.867607E-16
8220.92251991919  2.870235E-16
8222.90748681066  2.879439E-16
8224.89245370213  2.701791E-16
8226.8774205936  2.495868E-16
8228.86238748507  2.364215E-16
8230.84735437653  2.434634E-16
8232.832321268  2.555918E-16
8234.81728815947  2.754904E-16
8236.80225505094  2.920178E-16
8238.78722194241  2.897139E-16
8240.77218883388  2.906173E-16
8242.75715572535  2.940901E-16
8244.74212261682  2.974066E-16
8246.72708950829  3.060187E-16
8248.71205639975  3.097545E-16
8250.69702329123  3.075853E-16
8252.68199018269  3.093405E-16
8254.66695707416  3.063596E-16
8256.65192396563  2.983159E-16
8258.6368908571  3.060611E-16
8260.62185774857  3.080468E-16
8262.60682464004  3.061134E-16
8264.5917915315  3.079845E-16
8266.57675842298  3.196705E-16
8268.56172531445  3.275713E-16
8270.54669220591  3.255341E-16
8272.53165909738  3.100219E-16
8274.51662598885  2.982349E-16
8276.50159288032  3.014791E-16
8278.48655977179  3.014310E-16
8280.47152666326  3.032143E-16
8282.45649355473  3.136341E-16
8284.44146044619  3.120185E-16
8286.42642733766  3.111229E-16
8288.41139422913  3.105935E-16
8290.3963611206  3.130911E-16
8292.38132801207  3.209860E-16
8294.36629490354  3.176820E-16
8296.35126179501  3.128946E-16
8298.33622868648  3.161843E-16
8300.32119557795  3.199680E-16
8302.30616246942  3.165481E-16
8304.29112936089  3.202941E-16
8306.27609625235  3.273812E-16
8308.26106314382  3.282336E-16
8310.24603003529  3.426664E-16
8312.23099692676  3.330798E-16
8314.21596381823  3.327778E-16
8316.2009307097  3.299749E-16
8318.18589760117  3.248986E-16
8320.17086449264  3.164404E-16
8322.15583138411  3.260987E-16
8324.14079827557  3.292276E-16
8326.12576516704  3.377477E-16
8328.11073205851  3.406741E-16
8330.09569894998  3.396201E-16
8332.08066584145  3.375781E-16
8334.06563273292  3.457617E-16
8336.05059962439  3.454457E-16
8338.03556651585  3.444673E-16
8340.02053340733  3.501557E-16
8342.00550029879  3.589457E-16
8343.99046719026  3.482262E-16
8345.97543408173  3.447773E-16
8347.9604009732  3.511879E-16
8349.94536786467  3.549349E-16
8351.93033475614  3.629117E-16
8353.91530164761  3.545351E-16
8355.90026853908  3.593121E-16
8357.88523543055  3.554777E-16
8359.87020232201  3.567397E-16
8361.85516921348  3.612871E-16
8363.84013610495  3.691425E-16
8365.82510299642  3.716940E-16
8367.81006988789  3.697843E-16
8369.79503677936  3.724248E-16
8371.78000367083  3.728383E-16
8373.7649705623  3.748546E-16
8375.74993745377  3.671911E-16
8377.73490434524  3.678368E-16
8379.7198712367  3.774868E-16
8381.70483812817  3.687904E-16
8383.68980501964  3.768433E-16
8385.67477191111  3.771947E-16
8387.65973880258  3.768481E-16
8389.64470569405  3.793984E-16
8391.62967258552  3.770874E-16
8393.61463947698  3.825550E-16
8395.59960636845  3.753780E-16
8397.58457325992  3.799215E-16
8399.56954015139  3.791451E-16
8401.55450704286  3.786072E-16
8403.53947393433  3.774020E-16
8405.5244408258  3.774661E-16
8407.50940771727  3.853737E-16
8409.49437460874  3.848122E-16
8411.4793415002  3.769784E-16
8413.46430839167  3.882923E-16
8415.44927528314  3.808876E-16
8417.43424217461  3.830257E-16
8419.41920906608  3.917747E-16
8421.40417595755  3.915131E-16
8423.38914284902  3.876166E-16
8425.37410974049  3.936764E-16
8427.35907663196  3.932571E-16
8429.34404352343  3.930592E-16
8431.3290104149  3.938033E-16
8433.31397730636  3.924843E-16
8435.29894419783  3.839614E-16
8437.2839110893  3.925715E-16
8439.26887798077  3.921027E-16
8441.25384487224  3.973535E-16
8443.23881176371  3.939943E-16
8445.22377865518  3.966519E-16
8447.20874554664  3.936182E-16
8449.19371243812  3.987865E-16
8451.17867932958  4.029306E-16
8453.16364622105  4.009480E-16
8455.14861311252  4.022196E-16
8457.13358000399  4.037071E-16
8459.11854689546  4.069408E-16
8461.10351378693  4.087644E-16
8463.0884806784  4.054588E-16
8465.07344756986  4.126758E-16
8467.05841446133  4.062697E-16
8469.0433813528  4.178612E-16
8471.02834824427  4.174836E-16
8473.01331513574  4.057484E-16
8474.99828202721  4.095390E-16
8476.98324891868  4.119676E-16
8478.96821581015  4.143419E-16
8480.95318270162  4.081817E-16
8482.93814959309  4.070539E-16
8484.92311648456  4.095483E-16
8486.90808337602  4.086197E-16
8488.89305026749  4.040717E-16
8490.87801715896  4.046627E-16
8492.86298405043  4.116829E-16
8494.8479509419  4.083850E-16
8496.83291783337  4.084015E-16
8498.81788472484  4.160896E-16
8500.80285161631  4.177123E-16
8502.78781850778  4.116409E-16
8504.77278539924  4.067393E-16
8506.75775229071  4.212373E-16
8508.74271918218  4.133581E-16
8510.72768607365  4.117284E-16
8512.71265296512  4.183718E-16
8514.69761985659  4.152388E-16
8516.68258674806  4.051642E-16
8518.66755363953  4.137757E-16
8520.652520531  4.192909E-16
8522.63748742246  4.194890E-16
8524.62245431393  4.303061E-16
8526.6074212054  4.243558E-16
8528.59238809687  4.175606E-16
8530.57735498834  4.233000E-16
8532.56232187981  4.249147E-16
8534.54728877128  4.324376E-16
8536.53225566275  4.231565E-16
8538.51722255422  4.210982E-16
8540.50218944568  4.332526E-16
8542.48715633715  4.293240E-16
8544.47212322862  4.313112E-16
8546.45709012009  4.287027E-16
8548.44205701156  4.262493E-16
8550.42702390303  4.289806E-16
8552.4119907945  4.328664E-16
8554.39695768597  4.454042E-16
8556.38192457744  4.448523E-16
8558.3668914689  4.359959E-16
8560.35185836037  4.311191E-16
8562.33682525184  4.322951E-16
8564.32179214331  4.385265E-16
8566.30675903478  4.361387E-16
8568.29172592625  4.342504E-16
8570.27669281772  4.275478E-16
8572.26165970919  4.296706E-16
8574.24662660066  4.296891E-16
8576.23159349213  4.264985E-16
8578.21656038359  4.272618E-16
8580.20152727506  4.373512E-16
8582.18649416653  4.354020E-16
8584.171461058  4.340750E-16
8586.15642794947  4.362056E-16
8588.14139484094  4.387042E-16
8590.12636173241  4.417257E-16
8592.11132862388  4.360677E-16
8594.09629551534  4.376613E-16
8596.08126240681  4.396756E-16
8598.06622929828  4.356224E-16
8600.05119618975  4.408208E-16
8602.03616308122  4.425742E-16
8604.02112997269  4.391077E-16
8606.00609686416  4.434085E-16
8607.99106375563  4.436611E-16
8609.97603064709  4.372419E-16
8611.96099753857  4.392564E-16
8613.94596443003  4.401378E-16
8615.9309313215  4.374345E-16
8617.91589821297  4.326722E-16
8619.90086510444  4.299590E-16
8621.88583199591  4.273549E-16
8623.87079888738  4.297105E-16
8625.85576577885  4.342068E-16
8627.84073267032  4.291805E-16
8629.82569956179  4.328870E-16
8631.81066645325  4.339730E-16
8633.79563334472  4.312691E-16
8635.78060023619  4.227918E-16
8637.76556712766  4.165953E-16
8639.75053401913  4.173600E-16
8641.7355009106  4.182325E-16
8643.72046780207  4.159972E-16
8645.70543469353  4.144365E-16
8647.69040158501  4.129208E-16
8649.67536847647  4.046654E-16
8651.66033536794  4.140587E-16
8653.64530225941  4.182209E-16
8655.63026915088  4.120205E-16
8657.61523604235  4.128458E-16
8659.60020293382  4.053073E-16
8661.58516982529  4.040704E-16
8663.57013671676  4.053855E-16
8665.55510360822  4.087972E-16
8667.54007049969  4.040409E-16
8669.52503739116  3.999295E-16
8671.51000428263  4.058586E-16
8673.4949711741  4.078865E-16
8675.47993806557  4.022948E-16
8677.46490495704  3.948497E-16
8679.44987184851  3.975257E-16
8681.43483873998  4.004232E-16
8683.41980563145  4.017437E-16
8685.40477252291  3.936174E-16
8687.38973941438  3.944677E-16
8689.37470630585  3.986319E-16
8691.35967319732  3.934475E-16
8693.34464008879  3.890697E-16
8695.32960698026  3.973986E-16
8697.31457387173  3.972920E-16
8699.2995407632  3.880370E-16
8701.28450765467  3.942807E-16
8703.26947454613  3.928991E-16
8705.2544414376  3.808132E-16
8707.23940832907  3.705643E-16
8709.22437522054  3.748527E-16
8711.20934211201  3.852498E-16
8713.19430900348  3.833915E-16
8715.17927589495  3.776509E-16
8717.16424278642  3.761146E-16
8719.14920967789  3.864961E-16
8721.13417656935  3.831081E-16
8723.11914346082  3.776254E-16
8725.10411035229  3.846608E-16
8727.08907724376  3.801378E-16
8729.07404413523  3.741853E-16
8731.0590110267  3.791603E-16
8733.04397791817  3.760606E-16
8735.02894480964  3.708047E-16
8737.01391170111  3.665131E-16
8738.99887859257  3.652363E-16
8740.98384548404  3.666022E-16
8742.96881237551  3.728353E-16
8744.95377926698  3.698063E-16
8746.93874615845  3.701685E-16
8748.92371304992  3.732910E-16
8750.90867994139  3.784531E-16
8752.89364683286  3.801631E-16
8754.87861372433  3.818988E-16
8756.86358061579  3.749592E-16
8758.84854750726  3.716172E-16
8760.83351439873  3.720150E-16
8762.8184812902  3.572929E-16
8764.80344818167  3.701348E-16
8766.78841507314  3.684959E-16
8768.77338196461  3.645739E-16
8770.75834885608  3.714819E-16
8772.74331574755  3.676462E-16
8774.72828263901  3.700718E-16
8776.71324953048  3.677264E-16
8778.69821642195  3.673830E-16
8780.68318331342  3.737903E-16
8782.66815020489  3.724063E-16
8784.65311709636  3.614323E-16
8786.63808398783  3.633188E-16
8788.6230508793  3.631447E-16
8790.60801777077  3.577376E-16
8792.59298466224  3.563102E-16
8794.5779515537  3.531674E-16
8796.56291844517  3.624182E-16
8798.54788533664  3.590259E-16
8800.53285222811  3.537145E-16
8802.51781911958  3.508473E-16
8804.50278601105  3.487993E-16
8806.48775290252  3.558518E-16
8808.47271979399  3.497851E-16
8810.45768668546  3.646710E-16
8812.44265357692  3.650236E-16
8814.42762046839  3.480340E-16
8816.41258735986  3.390901E-16
8818.39755425133  3.447576E-16
8820.3825211428  3.449527E-16
8822.36748803427  3.440344E-16
8824.35245492574  3.428993E-16
8826.33742181721  3.506806E-16
8828.32238870867  3.515214E-16
8830.30735560014  3.473958E-16
8832.29232249161  3.529889E-16
8834.27728938308  3.492922E-16
8836.26225627455  3.429198E-16
8838.24722316602  3.472462E-16
8840.23219005749  3.504316E-16
8842.21715694896  3.504829E-16
8844.20212384043  3.472511E-16
8846.1870907319  3.471896E-16
8848.17205762336  3.518938E-16
8850.15702451483  3.506973E-16
8852.1419914063  3.511483E-16
8854.12695829777  3.471732E-16
8856.11192518924  3.420316E-16
8858.09689208071  3.468195E-16
8860.08185897218  3.442897E-16
8862.06682586365  3.550405E-16
8864.05179275512  3.575397E-16
8866.03675964658  3.475891E-16
8868.02172653805  3.552830E-16
8870.00669342952  3.474665E-16
8871.99166032099  3.462977E-16
8873.97662721246  3.412892E-16
8875.96159410393  3.444664E-16
8877.9465609954  3.533509E-16
8879.93152788686  3.459768E-16
8881.91649477834  3.498162E-16
8883.9014616698  3.554973E-16
8885.88642856127  3.556822E-16
8887.87139545274  3.521088E-16
8889.85636234421  3.526479E-16
8891.84132923568  3.530404E-16
8893.82629612715  3.456858E-16
8895.81126301862  3.424124E-16
8897.79622991009  3.450610E-16
8899.78119680156  3.522865E-16
8901.76616369302  3.453485E-16
8903.75113058449  3.547121E-16
8905.73609747596  3.586322E-16
8907.72106436743  3.510465E-16
8909.7060312589  3.604195E-16
8911.69099815037  3.537386E-16
8913.67596504184  3.515689E-16
8915.66093193331  3.492256E-16
8917.64589882478  3.432030E-16
8919.63086571625  3.347879E-16
8921.61583260771  3.382113E-16
8923.60079949918  3.393933E-16
8925.58576639065  3.336725E-16
8927.57073328212  3.367316E-16
8929.55570017359  3.400946E-16
8931.54066706506  3.402367E-16
8933.52563395653  3.433669E-16
8935.510600848  3.402169E-16
8937.49556773946  3.487752E-16
8939.48053463093  3.443624E-16
8941.4655015224  3.353908E-16
8943.45046841387  3.342830E-16
8945.43543530534  3.293399E-16
8947.42040219681  3.289719E-16
8949.40536908828  3.292519E-16
8951.39033597975  3.256203E-16
8953.37530287122  3.144423E-16
8955.36026976268  3.169885E-16
8957.34523665415  3.232090E-16
8959.33020354562  3.312013E-16
8961.31517043709  3.185607E-16
8963.30013732856  2.965456E-16
8965.28510422003  2.940757E-16
8967.2700711115  3.049732E-16
8969.25503800297  3.033707E-16
8971.24000489444  2.958416E-16
8973.22497178591  2.890107E-16
8975.20993867737  3.028669E-16
8977.19490556884  3.204714E-16
8979.17987246031  3.050283E-16
8981.16483935178  2.908696E-16
8983.14980624325  2.994253E-16
8985.13477313472  2.857981E-16
8987.11974002619  2.581402E-16
8989.10470691766  2.453758E-16
8991.08967380912  2.504626E-16
8993.0746407006  2.809003E-16
8995.05960759206  3.083822E-16
8997.04457448353  3.168423E-16
8999.029541375  2.996523E-16
9001.01450826647  2.731509E-16
9002.99947515794  2.682881E-16
9004.98444204941  2.725268E-16
9006.96940894088  2.772859E-16
9008.95437583235  2.864178E-16
9010.93934272381  2.926542E-16
9012.92430961528  2.897440E-16
9014.90927650675  2.851528E-16
9016.89424339822  2.745690E-16
9018.87921028969  2.764656E-16
9020.86417718116  2.918649E-16
9022.84914407263  2.763956E-16
9024.8341109641  2.621806E-16
9026.81907785557  2.737799E-16
9028.80404474703  2.837659E-16
9030.7890116385  2.915360E-16
9032.77397852997  2.910477E-16
9034.75894542144  2.995606E-16
9036.74391231291  3.083599E-16
9038.72887920438  2.974475E-16
9040.71384609585  2.987096E-16
9042.69881298731  2.995657E-16
9044.68377987879  3.008142E-16
9046.66874677026  3.043281E-16
9048.65371366172  2.996897E-16
9050.63868055319  2.915416E-16
9052.62364744466  2.833134E-16
9054.60861433613  2.910306E-16
9056.5935812276  3.050886E-16
9058.57854811907  3.018167E-16
9060.56351501054  2.859791E-16
9062.54848190201  2.843751E-16
9064.53344879347  2.887485E-16
9066.51841568494  2.897491E-16
9068.50338257641  2.767729E-16
9070.48834946788  2.589879E-16
9072.47331635935  2.587605E-16
9074.45828325082  2.659585E-16
9076.44325014229  2.834512E-16
9078.42821703376  2.805719E-16
9080.41318392523  2.645209E-16
9082.3981508167  2.826857E-16
9084.38311770816  2.869409E-16
9086.36808459963  2.785342E-16
9088.3530514911  2.731096E-16
9090.33801838257  2.780200E-16
9092.32298527404  2.831855E-16
9094.30795216551  2.809668E-16
9096.29291905697  2.805765E-16
9098.27788594845  2.752326E-16
9100.26285283992  2.802558E-16
9102.24781973138  2.824958E-16
9104.23278662285  2.815845E-16
9106.21775351432  2.800125E-16
9108.20272040579  2.752020E-16
9110.18768729726  2.894091E-16
9112.17265418873  2.979027E-16
9114.1576210802  2.948107E-16
9116.14258797167  2.841317E-16
9118.12755486313  2.714026E-16
9120.1125217546  2.757946E-16
9122.09748864607  3.008370E-16
9124.08245553754  3.110558E-16
9126.06742242901  2.985427E-16
9128.05238932048  2.868553E-16
9130.03735621195  2.670591E-16
9132.02232310342  2.595169E-16
9134.00728999489  2.606904E-16
9135.99225688635  2.553856E-16
9137.97722377782  2.644245E-16
9139.96219066929  2.905279E-16
9141.94715756076  3.017726E-16
9143.93212445223  3.007416E-16
9145.9170913437  3.027057E-16
9147.90205823517  3.007210E-16
9149.88702512664  2.887198E-16
9151.87199201811  2.676788E-16
9153.85695890958  2.477921E-16
9155.84192580105  2.520120E-16
9157.82689269251  2.741923E-16
9159.81185958398  3.024784E-16
9161.79682647545  3.547549E-16
9163.78179336692  3.624007E-16
9165.76676025839  3.558476E-16
9167.75172714986  3.133594E-16
9169.73669404133  2.940802E-16
9171.72166093279  2.849596E-16
9173.70662782426  2.641486E-16
9175.69159471573  2.521060E-16
9177.6765616072  2.631032E-16
9179.66152849867  2.788731E-16
9181.64649539014  2.787350E-16
9183.63146228161  2.791647E-16
9185.61642917308  2.890128E-16
9187.60139606455  2.940349E-16
9189.58636295602  2.928317E-16
9191.57132984748  2.888854E-16
9193.55629673895  2.866624E-16
9195.54126363042  2.757264E-16
9197.52623052189  2.844701E-16
9199.51119741336  2.909672E-16
9201.49616430483  2.977424E-16
9203.4811311963  2.996381E-16
9205.46609808777  2.914409E-16
9207.45106497924  2.945358E-16
9209.4360318707  2.904628E-16
9211.42099876217  2.885823E-16
9213.40596565364  2.846338E-16
9215.39093254511  2.862664E-16
9217.37589943658  2.783333E-16
9219.36086632805  2.858223E-16
9221.34583321952  2.942113E-16
9223.33080011099  2.866163E-16
9225.31576700245  2.782074E-16
9227.30073389392  2.863005E-16
9229.28570078539  2.894677E-16
9231.27066767686  2.784540E-16
9233.25563456833  2.827602E-16
9235.2406014598  2.828623E-16
9237.22556835127  2.829307E-16
9239.21053524274  2.848941E-16
9241.19550213421  2.815706E-16
9243.18046902568  2.717820E-16
9245.16543591714  2.679901E-16
9247.15040280861  2.744119E-16
9249.13536970008  2.735707E-16
9251.12033659155  2.744560E-16
9253.10530348302  2.760264E-16
9255.09027037449  2.710895E-16
9257.07523726596  2.822579E-16
9259.06020415743  2.806205E-16
9261.0451710489  2.646086E-16
9263.03013794037  2.724438E-16
9265.01510483183  2.818675E-16
9267.0000717233  2.761459E-16
9268.98503861477  2.751747E-16
9270.97000550624  2.675096E-16
9272.95497239771  2.573948E-16
9274.93993928918  2.582413E-16
9276.92490618064  2.537030E-16
9278.90987307212  2.442017E-16
9280.89483996359  2.410779E-16
9282.87980685505  2.510704E-16
9284.86477374652  2.489621E-16
9286.84974063799  2.436302E-16
9288.83470752946  2.460884E-16
9290.81967442093  2.459675E-16
9292.8046413124  2.387642E-16
9294.78960820387  2.188372E-16
9296.77457509534  2.081433E-16
9298.7595419868  2.129441E-16
9300.74450887827  2.176893E-16
9302.72947576974  2.189998E-16
9304.71444266121  2.262302E-16
9306.69940955268  2.203311E-16
9308.68437644415  2.006495E-16
9310.66934333562  1.939820E-16
9312.65431022709  2.063094E-16
9314.63927711856  1.845511E-16
9316.62424401003  1.537548E-16
9318.60921090149  1.614089E-16
9320.59417779296  1.804718E-16
9322.57914468443  1.727342E-16
9324.5641115759  1.536873E-16
9326.54907846737  1.643094E-16
9328.53404535884  1.919757E-16
9330.51901225031  2.006304E-16
9332.50397914178  1.801052E-16
9334.48894603325  1.451806E-16
9336.47391292471  1.400908E-16
9338.45887981618  1.464464E-16
9340.44384670765  1.452990E-16
9342.42881359912  1.278097E-16
9344.41378049059  1.059325E-16
9346.39874738206  1.364125E-16
9348.38371427353  1.918658E-16
9350.368681165  2.063651E-16
9352.35364805647  1.772612E-16
9354.33861494793  1.463360E-16
9356.3235818394  1.394711E-16
9358.30854873087  1.481594E-16
9360.29351562234  1.713586E-16
9362.27848251381  1.942075E-16
9364.26344940528  1.806165E-16
9366.24841629675  1.607999E-16
9368.23338318822  1.452412E-16
9370.21835007969  1.283223E-16
9372.20331697115  1.383993E-16
9374.18828386262  1.604548E-16
9376.17325075409  1.868812E-16
9378.15821764556  1.682933E-16
9380.14318453703  1.419601E-16
9382.1281514285  1.614674E-16
9384.11311831997  1.821685E-16
9386.09808521144  1.804434E-16
9388.08305210291  1.830626E-16
9390.06801899437  2.017254E-16
9392.05298588584  2.201089E-16
9394.03795277731  2.207619E-16
9396.02291966878  2.165065E-16
9398.00788656025  2.064164E-16
9399.99285345172  1.938710E-16
9401.97782034319  1.929771E-16
9403.96278723466  2.063641E-16
9405.94775412613  2.122340E-16
9407.93272101759  1.973945E-16
9409.91768790906  1.889000E-16
9411.90265480053  1.873732E-16
9413.887621692  2.043399E-16
9415.87258858347  2.012370E-16
9417.85755547494  1.977233E-16
9419.84252236641  1.895824E-16
9421.82748925788  1.947695E-16
9423.81245614935  1.951214E-16
9425.79742304082  1.645863E-16
9427.78238993228  1.396945E-16
9429.76735682375  1.406160E-16
9431.75232371522  1.792153E-16
9433.73729060669  2.137900E-16
9435.72225749816  2.099092E-16
9437.70722438963  1.828892E-16
9439.6921912811  1.410118E-16
9441.67715817257  1.186920E-16
9443.66212506403  1.316250E-16
9445.6470919555  1.679591E-16
9447.63205884697  1.993676E-16
9449.61702573844  2.072667E-16
9451.60199262991  1.953235E-16
9453.58695952138  1.776708E-16
9455.57192641285  1.609958E-16
9457.55689330432  1.545195E-16
9459.54186019579  1.539042E-16
9461.52682708726  1.629018E-16
9463.51179397872  1.783094E-16
9465.49676087019  1.875391E-16
9467.48172776166  1.789623E-16
9469.46669465313  1.636692E-16
9471.4516615446  1.696471E-16
9473.43662843607  1.773001E-16
9475.42159532754  1.687291E-16
9477.40656221901  1.793917E-16
9479.39152911048  1.834496E-16
9481.37649600194  1.582079E-16
9483.36146289341  1.606054E-16
9485.34642978488  1.965170E-16
9487.33139667635  2.099778E-16
9489.31636356782  2.158642E-16
9491.30133045929  2.060696E-16
9493.28629735076  1.687789E-16
9495.27126424223  1.470815E-16
9497.25623113369  1.460375E-16
9499.24119802516  1.384779E-16
9501.22616491663  1.313774E-16
9503.2111318081  1.674336E-16
9505.19609869957  2.051561E-16
9507.18106559104  2.208878E-16
9509.16603248251  2.248331E-16
9511.15099937398  2.181453E-16
9513.13596626545  2.098641E-16
9515.12093315692  1.920427E-16
9517.10590004838  1.684306E-16
9519.09086693985  1.556587E-16
9521.07583383132  1.488500E-16
9523.06080072279  1.482459E-16
9525.04576761426  1.668578E-16
9527.03073450573  1.698425E-16
9529.0157013972  1.722883E-16
9531.00066828867  1.918215E-16
9532.98563518014  2.084944E-16
9534.9706020716  2.001385E-16
9536.95556896307  1.965592E-16
9538.94053585454  1.973988E-16
9540.92550274601  1.979184E-16
9542.91046963748  1.733203E-16
9544.89543652895  1.626838E-16
9546.88040342042  1.753559E-16
9548.86537031189  1.890363E-16
9550.85033720336  1.948150E-16
9552.83530409482  1.747751E-16
9554.82027098629  1.603730E-16
9556.80523787776  1.661766E-16
9558.79020476923  1.856230E-16
9560.7751716607  2.032344E-16
9562.76013855217  2.005430E-16
9564.74510544364  1.734913E-16
9566.73007233511  1.673255E-16
9568.71503922658  1.711792E-16
9570.70000611804  1.823255E-16
9572.68497300951  2.022017E-16
9574.66993990098  2.094865E-16
9576.65490679245  2.110109E-16
9578.63987368392  1.980987E-16
9580.62484057539  1.817570E-16
9582.60980746686  1.927470E-16
9584.59477435833  2.118796E-16
9586.5797412498  1.985900E-16
9588.56470814126  1.748356E-16
9590.54967503273  1.663408E-16
9592.5346419242  1.691783E-16
9594.51960881567  1.840626E-16
9596.50457570714  1.875858E-16
9598.48954259861  1.881186E-16
9600.47450949008  1.927447E-16
9602.45947638155  1.966549E-16
9604.44444327302  1.944220E-16
9606.42941016448  1.788722E-16
9608.41437705595  1.876463E-16
9610.39934394742  2.018202E-16
9612.38431083889  2.083988E-16
9614.36927773036  2.144903E-16
9616.35424462183  1.947432E-16
9618.3392115133  1.962524E-16
9620.32417840477  1.904510E-16
9622.30914529624  1.853349E-16
9624.29411218771  1.955603E-16
9626.27907907917  2.148104E-16
9628.26404597064  2.896731E-16
9630.24901286211  3.536437E-16
9632.23397975358  3.403188E-16
9634.21894664505  2.566994E-16
9636.20391353652  1.956893E-16
9638.18888042799  2.022895E-16
9640.17384731946  2.333874E-16
9642.15881421093  2.520442E-16
9644.14378110239  2.360592E-16
9646.12874799386  2.079677E-16
9648.11371488533  2.007598E-16
9650.0986817768  2.070637E-16
9652.08364866827  2.059510E-16
9654.06861555974  2.088299E-16
9656.05358245121  1.975299E-16
9658.03854934268  1.898223E-16
9660.02351623414  1.870168E-16
9662.00848312561  1.784840E-16
9663.99345001708  1.671093E-16
9665.97841690855  1.878822E-16
9667.96338380002  2.010211E-16
9669.94835069149  1.995521E-16
9671.93331758296  2.034718E-16
9673.91828447443  2.196687E-16
9675.9032513659  2.228601E-16
9677.88821825737  2.160846E-16
9679.87318514883  2.043200E-16
9681.8581520403  1.939186E-16
9683.84311893177  2.009278E-16
9685.82808582324  2.070928E-16
9687.81305271471  1.976328E-16
9689.79801960618  1.940188E-16
9691.78298649765  1.953584E-16
9693.76795338912  1.969575E-16
9695.75292028059  2.029041E-16
9697.73788717206  1.976029E-16
9699.72285406352  1.967357E-16
9701.70782095499  2.048089E-16
9703.69278784646  2.068630E-16
9705.67775473793  2.064027E-16
9707.6627216294  2.141764E-16
9709.64768852087  2.174294E-16
9711.63265541234  2.090077E-16
9713.61762230381  1.952761E-16
9715.60258919527  1.934908E-16
9717.58755608674  1.990321E-16
9719.57252297821  1.989356E-16
9721.55748986968  1.989145E-16
9723.54245676115  1.921216E-16
9725.52742365262  1.835473E-16
9727.51239054409  1.975659E-16
9729.49735743556  2.025631E-16
9731.48232432703  1.952717E-16
9733.46729121849  1.958753E-16
9735.45225810996  1.965476E-16
9737.43722500143  1.836225E-16
9739.4221918929  1.841091E-16
9741.40715878437  1.966321E-16
9743.39212567584  1.906665E-16
9745.37709256731  1.940750E-16
9747.36205945878  1.928108E-16
9749.34702635025  1.812168E-16
9751.33199324172  1.870127E-16
9753.31696013318  1.890060E-16
9755.30192702465  1.804712E-16
9757.28689391612  1.826574E-16
9759.27186080759  1.808861E-16
9761.25682769906  1.794438E-16
9763.24179459053  1.770764E-16
9765.226761482  1.727120E-16
9767.21172837346  1.890003E-16
9769.19669526493  1.937596E-16
9771.1816621564  1.948784E-16
9773.16662904787  1.964637E-16
9775.15159593934  1.911349E-16
9777.13656283081  1.897088E-16
9779.12152972228  1.830835E-16
9781.10649661375  1.849197E-16
9783.09146350522  1.825938E-16
9785.07643039669  1.945771E-16
9787.06139728816  1.886349E-16
9789.04636417962  1.932889E-16
9791.03133107109  1.759923E-16
9793.01629796256  1.678042E-16
9795.00126485403  1.752307E-16
9796.9862317455  1.723645E-16
9798.97119863697  1.706652E-16
9800.95616552844  1.652823E-16
9802.94113241991  1.738111E-16
9804.92609931138  1.805066E-16
9806.91106620284  1.858807E-16
9808.89603309431  2.029200E-16
9810.88099998578  1.876008E-16
9812.86596687725  1.799573E-16
9814.85093376872  1.814958E-16
9816.83590066019  1.806200E-16
9818.82086755166  1.789950E-16
9820.80583444313  1.847573E-16
9822.79080133459  1.726258E-16
9824.77576822607  1.806226E-16
9826.76073511753  1.850899E-16
9828.745702009  1.753342E-16
9830.73066890047  1.846903E-16
9832.71563579194  1.900683E-16
9834.70060268341  1.842434E-16
9836.68556957488  1.875710E-16
9838.67053646635  1.941699E-16
9840.65550335781  1.900059E-16
9842.64047024928  1.823541E-16
9844.62543714075  1.802642E-16
9846.61040403222  1.767932E-16
9848.59537092369  1.689570E-16
9850.58033781516  1.706271E-16
9852.56530470663  1.613620E-16
9854.5502715981  1.602349E-16
9856.53523848957  1.767772E-16
9858.52020538104  1.778457E-16
9860.5051722725  1.746581E-16
9862.49013916397  1.735435E-16
9864.47510605544  1.726399E-16
9866.46007294691  1.716189E-16
9868.44503983838  1.782574E-16
9870.43000672985  1.838612E-16
9872.41497362132  1.769018E-16
9874.39994051279  1.679396E-16
9876.38490740426  1.628178E-16
9878.36987429573  1.549673E-16
9880.35484118719  1.496785E-16
9882.33980807866  1.521670E-16
9884.32477497013  1.589592E-16
9886.3097418616  1.641060E-16
9888.29470875307  1.680847E-16
9890.27967564454  1.746003E-16
9892.26464253601  1.653760E-16
9894.24960942748  1.610526E-16
9896.23457631894  1.652151E-16
9898.21954321041  1.707265E-16
9900.20451010188  1.755425E-16
9902.18947699335  1.603069E-16
9904.17444388482  1.535488E-16
9906.15941077629  1.577441E-16
9908.14437766776  1.630665E-16
9910.12934455923  1.539415E-16
9912.1143114507  1.468234E-16
9914.09927834216  1.563995E-16
9916.08424523363  1.625706E-16
9918.0692121251  1.634449E-16
9920.05417901657  1.578903E-16
9922.03914590804  1.652948E-16
9924.02411279951  1.689724E-16
9926.00907969098  1.618456E-16
9927.99404658245  1.620687E-16
9929.97901347392  1.630665E-16
9931.96398036539  1.621598E-16
9933.94894725685  1.535143E-16
9935.93391414832  1.534283E-16
9937.91888103979  1.599056E-16
9939.90384793126  1.541323E-16
9941.88881482273  1.749532E-16
9943.8737817142  1.863141E-16
9945.85874860567  1.642582E-16
9947.84371549714  1.507093E-16
9949.8286823886  1.562671E-16
9951.81364928007  1.641266E-16
9953.79861617154  1.664213E-16
9955.78358306301  1.660826E-16
9957.76854995448  1.665983E-16
9959.75351684595  1.535496E-16
9961.73848373742  1.576830E-16
9963.72345062889  1.495410E-16
9965.70841752036  1.448818E-16
9967.69338441183  1.529417E-16
9969.67835130329  1.467201E-16
9971.66331819476  1.519343E-16
9973.64828508623  1.577234E-16
9975.6332519777  1.525613E-16
9977.61821886917  1.543957E-16
9979.60318576064  1.537743E-16
9981.58815265211  1.581429E-16
9983.57311954358  1.635283E-16
9985.55808643505  1.538555E-16
9987.54305332651  1.536587E-16
9989.52802021798  1.469845E-16
9991.51298710945  1.507080E-16
9993.49795400092  1.494843E-16
9995.48292089239  1.458671E-16
9997.46788778386  1.470007E-16
9999.45285467533  1.418723E-16
10001.4378215668  1.499211E-16
10003.4227884583  1.408389E-16
10005.4077553497  1.623973E-16
10007.3927222412  1.735272E-16
10009.3776891327  1.549425E-16
10011.3626560241  1.601486E-16
10013.3476229156  1.585340E-16
10015.3325898071  1.573450E-16
10017.3175566985  1.520865E-16
10019.30252359  1.613398E-16
10021.2874904815  1.564619E-16
10023.272457373  1.558280E-16
10025.2574242644  1.558335E-16
10027.2423911559  1.519466E-16
10029.2273580474  1.483771E-16
10031.2123249388  1.550636E-16
10033.1972918303  1.473494E-16
10035.1822587218  1.444005E-16
10037.1672256132  1.523556E-16
10039.1521925047  1.510918E-16
10041.1371593962  1.450034E-16
10043.1221262876  1.544719E-16
10045.1070931791  1.572003E-16
10047.0920600706  1.533368E-16
10049.077026962  1.653675E-16
10051.0619938535  1.621344E-16
10053.046960745  1.548295E-16
10055.0319276365  1.505958E-16
10057.0168945279  1.432403E-16
10059.0018614194  1.522190E-16
10060.9868283109  1.513475E-16
10062.9717952023  1.452439E-16
10064.9567620938  1.544984E-16
10066.9417289853  1.562771E-16
10068.9266958767  1.557882E-16
10070.9116627682  1.652063E-16
10072.8966296597  1.789537E-16
10074.8815965511  1.725117E-16
10076.8665634426  1.538714E-16
10078.8515303341  1.579990E-16
10080.8364972256  1.643978E-16
10082.821464117  1.477047E-16
10084.8064310085  1.309492E-16
10086.7913979  1.572863E-16
10088.7763647914  1.685419E-16
10090.7613316829  1.635941E-16
10092.7462985744  1.530365E-16
10094.7312654658  1.520870E-16
10096.7162323573  1.532379E-16
10098.7011992488  1.651956E-16
10100.6861661402  1.719487E-16
10102.6711330317  1.659666E-16
10104.6560999232  1.762202E-16
10106.6410668146  1.656830E-16
10108.6260337061  1.601298E-16
10110.6110005976  1.647829E-16
10112.5959674891  1.497284E-16
10114.5809343805  1.592939E-16
10116.565901272  1.578690E-16
10118.5508681635  1.617056E-16
10120.5358350549  1.788176E-16
10122.5208019464  1.665330E-16
10124.5057688379  1.418618E-16
10126.4907357293  1.495688E-16
10128.4757026208  1.509520E-16
10130.4606695123  1.721920E-16
10132.4456364037  1.632455E-16
10134.4306032952  1.635843E-16
10136.4155701867  1.807959E-16
10138.4005370782  1.654491E-16
