3720.00	6.58474e-17
3721.50	6.11522e-17
3723.00	2.25774e-17
3724.50	5.52765e-18
3726.00	1.08402e-17
3727.50	1.79744e-17
3729.00	8.36883e-17
3730.50	5.35411e-18
3732.00	2.33657e-17
3733.50	6.32128e-17
3735.00	-2.91944e-18
3736.50	8.65977e-17
3738.00	3.16908e-17
3739.50	1.84799e-16
3741.00	8.60623e-17
3742.50	1.76165e-17
3744.00	2.23967e-17
3745.50	-6.89223e-17
3747.00	2.0813e-17
3748.50	3.31326e-17
3750.00	7.16442e-18
3751.50	4.95063e-17
3753.00	1.014e-16
3754.50	1.97282e-16
3756.00	2.68097e-17
3757.50	1.11709e-17
3759.00	5.27652e-17
3760.50	5.39777e-18
3762.00	5.01282e-17
3763.50	6.28613e-17
3765.00	1.66352e-17
3766.50	4.60913e-17
3768.00	-4.98334e-17
3769.50	-3.66454e-18
3771.00	1.18584e-16
3772.50	2.27564e-17
3774.00	-5.67287e-18
3775.50	-3.54267e-19
3777.00	4.96433e-18
3778.50	1.02829e-17
3780.00	1.56015e-17
3781.50	2.09201e-17
3784.50	6.07697e-17
3786.00	1.1302e-16
3787.50	2.19361e-17
3789.00	2.91435e-18
3790.50	9.84244e-17
3792.00	1.44708e-16
3793.50	2.47505e-17
3795.00	5.32741e-18
3796.50	2.16288e-17
3798.00	4.29838e-17
3799.50	1.26027e-16
3801.00	7.84542e-17
3802.50	7.29303e-17
3804.00	-3.67219e-17
3805.50	-3.77534e-17
3807.00	6.17605e-17
3808.50	7.59702e-17
3810.00	1.1199e-16
3811.50	1.3777e-17
3813.00	-2.22949e-17
3814.50	-5.2497e-17
3816.00	-9.41245e-17
3817.50	-2.42593e-17
3819.00	-4.26954e-17
3820.50	-2.12612e-18
3822.00	6.27365e-17
3823.50	1.17409e-17
3825.00	9.931e-17
3826.50	1.06906e-16
3828.00	-1.88409e-17
3829.50	-2.32429e-18
3831.00	8.0879e-17
3832.50	1.57583e-16
3834.00	1.91238e-16
3835.50	6.27877e-17
3837.00	5.13143e-17
3838.50	1.06733e-16
3840.00	6.83718e-17
3841.50	-7.50656e-18
3843.00	-3.28176e-18
3844.50	5.41323e-17
3846.00	5.3079e-17
3847.50	2.8554e-17
3849.00	2.98776e-17
3850.50	2.04599e-18
3852.00	-8.64647e-17
3853.50	-2.01965e-17
3855.00	-1.67283e-18
3856.50	-7.0024e-17
3858.00	-9.7415e-17
3859.50	8.80719e-18
3861.00	5.42829e-17
3862.50	1.64341e-17
3864.00	2.4447e-17
3865.50	4.44625e-17
3867.00	1.09079e-16
3868.50	5.1068e-18
3870.00	-2.02618e-18
3871.50	1.19884e-17
3873.00	1.311e-17
3874.50	-3.3707e-17
3876.00	3.19515e-17
3877.50	9.62331e-17
3879.00	5.33363e-17
3880.50	5.62382e-17
3882.00	5.54486e-17
3883.50	4.82759e-18
3885.00	-4.1179e-17
3886.50	1.12124e-18
3888.00	4.42288e-17
3889.50	1.91572e-17
3891.00	9.41548e-17
3892.50	5.74034e-17
3894.00	-2.34117e-18
3895.50	-3.869e-17
3897.00	-1.56339e-18
3898.50	2.56879e-17
3900.00	3.416e-17
3901.50	6.8797e-17
3903.00	6.4072e-17
3904.50	-5.33012e-17
3906.00	-4.44669e-17
3907.50	-6.24806e-17
3909.00	-6.02745e-17
3910.50	4.51541e-17
3912.00	7.12593e-17
3913.50	7.78708e-17
3915.00	9.89558e-17
3916.50	7.33605e-17
3918.00	8.32137e-17
3919.50	8.90007e-17
3921.00	2.24155e-17
3922.50	1.70408e-17
3924.00	9.75624e-17
3925.50	1.89843e-16
3927.00	8.91809e-17
3928.50	8.94294e-20
3930.00	2.17626e-17
3931.50	2.49473e-17
3933.00	8.80632e-18
3934.50	7.99476e-17
3936.00	1.18213e-16
3937.50	4.37124e-17
3939.00	8.95873e-18
3940.50	5.97402e-17
3942.00	1.00912e-16
3943.50	1.37075e-16
3945.00	5.93889e-17
3946.50	-7.95201e-18
3948.00	4.55744e-17
3949.50	2.14909e-17
3951.00	1.90312e-17
3952.50	1.10351e-16
3954.00	3.5737e-17
3955.50	-1.04718e-17
3957.00	7.37927e-17
3958.50	1.39491e-17
3960.00	3.83809e-17
3961.50	6.8723e-17
3963.00	2.55749e-17
3964.50	7.90168e-17
3966.00	3.98541e-17
3967.50	2.83197e-17
3969.00	7.7161e-18
3970.50	3.61521e-17
3972.00	7.78176e-17
3973.50	7.41208e-17
3975.00	7.07827e-17
3976.50	8.13821e-17
3978.00	5.35085e-17
3979.50	7.79307e-17
3981.00	8.68505e-17
3982.50	3.47927e-17
3984.00	2.63936e-17
3985.50	3.33514e-17
3987.00	9.26507e-17
3988.50	9.4835e-17
3990.00	7.57213e-17
3991.50	7.87794e-17
3993.00	3.40378e-17
3994.50	2.67208e-17
3996.00	2.90313e-17
3997.50	6.02891e-17
3999.00	8.74086e-17
4000.50	4.05713e-17
4002.00	2.18158e-17
4003.50	3.75336e-17
4005.00	7.43606e-17
4006.50	6.54881e-17
4008.00	3.44004e-17
4009.50	6.96585e-17
4011.00	7.85113e-17
4012.50	1.06464e-17
4014.00	2.16354e-17
4015.50	5.60955e-17
4017.00	6.17541e-17
4018.50	6.88644e-17
4020.00	4.04027e-17
4021.50	2.45194e-18
4023.00	3.99662e-17
4024.50	6.23149e-17
4026.00	1.13916e-16
4027.50	9.26345e-17
4029.00	5.15903e-17
4030.50	9.86235e-17
4032.00	3.89296e-17
4033.50	6.16395e-17
4035.00	1.64164e-17
4036.50	2.78145e-17
4038.00	-3.95938e-20
4039.50	-5.20781e-17
4041.00	3.17567e-17
4042.50	9.2079e-17
4044.00	9.83757e-17
4045.50	9.45589e-17
4047.00	7.37665e-17
4048.50	3.38562e-17
4050.00	1.20568e-17
4051.50	2.45047e-17
4053.00	7.44177e-17
4054.50	4.23204e-17
4056.00	1.14764e-18
4057.50	3.37857e-17
4059.00	5.2455e-17
4060.50	3.95445e-17
4062.00	7.91541e-17
4063.50	7.27704e-17
4065.00	2.66791e-17
4066.50	3.15549e-17
4068.00	5.43457e-17
4069.50	4.95684e-17
4071.00	2.08308e-18
4072.50	6.89022e-17
4074.00	1.23081e-16
4075.50	4.25835e-17
4077.00	2.88794e-17
4078.50	4.96007e-17
4080.00	3.77457e-17
4081.50	2.89038e-17
4083.00	5.72928e-17
4084.50	8.60309e-17
4086.00	6.39575e-17
4087.50	6.75108e-17
4089.00	2.85622e-17
4090.50	1.24079e-16
4092.00	5.88607e-17
4093.50	-2.93513e-21
4095.00	-4.17935e-17
4096.50	5.54155e-19
4098.00	1.15777e-17
4099.50	-2.7524e-18
4101.00	6.41865e-17
4102.50	7.9067e-17
4104.00	3.96896e-17
4105.50	5.85876e-17
4107.00	2.37695e-17
4108.50	-2.35959e-18
4110.00	2.57043e-17
4111.50	5.51601e-17
4113.00	3.08824e-17
4114.50	6.03637e-17
4116.00	1.90923e-17
4117.50	-1.74502e-17
4119.00	4.7533e-17
4120.50	1.72315e-17
4122.00	3.4846e-17
4123.50	9.04078e-17
4125.00	9.41017e-17
4126.50	1.4366e-17
4128.00	2.38943e-17
4129.50	7.70609e-17
4131.00	5.70952e-17
4132.50	5.88823e-17
4134.00	9.10384e-17
4135.50	6.3931e-17
4137.00	6.79134e-17
4138.50	5.14039e-17
4140.00	4.64083e-17
4141.50	5.98551e-17
4143.00	2.78867e-17
4144.50	3.14113e-17
4146.00	1.64267e-17
4147.50	6.26394e-17
4149.00	5.33888e-17
4150.50	3.60185e-17
4152.00	6.73025e-17
4153.50	3.37327e-17
4155.00	2.08943e-17
4156.50	7.14768e-17
4158.00	5.80849e-17
4159.50	8.34244e-17
4161.00	5.79666e-17
4162.50	6.02552e-18
4164.00	6.79505e-19
4165.50	4.11671e-18
4167.00	7.70673e-17
4168.50	7.06426e-17
4170.00	7.92803e-17
4171.50	7.49716e-17
4173.00	1.99197e-17
4174.50	2.71171e-17
4176.00	3.23835e-17
4177.50	4.16727e-17
4179.00	4.35537e-17
4180.50	2.92344e-17
4182.00	8.67237e-17
4183.50	9.67145e-17
4185.00	9.17752e-17
4186.50	4.87007e-17
4188.00	2.52322e-17
4189.50	1.29107e-17
4191.00	4.12957e-17
4192.50	6.00549e-17
4194.00	4.34585e-17
4195.50	4.54318e-17
4197.00	5.55135e-17
4198.50	6.33324e-17
4200.00	4.92836e-17
4201.50	1.81422e-17
4203.00	-4.68155e-18
4204.50	-1.51343e-17
4206.00	1.43936e-17
4207.50	4.19753e-17
4209.00	2.67105e-17
4210.50	2.32958e-17
4212.00	4.02942e-17
4213.50	6.355e-17
4215.00	2.97492e-17
4216.50	7.72741e-18
4218.00	2.51298e-17
4219.50	5.58572e-17
4221.00	2.70733e-17
4222.50	-3.57873e-18
4224.00	4.93963e-17
4225.50	5.81362e-17
4227.00	6.1587e-17
4228.50	6.35708e-17
4230.00	4.88797e-17
4231.50	3.65238e-17
4233.00	3.68344e-17
4234.50	4.24014e-17
4236.00	5.87467e-18
4237.50	4.58485e-17
4239.00	7.18508e-17
4240.50	6.14114e-17
4242.00	6.23135e-17
4243.50	1.51362e-17
4245.00	2.45452e-17
4246.50	-3.41401e-18
4248.00	3.90923e-17
4249.50	5.30736e-17
4251.00	6.06439e-17
4252.50	6.1993e-17
4254.00	5.37955e-17
4255.50	2.77191e-17
4257.00	2.6451e-17
4258.50	-1.43461e-17
4260.00	4.39921e-18
4261.50	3.9818e-17
4263.00	1.91099e-17
4264.50	7.1372e-18
4266.00	-1.77695e-18
4267.50	4.213e-17
4269.00	1.66716e-17
4270.50	1.44997e-17
4272.00	3.37565e-17
4273.50	3.18599e-17
4275.00	4.57066e-17
4276.50	5.11947e-17
4278.00	4.95942e-17
4279.50	5.20041e-17
4281.00	7.12104e-17
4282.50	5.74178e-17
4284.00	1.84142e-17
4285.50	2.12529e-17
4287.00	1.16853e-17
4288.50	2.38418e-17
4290.00	6.0248e-17
4291.50	4.82235e-17
4293.00	3.06071e-17
4294.50	3.81192e-17
4296.00	3.57345e-17
4297.50	2.43755e-17
4299.00	4.69874e-17
4300.50	-7.76984e-18
4302.00	1.46847e-17
4303.50	4.96674e-17
4305.00	2.41755e-17
4306.50	3.46303e-17
4308.00	5.27601e-17
4309.50	1.34829e-17
4311.00	6.91436e-17
4312.50	7.52538e-17
4314.00	3.36991e-17
4315.50	3.3039e-17
4317.00	5.08124e-17
4318.50	3.92194e-17
4320.00	2.51779e-17
4321.50	4.19231e-17
4323.00	7.47728e-17
4324.50	1.26378e-17
4326.00	-2.2303e-19
4327.50	5.98604e-17
4329.00	4.32336e-17
4330.50	-3.76726e-18
4332.00	-5.34014e-18
4333.50	3.25801e-17
4335.00	2.59271e-17
4336.50	2.98085e-18
4338.00	1.15786e-17
4339.50	-4.95416e-18
4341.00	3.04977e-17
4342.50	6.48285e-17
4344.00	4.2675e-17
4345.50	2.93842e-17
4347.00	5.11157e-17
4348.50	7.40228e-17
4350.00	6.41493e-17
4351.50	6.21259e-17
4353.00	5.67081e-17
4354.50	2.99336e-17
4356.00	6.20833e-18
4357.50	1.2953e-17
4359.00	1.98952e-17
4360.50	2.89979e-17
4362.00	2.30097e-17
4363.50	2.13955e-17
4365.00	2.64444e-17
4366.50	6.95124e-17
4368.00	9.68032e-17
4369.50	8.34848e-17
4371.00	3.98232e-17
4372.50	5.14739e-18
4374.00	2.58162e-17
4375.50	5.45952e-17
4377.00	7.11205e-17
4378.50	3.55016e-17
4380.00	2.78932e-17
4381.50	6.3115e-17
4383.00	3.44148e-17
4384.50	-5.89333e-18
4386.00	3.4812e-17
4387.50	5.68362e-17
4389.00	1.65723e-17
4390.50	1.98417e-17
4392.00	5.02986e-17
4393.50	2.52101e-17
4395.00	-1.06742e-18
4396.50	5.04407e-17
4398.00	4.87268e-17
4399.50	1.83342e-17
4401.00	1.84444e-17
4402.50	3.80813e-17
4404.00	3.27498e-17
4405.50	5.56443e-18
4407.00	1.25586e-17
4408.50	1.97921e-17
4410.00	-1.28261e-17
4411.50	-2.36994e-18
4413.00	1.77427e-18
4414.50	1.22804e-17
4416.00	1.84385e-17
4417.50	9.12849e-18
4419.00	2.32661e-17
4420.50	3.71314e-17
4422.00	1.58014e-17
4423.50	4.75554e-17
4425.00	6.58968e-17
4426.50	5.942e-17
4428.00	5.48788e-17
4429.50	3.12387e-17
4431.00	1.4053e-18
4432.50	1.79706e-17
4434.00	5.39943e-17
4435.50	3.72032e-17
4437.00	3.8684e-17
4438.50	4.39919e-17
4440.00	5.12313e-17
4441.50	2.96263e-17
4443.00	2.60453e-17
4444.50	7.28135e-17
4446.00	4.01464e-17
4447.50	1.56724e-17
4449.00	1.29847e-17
4450.50	5.85529e-18
4452.00	2.10855e-17
4453.50	6.2544e-17
4455.00	3.45488e-17
4456.50	3.87991e-17
4458.00	3.71866e-17
4459.50	-1.06868e-17
4461.00	3.06577e-17
4462.50	3.55673e-17
4464.00	4.6255e-17
4465.50	4.42885e-17
4467.00	3.6017e-17
4468.50	2.34458e-17
4470.00	1.84441e-17
4471.50	5.4141e-17
4473.00	2.42609e-17
4474.50	-2.79988e-17
4476.00	2.93437e-17
4477.50	4.45212e-17
4479.00	2.82413e-17
4480.50	2.58198e-17
4482.00	1.85634e-17
4483.50	1.65646e-17
4485.00	9.02758e-18
4486.50	2.63834e-17
4488.00	6.29857e-17
4489.50	3.31852e-17
4491.00	1.3206e-17
4492.50	3.69245e-17
4494.00	2.67259e-17
4495.50	4.15817e-17
4497.00	5.16582e-17
4498.50	2.31706e-17
4500.00	4.64578e-17
4501.50	4.5876e-17
4503.00	2.65923e-17
4504.50	2.32168e-17
4506.00	1.02816e-17
4507.50	3.63933e-17
4509.00	3.94478e-17
4510.50	-1.36989e-17
4512.00	1.55846e-17
4513.50	5.92556e-17
4515.00	2.62016e-17
4516.50	1.26332e-17
4518.00	4.66524e-17
4519.50	3.13887e-17
4521.00	2.84386e-17
4522.50	3.44257e-17
4524.00	4.45856e-17
4525.50	7.04675e-17
4527.00	3.53489e-17
4528.50	1.40995e-17
4530.00	1.81357e-17
4531.50	3.50679e-17
4533.00	5.04729e-17
4534.50	9.52718e-17
4536.00	7.61507e-17
4537.50	4.34982e-17
4539.00	7.50623e-17
4540.50	3.97331e-17
4542.00	-1.34011e-17
4543.50	2.15519e-17
4545.00	2.2223e-17
4546.50	2.43436e-17
4548.00	5.85565e-17
4549.50	3.55267e-17
4551.00	5.249e-17
4552.50	4.12683e-17
4554.00	3.36939e-17
4555.50	3.07412e-17
4557.00	2.44733e-17
4558.50	3.63192e-17
4560.00	4.22831e-17
4561.50	3.81029e-17
4563.00	4.90852e-17
4564.50	7.77905e-17
4566.00	6.32039e-17
4567.50	4.00339e-17
4569.00	4.32691e-17
4570.50	3.55751e-17
4572.00	3.69299e-17
4573.50	2.23826e-17
4575.00	1.67549e-17
4576.50	5.21151e-17
4578.00	5.77494e-17
4579.50	4.83696e-18
4581.00	1.36111e-17
4582.50	3.56566e-17
4584.00	4.76715e-17
4585.50	7.34495e-17
4587.00	6.22279e-17
4588.50	3.7513e-17
4590.00	4.84899e-17
4591.50	5.91502e-17
4593.00	7.65271e-17
4594.50	8.88269e-17
4596.00	3.96868e-17
4597.50	-1.05957e-18
4599.00	1.58061e-17
4600.50	5.60322e-17
4602.00	5.59225e-17
4603.50	2.0146e-17
4605.00	2.74795e-17
4606.50	4.6754e-17
4608.00	3.88679e-17
4609.50	5.84922e-17
4611.00	8.83322e-17
4612.50	6.2973e-17
4614.00	5.1252e-17
4615.50	5.21498e-17
4617.00	5.90133e-17
4618.50	6.08109e-17
4620.00	6.02594e-17
4621.50	4.23763e-17
4623.00	3.10299e-17
4624.50	5.2336e-17
4626.00	7.67682e-17
4627.50	6.1594e-17
4629.00	4.45367e-17
4630.50	5.34913e-17
4632.00	2.41853e-17
4633.50	4.36156e-17
4635.00	3.88377e-17
4636.50	2.22059e-17
4638.00	6.96426e-17
4639.50	5.79368e-17
4641.00	4.02248e-17
4642.50	5.11172e-17
4644.00	3.50529e-17
4645.50	3.09204e-17
4647.00	6.59134e-17
4648.50	6.13962e-17
4650.00	4.47749e-17
4651.50	6.53844e-17
4653.00	5.29311e-17
4654.50	3.65318e-17
4656.00	5.8667e-17
4657.50	2.92351e-17
4659.00	4.7436e-17
4660.50	5.8626e-17
4662.00	2.69875e-17
4663.50	3.54312e-17
4665.00	7.383e-17
4666.50	7.11284e-17
4668.00	2.17848e-17
4669.50	6.75676e-17
4671.00	7.86728e-17
4672.50	4.30611e-17
4674.00	4.00976e-17
4675.50	5.71991e-17
4677.00	6.50225e-17
4678.50	3.65824e-17
4680.00	4.27144e-17
4681.50	3.76219e-17
4683.00	4.00498e-17
4684.50	7.15326e-17
4686.00	4.34303e-17
4687.50	4.4024e-17
4689.00	4.67458e-17
4690.50	3.60953e-17
4692.00	3.51644e-17
4693.50	4.27441e-17
4695.00	8.4167e-17
4696.50	5.16396e-17
4698.00	1.26737e-17
4699.50	2.65896e-17
4701.00	5.22029e-17
4702.50	5.57552e-17
4704.00	2.67525e-17
4705.50	2.95942e-17
4707.00	3.5003e-17
4708.50	2.53717e-17
4710.00	4.00308e-17
4711.50	5.48171e-17
4713.00	3.77003e-17
4714.50	4.33874e-17
4716.00	5.36828e-17
4717.50	3.96913e-17
4719.00	2.39026e-17
4720.50	2.59048e-17
4722.00	2.83905e-17
4723.50	3.99055e-17
4725.00	3.62678e-17
4726.50	3.29432e-17
4728.00	1.47407e-17
4729.50	3.63486e-17
4731.00	3.86868e-17
4732.50	3.2727e-17
4734.00	5.56917e-17
4735.50	3.12791e-17
4737.00	2.40145e-17
4738.50	5.102e-17
4740.00	2.81306e-17
4741.50	1.48319e-17
4743.00	3.51936e-17
4744.50	4.23848e-17
4746.00	3.46005e-17
4747.50	2.84068e-17
4749.00	3.27933e-17
4750.50	3.09186e-17
4752.00	3.12367e-18
4753.50	-2.51394e-18
4755.00	4.28115e-17
4756.50	2.78401e-17
4758.00	5.42297e-17
4759.50	1.66973e-17
4761.00	2.13694e-17
4762.50	2.33986e-17
4764.00	8.72321e-18
4765.50	2.35618e-17
4767.00	5.2584e-17
4768.50	3.83182e-17
4770.00	3.12736e-17
4771.50	3.1797e-17
4773.00	2.57635e-17
4774.50	4.00002e-17
4776.00	6.08181e-17
4777.50	3.00754e-17
4779.00	9.86074e-18
4780.50	2.76075e-17
4782.00	4.25665e-17
4783.50	4.70539e-17
4785.00	4.69021e-17
4786.50	4.11309e-17
4788.00	4.14088e-17
4789.50	5.10024e-17
4791.00	3.4108e-17
4792.50	2.38993e-17
4794.00	4.28023e-17
4795.50	2.9594e-17
4797.00	2.85069e-17
4798.50	4.30266e-17
4800.00	4.14506e-17
4801.50	2.06586e-17
4803.00	2.55627e-17
4804.50	4.06017e-17
4806.00	2.50741e-17
4807.50	2.96537e-17
4809.00	4.57517e-17
4810.50	3.34889e-17
4812.00	1.41097e-17
4813.50	8.45353e-18
4815.00	5.20717e-18
4816.50	4.73347e-17
4818.00	4.16108e-17
4819.50	1.4733e-17
4821.00	1.86487e-17
4822.50	4.498e-17
4824.00	4.04302e-17
4825.50	3.83144e-17
4827.00	3.67368e-17
4828.50	4.85115e-17
4830.00	6.13282e-17
4831.50	3.30645e-17
4833.00	3.57496e-17
4834.50	3.11194e-17
4836.00	3.3736e-17
4837.50	5.11898e-17
4839.00	3.65324e-17
4840.50	4.11881e-17
4842.00	6.13381e-17
4843.50	4.92465e-17
4845.00	2.69957e-17
4846.50	3.00881e-17
4848.00	2.55829e-17
4849.50	2.69028e-17
4851.00	3.92455e-17
4852.50	5.83252e-17
4854.00	6.14308e-17
4855.50	6.0272e-17
4857.00	4.38643e-17
4858.50	2.71997e-17
4860.00	3.22954e-17
4861.50	2.87726e-17
4863.00	2.41299e-17
4864.50	1.50648e-17
4866.00	3.27963e-17
4867.50	4.21792e-17
4869.00	2.74828e-17
4870.50	6.2026e-18
4872.00	1.20621e-19
4873.50	3.21376e-18
4875.00	9.76282e-18
4876.50	1.95346e-17
4878.00	2.14094e-17
4879.50	4.43808e-17
4881.00	2.257e-17
4882.50	3.92937e-17
4884.00	2.53558e-17
4885.50	2.24613e-17
4887.00	6.88626e-18
4888.50	3.55528e-17
4890.00	5.71533e-17
4891.50	2.10516e-17
4893.00	1.07039e-17
4894.50	4.67804e-17
4896.00	4.99292e-17
4897.50	3.69734e-17
4899.00	1.62589e-17
4900.50	2.15091e-17
4902.00	4.86479e-17
4903.50	5.46675e-17
4905.00	5.06941e-17
4906.50	2.9957e-17
4908.00	1.23548e-17
4909.50	1.71235e-17
4911.00	9.00848e-18
4912.50	2.44102e-17
4914.00	3.81471e-17
4915.50	3.16926e-17
4917.00	3.73112e-17
4918.50	3.42e-17
4920.00	3.28948e-17
4921.50	3.00216e-17
4923.00	2.69134e-17
4924.50	4.2539e-17
4926.00	5.2716e-17
4927.50	2.64452e-17
4929.00	3.32341e-17
4930.50	6.60123e-17
4932.00	5.68189e-17
4933.50	2.92234e-17
4935.00	2.67407e-17
4936.50	6.25867e-17
4938.00	7.4766e-17
4939.50	6.95414e-17
4941.00	7.03608e-17
4942.50	6.48734e-17
4944.00	4.61001e-17
4945.50	2.80263e-17
4947.00	2.76245e-17
4948.50	4.12628e-17
4950.00	4.15962e-17
4951.50	2.2441e-17
4953.00	1.51046e-17
4954.50	2.7235e-17
4956.00	2.94392e-17
4957.50	1.91352e-17
4959.00	2.68489e-17
4960.50	2.67072e-17
4962.00	3.88692e-17
4963.50	2.78327e-17
4965.00	2.47241e-17
4966.50	3.94051e-17
4968.00	2.42247e-17
4969.50	3.9268e-17
4971.00	3.48231e-17
4972.50	2.20385e-17
4974.00	3.68139e-17
4975.50	3.82147e-17
4977.00	1.39128e-18
4978.50	2.01829e-17
4980.00	3.72848e-17
4981.50	3.20152e-17
4983.00	2.74125e-17
4984.50	2.92922e-17
4986.00	3.76747e-17
4987.50	2.25482e-17
4989.00	2.0726e-17
4990.50	4.33419e-17
4992.00	5.90334e-17
4993.50	5.57345e-17
4995.00	5.29481e-17
4996.50	7.10255e-17
4998.00	1.08181e-16
4999.50	7.99298e-17
5001.00	4.14975e-17
5002.50	4.41376e-17
5004.00	4.04889e-17
5005.50	4.22014e-17
5007.00	1.72281e-17
5008.50	3.49051e-17
5010.00	6.05982e-17
5011.50	3.56852e-17
5013.00	2.43306e-17
5014.50	3.10338e-17
5016.00	1.7604e-17
5017.50	1.96872e-17
5019.00	4.4149e-17
5020.50	1.39371e-17
5022.00	-7.17932e-18
5023.50	3.48845e-17
5025.00	3.67353e-17
5026.50	9.96689e-18
5028.00	-1.11697e-18
5029.50	3.17826e-17
5031.00	1.91523e-17
5032.50	2.73916e-17
5034.00	4.3818e-17
5035.50	5.01153e-17
5037.00	5.77389e-17
5038.50	9.06743e-17
5040.00	9.81701e-17
5041.50	4.86203e-17
5043.00	4.80589e-17
5044.50	6.63102e-17
5046.00	1.61379e-17
5047.50	3.51324e-17
5049.00	4.95193e-17
5050.50	5.09534e-17
5052.00	4.1392e-17
5053.50	2.35548e-17
5055.00	2.18456e-17
5056.50	2.55773e-17
5058.00	2.67311e-17
5059.50	3.5531e-17
5061.00	2.66453e-17
5062.50	2.03898e-17
5064.00	2.46482e-17
5065.50	2.83291e-18
5067.00	1.28456e-17
5068.50	2.72822e-17
5070.00	2.41803e-17
5071.50	1.44769e-17
5073.00	1.01895e-17
5074.50	2.57276e-17
5076.00	4.6145e-17
5077.50	3.92985e-17
5079.00	2.69915e-17
5080.50	3.206e-17
5082.00	3.17851e-17
5083.50	2.03707e-17
5085.00	7.75306e-18
5086.50	3.47788e-17
5088.00	7.06229e-17
5089.50	4.8089e-17
5091.00	4.41073e-17
5092.50	5.05485e-17
5094.00	3.53847e-17
5095.50	2.56557e-17
5097.00	3.29578e-17
5098.50	1.53854e-17
5100.00	2.50857e-17
5101.50	1.69509e-17
5103.00	2.5506e-17
5104.50	6.12279e-17
5106.00	2.53222e-17
5107.50	2.32789e-17
5109.00	2.65368e-17
5110.50	2.64115e-17
5112.00	5.73752e-17
5113.50	5.1956e-17
5115.00	2.63722e-17
5116.50	4.87983e-17
5118.00	5.33158e-17
5119.50	4.46813e-17
5121.00	3.52287e-17
5122.50	5.19628e-17
5124.00	5.83198e-17
5125.50	4.33891e-17
5127.00	5.93756e-17
5128.50	6.45203e-17
5130.00	4.3304e-17
5131.50	3.47345e-17
5133.00	3.39025e-17
5134.50	4.10619e-17
5136.00	4.59069e-17
5137.50	3.78959e-17
5139.00	4.05641e-17
5140.50	3.62303e-17
5142.00	9.80711e-18
5143.50	2.1861e-17
5145.00	4.82593e-17
5146.50	6.04452e-17
5148.00	5.47278e-17
5149.50	3.36046e-17
5151.00	3.24009e-17
5152.50	2.58649e-17
5154.00	1.06627e-17
5155.50	4.89186e-17
5157.00	6.01167e-17
5158.50	3.89955e-17
5160.00	4.47848e-17
5161.50	3.07518e-17
5163.00	4.99746e-17
5164.50	2.89954e-17
5166.00	5.5719e-18
5167.50	4.45769e-17
5169.00	3.22391e-17
5170.50	4.04502e-17
5172.00	2.63792e-17
5173.50	4.6824e-17
5175.00	4.96088e-17
5176.50	6.71429e-17
5178.00	5.52203e-17
5179.50	5.43048e-17
5181.00	3.8458e-17
5182.50	2.4878e-17
5184.00	5.54286e-17
5185.50	4.87415e-17
5187.00	5.16348e-17
5188.50	5.34502e-17
5190.00	3.17947e-17
5191.50	2.81375e-17
5193.00	1.25011e-17
5194.50	2.47764e-17
5196.00	4.65388e-17
5197.50	3.88489e-17
5199.00	3.20302e-17
5200.50	3.93792e-17
5202.00	4.8488e-17
5203.50	6.50087e-17
5205.00	3.41073e-17
5206.50	2.52048e-17
5208.00	3.06483e-17
5209.50	6.12932e-17
5211.00	6.0358e-17
5212.50	4.71477e-17
5214.00	4.0141e-17
5215.50	3.68173e-17
5217.00	2.46286e-17
5218.50	2.99184e-17
5220.00	5.56723e-17
5221.50	5.7465e-17
5223.00	6.33588e-17
5224.50	7.8412e-17
5226.00	7.23239e-17
5227.50	4.22319e-17
5229.00	3.92051e-17
5230.50	4.3325e-17
5232.00	4.07337e-17
5233.50	2.01049e-17
5235.00	4.96875e-17
5236.50	6.92823e-17
5238.00	7.28313e-17
5239.50	3.88414e-17
5241.00	4.79648e-17
5242.50	5.3762e-17
5244.00	7.26751e-17
5245.50	4.63983e-17
5247.00	4.64904e-17
5248.50	7.03108e-17
5250.00	6.05747e-17
5251.50	6.76868e-17
5253.00	7.87337e-17
5254.50	3.76788e-17
5256.00	5.17283e-17
5257.50	4.24905e-17
5259.00	5.62934e-17
5260.50	6.75237e-17
5262.00	4.63447e-17
5263.50	1.11125e-17
5265.00	4.77941e-17
5266.50	6.81529e-17
5268.00	5.13143e-17
5269.50	4.66657e-17
5271.00	3.77153e-17
5272.50	7.28894e-17
5274.00	4.08251e-17
5275.50	2.92172e-17
5277.00	4.73778e-17
5278.50	3.69364e-17
5280.00	5.34931e-17
5281.50	5.38377e-17
5283.00	3.82257e-17
5284.50	5.56891e-17
5286.00	7.58294e-17
5287.50	5.95188e-17
5289.00	5.90467e-17
5290.50	7.00649e-17
5292.00	6.61344e-17
5293.50	5.68208e-17
5295.00	5.03804e-17
5296.50	3.41052e-17
5298.00	3.03605e-17
5299.50	3.35869e-17
5301.00	3.34465e-17
5302.50	5.80855e-17
5304.00	6.44755e-17
5305.50	1.24118e-17
5307.00	3.88225e-17
5308.50	5.81046e-17
5310.00	4.42353e-17
5311.50	4.19806e-17
5313.00	4.11862e-17
5314.50	3.60565e-17
5316.00	2.43445e-17
5317.50	1.87943e-17
5319.00	2.10087e-17
5320.50	5.54449e-17
5322.00	6.3696e-17
5323.50	3.18546e-17
5325.00	3.30921e-17
5326.50	4.09641e-17
5328.00	3.23854e-17
5329.50	6.02464e-17
5331.00	3.928e-17
5332.50	5.16228e-17
5334.00	5.87474e-17
5335.50	6.04787e-17
5337.00	4.98762e-17
5338.50	4.90968e-17
5340.00	8.34392e-17
5341.50	6.94072e-17
5343.00	3.31425e-17
5344.50	2.6093e-17
5346.00	2.79197e-17
5347.50	2.80561e-17
5349.00	3.81942e-17
5350.50	5.98447e-17
5352.00	7.32007e-17
5353.50	5.91912e-17
5355.00	3.59945e-17
5356.50	4.29089e-17
5358.00	4.48347e-17
5359.50	4.23219e-17
5361.00	4.41293e-17
5362.50	6.46358e-17
5364.00	6.49518e-17
5365.50	3.56922e-17
5367.00	3.46958e-17
5368.50	2.30599e-17
5370.00	2.33219e-17
5371.50	4.50563e-17
5373.00	5.01769e-17
5374.50	4.42309e-17
5376.00	3.85582e-17
5377.50	5.51102e-17
5379.00	6.36408e-17
5380.50	4.63299e-17
5382.00	4.11602e-17
5383.50	3.25414e-17
5385.00	5.88297e-17
5386.50	6.67941e-17
5388.00	5.31957e-17
5389.50	4.71071e-17
5391.00	3.34784e-17
5392.50	3.78752e-17
5394.00	4.42553e-17
5395.50	5.01375e-17
5397.00	7.42504e-17
5398.50	7.80442e-17
5400.00	4.66136e-17
5401.50	4.70922e-17
5403.00	4.07735e-17
5404.50	2.41192e-17
5406.00	2.97705e-17
5407.50	2.646e-17
5409.00	4.19014e-17
5410.50	5.06e-17
5412.00	5.10229e-17
5413.50	4.4789e-17
5415.00	3.12527e-17
5416.50	3.43651e-17
5418.00	5.91587e-17
5419.50	4.67075e-17
5421.00	3.41922e-17
5422.50	5.26559e-17
5424.00	6.37388e-17
5425.50	4.18724e-17
5427.00	4.54306e-17
5428.50	5.14624e-17
5430.00	4.06847e-17
5431.50	5.2526e-17
5433.00	4.94201e-17
5434.50	4.74649e-17
5436.00	3.65651e-17
5437.50	2.59173e-17
5439.00	2.90653e-17
5440.50	3.12852e-17
5442.00	4.07672e-17
5443.50	5.92845e-17
5445.00	7.51549e-17
5446.50	5.54916e-17
5448.00	2.16912e-17
5449.50	1.68797e-17
5451.00	4.65715e-17
5452.50	5.45444e-17
5454.00	4.3052e-17
5455.50	6.62121e-17
5457.00	8.88772e-17
5458.50	3.23895e-17
5460.00	2.08241e-17
5461.50	7.52511e-17
5463.00	6.24849e-17
5464.50	5.24748e-17
5466.00	4.23008e-17
5467.50	4.99734e-17
5469.00	3.67817e-17
5470.50	2.08459e-17
5472.00	2.53138e-17
5473.50	4.62116e-17
5475.00	5.01537e-17
5476.50	3.59425e-17
5478.00	2.77157e-17
5479.50	3.01559e-17
5481.00	5.05176e-17
5482.50	5.55285e-17
5484.00	5.58192e-17
5485.50	3.66096e-17
5487.00	4.11684e-17
5488.50	6.72833e-17
5490.00	5.16453e-17
5491.50	4.94324e-17
5493.00	2.86194e-17
5494.50	3.37941e-17
5496.00	7.0432e-17
5497.50	5.82674e-17
5499.00	4.29924e-17
5500.50	2.61898e-17
5502.00	1.39058e-17
5503.50	2.17771e-17
5505.00	1.23915e-17
5506.50	2.85041e-17
5508.00	4.74744e-17
5509.50	3.7905e-17
5511.00	3.38959e-17
5512.50	4.39613e-17
5514.00	5.9907e-17
5515.50	4.85557e-17
5517.00	2.13471e-17
5518.50	3.22562e-17
5520.00	6.10226e-17
5521.50	5.35674e-17
5523.00	4.55806e-17
5524.50	4.32228e-17
5526.00	3.50456e-17
5527.50	-3.80345e-19
5529.00	2.6728e-17
5530.50	5.52588e-17
5532.00	5.85281e-17
5533.50	3.92558e-17
5535.00	3.72551e-17
5536.50	4.33258e-17
5538.00	2.77458e-17
5539.50	1.5941e-17
5541.00	3.73902e-17
5542.50	6.88354e-17
5544.00	5.4516e-17
5545.50	3.84167e-17
5547.00	4.99936e-17
5548.50	4.36875e-17
5550.00	2.4872e-17
5551.50	7.69112e-17
5553.00	4.18896e-17
5554.50	2.04491e-17
5556.00	3.36407e-17
5557.50	3.03797e-17
5559.00	2.79301e-17
5560.50	5.0465e-17
5562.00	6.96845e-17
5563.50	4.36775e-17
5565.00	4.1093e-17
5566.50	3.72321e-17
5568.00	2.96908e-17
5569.50	4.22468e-17
5571.00	3.52501e-17
5572.50	5.10288e-17
5574.00	3.783e-17
5575.50	3.36753e-17
5577.00	3.86745e-17
5578.50	4.67012e-17
5580.00	4.03591e-17
5581.50	3.35821e-17
5583.00	3.4942e-17
5584.50	2.65739e-17
5586.00	5.11138e-17
5587.50	2.58477e-17
5589.00	1.20188e-17
5590.50	1.72581e-17
5592.00	2.64879e-17
5593.50	4.54363e-17
5595.00	5.89149e-17
5596.50	2.88925e-17
5598.00	4.34494e-17
5599.50	2.5947e-17
5601.00	4.68296e-17
5602.50	5.76674e-17
5604.00	3.44728e-17
5605.50	4.32605e-17
5607.00	5.65541e-17
5608.50	3.4278e-17
5610.00	3.62516e-17
5611.50	5.7766e-17
5613.00	4.00034e-17
5614.50	4.67533e-17
5616.00	4.96806e-17
5617.50	4.86695e-17
5619.00	3.7971e-17
5620.50	3.99591e-17
5622.00	2.84423e-17
5623.50	3.35432e-17
5625.00	3.18691e-17
5626.50	4.31457e-17
5628.00	4.99044e-17
5629.50	4.25812e-17
5631.00	3.78542e-17
5632.50	2.32395e-17
5634.00	2.53085e-17
5635.50	4.17687e-17
5637.00	3.53348e-17
5638.50	1.74886e-17
5640.00	2.98702e-17
5641.50	4.22642e-17
5643.00	4.73864e-17
5644.50	4.21326e-17
5646.00	4.16908e-17
5647.50	2.33099e-17
5649.00	2.8004e-17
5650.50	2.87043e-17
5652.00	1.6329e-17
5653.50	2.76091e-17
5655.00	3.80166e-17
5656.50	3.53434e-17
5658.00	2.35306e-17
5659.50	1.06987e-17
5661.00	7.36707e-18
5662.50	2.26144e-17
5664.00	3.97381e-17
5665.50	5.57773e-17
5667.00	4.03238e-17
5668.50	4.06968e-17
5670.00	3.67477e-17
5671.50	4.01843e-17
5673.00	2.7127e-17
5674.50	2.76951e-17
5676.00	3.19589e-17
5677.50	3.33282e-17
5679.00	4.46343e-17
5680.50	3.04278e-17
5682.00	4.13016e-17
5683.50	5.81862e-17
5685.00	4.02222e-17
5686.50	6.5651e-18
5688.00	3.23679e-17
5689.50	5.78057e-17
5691.00	7.01702e-17
5692.50	4.57275e-17
5694.00	1.50658e-17
5695.50	3.40648e-17
5697.00	5.09759e-17
5698.50	4.84809e-17
5700.00	2.96666e-17
5701.50	1.64817e-17
5703.00	3.53887e-17
5704.50	5.21589e-17
5706.00	4.16495e-17
5707.50	2.81233e-17
5709.00	2.77258e-17
5710.50	3.62464e-17
5712.00	5.32256e-17
5713.50	5.34041e-17
5715.00	4.43133e-17
5716.50	4.39421e-17
5718.00	4.42904e-17
5719.50	4.70011e-17
5721.00	3.21519e-17
5722.50	2.35707e-17
5724.00	3.19893e-17
5725.50	2.89759e-17
5727.00	2.68342e-17
5728.50	1.77144e-17
5730.00	1.58363e-17
5731.50	4.36478e-17
5733.00	5.31679e-17
5734.50	4.97394e-17
5736.00	3.04854e-17
5737.50	1.76506e-17
5739.00	3.68198e-17
5740.50	2.91708e-17
5742.00	2.73068e-17
5743.50	4.23394e-17
5745.00	2.5227e-17
5746.50	2.03486e-17
5748.00	3.34625e-17
5749.50	5.62647e-17
5751.00	5.55239e-17
5752.50	1.54826e-17
5754.00	2.70956e-17
5755.50	4.33437e-17
5757.00	2.54868e-17
5758.50	1.84101e-17
5760.00	1.32685e-17
5761.50	3.77298e-17
5763.00	3.95762e-17
5764.50	1.72645e-17
5766.00	4.18963e-17
5767.50	3.05047e-17
5769.00	2.2753e-17
5770.50	3.93527e-17
5772.00	4.5457e-17
5773.50	3.27118e-17
5775.00	2.37511e-17
5776.50	2.67735e-17
5778.00	4.05916e-17
5779.50	2.83149e-17
5781.00	2.53386e-17
5782.50	1.12293e-17
5784.00	9.95794e-18
5785.50	2.51164e-17
5787.00	4.1952e-17
5788.50	4.35515e-17
5790.00	3.51874e-17
5791.50	3.76161e-17
5793.00	4.56531e-17
5794.50	2.44128e-17
5796.00	1.66074e-17
5797.50	4.25908e-17
5799.00	4.62511e-17
5800.50	3.11996e-17
5802.00	3.52636e-17
5803.50	4.46199e-17
5805.00	5.69304e-17
5806.50	4.65265e-17
5808.00	2.79648e-17
5809.50	3.52598e-17
5811.00	5.08081e-17
5812.50	2.7644e-17
5814.00	4.02924e-17
5815.50	3.79028e-17
5817.00	2.88726e-17
5818.50	5.456e-17
5820.00	5.24309e-17
5821.50	6.76646e-17
5823.00	4.35293e-17
5824.50	2.8609e-17
5826.00	6.40995e-17
5827.50	5.61593e-17
5829.00	1.05616e-17
5830.50	4.53094e-17
5832.00	6.49995e-17
5833.50	4.52269e-17
5835.00	3.08684e-17
5836.50	3.53218e-17
5838.00	5.5402e-17
5839.50	3.38818e-17
5841.00	1.88718e-17
5842.50	4.19087e-17
5844.00	4.30429e-17
5845.50	4.26366e-17
5847.00	1.38504e-17
5848.50	2.40435e-17
5850.00	3.23834e-17
5851.50	3.15191e-17
5853.00	4.33777e-17
5854.50	3.72731e-17
5856.00	2.66863e-17
5857.50	3.02037e-17
5859.00	2.76193e-17
5860.50	3.07593e-17
5862.00	4.35319e-17
5863.50	4.30994e-17
5865.00	5.11415e-17
5866.50	3.53122e-17
5868.00	2.44682e-17
5869.50	3.55118e-17
5871.00	4.20359e-17
5872.50	4.12944e-17
5874.00	3.60671e-17
5875.50	2.2888e-17
5877.00	8.87165e-18
5878.50	2.65344e-17
5880.00	4.13338e-17
5881.50	3.71624e-17
5883.00	2.97256e-17
5884.50	3.69614e-17
5886.00	5.25831e-17
5887.50	2.72508e-17
5889.00	1.56654e-17
5890.50	4.21568e-17
5892.00	5.7514e-17
5893.50	4.54966e-17
5895.00	4.22603e-17
5896.50	1.51184e-17
5898.00	1.9423e-17
5899.50	3.81922e-17
5901.00	3.63507e-17
5902.50	4.46272e-17
5904.00	3.40558e-17
5905.50	6.12991e-17
5907.00	5.66291e-17
5908.50	3.17613e-17
5910.00	5.28147e-17
5911.50	3.27533e-17
5913.00	3.37248e-17
5914.50	3.29872e-17
5916.00	9.09585e-18
5917.50	4.44649e-17
5919.00	2.99747e-17
5920.50	2.50124e-17
5922.00	3.52839e-17
5923.50	2.34421e-17
5925.00	4.01335e-17
5926.50	5.39622e-17
5928.00	3.31598e-17
5929.50	3.50804e-17
5931.00	4.60902e-17
5932.50	4.25668e-17
5934.00	3.60679e-17
5935.50	5.72901e-17
5937.00	6.72098e-17
5938.50	4.05829e-17
5940.00	1.9647e-17
5941.50	2.04102e-17
5943.00	2.8346e-17
5944.50	2.8949e-17
5946.00	4.28721e-17
5947.50	5.85773e-17
5949.00	4.88778e-17
5950.50	4.02792e-17
5952.00	4.03656e-17
5953.50	3.91798e-17
5955.00	2.98995e-17
5956.50	3.91245e-17
5958.00	4.86021e-17
5959.50	3.40304e-17
5961.00	3.85998e-17
5962.50	2.96481e-17
5964.00	3.71392e-17
5965.50	4.78636e-17
5967.00	3.84829e-17
5968.50	5.30085e-17
5970.00	5.67787e-17
5971.50	2.58224e-17
5973.00	1.46734e-17
5974.50	2.3543e-17
5976.00	1.57649e-17
5977.50	4.38051e-17
5979.00	5.0862e-17
5980.50	3.21307e-17
5982.00	2.90063e-17
5983.50	3.30012e-17
5985.00	3.83215e-17
5986.50	4.15726e-17
5988.00	2.9036e-17
5989.50	3.02407e-17
5991.00	3.69376e-17
5992.50	3.57189e-17
5994.00	3.46661e-17
5995.50	3.06114e-17
5997.00	4.17002e-17
5998.50	3.56565e-17
6000.00	4.24551e-17
6001.50	3.96275e-17
6003.00	3.65087e-17
6004.50	3.62475e-17
6006.00	4.39588e-17
6007.50	4.1299e-17
6009.00	3.74782e-17
6010.50	4.1809e-17
6012.00	4.61877e-17
6013.50	3.70483e-17
6015.00	3.43362e-17
6016.50	3.91951e-17
6018.00	3.33046e-17
6019.50	3.80453e-17
6021.00	3.834e-17
6022.50	4.26092e-17
6024.00	4.31888e-17
6025.50	2.97959e-17
6027.00	3.04095e-17
6028.50	4.38031e-17
6030.00	4.22003e-17
6031.50	4.3745e-17
6033.00	3.17652e-17
6034.50	3.15955e-17
6036.00	5.09539e-17
6037.50	3.40951e-17
6039.00	2.97133e-17
6040.50	2.55471e-17
6042.00	4.01296e-17
6043.50	3.34627e-17
6045.00	3.72422e-17
6046.50	4.29248e-17
6048.00	3.8233e-17
6049.50	3.4469e-17
6051.00	2.71271e-17
6052.50	3.9679e-17
6054.00	3.27688e-17
6055.50	4.8335e-17
6057.00	1.97623e-17
6058.50	1.06883e-17
6060.00	2.42997e-17
6061.50	3.31987e-17
6063.00	3.45423e-17
6064.50	3.03381e-17
6066.00	5.07918e-17
6067.50	3.83323e-17
6069.00	3.08463e-17
6070.50	3.55808e-17
6072.00	4.05878e-17
6073.50	2.60781e-17
6075.00	3.53149e-17
6076.50	4.05218e-17
6078.00	2.95091e-17
6079.50	3.38672e-17
6081.00	2.30975e-17
6082.50	3.2506e-17
6084.00	4.87871e-17
6085.50	3.50007e-17
6087.00	2.83692e-17
6088.50	3.32329e-17
6090.00	3.65471e-17
6091.50	3.9191e-17
6093.00	1.09055e-17
6094.50	2.47065e-17
6096.00	4.59155e-17
6097.50	3.87243e-17
6099.00	3.53409e-17
6100.50	3.11213e-17
6102.00	3.13631e-17
6103.50	3.49066e-17
6105.00	4.3386e-17
6106.50	4.52551e-17
6108.00	2.16392e-17
6109.50	3.71456e-17
6111.00	3.92255e-17
6112.50	4.28657e-17
6114.00	4.20771e-17
6115.50	4.99163e-17
6117.00	2.82909e-17
6118.50	3.3043e-17
6120.00	6.33637e-17
6121.50	2.36348e-17
6123.00	3.33643e-17
6124.50	3.30808e-17
6126.00	4.75233e-17
6127.50	4.20428e-17
6129.00	2.05173e-17
6130.50	3.51476e-17
6132.00	3.55067e-17
6133.50	2.62439e-17
6135.00	2.79139e-17
6136.50	4.13084e-17
6138.00	5.3445e-17
6139.50	5.61884e-17
6141.00	5.01332e-17
6142.50	3.41043e-17
6144.00	4.11058e-17
6145.50	5.12991e-17
6147.00	4.79301e-17
6148.50	4.63868e-17
6150.00	3.8598e-17
6151.50	3.22396e-17
6153.00	3.66473e-17
6154.50	2.26741e-17
6156.00	1.01052e-17
6157.50	1.44923e-17
6159.00	2.78514e-17
6160.50	5.28421e-17
6162.00	6.01878e-17
6163.50	5.53367e-17
6165.00	5.84432e-17
6166.50	5.393e-17
6168.00	5.54039e-17
6169.50	4.36218e-17
6171.00	2.12922e-17
6172.50	3.5291e-17
6174.00	4.06683e-17
6175.50	4.00784e-17
6177.00	4.80593e-17
6178.50	4.72153e-17
6180.00	4.47765e-17
6181.50	1.91416e-17
6183.00	3.15614e-17
6184.50	5.8728e-17
6186.00	4.34915e-17
6187.50	2.9261e-17
6189.00	1.93367e-17
6190.50	3.10982e-17
6192.00	3.79917e-17
6193.50	3.80754e-17
6195.00	4.22292e-17
6196.50	2.5726e-17
6198.00	3.36278e-17
6199.50	5.64907e-17
6201.00	3.0981e-17
6202.50	1.84442e-17
6204.00	2.94292e-17
6205.50	3.22543e-17
6207.00	2.2252e-17
6208.50	3.27151e-17
6210.00	4.73754e-17
6211.50	3.047e-17
6213.00	2.94602e-17
6214.50	3.69808e-17
6216.00	4.10207e-17
6217.50	2.93073e-17
6219.00	2.63159e-17
6220.50	3.78122e-17
6222.00	4.44515e-17
6223.50	3.82047e-17
6225.00	1.87126e-17
6226.50	1.82033e-17
6228.00	1.94185e-17
6229.50	1.66311e-17
6231.00	2.48023e-17
6232.50	2.446e-17
6234.00	2.24189e-17
6235.50	8.76581e-18
6237.00	2.66803e-17
6238.50	5.69785e-17
6240.00	4.25984e-17
6241.50	2.98551e-17
6243.00	2.01826e-17
6244.50	2.35878e-17
6246.00	5.57862e-17
6247.50	3.97665e-17
6249.00	3.38675e-17
6250.50	3.35714e-17
6252.00	2.78612e-17
6253.50	2.79549e-17
6255.00	2.58862e-17
6256.50	3.29832e-17
6258.00	3.75086e-17
6259.50	4.21655e-17
6261.00	4.17192e-17
6262.50	2.77654e-17
6264.00	1.29345e-17
6265.50	3.32478e-17
6267.00	3.2333e-17
6268.50	2.7861e-17
6270.00	2.00379e-17
6271.50	1.01122e-17
6273.00	7.77313e-18
6274.50	1.12298e-17
6276.00	1.65997e-17
6277.50	3.04162e-17
6279.00	3.87151e-17
6280.50	4.15131e-17
6282.00	4.32792e-17
6283.50	1.3366e-17
6285.00	8.75001e-18
6286.50	2.45218e-17
6288.00	2.33171e-17
6289.50	1.51345e-17
6291.00	2.72409e-17
6292.50	3.14533e-17
6294.00	2.42309e-17
6295.50	3.53973e-17
6297.00	4.78918e-17
6298.50	2.26652e-17
6300.00	2.3267e-17
6301.50	3.3004e-17
6303.00	1.9268e-17
6304.50	2.75633e-17
6306.00	4.26086e-17
6307.50	4.55541e-17
6309.00	3.00818e-17
6310.50	1.99449e-17
6312.00	4.07611e-17
6313.50	3.53418e-17
6315.00	2.70442e-17
6316.50	2.35337e-17
6318.00	2.00707e-17
6319.50	2.4809e-17
6321.00	3.36288e-17
6322.50	2.42689e-17
6324.00	2.88441e-17
6325.50	2.83852e-17
6327.00	2.86648e-17
6328.50	8.56415e-18
6330.00	2.51138e-17
6331.50	3.36936e-17
6333.00	1.76105e-17
6334.50	3.34759e-17
6336.00	4.73796e-17
6337.50	6.48205e-17
6339.00	3.65764e-17
6340.50	2.29505e-17
6342.00	5.07898e-17
6343.50	4.51682e-17
6345.00	2.48809e-17
6346.50	5.09873e-17
6348.00	6.08917e-17
6349.50	5.95811e-17
6351.00	5.14434e-17
6352.50	4.12731e-17
6354.00	4.4841e-17
6355.50	4.17318e-17
6357.00	4.66149e-17
6358.50	5.29108e-17
6360.00	2.69658e-17
6361.50	2.88529e-18
6363.00	6.72328e-19
6364.50	3.81329e-18
6366.00	1.30499e-17
6367.50	4.34062e-18
6369.00	1.13063e-17
6370.50	2.98943e-17
6372.00	3.44535e-17
6373.50	4.75755e-17
6375.00	5.92371e-17
6376.50	4.11642e-17
6378.00	3.89727e-17
6379.50	5.87284e-17
6381.00	4.87975e-17
6382.50	5.76561e-17
6384.00	4.2987e-17
6385.50	3.61987e-17
6387.00	4.09089e-17
6388.50	2.46046e-17
6390.00	2.78954e-17
6391.50	2.86193e-17
6393.00	2.96021e-17
6394.50	2.98881e-17
6396.00	3.03676e-17
6397.50	5.35976e-17
6399.00	5.47683e-17
6400.50	5.72056e-17
6402.00	5.11222e-17
6403.50	4.89931e-17
6405.00	6.95509e-17
6406.50	5.09115e-17
6408.00	3.94466e-17
6409.50	2.86143e-17
6411.00	5.04855e-17
6412.50	3.65828e-17
6414.00	1.81398e-17
6415.50	1.59463e-17
6417.00	1.59586e-17
6418.50	3.61691e-17
6420.00	4.55647e-17
6421.50	4.32856e-17
6423.00	3.77825e-17
6424.50	4.2783e-17
6426.00	4.38403e-17
6427.50	5.02106e-17
6429.00	4.24107e-17
6430.50	2.99452e-17
6432.00	4.99049e-17
6433.50	5.44589e-17
6435.00	4.03325e-17
6436.50	3.91258e-17
6438.00	4.08656e-17
6439.50	5.75263e-17
6441.00	5.21526e-17
6442.50	5.18068e-17
6444.00	4.5192e-17
6445.50	2.55389e-17
6447.00	4.07113e-17
6448.50	4.27871e-17
6450.00	4.56106e-17
6451.50	3.20666e-17
6453.00	3.19993e-17
6454.50	5.25425e-17
6456.00	4.17957e-17
6457.50	2.73398e-17
6459.00	3.05645e-17
6460.50	5.30469e-17
6462.00	5.89547e-17
6463.50	6.48267e-17
6465.00	5.39467e-17
6466.50	4.47403e-17
6468.00	4.03222e-17
6469.50	4.68648e-17
6471.00	5.84931e-17
6472.50	5.38592e-17
6474.00	4.0686e-17
6475.50	4.03214e-17
6477.00	5.73839e-17
6478.50	3.29729e-17
6480.00	4.11949e-17
6481.50	6.47903e-17
6483.00	5.35869e-17
6484.50	3.0631e-17
6486.00	3.55094e-17
6487.50	4.04859e-17
6489.00	2.61601e-17
6490.50	6.16767e-18
6492.00	1.39658e-17
6493.50	3.05043e-17
6495.00	2.23718e-17
6496.50	3.02385e-17
6498.00	4.79846e-17
6499.50	4.11692e-17
6501.00	3.59516e-17
6502.50	5.82518e-17
6504.00	4.43373e-17
6505.50	3.74332e-17
6507.00	3.77372e-17
6508.50	5.20247e-17
6510.00	4.53117e-17
6511.50	3.03715e-17
6513.00	3.81413e-17
6514.50	5.15069e-17
6516.00	5.36311e-17
6517.50	5.5631e-17
6519.00	5.29017e-17
6520.50	3.88084e-17
6522.00	2.17139e-17
6523.50	3.06477e-17
6525.00	5.21031e-17
6526.50	4.55627e-17
6528.00	4.49395e-17
6529.50	4.29882e-17
6531.00	4.62286e-17
6532.50	5.90645e-17
6534.00	3.44282e-17
6535.50	2.02361e-17
6537.00	2.56104e-17
6538.50	1.81545e-17
6540.00	3.69984e-17
6541.50	4.92237e-17
6543.00	4.70573e-17
6544.50	4.74253e-17
6546.00	5.93789e-17
6547.50	8.84576e-17
6549.00	1.1111e-16
6550.50	8.66281e-17
6552.00	1.04978e-16
6553.50	1.057e-16
6555.00	6.0608e-17
6556.50	6.98006e-17
6558.00	6.89291e-17
6559.50	3.02876e-17
6561.00	2.39793e-17
6562.50	3.7092e-17
6564.00	5.07411e-17
6565.50	3.98674e-17
6567.00	4.86701e-17
6568.50	7.09192e-17
6570.00	4.54315e-17
6571.50	2.77571e-17
6573.00	4.42203e-17
6574.50	5.42707e-17
6576.00	4.87863e-17
6577.50	3.63573e-17
6579.00	5.22938e-17
6580.50	5.93015e-17
6582.00	4.32623e-17
6583.50	4.41799e-17
6585.00	4.3907e-17
6586.50	4.19974e-17
6588.00	3.4139e-17
6589.50	2.68134e-17
6591.00	3.20097e-17
6592.50	3.77468e-17
6594.00	2.53702e-17
6595.50	3.5219e-17
6597.00	4.61079e-17
6598.50	4.44746e-17
6600.00	6.67771e-17
6601.50	7.87865e-17
6603.00	5.64767e-17
6604.50	2.90955e-17
6606.00	5.1827e-17
6607.50	5.58341e-17
6609.00	5.30721e-17
6610.50	4.49527e-17
6612.00	3.9132e-17
6613.50	2.4996e-17
6615.00	3.35196e-17
6616.50	3.48001e-17
6618.00	3.69922e-17
6619.50	3.83932e-17
6621.00	3.25327e-17
6622.50	4.59538e-17
6624.00	3.19448e-17
6625.50	3.79849e-17
6627.00	7.41547e-17
6628.50	3.65004e-17
6630.00	3.67753e-17
6631.50	1.37957e-17
6633.00	3.44974e-17
6634.50	5.63205e-17
6636.00	2.31826e-17
6637.50	5.4768e-17
6639.00	3.23454e-17
6640.50	2.65974e-17
6642.00	4.13289e-17
6643.50	3.21457e-17
6645.00	4.54728e-17
6646.50	5.9184e-17
6648.00	7.62774e-17
6649.50	5.4116e-17
6651.00	3.68532e-17
6652.50	5.37474e-17
6654.00	5.56642e-17
6655.50	7.03872e-17
6657.00	6.75164e-17
6658.50	2.89122e-17
6660.00	6.98327e-18
6661.50	2.21114e-17
6663.00	4.79026e-17
6664.50	6.91947e-17
6666.00	1.37514e-16
6667.50	1.63414e-16
6669.00	1.68387e-16
6670.50	2.00103e-16
6672.00	1.59394e-16
6673.50	7.76518e-17
6675.00	5.74456e-17
6676.50	5.1094e-17
6678.00	4.97361e-17
6679.50	6.04967e-17
6681.00	3.40805e-17
6682.50	6.03426e-17
6684.00	3.79424e-17
6685.50	5.09132e-17
6687.00	7.50859e-17
6688.50	1.02723e-16
6690.00	7.12789e-17
6691.50	7.47709e-17
6693.00	8.49678e-17
6694.50	6.12135e-17
6696.00	6.4887e-17
6697.50	4.73195e-17
6699.00	2.71226e-17
6700.50	4.53574e-17
6702.00	6.67757e-17
6703.50	5.69795e-17
6705.00	3.46083e-17
6706.50	5.18423e-17
6708.00	4.3635e-17
6709.50	5.81024e-17
6711.00	3.65718e-17
6712.50	3.78548e-17
6714.00	4.31737e-17
6715.50	4.10362e-17
6717.00	4.26444e-17
6718.50	1.98106e-18
6720.00	1.57183e-17
6721.50	3.36622e-17
6723.00	2.67513e-17
6724.50	3.83143e-17
6726.00	5.63174e-17
6727.50	5.23886e-17
6729.00	4.69194e-17
6730.50	4.546e-17
6732.00	4.75865e-17
6733.50	4.94257e-17
6735.00	4.58424e-17
6736.50	4.46215e-17
6738.00	3.83666e-17
6739.50	3.61265e-17
6741.00	5.61629e-17
6742.50	5.43472e-17
6744.00	4.3628e-17
6745.50	3.90325e-17
6747.00	4.9525e-17
6748.50	5.3576e-17
6750.00	4.92273e-17
6751.50	5.07503e-17
6753.00	4.13686e-17
6754.50	3.79415e-17
6756.00	1.72928e-17
6757.50	5.56781e-18
6759.00	2.58575e-17
6760.50	5.55706e-17
6762.00	5.43824e-17
6763.50	4.02442e-17
6765.00	5.07667e-17
6766.50	3.44599e-17
6768.00	4.48349e-17
6769.50	4.57645e-17
6771.00	3.56708e-17
6772.50	4.19878e-17
6774.00	4.14551e-17
6775.50	3.91808e-17
6777.00	5.00218e-17
6778.50	5.14578e-17
6780.00	4.28931e-17
6781.50	6.67438e-17
6783.00	4.4988e-17
6784.50	3.88032e-17
6786.00	4.45829e-17
6787.50	1.03312e-17
6789.00	2.08325e-17
6790.50	3.92725e-17
6792.00	2.33858e-17
6793.50	2.16521e-17
6795.00	4.24177e-17
6796.50	4.62239e-17
6798.00	2.62467e-17
6799.50	1.63725e-17
6801.00	3.94135e-17
6802.50	3.78524e-17
6804.00	2.08912e-17
6805.50	2.78893e-17
6807.00	3.60466e-17
6808.50	4.35259e-17
6810.00	4.52874e-17
6811.50	4.89904e-17
6813.00	3.59904e-17
6814.50	3.31418e-17
6816.00	2.73412e-17
6817.50	4.25393e-17
6819.00	5.83926e-17
6820.50	3.76741e-17
6822.00	4.09945e-17
6823.50	4.89671e-17
6825.00	7.61319e-17
6826.50	7.94088e-17
6828.00	4.63011e-17
6829.50	6.54292e-17
6831.00	5.86089e-17
6832.50	2.26573e-17
6834.00	4.70583e-17
6835.50	4.63363e-17
6837.00	3.64095e-17
6838.50	5.54659e-17
6840.00	8.07601e-17
6841.50	6.4006e-17
6843.00	4.23505e-17
6844.50	3.61188e-17
6846.00	7.19758e-17
6847.50	5.28482e-17
6849.00	2.89258e-17
6850.50	4.76375e-17
6852.00	4.5033e-17
6853.50	4.16689e-17
6855.00	2.7398e-17
6856.50	2.74816e-17
6858.00	2.45979e-17
6859.50	3.23377e-17
6861.00	5.05713e-17
6862.50	3.47464e-17
6864.00	2.28945e-17
6865.50	2.11863e-17
6867.00	3.52344e-17
6868.50	2.46071e-17
6870.00	3.69532e-17
6871.50	3.71434e-17
6873.00	3.73336e-17
6874.50	3.75238e-17
6876.00	3.7714e-17
6877.50	3.79042e-17
6879.00	3.80945e-17
6882.00	3.12326e-17
6883.50	2.64944e-17
6885.00	3.26373e-17
6886.50	4.69877e-17
6888.00	5.2603e-17
6889.50	3.5734e-17
6891.00	3.26185e-17
6892.50	2.09729e-17
6894.00	2.88536e-17
6895.50	3.00106e-17
6897.00	2.17468e-17
6898.50	4.8606e-17
6900.00	5.12591e-17
6901.50	3.22423e-17
6903.00	3.70444e-17
6904.50	3.29752e-17
6906.00	3.86995e-17
6907.50	3.43557e-17
6909.00	4.78213e-17
6910.50	5.30036e-17
6912.00	2.96595e-17
6913.50	3.31744e-17
6915.00	3.1717e-17
6916.50	2.73362e-17
6918.00	3.80964e-17
6919.50	3.19681e-17
6921.00	2.85579e-17
6922.50	4.22799e-17
6924.00	4.47083e-17
6925.50	1.90277e-17
6927.00	4.04543e-17
6928.50	4.93056e-17
6930.00	2.75028e-17
6931.50	3.6214e-17
6933.00	5.69741e-17
6934.50	2.69332e-17
6936.00	1.50208e-17
6937.50	2.92256e-17
6939.00	4.8037e-17
6940.50	4.87551e-17
6942.00	4.63523e-17
6943.50	4.60386e-17
6945.00	2.94953e-17
6946.50	1.90095e-17
6948.00	3.48263e-17
6949.50	3.46244e-17
6951.00	4.19697e-17
6952.50	5.14836e-17
6954.00	3.10387e-17
6955.50	2.86882e-17
6957.00	3.09589e-17
6958.50	1.3634e-17
6960.00	2.04041e-17
6961.50	3.76315e-17
6963.00	3.42629e-17
6964.50	3.46494e-17
6966.00	4.13775e-17
6967.50	3.69184e-17
6969.00	2.99998e-17
6970.50	3.70886e-17
6972.00	4.72555e-17
6973.50	4.42568e-17
6975.00	2.61785e-17
6976.50	4.39421e-17
6978.00	4.18633e-17
6979.50	2.72328e-17
6981.00	2.98537e-17
6982.50	3.74365e-17
6984.00	2.81839e-17
6985.50	2.06754e-17
6987.00	3.3347e-17
6988.50	1.39452e-17
6990.00	1.79611e-17
6991.50	2.98619e-17
6993.00	2.62049e-17
6994.50	2.52106e-17
6996.00	2.11482e-17
6997.50	2.64407e-17
6999.00	3.58312e-17
7000.50	2.74521e-17
7002.00	3.02724e-17
7003.50	5.0006e-17
7005.00	4.10886e-17
7006.50	4.06448e-17
7008.00	3.04095e-17
7009.50	1.90985e-17
7011.00	2.39303e-17
7012.50	7.36377e-18
7014.00	3.83117e-18
7015.50	2.18126e-17
7017.00	1.86831e-17
7018.50	1.97101e-17
7020.00	4.33874e-17
7021.50	4.08908e-17
7023.00	2.34813e-17
7024.50	2.11391e-17
7026.00	1.3728e-17
7027.50	2.54532e-17
7029.00	3.37128e-17
7030.50	1.67118e-17
7032.00	2.23344e-17
7033.50	3.3981e-17
7035.00	3.30394e-17
7036.50	2.8966e-17
7038.00	3.56442e-17
7039.50	4.3136e-17
7041.00	3.59037e-17
7042.50	2.86632e-17
7044.00	3.13321e-17
7045.50	2.35608e-17
7047.00	3.52862e-17
7048.50	3.65818e-17
7050.00	3.60642e-17
7051.50	3.0182e-17
7053.00	3.11728e-17
7054.50	5.13027e-17
7056.00	4.46552e-17
7057.50	3.66741e-17
7059.00	4.09364e-17
7060.50	2.83906e-17
7062.00	3.43383e-17
7063.50	4.77458e-17
7065.00	3.07429e-17
7066.50	3.99007e-17
7068.00	4.10793e-17
7069.50	3.03742e-17
7071.00	2.36911e-17
7072.50	3.85474e-17
7074.00	4.38288e-17
7075.50	2.74186e-17
7077.00	3.40038e-17
7078.50	3.52739e-17
7080.00	5.03344e-17
7081.50	3.29295e-17
7083.00	1.8748e-17
7084.50	3.93456e-17
7086.00	3.32391e-17
7087.50	3.32567e-17
7089.00	3.43024e-17
7090.50	2.98836e-17
7092.00	4.06479e-17
7093.50	4.12563e-17
7095.00	3.19213e-17
7096.50	4.15453e-17
7098.00	5.04478e-17
7099.50	4.79308e-17
7101.00	2.94913e-17
7102.50	2.1795e-17
7104.00	4.1188e-17
7105.50	4.24868e-17
7107.00	2.74165e-17
7108.50	2.76982e-17
7110.00	3.07394e-17
7111.50	4.07416e-17
7113.00	3.58837e-17
7114.50	3.40771e-17
7116.00	2.35735e-17
7117.50	2.42804e-17
7119.00	3.78789e-17
7120.50	3.29737e-17
7122.00	1.73113e-17
7123.50	4.17051e-17
7125.00	5.48783e-17
7126.50	4.82723e-17
7128.00	4.01526e-17
7129.50	3.24464e-17
7131.00	3.91357e-17
7132.50	5.77843e-17
7134.00	3.14466e-17
7135.50	5.26258e-17
7137.00	3.67636e-17
7138.50	2.29396e-17
7140.00	4.17063e-17
7141.50	2.54733e-17
7143.00	4.36668e-17
7144.50	4.29862e-17
7146.00	2.55283e-17
7147.50	5.30884e-17
7149.00	4.51318e-17
7150.50	3.0422e-17
7152.00	1.68566e-17
7153.50	2.54205e-17
7155.00	4.11093e-17
7156.50	5.39631e-17
7158.00	5.91032e-17
7159.50	4.16636e-17
7161.00	2.1978e-17
7162.50	3.55043e-17
7164.00	3.73392e-17
7165.50	3.49666e-17
7167.00	3.82592e-17
7168.50	4.9246e-17
7170.00	3.7707e-17
7171.50	2.60396e-17
7173.00	3.06226e-17
7174.50	3.51934e-17
7176.00	2.79923e-17
7177.50	3.06662e-17
7179.00	2.25521e-17
7180.50	3.1686e-17
7182.00	3.86314e-17
7183.50	3.21109e-17
7185.00	9.33002e-18
7186.50	2.31108e-17
7188.00	3.72757e-17
7189.50	3.59049e-17
7191.00	3.46549e-17
7192.50	2.58722e-17
7194.00	4.28652e-17
7195.50	3.26984e-17
7197.00	2.94722e-17
7198.50	3.69896e-17
7200.00	4.02263e-17
7201.50	2.79763e-17
7203.00	4.02753e-17
7204.50	3.64164e-17
7206.00	3.8578e-17
7207.50	2.09893e-17
7209.00	4.43147e-17
7210.50	4.65519e-17
7212.00	1.88776e-17
7213.50	4.32595e-17
7215.00	6.30279e-17
7216.50	3.2583e-17
7218.00	2.24106e-17
7219.50	4.44855e-17
7221.00	3.65165e-17
7222.50	3.67674e-17
7224.00	3.70183e-17
7225.50	3.72692e-17
7227.00	3.75201e-17
7228.50	3.7771e-17
7231.50	-1.85843e-17
7233.00	1.89544e-17
7234.50	3.28082e-17
7236.00	5.2019e-17
7237.50	5.63149e-17
7239.00	3.46439e-17
7240.50	2.83513e-17
7242.00	4.45131e-17
7243.50	4.42332e-17
7245.00	3.67536e-17
7246.50	2.59668e-17
7248.00	1.7955e-17
7249.50	3.38867e-17
7251.00	4.09856e-17
7252.50	4.45572e-17
7254.00	3.70162e-17
7255.50	3.29089e-17
7257.00	3.57033e-17
7258.50	4.02694e-17
7260.00	4.20789e-17
7261.50	3.71824e-17
7263.00	3.6531e-17
7264.50	4.31616e-17
7266.00	4.48984e-17
7267.50	4.08342e-17
7269.00	4.62301e-17
7270.50	3.73903e-17
7272.00	2.54787e-17
7273.50	5.05004e-17
7275.00	3.75687e-17
7276.50	5.47424e-17
7278.00	3.66402e-17
7279.50	1.88608e-17
7281.00	2.9083e-17
7282.50	2.36333e-17
7284.00	2.49304e-17
7285.50	3.41326e-17
7287.00	5.76174e-17
7288.50	4.61474e-17
7290.00	3.13968e-17
7291.50	2.41323e-17
7293.00	2.68193e-17
7294.50	3.81075e-17
7296.00	3.35421e-17
7297.50	4.15758e-17
7299.00	3.92707e-17
7300.50	1.97194e-17
7302.00	4.06243e-17
7303.50	4.21572e-17
7305.00	3.06165e-17
7306.50	3.8309e-17
7308.00	3.93807e-17
7309.50	3.38774e-17
7311.00	3.88311e-17
7312.50	3.83839e-17
7314.00	4.43321e-17
7315.50	4.19325e-17
7317.00	2.90595e-17
7318.50	2.17111e-17
7320.00	2.54036e-17
7321.50	5.11147e-17
7323.00	5.39845e-17
7324.50	4.00372e-17
7326.00	3.27781e-17
7327.50	3.44811e-17
7329.00	2.83972e-17
7330.50	2.8558e-17
7332.00	2.93132e-17
7333.50	2.18335e-17
7335.00	2.83168e-17
7336.50	3.19506e-17
7338.00	3.11914e-17
7339.50	3.09719e-17
7341.00	5.39256e-17
7342.50	7.0192e-17
7344.00	5.18176e-17
7345.50	3.10091e-17
7347.00	4.46284e-17
7348.50	3.65622e-17
7350.00	2.59628e-17
7351.50	4.68435e-17
7353.00	3.80527e-17
7354.50	2.13496e-17
7356.00	4.65554e-17
7357.50	5.95977e-17
7359.00	3.9385e-17
7360.50	3.24823e-17
7362.00	3.16169e-17
7363.50	2.36337e-17
7365.00	2.45086e-17
7366.50	3.81899e-17
7368.00	3.58405e-17
7369.50	1.97254e-17
7371.00	2.44576e-17
7372.50	2.04709e-17
7374.00	7.84127e-18
7375.50	3.08027e-17
7377.00	4.99892e-17
7378.50	2.86678e-17
7380.00	2.1214e-17
7381.50	4.14199e-17
7383.00	3.27282e-17
7384.50	1.10283e-17
7386.00	3.75725e-17
7387.50	5.38805e-17
7389.00	2.61807e-17
7390.50	3.66127e-17
7392.00	5.34119e-17
7393.50	3.5273e-17
7395.00	2.37329e-17
7396.50	4.04853e-17
7398.00	3.50275e-17
7399.50	1.01137e-17
7401.00	7.42841e-18
7402.50	6.86997e-18
7404.00	1.37867e-17
7405.50	2.14791e-17
7407.00	2.76324e-17
7408.50	2.57452e-17
7410.00	2.69631e-17
7411.50	3.19301e-17
7413.00	5.11693e-17
7414.50	3.1041e-17
7416.00	3.00583e-17
7417.50	3.47025e-17
7419.00	4.54651e-17
7420.50	7.87977e-17
7422.00	2.94374e-17
7423.50	3.02353e-17
7425.00	1.84391e-17
7426.50	2.81445e-17
7428.00	5.55909e-17
7429.50	3.53021e-17
7431.00	3.62345e-17
7432.50	2.75641e-17
7434.00	3.35628e-17
7435.50	3.99564e-17
7437.00	4.22071e-17
7438.50	5.83475e-17
7440.00	5.85681e-17
7441.50	4.64939e-17
7443.00	3.78379e-17
7444.50	3.88785e-17
7446.00	3.87413e-17
7447.50	4.8363e-17
7449.00	5.18983e-17
7450.50	3.64727e-17
7452.00	2.35876e-17
7453.50	4.46079e-17
7455.00	4.89675e-17
7456.50	3.24667e-17
7458.00	4.156e-17
7459.50	6.02173e-17
7461.00	4.74412e-17
7462.50	3.53445e-17
7464.00	4.91416e-17
7465.50	5.25685e-17
7467.00	5.36926e-17
7468.50	5.04864e-17
7470.00	5.05805e-17
7471.50	4.93806e-17
7473.00	3.15038e-17
7474.50	3.72806e-17
7476.00	4.73623e-17
7477.50	2.99565e-17
7479.00	4.19701e-17
7480.50	5.57137e-17
7482.00	3.38267e-17
7483.50	2.84595e-17
7485.00	4.09436e-17
7486.50	3.07669e-17
7488.00	6.62347e-17
7489.50	3.53615e-17
7491.00	4.01662e-17
7492.50	2.89388e-17
7494.00	1.47293e-17
7495.50	9.61972e-18
7497.00	1.06306e-17
7498.50	3.76852e-17
7500.00	6.69716e-17
7501.50	4.34204e-17
7503.00	5.38607e-17
7504.50	3.82433e-17
7506.00	3.183e-17
7507.50	2.48267e-17
7509.00	5.22963e-17
7510.50	6.10763e-17
7512.00	6.1866e-17
7513.50	3.11187e-17
7515.00	3.72989e-17
7516.50	3.93665e-17
7518.00	3.23875e-17
7519.50	4.66582e-17
7521.00	1.61122e-17
7522.50	3.67699e-17
7524.00	3.39187e-17
7525.50	4.3158e-17
7527.00	4.63861e-17
7528.50	4.94117e-17
7530.00	3.38279e-17
7531.50	1.70178e-17
7533.00	3.75207e-17
7534.50	3.62599e-17
7536.00	1.50642e-17
7537.50	1.682e-17
7539.00	2.0248e-17
7540.50	8.16743e-18
