5055.  1.672835E-16
5057.64479899407  1.654050E-16
5060.28959798813  1.601691E-16
5062.9343969822  1.746532E-16
5065.57919597626  1.728152E-16
5068.22399497033  1.627566E-16
5070.86879396439  1.569999E-16
5073.51359295845  1.710380E-16
5076.15839195252  1.806728E-16
5078.80319094658  1.529840E-16
5081.44798994065  1.350775E-16
5084.09278893471  1.451301E-16
5086.73758792878  1.351985E-16
5089.38238692284  1.240070E-16
5092.02718591691  1.158102E-16
5094.67198491097  1.235299E-16
5097.31678390503  1.272516E-16
5099.9615828991  1.279188E-16
5102.60638189316  1.285617E-16
5105.25118088723  1.202999E-16
5107.89597988129  1.128114E-16
5110.54077887536  1.217185E-16
5113.18557786942  1.262448E-16
5115.83037686348  1.211178E-16
5118.47517585755  1.277709E-16
5121.11997485161  1.365258E-16
5123.76477384568  1.248028E-16
5126.40957283974  1.279803E-16
5129.0543718338  1.313836E-16
5131.69917082787  1.178717E-16
5134.34396982193  1.146324E-16
5136.988768816  1.101829E-16
5139.63356781006  1.079077E-16
5142.27836680413  1.114036E-16
5144.92316579819  1.098327E-16
5147.56796479225  1.024419E-16
5150.21276378632  9.823028E-17
5152.85756278039  9.106580E-17
5155.50236177445  8.726299E-17
5158.14716076851  8.130011E-17
5160.79195976258  6.810186E-17
5163.43675875664  6.606662E-17
5166.08155775071  6.379014E-17
5168.72635674477  5.662711E-17
5171.37115573883  5.242665E-17
5174.0159547329  5.391256E-17
5176.66075372696  5.647742E-17
5179.30555272103  6.397607E-17
5181.95035171509  7.236773E-17
5184.59515070916  8.044130E-17
5187.23994970322  7.854564E-17
5189.88474869729  6.915259E-17
5192.52954769135  8.141450E-17
5195.17434668541  1.001670E-16
5197.81914567948  1.012690E-16
5200.46394467354  1.056837E-16
5203.10874366761  1.143443E-16
5205.75354266167  1.162421E-16
5208.39834165574  1.170110E-16
5211.0431406498  1.137680E-16
5213.68793964386  1.150980E-16
5216.33273863793  1.182693E-16
5218.97753763199  1.117209E-16
5221.62233662606  1.070951E-16
5224.26713562012  1.090017E-16
5226.91193461418  1.097839E-16
5229.55673360825  1.121506E-16
5232.20153260231  1.123992E-16
5234.84633159638  1.113724E-16
5237.49113059044  1.057808E-16
5240.13592958451  9.327705E-17
5242.78072857857  9.145730E-17
5245.42552757264  9.269983E-17
5248.0703265667  8.795713E-17
5250.71512556077  8.151972E-17
5253.35992455483  8.016604E-17
5256.00472354889  8.044324E-17
5258.64952254296  8.341698E-17
5261.29432153702  8.543315E-17
5263.93912053109  7.761445E-17
5266.58391952515  8.486470E-17
5269.22871851922  8.948028E-17
5271.87351751328  9.295084E-17
5274.51831650734  1.013998E-16
5277.16311550141  1.059107E-16
5279.80791449547  1.088716E-16
5282.45271348954  1.179957E-16
5285.0975124836  1.282919E-16
5287.74231147767  1.308314E-16
5290.38711047173  1.397376E-16
5293.03190946579  1.491536E-16
5295.67670845986  1.476522E-16
5298.32150745392  1.448811E-16
5300.96630644799  1.423728E-16
5303.61110544205  1.457815E-16
5306.25590443612  1.401371E-16
5308.90070343018  1.274591E-16
5311.54550242424  1.207804E-16
5314.19030141831  1.222266E-16
5316.83510041237  1.176038E-16
5319.47989940644  1.098278E-16
5322.1246984005  1.094687E-16
5324.76949739457  1.020651E-16
5327.41429638863  9.912015E-17
5330.05909538269  1.023728E-16
5332.70389437676  9.907585E-17
5335.34869337082  1.072031E-16
5337.99349236489  1.131516E-16
5340.63829135895  1.178895E-16
5343.28309035302  1.286180E-16
5345.92788934708  1.327649E-16
5348.57268834115  1.264629E-16
5351.21748733521  1.312458E-16
5353.86228632927  1.371821E-16
5356.50708532334  1.353980E-16
5359.1518843174  1.323854E-16
5361.79668331147  1.356804E-16
5364.44148230553  1.329072E-16
5367.0862812996  1.162634E-16
5369.73108029366  1.144160E-16
5372.37587928772  1.162606E-16
5375.02067828179  1.134068E-16
5377.66547727585  1.143531E-16
5380.31027626992  1.148144E-16
5382.95507526398  1.097616E-16
5385.59987425804  1.098321E-16
5388.24467325211  1.146115E-16
5390.88947224617  1.201225E-16
5393.53427124024  1.203301E-16
5396.1790702343  1.146056E-16
5398.82386922837  1.153507E-16
5401.46866822243  1.137479E-16
5404.1134672165  1.096926E-16
5406.75826621056  1.134738E-16
5409.40306520463  1.154355E-16
5412.04786419869  1.116292E-16
5414.69266319275  1.101841E-16
5417.33746218682  1.220678E-16
5419.98226118088  1.275289E-16
5422.62706017495  1.214380E-16
5425.27185916901  1.219760E-16
5427.91665816308  1.215731E-16
5430.56145715714  1.160323E-16
5433.2062561512  1.150807E-16
5435.85105514527  1.143434E-16
5438.49585413933  1.167080E-16
5441.1406531334  1.191744E-16
5443.78545212746  1.235785E-16
5446.43025112153  1.352981E-16
5449.07505011559  1.412765E-16
5451.71984910965  1.418841E-16
5454.36464810372  1.434876E-16
5457.00944709778  1.450622E-16
5459.65424609185  1.535129E-16
5462.29904508591  1.585264E-16
5464.94384407998  1.583177E-16
5467.58864307404  1.667971E-16
5470.2334420681  1.794184E-16
5472.87824106217  1.928706E-16
5475.52304005623  2.025535E-16
5478.1678390503  2.014984E-16
5480.81263804436  2.008178E-16
5483.45743703843  2.024383E-16
5486.10223603249  1.996332E-16
5488.74703502655  1.895923E-16
5491.39183402062  1.904171E-16
5494.03663301468  1.936770E-16
5496.68143200875  1.889701E-16
5499.32623100281  1.845927E-16
5501.97102999688  1.826695E-16
5504.61582899094  1.850532E-16
5507.260627985  1.916950E-16
5509.90542697907  1.880739E-16
5512.55022597313  1.849214E-16
5515.1950249672  1.863570E-16
5517.83982396126  1.839676E-16
5520.48462295533  1.806856E-16
5523.12942194939  1.816055E-16
5525.77422094346  1.799152E-16
5528.41901993752  1.733196E-16
5531.06381893158  1.762857E-16
5533.70861792565  1.762740E-16
5536.35341691971  1.641846E-16
5538.99821591378  1.637961E-16
5541.64301490784  1.715329E-16
5544.28781390191  1.742107E-16
5546.93261289597  1.735680E-16
5549.57741189003  1.749006E-16
5552.2222108841  1.869100E-16
5554.86700987816  2.013429E-16
5557.51180887223  2.029250E-16
5560.15660786629  1.997727E-16
5562.80140686036  1.998849E-16
5565.44620585442  2.043145E-16
5568.09100484849  2.203850E-16
5570.73580384255  2.192477E-16
5573.38060283661  2.157412E-16
5576.02540183068  2.079249E-16
5578.67020082474  1.879131E-16
5581.31499981881  1.753138E-16
5583.95979881287  1.776183E-16
5586.60459780694  1.915584E-16
5589.249396801  1.941516E-16
5591.89419579506  2.044614E-16
5594.53899478913  2.037624E-16
5597.18379378319  1.960633E-16
5599.82859277726  1.985257E-16
5602.47339177132  1.957635E-16
5605.11819076539  2.013990E-16
5607.76298975945  2.048710E-16
5610.40778875351  2.010316E-16
5613.05258774758  2.004706E-16
5615.69738674164  2.024610E-16
5618.34218573571  1.997937E-16
5620.98698472977  1.980052E-16
5623.63178372384  1.993448E-16
5626.2765827179  1.999915E-16
5628.92138171196  2.019664E-16
5631.56618070603  2.074801E-16
5634.21097970009  2.102985E-16
5636.85577869416  2.017351E-16
5639.50057768822  1.937701E-16
5642.14537668229  1.953641E-16
5644.79017567635  1.896757E-16
5647.43497467042  1.796084E-16
5650.07977366448  1.798702E-16
5652.72457265854  1.715131E-16
5655.36937165261  1.650285E-16
5658.01417064667  1.701802E-16
5660.65896964074  1.712562E-16
5663.3037686348  1.642053E-16
5665.94856762887  1.557552E-16
5668.59336662293  1.585798E-16
5671.23816561699  1.564882E-16
5673.88296461106  1.536640E-16
5676.52776360512  1.563152E-16
5679.17256259919  1.602295E-16
5681.81736159325  1.626989E-16
5684.46216058732  1.668230E-16
5687.10695958138  1.759321E-16
5689.75175857544  1.784216E-16
5692.39655756951  1.760300E-16
5695.04135656357  1.762983E-16
5697.68615555764  1.792069E-16
5700.3309545517  1.741494E-16
5702.97575354577  1.822419E-16
5705.62055253983  1.871429E-16
5708.26535153389  1.827850E-16
5710.91015052796  1.805459E-16
5713.55494952202  1.798207E-16
5716.19974851609  1.800772E-16
5718.84454751015  1.778041E-16
5721.48934650422  1.811113E-16
5724.13414549828  1.824990E-16
5726.77894449235  1.847761E-16
5729.42374348641  1.912602E-16
5732.06854248047  1.917706E-16
5734.71334147454  1.853495E-16
5737.3581404686  1.838757E-16
5740.00293946267  1.904646E-16
5742.64773845673  1.930608E-16
5745.2925374508  1.900491E-16
5747.93733644486  1.942048E-16
5750.58213543892  1.972113E-16
5753.22693443299  1.969930E-16
5755.87173342705  1.936154E-16
5758.51653242112  1.953180E-16
5761.16133141518  1.956801E-16
5763.80613040925  1.893083E-16
5766.45092940331  1.955647E-16
5769.09572839737  1.962957E-16
5771.74052739144  1.933233E-16
5774.3853263855  1.959247E-16
5777.03012537957  1.903067E-16
5779.67492437363  1.889022E-16
5782.3197233677  1.889412E-16
5784.96452236176  1.813705E-16
5787.60932135582  1.768690E-16
5790.25412034989  1.688397E-16
5792.89891934395  1.504149E-16
5795.54371833802  1.345203E-16
5798.18851733208  1.296378E-16
5800.83331632615  1.198876E-16
5803.47811532021  1.049666E-16
5806.12291431427  1.005270E-16
5808.76771330834  9.278393E-17
5811.4125123024  8.546163E-17
5814.05731129647  8.216703E-17
5816.70211029053  7.943110E-17
5819.3469092846  7.726975E-17
5821.99170827866  7.760934E-17
5824.63650727273  7.670641E-17
5827.28130626679  7.286696E-17
5829.92610526085  7.011253E-17
5832.57090425492  6.850185E-17
5835.21570324898  6.090671E-17
5837.86050224305  5.556375E-17
5840.50530123711  5.518343E-17
5843.15010023118  5.330432E-17
5845.79489922524  5.252808E-17
5848.4396982193  4.890448E-17
5851.08449721337  4.756696E-17
5853.72929620743  4.897331E-17
5856.3740952015  5.006377E-17
5859.01889419556  4.796460E-17
5861.66369318963  5.115062E-17
5864.30849218369  5.341352E-17
5866.95329117775  5.162596E-17
5869.59809017182  5.813981E-17
5872.24288916588  6.481607E-17
5874.88768815995  6.472675E-17
5877.53248715401  6.890432E-17
5880.17728614808  7.366724E-17
5882.82208514214  8.033120E-17
5885.46688413621  9.247460E-17
5888.11168313027  9.505535E-17
5890.75648212433  8.839814E-17
5893.4012811184  9.346621E-17
5896.04608011246  1.032731E-16
5898.69087910653  1.196408E-16
5901.33567810059  1.393578E-16
5903.98047709466  1.587855E-16
5906.62527608872  1.838731E-16
5909.27007508279  2.105172E-16
5911.91487407685  2.330679E-16
5914.55967307091  2.493850E-16
5917.20447206498  2.632634E-16
5919.84927105904  2.807571E-16
5922.49407005311  2.915571E-16
5925.13886904717  3.057065E-16
5927.78366804123  3.182850E-16
5930.4284670353  3.141654E-16
5933.07326602936  3.118511E-16
5935.71806502343  3.182132E-16
5938.36286401749  3.220487E-16
5941.00766301156  3.204240E-16
5943.65246200562  3.180353E-16
5946.29726099968  3.115175E-16
5948.94205999375  3.050795E-16
5951.58685898781  3.054269E-16
5954.23165798188  3.013928E-16
5956.87645697594  2.943095E-16
5959.52125597001  2.880557E-16
5962.16605496407  2.780863E-16
5964.81085395813  2.692108E-16
5967.4556529522  2.665036E-16
5970.10045194626  2.656181E-16
5972.74525094033  2.600213E-16
5975.39004993439  2.547984E-16
5978.03484892846  2.527273E-16
5980.67964792252  2.582575E-16
5983.32444691659  2.519849E-16
5985.96924591065  2.459577E-16
5988.61404490472  2.416174E-16
5991.25884389878  2.399942E-16
5993.90364289284  2.367225E-16
5996.54844188691  2.340880E-16
5999.19324088097  2.335758E-16
6001.83803987504  2.318213E-16
6004.4828388691  2.239534E-16
6007.12763786316  2.191317E-16
6009.77243685723  2.214256E-16
6012.41723585129  2.229430E-16
6015.06203484536  2.212850E-16
6017.70683383942  2.180630E-16
6020.35163283349  2.166402E-16
6022.99643182755  2.179625E-16
6025.64123082161  2.131737E-16
6028.28602981568  2.085370E-16
6030.93082880974  2.104037E-16
6033.57562780381  2.114050E-16
6036.22042679787  2.062129E-16
6038.86522579194  2.064888E-16
6041.510024786  2.077828E-16
6044.15482378007  2.046046E-16
6046.79962277413  2.054841E-16
6049.44442176819  2.054771E-16
6052.08922076226  2.081014E-16
6054.73401975632  2.076217E-16
6057.37881875039  2.012556E-16
6060.02361774445  1.982549E-16
6062.66841673852  2.010896E-16
6065.31321573258  2.026397E-16
6067.95801472665  1.986149E-16
6070.60281372071  1.957500E-16
6073.24761271477  1.944641E-16
6075.89241170884  1.912385E-16
6078.5372107029  1.928072E-16
6081.18200969697  1.931499E-16
6083.82680869103  1.956352E-16
6086.47160768509  1.941793E-16
6089.11640667916  1.898706E-16
6091.76120567322  1.919715E-16
6094.40600466729  1.910705E-16
6097.05080366135  1.878700E-16
6099.69560265542  1.863220E-16
6102.34040164948  1.819700E-16
6104.98520064354  1.786877E-16
6107.62999963761  1.804195E-16
6110.27479863167  1.778735E-16
6112.91959762574  1.713486E-16
6115.5643966198  1.686254E-16
6118.20919561387  1.637055E-16
6120.85399460793  1.494273E-16
6123.49879360199  1.344224E-16
6126.14359259606  1.231461E-16
6128.78839159012  1.140696E-16
6131.43319058419  1.046763E-16
6134.07798957825  9.597346E-17
6136.72278857232  8.490733E-17
6139.36758756638  7.515825E-17
6142.01238656045  7.955330E-17
6144.65718555451  8.288929E-17
6147.30198454858  8.451303E-17
6149.94678354264  9.377825E-17
6152.5915825367  1.081970E-16
6155.23638153077  1.169949E-16
6157.88118052483  1.337399E-16
6160.5259795189  1.496288E-16
6163.17077851296  1.643463E-16
6165.81557750702  1.757682E-16
6168.46037650109  1.857257E-16
6171.10517549515  1.968302E-16
6173.74997448922  2.069824E-16
6176.39477348328  2.166596E-16
6179.03957247735  2.218449E-16
6181.68437147141  2.272731E-16
6184.32917046547  2.314498E-16
6186.97396945954  2.323216E-16
6189.6187684536  2.350647E-16
6192.26356744767  2.370070E-16
6194.90836644173  2.336011E-16
6197.5531654358  2.308984E-16
6200.19796442986  2.348374E-16
6202.84276342393  2.350067E-16
6205.48756241799  2.370658E-16
6208.13236141205  2.368172E-16
6210.77716040612  2.259394E-16
6213.42195940018  2.249633E-16
6216.06675839425  2.232871E-16
6218.71155738831  2.208020E-16
6221.35635638238  2.148721E-16
6224.00115537644  2.147794E-16
6226.64595437051  2.142342E-16
6229.29075336457  2.095367E-16
6231.93555235863  2.099915E-16
6234.5803513527  2.075640E-16
6237.22515034676  2.035532E-16
6239.86994934083  2.014585E-16
6242.51474833489  1.975491E-16
6245.15954732895  1.957411E-16
6247.80434632302  1.918622E-16
6250.44914531708  1.870731E-16
6253.09394431115  1.856298E-16
6255.73874330521  1.821841E-16
6258.38354229928  1.784939E-16
6261.02834129334  1.771200E-16
6263.6731402874  1.781658E-16
6266.31793928147  1.805812E-16
6268.96273827553  1.869788E-16
6271.6075372696  1.893968E-16
6274.25233626366  1.850156E-16
6276.89713525773  1.841810E-16
6279.54193425179  1.851789E-16
6282.18673324585  1.871322E-16
6284.83153223992  1.883528E-16
6287.47633123398  1.936299E-16
6290.12113022805  1.954675E-16
6292.76592922211  1.950597E-16
6295.41072821618  1.982559E-16
6298.05552721024  2.018206E-16
6300.70032620431  2.041321E-16
6303.34512519837  2.034148E-16
6305.98992419243  2.053062E-16
6308.6347231865  2.047358E-16
6311.27952218056  2.064183E-16
6313.92432117463  2.080704E-16
6316.56912016869  2.076936E-16
6319.21391916276  2.094654E-16
6321.85871815682  2.085522E-16
6324.50351715089  2.082093E-16
6327.14831614495  2.122797E-16
6329.79311513901  2.141229E-16
6332.43791413308  2.140266E-16
6335.08271312714  2.160059E-16
6337.72751212121  2.143887E-16
6340.37231111527  2.144089E-16
6343.01711010933  2.192703E-16
6345.6619091034  2.152495E-16
6348.30670809746  2.107707E-16
6350.95150709153  2.171398E-16
6353.59630608559  2.135738E-16
6356.24110507966  2.083938E-16
6358.88590407372  2.052810E-16
6361.53070306779  2.012540E-16
6364.17550206185  2.053807E-16
6366.82030105592  2.077236E-16
6369.46510004998  2.087255E-16
6372.10989904404  2.079946E-16
6374.75469803811  2.094486E-16
6377.39949703217  2.163996E-16
6380.04429602624  2.160888E-16
6382.6890950203  2.188247E-16
6385.33389401437  2.210922E-16
6387.97869300843  2.182859E-16
6390.62349200249  2.200753E-16
6393.26829099656  2.249647E-16
6395.91308999062  2.273966E-16
6398.55788898469  2.262889E-16
6401.20268797875  2.220144E-16
6403.84748697282  2.192255E-16
6406.49228596688  2.205654E-16
6409.13708496094  2.205990E-16
6411.78188395501  2.210945E-16
6414.42668294907  2.182484E-16
6417.07148194314  2.161594E-16
6419.7162809372  2.138435E-16
6422.36107993126  2.106798E-16
6425.00587892533  2.112395E-16
6427.65067791939  2.085378E-16
6430.29547691346  2.077983E-16
6432.94027590752  2.065519E-16
6435.58507490159  2.046544E-16
6438.22987389565  2.038542E-16
6440.87467288972  2.055958E-16
6443.51947188378  2.075309E-16
6446.16427087784  2.022502E-16
6448.80906987191  2.032098E-16
6451.45386886597  2.018828E-16
6454.09866786004  1.967977E-16
6456.7434668541  2.022779E-16
6459.38826584817  2.035349E-16
6462.03306484223  1.913871E-16
6464.67786383629  1.870336E-16
6467.32266283036  1.801310E-16
6469.96746182442  1.697638E-16
6472.61226081849  1.629925E-16
6475.25705981255  1.594506E-16
6477.90185880662  1.525478E-16
6480.54665780068  1.450613E-16
6483.19145679475  1.380126E-16
6485.83625578881  1.265892E-16
6488.48105478287  1.186489E-16
6491.12585377694  1.126852E-16
6493.770652771  1.003587E-16
6496.41545176507  8.988444E-17
6499.06025075913  8.660175E-17
6501.70504975319  8.663288E-17
6504.34984874726  9.320760E-17
6506.99464774132  9.895992E-17
6509.63944673539  1.129241E-16
6512.28424572945  1.265894E-16
6514.92904472352  1.420885E-16
6517.57384371758  1.878245E-16
6520.21864271165  2.394201E-16
6522.86344170571  2.242000E-16
6525.50824069977  1.977362E-16
6528.15303969384  2.205460E-16
6530.7978386879  2.301279E-16
6533.44263768197  2.347890E-16
6536.08743667603  2.421374E-16
6538.7322356701  2.526574E-16
6541.37703466416  2.556772E-16
6544.02183365822  2.512087E-16
6546.66663265229  2.476344E-16
6549.31143164635  2.431216E-16
6551.95623064042  2.410054E-16
6554.60102963448  2.374140E-16
6557.24582862855  2.330208E-16
6559.89062762261  2.318212E-16
6562.53542661667  2.362907E-16
6565.18022561074  2.447280E-16
6567.8250246048  2.594823E-16
6570.46982359887  2.847571E-16
6573.11462259293  3.113633E-16
6575.759421587  3.424437E-16
6578.40422058106  3.807725E-16
6581.04901957512  4.233123E-16
6583.69381856919  4.460645E-16
6586.33861756325  4.577402E-16
6588.98341655732  4.746211E-16
6591.62821555138  4.853946E-16
6594.27301454545  4.955230E-16
6596.91781353951  5.299500E-16
6599.56261253358  5.721109E-16
6602.20741152764  5.916396E-16
6604.8522105217  5.737922E-16
6607.49700951577  5.175520E-16
6610.14180850983  4.584665E-16
6612.7866075039  4.164676E-16
6615.43140649796  3.902549E-16
6618.07620549203  3.820786E-16
6620.72100448609  3.770127E-16
6623.36580348015  3.620872E-16
6626.01060247422  3.447952E-16
6628.65540146828  3.280163E-16
6631.30020046235  3.109236E-16
6633.94499945641  2.971812E-16
6636.58979845048  2.859626E-16
6639.23459744454  2.742762E-16
6641.8793964386  2.702531E-16
6644.52419543267  2.689046E-16
6647.16899442673  2.591036E-16
6649.8137934208  2.537020E-16
6652.45859241486  2.470701E-16
6655.10339140893  2.428838E-16
6657.74819040299  2.387696E-16
6660.39298939706  2.367681E-16
6663.03778839112  2.326378E-16
6665.68258738518  2.253860E-16
6668.32738637925  2.198442E-16
6670.97218537331  2.192299E-16
6673.61698436738  2.178880E-16
6676.26178336144  2.154755E-16
6678.90658235551  2.138422E-16
6681.55138134957  2.150538E-16
6684.19618034363  2.122592E-16
6686.8409793377  2.091472E-16
6689.48577833176  2.102966E-16
6692.13057732583  2.112483E-16
6694.77537631989  2.123656E-16
6697.42017531396  2.093188E-16
6700.06497430802  2.109795E-16
6702.70977330209  2.177807E-16
6705.35457229615  2.176888E-16
6707.99937129021  2.107380E-16
6710.64417028428  2.145251E-16
6713.28896927834  2.178741E-16
6715.9337682724  2.131401E-16
6718.57856726647  2.136982E-16
6721.22336626053  2.158208E-16
6723.8681652546  2.125624E-16
6726.51296424866  2.078627E-16
6729.15776324273  2.062991E-16
6731.80256223679  2.047768E-16
6734.44736123086  2.043107E-16
6737.09216022492  2.057654E-16
6739.73695921899  2.044287E-16
6742.38175821305  2.035704E-16
6745.02655720711  2.057460E-16
6747.67135620118  2.042250E-16
6750.31615519524  2.051313E-16
6752.96095418931  2.147962E-16
6755.60575318337  2.214527E-16
6758.25055217744  2.175812E-16
6760.8953511715  2.116758E-16
6763.54015016556  2.065192E-16
6766.18494915963  2.038009E-16
6768.82974815369  2.030467E-16
6771.47454714776  2.053287E-16
6774.11934614182  2.068609E-16
6776.76414513589  2.008379E-16
6779.40894412995  1.955163E-16
6782.05374312401  1.979538E-16
6784.69854211808  1.972657E-16
6787.34334111214  1.939075E-16
6789.98814010621  1.945778E-16
6792.63293910027  1.970600E-16
6795.27773809433  1.994891E-16
6797.9225370884  1.962965E-16
6800.56733608246  1.952530E-16
6803.21213507653  1.968223E-16
6805.85693407059  1.996381E-16
6808.50173306466  1.994688E-16
6811.14653205872  1.980315E-16
6813.79133105279  1.973570E-16
6816.43613004685  2.058058E-16
6819.08092904091  2.076735E-16
6821.72572803498  2.020215E-16
6824.37052702904  2.054147E-16
6827.01532602311  2.045580E-16
6829.66012501717  2.015390E-16
6832.30492401124  2.037050E-16
6834.9497230053  1.979781E-16
6837.59452199937  1.934361E-16
6840.23932099343  1.934425E-16
6842.88411998749  1.937353E-16
6845.52891898156  1.979925E-16
6848.17371797562  2.003790E-16
6850.81851696969  2.028148E-16
6853.46331596375  2.025086E-16
6856.10811495782  2.052644E-16
6858.75291395188  2.093809E-16
6861.39771294594  2.119609E-16
6864.04251194001  2.111455E-16
6866.68731093407  2.064103E-16
6869.33210992814  2.008046E-16
6871.9769089222  1.889680E-16
6874.62170791626  1.851667E-16
6877.26650691033  1.897170E-16
6879.9113059044  1.939436E-16
6882.55610489846  2.007297E-16
6885.20090389252  2.055298E-16
6887.84570288659  1.994245E-16
6890.49050188065  1.952441E-16
6893.13530087472  1.956162E-16
6895.78009986878  1.918503E-16
6898.42489886284  1.944664E-16
6901.06969785691  1.995163E-16
6903.71449685097  2.031658E-16
6906.35929584504  2.000877E-16
6909.0040948391  1.953530E-16
6911.64889383317  1.966844E-16
6914.29369282723  1.976399E-16
6916.9384918213  1.983732E-16
6919.58329081536  1.940369E-16
6922.22808980942  1.932102E-16
6924.87288880349  1.935180E-16
6927.51768779755  1.887212E-16
6930.16248679162  1.865531E-16
6932.80728578568  1.859003E-16
6935.45208477975  1.829150E-16
6938.09688377381  1.844969E-16
6940.74168276787  1.855637E-16
6943.38648176194  1.847981E-16
6946.031280756  1.909293E-16
6948.67607975007  1.918590E-16
6951.32087874413  1.862944E-16
6953.96567773819  1.842885E-16
6956.61047673226  1.832499E-16
6959.25527572632  1.910220E-16
6961.90007472039  1.942718E-16
6964.54487371445  1.929983E-16
6967.18967270852  1.942323E-16
6969.83447170258  1.988168E-16
6972.47927069665  1.992127E-16
6975.12406969071  1.967176E-16
6977.76886868477  1.957857E-16
6980.41366767884  1.942093E-16
6983.0584666729  1.907679E-16
6985.70326566697  1.909682E-16
6988.34806466103  1.922175E-16
6990.9928636551  1.952005E-16
6993.63766264916  1.983129E-16
6996.28246164322  1.992405E-16
6998.92726063729  1.992435E-16
7001.57205963135  1.971283E-16
7004.21685862542  1.951786E-16
7006.86165761948  1.952592E-16
7009.50645661355  1.984787E-16
7012.15125560761  1.940063E-16
7014.79605460168  1.890840E-16
7017.44085359574  1.886439E-16
7020.0856525898  1.887766E-16
7022.73045158387  1.914669E-16
7025.37525057793  1.957959E-16
7028.020049572  1.944868E-16
7030.66484856606  1.935275E-16
7033.30964756013  1.943926E-16
7035.95444655419  1.940622E-16
7038.59924554825  1.961980E-16
7041.24404454232  1.983832E-16
7043.88884353638  1.957012E-16
7046.53364253045  1.980277E-16
7049.17844152451  2.022028E-16
7051.82324051858  2.016247E-16
7054.46803951264  2.010586E-16
7057.1128385067  1.995973E-16
7059.75763750077  2.010287E-16
7062.40243649483  2.075669E-16
7065.0472354889  2.066565E-16
7067.69203448296  2.011866E-16
7070.33683347703  2.023348E-16
7072.98163247109  2.052521E-16
7075.62643146516  2.040428E-16
7078.27123045922  2.033753E-16
7080.91602945328  2.045596E-16
7083.56082844735  2.024244E-16
7086.20562744141  2.070966E-16
7088.85042643548  2.132636E-16
7091.49522542954  2.114538E-16
7094.14002442361  2.102693E-16
7096.78482341767  2.089577E-16
7099.42962241173  2.107312E-16
7102.0744214058  2.142121E-16
7104.71922039986  2.157599E-16
7107.36401939393  2.144486E-16
7110.00881838799  2.135233E-16
7112.65361738206  2.181732E-16
7115.29841637612  2.188986E-16
7117.94321537018  2.153317E-16
7120.58801436425  2.163405E-16
7123.23281335831  2.182571E-16
7125.87761235238  2.168554E-16
7128.52241134644  2.140487E-16
7131.16721034051  2.125674E-16
7133.81200933457  2.082209E-16
7136.45680832863  2.040189E-16
7139.1016073227  2.015094E-16
7141.74640631676  2.011053E-16
7144.39120531083  2.031066E-16
7147.03600430489  2.032509E-16
7149.68080329895  1.977555E-16
7152.32560229302  1.946218E-16
7154.97040128709  1.956280E-16
7157.61520028115  2.000686E-16
7160.25999927521  1.962032E-16
7162.90479826928  1.909276E-16
7165.54959726334  1.903506E-16
7168.19439625741  1.895227E-16
7170.83919525147  1.943962E-16
7173.48399424554  1.942317E-16
7176.1287932396  1.966765E-16
7178.77359223366  2.033740E-16
7181.41839122773  1.990025E-16
7184.06319022179  1.972016E-16
7186.70798921586  1.983879E-16
7189.35278820992  1.967967E-16
7191.99758720399  1.950219E-16
7194.64238619805  1.950605E-16
7197.28718519211  1.931449E-16
7199.93198418618  1.925639E-16
7202.57678318024  1.956679E-16
7205.22158217431  1.997630E-16
7207.86638116837  1.985655E-16
7210.51118016244  2.008994E-16
7213.1559791565  2.033546E-16
7215.80077815056  2.075674E-16
7218.44557714463  2.042210E-16
7221.09037613869  2.006407E-16
7223.73517513276  1.991934E-16
7226.37997412682  1.958488E-16
7229.02477312089  1.969246E-16
7231.66957211495  1.943973E-16
7234.31437110902  1.931638E-16
7236.95917010308  1.963524E-16
7239.60396909714  1.944157E-16
7242.24876809121  1.927678E-16
7244.89356708527  1.907346E-16
7247.53836607934  1.962948E-16
7250.1831650734  2.005397E-16
7252.82796406746  1.959160E-16
7255.47276306153  1.971973E-16
7258.11756205559  1.972560E-16
7260.76236104966  1.963430E-16
7263.40716004372  1.986643E-16
7266.05195903779  1.989119E-16
7268.69675803185  1.976248E-16
7271.34155702592  2.012152E-16
7273.98635601998  2.017532E-16
7276.63115501404  1.927243E-16
7279.27595400811  1.884982E-16
7281.92075300217  1.945837E-16
7284.56555199624  1.975792E-16
7287.2103509903  1.971988E-16
7289.85514998437  1.941941E-16
7292.49994897843  1.884933E-16
7295.14474797249  1.909496E-16
7297.78954696656  1.954812E-16
7300.43434596062  1.937062E-16
7303.07914495469  1.975172E-16
7305.72394394875  2.038996E-16
7308.36874294282  2.087925E-16
7311.01354193688  2.174939E-16
7313.65834093095  2.268656E-16
7316.30313992501  2.287701E-16
7318.94793891907  2.253182E-16
7321.59273791314  2.275160E-16
7324.2375369072  2.332035E-16
7326.88233590127  2.378463E-16
7329.52713489533  2.398044E-16
7332.1719338894  2.393068E-16
7334.81673288346  2.430712E-16
7337.46153187752  2.491091E-16
7340.10633087159  2.533539E-16
7342.75112986565  2.517851E-16
7345.39592885972  2.467948E-16
7348.04072785378  2.508152E-16
7350.68552684785  2.595335E-16
7353.33032584191  2.612732E-16
7355.97512483597  2.613396E-16
7358.61992383004  2.570874E-16
7361.2647228241  2.552649E-16
7363.90952181817  2.580220E-16
7366.55432081223  2.535976E-16
7369.1991198063  2.474724E-16
7371.84391880036  2.438440E-16
7374.48871779442  2.411675E-16
7377.13351678849  2.372069E-16
7379.77831578255  2.339745E-16
7382.42311477662  2.352165E-16
7385.06791377068  2.360798E-16
7387.71271276475  2.331660E-16
7390.35751175881  2.319728E-16
7393.00231075287  2.317038E-16
7395.64710974694  2.270766E-16
7398.291908741  2.254940E-16
7400.93670773507  2.238235E-16
7403.58150672913  2.215026E-16
7406.2263057232  2.231282E-16
7408.87110471726  2.224149E-16
7411.51590371132  2.199501E-16
7414.16070270539  2.169026E-16
7416.80550169945  2.167542E-16
7419.45030069352  2.141959E-16
7422.09509968758  2.115077E-16
7424.73989868165  2.134204E-16
7427.38469767571  2.102333E-16
7430.02949666978  2.081367E-16
7432.67429566384  2.087644E-16
7435.3190946579  2.060486E-16
7437.96389365197  2.023183E-16
7440.60869264603  1.997218E-16
7443.2534916401  2.004495E-16
7445.89829063416  2.047873E-16
7448.54308962823  2.051518E-16
7451.18788862229  2.054282E-16
7453.83268761635  2.054954E-16
7456.47748661042  2.045059E-16
7459.12228560448  2.055815E-16
7461.76708459855  2.037482E-16
7464.41188359261  2.047238E-16
7467.05668258668  2.060622E-16
7469.70148158074  2.032735E-16
7472.3462805748  2.071426E-16
7474.99107956887  2.071413E-16
7477.63587856293  2.068250E-16
7480.280677557  2.096231E-16
7482.92547655106  2.127184E-16
7485.57027554513  2.067793E-16
7488.21507453919  2.020798E-16
7490.85987353326  2.037628E-16
7493.50467252732  2.082326E-16
7496.14947152138  2.114310E-16
7498.79427051545  2.084344E-16
7501.43906950951  2.049504E-16
7504.08386850358  2.101734E-16
7506.72866749764  2.141275E-16
7509.37346649171  2.134555E-16
7512.01826548577  2.150822E-16
7514.66306447983  2.163588E-16
7517.3078634739  2.154798E-16
7519.95266246796  2.151356E-16
7522.59746146203  2.122612E-16
7525.24226045609  2.116605E-16
7527.88705945016  2.085430E-16
7530.53185844422  2.045124E-16
7533.17665743828  2.077499E-16
7535.82145643235  2.110790E-16
7538.46625542641  2.114137E-16
7541.11105442048  2.128233E-16
7543.75585341454  2.140913E-16
7546.40065240861  2.131416E-16
7549.04545140267  2.116708E-16
7551.69025039673  2.134691E-16
7554.3350493908  2.124312E-16
7556.97984838487  2.117189E-16
7559.62464737893  2.111264E-16
7562.26944637299  2.113880E-16
7564.91424536706  2.179755E-16
7567.55904436112  2.202539E-16
7570.20384335519  2.156515E-16
7572.84864234925  2.123660E-16
7575.49344134331  2.097018E-16
7578.13824033738  2.034953E-16
7580.78303933144  2.050117E-16
7583.42783832551  2.089524E-16
7586.07263731957  2.093991E-16
7588.71743631364  2.124538E-16
7591.3622353077  2.172087E-16
7594.00703430177  2.176119E-16
7596.65183329583  2.140957E-16
7599.29663228989  2.102662E-16
7601.94143128396  1.962657E-16
7604.58623027802  1.685533E-16
7607.23102927209  1.592225E-16
7609.87582826615  1.510565E-16
7612.52062726021  1.498075E-16
7615.16542625428  1.604554E-16
7617.81022524834  1.710706E-16
7620.45502424241  1.791519E-16
7623.09982323647  1.874383E-16
7625.74462223054  1.885936E-16
7628.3894212246  1.830921E-16
7631.03422021866  1.757849E-16
7633.67901921273  1.740782E-16
7636.32381820679  1.761465E-16
7638.96861720086  1.782805E-16
7641.61341619492  1.808591E-16
7644.25821518899  1.848162E-16
7646.90301418305  1.818280E-16
7649.54781317712  1.833772E-16
7652.19261217118  1.877117E-16
7654.83741116524  1.870750E-16
7657.48221015931  1.884530E-16
7660.12700915337  1.934097E-16
7662.77180814744  1.931327E-16
7665.4166071415  1.937641E-16
7668.06140613557  1.908211E-16
7670.70620512963  1.860115E-16
7673.35100412369  1.861554E-16
7675.99580311776  1.883598E-16
7678.64060211182  1.927535E-16
7681.28540110589  1.964716E-16
7683.93020009995  1.976553E-16
7686.57499909402  2.003714E-16
7689.21979808808  2.015976E-16
7691.86459708214  2.022095E-16
7694.50939607621  2.071861E-16
7697.15419507027  2.129133E-16
7699.79899406434  2.184627E-16
7702.4437930584  2.235302E-16
7705.08859205247  2.255928E-16
7707.73339104653  2.235222E-16
7710.3781900406  2.197860E-16
7713.02298903466  2.203584E-16
7715.66778802872  2.221477E-16
7718.31258702279  2.200216E-16
7720.95738601685  2.169124E-16
7723.60218501092  2.202360E-16
7726.24698400498  2.230237E-16
7728.89178299905  2.214867E-16
7731.53658199311  2.230106E-16
7734.18138098717  2.240323E-16
7736.82617998124  2.256642E-16
7739.4709789753  2.301603E-16
7742.11577796937  2.339107E-16
7744.76057696343  2.345540E-16
7747.4053759575  2.324828E-16
7750.05017495156  2.300801E-16
7752.69497394562  2.249447E-16
7755.33977293969  2.214967E-16
7757.98457193375  2.202148E-16
7760.62937092782  2.222720E-16
7763.27416992188  2.244103E-16
7765.91896891595  2.217059E-16
7768.56376791001  2.215007E-16
7771.20856690407  2.259641E-16
7773.85336589814  2.237402E-16
7776.4981648922  2.211755E-16
7779.14296388627  2.168365E-16
7781.78776288033  2.057293E-16
7784.4325618744  1.978432E-16
7787.07736086846  1.997726E-16
7789.72215986252  2.053481E-16
7792.36695885659  2.086103E-16
7795.01175785065  2.093809E-16
7797.65655684472  2.031550E-16
7800.30135583878  1.993817E-16
7802.94615483285  2.019217E-16
7805.59095382691  2.068381E-16
7808.23575282098  2.093843E-16
7810.88055181504  2.106721E-16
7813.52535080911  2.121170E-16
7816.17014980317  2.140302E-16
7818.81494879723  2.163492E-16
7821.4597477913  2.131103E-16
7824.10454678536  2.054538E-16
7826.74934577943  1.997683E-16
7829.39414477349  2.028385E-16
7832.03894376755  2.115909E-16
7834.68374276162  2.171364E-16
7837.32854175568  2.131587E-16
7839.97334074975  2.042175E-16
7842.61813974381  2.025288E-16
7845.26293873788  2.070421E-16
7847.90773773194  2.117381E-16
7850.552536726  2.067262E-16
7853.19733572007  2.015424E-16
7855.84213471413  2.003684E-16
7858.4869337082  1.938813E-16
7861.13173270226  1.938733E-16
7863.77653169633  1.998764E-16
7866.42133069039  2.021209E-16
7869.06612968445  1.984259E-16
7871.71092867852  1.954360E-16
7874.35572767258  1.951195E-16
7877.00052666665  1.916610E-16
7879.64532566071  1.938090E-16
7882.29012465478  2.000370E-16
7884.93492364884  2.014815E-16
7887.57972264291  1.947281E-16
7890.22452163697  1.904745E-16
7892.86932063103  1.908435E-16
7895.5141196251  1.887632E-16
7898.15891861916  1.887421E-16
7900.80371761323  1.980344E-16
7903.44851660729  2.047063E-16
7906.09331560136  2.030676E-16
7908.73811459542  2.002528E-16
7911.38291358948  1.957829E-16
7914.02771258355  1.903514E-16
7916.67251157761  1.864738E-16
7919.31731057168  1.840748E-16
7921.96210956574  1.860064E-16
7924.60690855981  1.852691E-16
7927.25170755387  1.854044E-16
7929.89650654793  1.925323E-16
7932.541305542  1.979888E-16
7935.18610453606  1.987545E-16
7937.83090353013  1.914037E-16
7940.47570252419  1.927798E-16
7943.12050151826  1.971027E-16
7945.76530051232  1.944794E-16
7948.41009950638  1.945212E-16
7951.05489850045  1.998447E-16
7953.69969749451  1.999523E-16
7956.34449648858  1.983922E-16
7958.98929548264  2.009533E-16
7961.63409447671  1.990580E-16
7964.27889347077  1.949814E-16
7966.92369246484  1.975950E-16
7969.5684914589  1.975904E-16
7972.21329045296  1.949452E-16
7974.85808944703  1.962689E-16
7977.50288844109  1.967668E-16
7980.14768743516  2.006888E-16
7982.79248642922  2.025456E-16
7985.43728542329  1.982018E-16
7988.08208441735  2.043954E-16
7990.72688341142  2.078211E-16
7993.37168240548  2.018091E-16
7996.01648139954  1.944246E-16
7998.66128039361  1.844517E-16
8001.30607938767  1.847750E-16
8003.95087838174  1.905282E-16
8006.5956773758  1.947771E-16
8009.24047636986  2.005623E-16
8011.88527536393  2.031633E-16
8014.53007435799  1.995885E-16
8017.17487335206  1.968526E-16
8019.81967234612  2.013884E-16
8022.46447134019  2.049032E-16
8025.10927033425  2.021013E-16
8027.75406932832  1.982115E-16
8030.39886832238  2.000594E-16
8033.04366731645  2.006409E-16
8035.68846631051  1.965261E-16
8038.33326530457  1.964649E-16
8040.97806429864  1.989925E-16
8043.6228632927  1.992504E-16
8046.26766228677  2.021890E-16
8048.91246128083  2.038099E-16
8051.55726027489  2.027522E-16
8054.20205926896  2.032767E-16
8056.84685826302  2.044692E-16
8059.49165725709  2.042567E-16
8062.13645625115  2.041522E-16
8064.78125524522  2.036831E-16
8067.42605423928  2.006209E-16
8070.07085323334  2.021058E-16
8072.71565222741  2.013212E-16
8075.36045122147  2.013388E-16
8078.00525021554  2.042318E-16
8080.6500492096  2.044954E-16
8083.29484820367  2.051212E-16
8085.93964719773  2.063479E-16
8088.5844461918  2.038119E-16
8091.22924518586  2.016448E-16
8093.87404417992  2.017435E-16
8096.51884317399  2.065132E-16
8099.16364216805  2.091211E-16
8101.80844116212  2.051590E-16
8104.45324015618  2.073060E-16
8107.09803915024  2.130426E-16
8109.74283814431  2.082095E-16
8112.38763713837  2.033535E-16
8115.03243613244  2.074270E-16
8117.6772351265  2.070789E-16
8120.32203412057  2.050139E-16
8122.96683311463  2.015804E-16
8125.6116321087  2.010808E-16
8128.25643110276  1.963533E-16
8130.90123009683  1.882764E-16
8133.54602909089  1.847856E-16
8136.19082808495  1.831004E-16
8138.83562707902  1.840310E-16
8141.48042607308  1.878953E-16
8144.12522506715  1.885604E-16
8146.77002406121  1.866103E-16
8149.41482305527  1.838021E-16
8152.05962204934  1.788424E-16
8154.7044210434  1.722625E-16
8157.34922003747  1.729943E-16
8159.99401903153  1.770566E-16
8162.6388180256  1.792494E-16
8165.28361701966  1.750169E-16
8167.92841601373  1.699378E-16
8170.57321500779  1.695199E-16
8173.21801400185  1.714351E-16
8175.86281299592  1.736255E-16
8178.50761198998  1.740612E-16
8181.15241098405  1.753001E-16
8183.79720997811  1.738980E-16
8186.44200897218  1.725441E-16
8189.08680796624  1.731509E-16
8191.73160696031  1.674659E-16
8194.37640595437  1.614049E-16
8197.02120494843  1.585264E-16
8199.6660039425  1.625761E-16
8202.31080293656  1.672635E-16
8204.95560193063  1.698164E-16
8207.60040092469  1.660157E-16
8210.24519991875  1.618107E-16
8212.88999891282  1.610152E-16
8215.53479790688  1.581379E-16
8218.17959690095  1.603764E-16
8220.82439589501  1.622038E-16
8223.46919488908  1.638379E-16
8226.11399388314  1.616915E-16
8228.75879287721  1.516818E-16
8231.40359187127  1.508038E-16
8234.04839086533  1.590154E-16
8236.6931898594  1.685476E-16
8239.33798885346  1.780406E-16
8241.98278784753  1.876196E-16
8244.62758684159  1.967855E-16
8247.27238583565  1.999473E-16
8249.91718482972  1.982041E-16
8252.56198382378  1.951825E-16
8255.20678281785  1.907976E-16
8257.85158181191  1.891757E-16
8260.49638080598  1.939056E-16
8263.14117980004  1.981670E-16
8265.7859787941  2.008816E-16
8268.43077778817  2.053973E-16
8271.07557678223  2.005643E-16
8273.7203757763  1.902663E-16
8276.36517477036  1.860902E-16
8279.00997376443  1.829584E-16
8281.65477275849  1.835229E-16
8284.29957175256  1.844735E-16
8286.94437074662  1.830061E-16
8289.58916974068  1.863851E-16
8292.23396873475  1.870553E-16
8294.87876772881  1.796391E-16
8297.52356672288  1.759094E-16
8300.16836571694  1.754284E-16
8302.81316471101  1.699204E-16
8305.45796370507  1.674424E-16
8308.10276269913  1.718170E-16
8310.7475616932  1.814712E-16
8313.39236068726  1.842013E-16
8316.03715968133  1.755603E-16
8318.68195867539  1.646689E-16
8321.32675766946  1.657685E-16
8323.97155666352  1.728510E-16
8326.61635565759  1.804571E-16
8329.26115465165  1.842414E-16
8331.90595364571  1.839599E-16
8334.55075263978  1.845707E-16
8337.19555163384  1.845964E-16
8339.84035062791  1.871659E-16
8342.48514962197  1.848256E-16
8345.12994861604  1.798734E-16
8347.7747476101  1.815016E-16
8350.41954660416  1.810291E-16
8353.06434559823  1.853944E-16
8355.70914459229  1.879867E-16
8358.35394358636  1.841616E-16
8360.99874258042  1.816439E-16
8363.64354157449  1.812613E-16
8366.28834056855  1.792080E-16
8368.93313956261  1.823842E-16
8371.57793855668  1.886624E-16
8374.22273755074  1.971866E-16
8376.86753654481  2.024514E-16
8379.51233553887  2.022175E-16
8382.15713453294  1.926984E-16
8384.801933527  1.831894E-16
8387.44673252107  1.812394E-16
8390.09153151513  1.867031E-16
8392.73633050919  1.905689E-16
8395.38112950326  1.941745E-16
8398.02592849732  2.000090E-16
8400.67072749138  2.071241E-16
8403.31552648545  1.937516E-16
8405.96032547952  1.643891E-16
8408.60512447358  1.593867E-16
8411.24992346764  1.657199E-16
8413.89472246171  1.641611E-16
8416.53952145577  1.630734E-16
8419.18432044984  1.571684E-16
8421.8291194439  1.512560E-16
8424.47391843796  1.491096E-16
8427.11871743203  1.350423E-16
8429.76351642609  1.093077E-16
8432.40831542016  9.474075E-17
8435.05311441422  8.687942E-17
8437.69791340829  7.774764E-17
8440.34271240235  6.306275E-17
8442.98751139642  4.732107E-17
8445.63231039048  3.512914E-17
8448.27710938455  3.231570E-17
8450.92190837861  2.457638E-17
8453.56670737267  1.944983E-17
8456.21150636674  1.963255E-17
8458.8563053608  2.144909E-17
8461.50110435487  2.274161E-17
8464.14590334893  1.535523E-17
8466.79070234299  2.572280E-18
8469.43550133706  -5.249099E-18
8472.08030033112  -9.937019E-19
8474.72509932519  9.434198E-18
8477.36989831925  1.786139E-17
8480.01469731332  2.338691E-17
8482.65949630738  2.607884E-17
8485.30429530145  3.124579E-17
8487.94909429551  3.116315E-17
8490.59389328957  3.066609E-17
8493.23869228364  3.223841E-17
8495.8834912777  2.794986E-17
8498.52829027177  3.110499E-17
8501.17308926583  4.361771E-17
8503.81788825989  4.648226E-17
8506.46268725396  3.552482E-17
8509.10748624802  2.816682E-17
8511.75228524209  3.857743E-17
8514.39708423615  5.476364E-17
8517.04188323022  6.810187E-17
8519.68668222428  7.624922E-17
8522.33148121835  8.601084E-17
8524.97628021241  8.949495E-17
8527.62107920647  8.182937E-17
8530.26587820054  8.580030E-17
8532.9106771946  9.949789E-17
8535.55547618867  1.088482E-16
8538.20027518273  1.201474E-16
8540.8450741768  1.337479E-16
8543.48987317086  1.450317E-16
8546.13467216492  1.493795E-16
8548.77947115899  1.414036E-16
8551.42427015305  1.339878E-16
8554.06906914712  1.427559E-16
8556.71386814118  1.614790E-16
8559.35866713525  1.830613E-16
8562.00346612931  2.032317E-16
8564.64826512338  2.219336E-16
8567.29306411744  2.327821E-16
8569.9378631115  2.346905E-16
8572.58266210557  2.412062E-16
8575.22746109963  2.372120E-16
8577.8722600937  2.209238E-16
8580.51705908776  2.103139E-16
8583.16185808183  2.013647E-16
8585.80665707589  1.926056E-16
8588.45145606995  1.865883E-16
8591.09625506402  1.783338E-16
8593.74105405808  1.641053E-16
8596.38585305215  1.460810E-16
8599.03065204621  1.296770E-16
8601.67545104028  1.157188E-16
8604.32025003434  1.074030E-16
8606.9650490284  1.079363E-16
8609.60984802247  1.082201E-16
8612.25464701653  1.096870E-16
8614.8994460106  1.121965E-16
8617.54424500466  1.078183E-16
8620.18904399872  1.078382E-16
8622.83384299279  1.067842E-16
8625.47864198685  1.083831E-16
8628.12344098092  1.165696E-16
8630.76823997498  1.292667E-16
8633.41303896905  1.444205E-16
8636.05783796311  1.410255E-16
8638.70263695718  1.331360E-16
8641.34743595124  1.277550E-16
8643.99223494531  1.195939E-16
8646.63703393937  1.212230E-16
8649.28183293343  1.374819E-16
8651.9266319275  1.518833E-16
8654.57143092156  1.649014E-16
8657.21622991563  1.804957E-16
8659.86102890969  1.836405E-16
8662.50582790375  1.775753E-16
8665.15062689782  1.658681E-16
8667.79542589189  1.520631E-16
8670.44022488595  1.574509E-16
8673.08502388001  1.826450E-16
8675.72982287408  2.112743E-16
8678.37462186814  2.344358E-16
8681.01942086221  2.602315E-16
8683.66421985627  2.834554E-16
8686.30901885033  3.015768E-16
8688.9538178444  3.096371E-16
8691.59861683846  3.130709E-16
8694.24341583253  3.179187E-16
8696.88821482659  3.246120E-16
8699.53301382066  3.428170E-16
8702.17781281472  3.596487E-16
8704.82261180878  3.748518E-16
8707.46741080285  3.883895E-16
8710.11220979691  4.015815E-16
8712.75700879098  4.208001E-16
8715.40180778504  4.249614E-16
8718.04660677911  4.114005E-16
8720.69140577317  4.017316E-16
8723.33620476723  3.962338E-16
8725.9810037613  4.028925E-16
8728.62580275536  4.218481E-16
8731.27060174943  4.397113E-16
8733.91540074349  4.605668E-16
8736.56019973756  4.693420E-16
8739.20499873162  4.633009E-16
8741.84979772569  4.468203E-16
8744.49459671975  4.190269E-16
8747.13939571381  4.045372E-16
8749.78419470788  4.108957E-16
8752.42899370194  4.212448E-16
8755.07379269601  4.396983E-16
8757.71859169007  4.602352E-16
8760.36339068414  4.512573E-16
8763.0081896782  4.204372E-16
8765.65298867226  3.763304E-16
8768.29778766633  3.364998E-16
8770.94258666039  3.330805E-16
8773.58738565446  3.502451E-16
8776.23218464852  3.716304E-16
8778.87698364259  3.964736E-16
8781.52178263665  4.077500E-16
8784.16658163071  3.966850E-16
8786.81138062478  3.673942E-16
8789.45617961884  3.289492E-16
8792.10097861291  3.075053E-16
8794.74577760697  3.103807E-16
8797.39057660104  3.194596E-16
8800.0353755951  3.337216E-16
8802.68017458917  3.405276E-16
8805.32497358323  3.356431E-16
8807.96977257729  3.232208E-16
8810.61457157136  2.998044E-16
8813.25937056542  2.697056E-16
8815.90416955949  2.578473E-16
8818.54896855355  2.690717E-16
8821.19376754762  2.813380E-16
8823.83856654168  2.912134E-16
8826.48336553574  3.090741E-16
8829.12816452981  3.246861E-16
8831.77296352387  3.034089E-16
8834.41776251794  2.463303E-16
8837.062561512  2.003131E-16
8839.70736050607  1.969051E-16
8842.35215950013  2.279255E-16
8844.99695849419  2.656553E-16
8847.64175748826  2.912735E-16
8850.28655648232  3.021462E-16
8852.93135547639  2.940099E-16
8855.57615447045  2.743389E-16
8858.22095346452  2.562149E-16
8860.86575245858  2.466308E-16
8863.51055145264  2.543142E-16
8866.15535044671  2.643544E-16
8868.80014944077  2.740555E-16
8871.44494843484  2.919971E-16
8874.0897474289  3.039666E-16
8876.73454642296  2.975503E-16
8879.37934541703  2.783951E-16
8882.02414441109  2.547965E-16
8884.66894340516  2.348985E-16
8887.31374239922  2.080415E-16
8889.95854139329  1.917610E-16
8892.60334038735  2.054615E-16
8895.24813938142  2.307936E-16
8897.89293837548  2.479381E-16
8900.53773736954  2.633513E-16
8903.18253636361  2.798264E-16
8905.82733535767  2.870224E-16
8908.47213435174  2.744996E-16
8911.1169333458  2.432566E-16
8913.76173233987  2.365737E-16
8916.40653133393  2.436142E-16
8919.051330328  2.446947E-16
8921.69612932206  2.619786E-16
8924.34092831612  2.884645E-16
8926.98572731019  2.691575E-16
8929.63052630425  2.349935E-16
8932.27532529832  2.071039E-16
8934.92012429238  1.887968E-16
8937.56492328645  1.900481E-16
8940.20972228051  2.001625E-16
8942.85452127457  2.091063E-16
8945.49932026864  2.309139E-16
8948.1441192627  2.407432E-16
8950.78891825677  2.337529E-16
8953.43371725083  2.266079E-16
8956.0785162449  1.989814E-16
8958.72331523896  1.464722E-16
8961.36811423303  1.102965E-16
8964.01291322709  1.251369E-16
8966.65771222115  1.480611E-16
8969.30251121522  1.630592E-16
8971.94731020928  1.722663E-16
8974.59210920335  1.786570E-16
8977.23690819741  1.873265E-16
8979.88170719147  1.977435E-16
8982.52650618554  1.955866E-16
8985.1713051796  1.763398E-16
8987.81610417367  1.545096E-16
8990.46090316773  1.426512E-16
8993.1057021618  1.547842E-16
8995.75050115586  1.745522E-16
8998.39530014993  1.862303E-16
9001.04009914399  1.889768E-16
9003.68489813805  1.899580E-16
9006.32969713212  1.756863E-16
9008.97449612618  1.540677E-16
9011.61929512025  1.548000E-16
9014.26409411431  1.555081E-16
9016.90889310838  1.547455E-16
9019.55369210244  1.633299E-16
9022.1984910965  1.672765E-16
9024.84329009057  1.719098E-16
9027.48808908463  1.854667E-16
9030.1328880787  1.916995E-16
9032.77768707276  1.936797E-16
9035.42248606682  2.011997E-16
9038.06728506089  1.968954E-16
9040.71208405495  1.871380E-16
9043.35688304902  1.797399E-16
9046.00168204308  1.772074E-16
9048.64648103715  1.828838E-16
9051.29128003121  1.939436E-16
9053.93607902528  2.053507E-16
9056.58087801934  2.127652E-16
9059.22567701341  2.188115E-16
9061.87047600747  2.100192E-16
9064.51527500153  1.862871E-16
9067.1600739956  1.748967E-16
9069.80487298966  1.703079E-16
9072.44967198373  1.736496E-16
9075.09447097779  1.817580E-16
9077.73926997185  1.893262E-16
9080.38406896592  1.963548E-16
9083.02886795998  1.989132E-16
9085.67366695405  1.940607E-16
9088.31846594811  1.753264E-16
9090.96326494218  1.630200E-16
9093.60806393624  1.596636E-16
9096.25286293031  1.643584E-16
9098.89766192437  1.841747E-16
9101.54246091843  2.018530E-16
9104.1872599125  2.063932E-16
9106.83205890656  2.069302E-16
9109.47685790063  1.942259E-16
9112.12165689469  1.699150E-16
9114.76645588876  1.548612E-16
9117.41125488282  1.529291E-16
9120.05605387688  1.632611E-16
9122.70085287095  1.774396E-16
9125.34565186501  1.854058E-16
9127.99045085908  1.874995E-16
9130.63524985314  1.872643E-16
9133.28004884721  1.805352E-16
9135.92484784127  1.847291E-16
9138.56964683533  1.881498E-16
9141.2144458294  1.806237E-16
9143.85924482346  1.775387E-16
9146.50404381753  1.750322E-16
9149.14884281159  1.695712E-16
9151.79364180566  1.682508E-16
9154.43844079972  1.746204E-16
9157.08323979379  1.867462E-16
9159.72803878785  2.017581E-16
9162.37283778191  2.039343E-16
9165.01763677598  1.936699E-16
9167.66243577004  1.826861E-16
9170.30723476411  1.663931E-16
9172.95203375817  1.596850E-16
9175.59683275224  1.637863E-16
9178.2416317463  1.709967E-16
9180.88643074036  1.832101E-16
9183.53122973443  1.959726E-16
9186.17602872849  1.974146E-16
9188.82082772256  1.897503E-16
9191.46562671662  1.766543E-16
9194.11042571069  1.656817E-16
9196.75522470475  1.593715E-16
9199.40002369881  1.624517E-16
9202.04482269288  1.742507E-16
9204.68962168694  1.803717E-16
9207.33442068101  1.813803E-16
9209.97921967507  1.890208E-16
9212.62401866914  1.903471E-16
9215.2688176632  1.818562E-16
9217.91361665727  1.786844E-16
9220.55841565133  1.701745E-16
9223.20321464539  1.549781E-16
9225.84801363946  1.479206E-16
9228.49281263352  1.450286E-16
9231.13761162758  1.416993E-16
9233.78241062165  1.458354E-16
9236.42720961572  1.553423E-16
9239.07200860978  1.679171E-16
9241.71680760384  1.628390E-16
9244.36160659791  1.511318E-16
9247.00640559197  1.457052E-16
9249.65120458604  1.373524E-16
9252.2960035801  1.318662E-16
9254.94080257417  1.337428E-16
9257.58560156823  1.407285E-16
9260.23040056229  1.563080E-16
9262.87519955636  1.731540E-16
9265.51999855042  1.784269E-16
9268.16479754449  1.686784E-16
9270.80959653855  1.548919E-16
9273.45439553261  1.466478E-16
9276.09919452668  1.350885E-16
9278.74399352075  1.272433E-16
9281.38879251481  1.262268E-16
9284.03359150887  1.294435E-16
9286.67839050294  1.316091E-16
9289.323189497  1.343139E-16
9291.96798849107  1.427091E-16
9294.61278748513  1.480314E-16
9297.25758647919  1.567185E-16
9299.90238547326  1.708958E-16
9302.54718446732  1.741536E-16
9305.19198346139  1.741863E-16
9307.83678245545  1.877222E-16
9310.48158144952  2.015471E-16
9313.12638044358  2.206511E-16
9315.77117943765  2.418180E-16
9318.41597843171  2.302216E-16
9321.06077742577  1.806910E-16
9323.70557641984  1.077498E-16
9326.3503754139  5.600011E-17
9328.99517440797  3.896760E-17
9331.63997340203  7.156436E-17
9334.28477239609  1.083505E-16
9336.92957139016  1.235613E-16
9339.57437038422  1.316128E-16
9342.21916937829  1.429912E-16
9344.86396837235  1.383313E-16
9347.50876736642  1.295902E-16
9350.15356636048  1.228734E-16
9352.79836535455  1.175313E-16
9355.44316434861  1.169005E-16
9358.08796334267  1.163042E-16
9360.73276233674  1.190718E-16
9363.3775613308  1.274441E-16
9366.02236032487  1.457854E-16
9368.66715931893  1.859586E-16
9371.311958313  1.905520E-16
9373.95675730706  9.510391E-17
9376.60155630112  6.981682E-17
9379.24635529519  6.144839E-17
9381.89115428925  2.015490E-17
9384.53595328332  1.247865E-16
9387.18075227738  1.766563E-16
9389.82555127145  1.908683E-16
9392.47035026551  1.903036E-16
9395.11514925958  1.783876E-16
9397.75994825364  1.633005E-16
9400.4047472477  1.384599E-16
9403.04954624177  1.059565E-16
9405.69434523583  9.731896E-17
9408.3391442299  1.119816E-16
9410.98394322396  1.229530E-16
9413.62874221803  1.291479E-16
9416.27354121209  1.470679E-16
9418.91834020615  1.616862E-16
9421.56313920022  1.555983E-16
9424.20793819428  1.236918E-16
9426.85273718835  8.279165E-17
9429.49753618241  9.287440E-17
9432.14233517648  1.124040E-16
9434.78713417054  1.326559E-16
9437.4319331646  1.637291E-16
9440.07673215867  2.291187E-16
9442.72153115273  2.452258E-16
9445.3663301468  1.343385E-16
9448.01112914086  6.115129E-17
9450.65592813493  8.621213E-17
9453.30072712899  1.199064E-16
9455.94552612305  1.554869E-16
9458.59032511712  1.987941E-16
9461.23512411118  2.166420E-16
9463.87992310525  1.863878E-16
9466.52472209931  1.510204E-16
9469.16952109338  1.479797E-16
9471.81432008744  1.699800E-16
9474.45911908151  1.516966E-16
9477.10391807557  1.130864E-16
9479.74871706963  1.128685E-16
9482.3935160637  1.359563E-16
9485.03831505776  1.530739E-16
9487.68311405183  1.485259E-16
9490.32791304589  1.498942E-16
9492.97271203995  1.626497E-16
9495.61751103402  1.667485E-16
9498.26231002808  1.525291E-16
9500.90710902215  1.301708E-16
9503.55190801621  1.221404E-16
9506.19670701028  1.182532E-16
9508.84150600434  1.259607E-16
9511.48630499841  1.403205E-16
9514.13110399247  1.366507E-16
9516.77590298653  1.380828E-16
9519.4207019806  1.190090E-16
9522.06550097466  9.959278E-17
9524.71029996873  9.184200E-17
9527.35509896279  9.621993E-17
