3485.  2.219748E-16
3489.2415693645  1.982940E-16
3493.48313872901  1.408884E-16
3497.72470809351  -1.366083E-16
3501.96627745802  -2.173679E-16
3506.20784682252  1.513069E-16
3510.44941618703  3.135023E-16
3514.69098555153  -6.499707E-17
3518.93255491604  6.196668E-17
3523.17412428054  1.057088E-16
3527.41569364505  -2.197303E-16
3531.65726300955  1.872073E-16
3535.89883237405  3.145830E-16
3540.14040173856  1.363245E-16
3544.38197110306  4.133037E-16
3548.62354046757  -4.697344E-18
3552.86510983207  6.637833E-18
3557.10667919658  1.989697E-16
3561.34824856108  9.568913E-17
3565.58981792559  1.799283E-16
3569.83138729009  1.098974E-16
3574.07295665459  1.966653E-16
3578.3145260191  2.304824E-16
3582.5560953836  1.567928E-17
3586.79766474811  2.194322E-16
3591.03923411261  -7.794146E-19
3595.28080347712  -6.569899E-17
3599.52237284162  3.564598E-16
3603.76394220613  6.517451E-17
3608.00551157063  1.019693E-17
3612.24708093514  1.478406E-16
3616.48865029964  -1.148115E-16
3620.73021966414  2.037329E-16
3624.97178902865  2.736135E-16
3629.21335839315  2.751198E-16
3633.45492775766  -2.421653E-17
3637.69649712216  1.385094E-16
3641.93806648667  3.026486E-16
3646.17963585117  -1.629628E-16
3650.42120521568  2.019010E-16
3654.66277458018  1.168752E-16
3658.90434394469  2.391359E-16
3663.14591330919  3.010080E-16
3667.38748267369  1.988093E-18
3671.6290520382  9.738943E-18
3675.8706214027  1.595864E-16
3680.11219076721  1.133995E-16
3684.35376013171  3.017883E-16
3688.59532949622  1.374443E-16
3692.83689886072  5.245974E-17
3697.07846822523  -1.666306E-16
3701.32003758973  1.067628E-16
3705.56160695423  1.030745E-16
3709.80317631874  1.267133E-16
3714.04474568324  1.005471E-16
3718.28631504775  3.074405E-16
3722.52788441225  3.554948E-16
3726.76945377676  1.347923E-16
3731.01102314126  2.977962E-16
3735.25259250577  3.627168E-17
3739.49416187027  6.480566E-17
3743.73573123478  2.220775E-16
3747.97730059928  2.634794E-16
3752.21886996378  1.409010E-16
3756.46043932829  1.521745E-16
3760.70200869279  7.045071E-17
3764.9435780573  6.142516E-17
3769.1851474218  1.126496E-16
3773.42671678631  1.469049E-16
3777.66828615081  1.001931E-16
3781.90985551532  -2.710043E-17
3786.15142487982  2.332077E-17
3790.39299424432  6.395560E-17
3794.63456360883  8.781164E-17
3798.87613297333  1.555698E-16
3803.11770233784  2.370512E-16
3807.35927170234  3.415634E-16
3811.60084106685  3.917513E-16
3815.84241043135  2.642856E-16
3820.08397979586  4.145127E-16
3824.32554916036  7.496200E-16
3828.56711852486  5.401032E-16
3832.80868788937  1.206299E-16
3837.05025725387  1.583615E-16
3841.29182661838  2.725300E-16
3845.53339598288  1.846120E-16
3849.77496534739  2.466819E-16
3854.01653471189  2.106919E-16
3858.2581040764  1.014523E-16
3862.4996734409  1.543822E-16
3866.74124280541  2.177960E-16
3870.98281216991  9.621654E-17
3875.22438153441  5.017653E-17
3879.46595089892  1.765866E-16
3883.70752026342  1.613944E-16
3887.94908962793  2.003743E-16
3892.19065899243  1.109318E-16
3896.43222835694  1.195637E-16
3900.67379772144  1.536688E-16
3904.91536708595  2.200845E-16
3909.15693645045  2.351429E-16
3913.39850581495  1.472076E-16
3917.64007517946  3.195749E-16
3921.88164454396  1.980844E-16
3926.12321390847  1.357287E-16
3930.36478327297  1.759603E-16
3934.60635263748  2.624472E-16
3938.84792200198  1.004509E-16
3943.08949136649  1.141479E-16
3947.33106073099  2.136302E-16
3951.5726300955  2.278199E-16
3955.81419946  2.975741E-16
3960.0557688245  1.821537E-16
3964.29733818901  2.456244E-16
3968.53890755351  1.140764E-16
3972.78047691802  1.918427E-16
3977.02204628252  1.302602E-16
3981.26361564703  9.508466E-17
3985.50518501153  1.911952E-16
3989.74675437604  1.374233E-16
3993.98832374054  2.030274E-16
3998.22989310505  1.079819E-16
4002.47146246955  1.554118E-16
4006.71303183406  1.991241E-16
4010.95460119856  2.309567E-16
4015.19617056306  1.704147E-16
4019.43773992757  1.044434E-16
4023.67930929207  2.064930E-16
4027.92087865658  1.795195E-16
4032.16244802108  2.286024E-16
4036.40401738558  2.043845E-16
4040.64558675009  2.085771E-16
4044.88715611459  2.764960E-16
4049.1287254791  1.327761E-16
4053.3702948436  1.667524E-16
4057.61186420811  1.731619E-16
4061.85343357261  2.725093E-16
4066.09500293712  2.527615E-16
4070.33657230162  1.175332E-16
4074.57814166613  9.099599E-17
4078.81971103063  2.672508E-16
4083.06128039514  2.200532E-16
4087.30284975964  2.060006E-16
4091.54441912414  1.588661E-16
4095.78598848865  1.749806E-16
4100.02755785315  2.320745E-16
4104.26912721766  1.820986E-16
4108.51069658216  1.992609E-16
4112.75226594667  2.222155E-16
4116.99383531117  2.381898E-16
4121.23540467568  1.762862E-16
4125.47697404018  2.422115E-16
4129.71854340469  2.240536E-16
4133.96011276919  2.111829E-16
4138.20168213369  1.806732E-16
4142.4432514982  1.734210E-16
4146.6848208627  1.862685E-16
4150.92639022721  1.982638E-16
4155.16795959171  1.736041E-16
4159.40952895622  1.876160E-16
4163.65109832072  1.842720E-16
4167.89266768522  1.467512E-16
4172.13423704973  1.926963E-16
4176.37580641424  1.048643E-16
4180.61737577874  1.162984E-16
4184.85894514324  8.601169E-17
4189.10051450775  1.987840E-16
4193.34208387225  1.137660E-16
4197.58365323676  1.736587E-16
4201.82522260126  2.163872E-16
4206.06679196577  2.373479E-16
4210.30836133027  1.195669E-16
4214.54993069477  1.024282E-16
4218.79150005928  1.429708E-16
4223.03306942378  2.055077E-16
4227.27463878829  2.218314E-16
4231.51620815279  2.141059E-16
4235.7577775173  1.697170E-16
4239.9993468818  1.389779E-16
4244.24091624631  1.605707E-16
4248.48248561081  1.998591E-16
4252.72405497532  1.277374E-16
4256.96562433982  1.216456E-16
4261.20719370432  1.330746E-16
4265.44876306883  1.531999E-16
4269.69033243333  1.820787E-16
4273.93190179784  1.558980E-16
4278.17347116234  1.270423E-16
4282.41504052685  1.981307E-16
4286.65660989135  2.161409E-16
4290.89817925586  1.923181E-16
4295.13974862036  1.344232E-16
4299.38131798487  1.517397E-16
4303.62288734937  2.008130E-16
4307.86445671387  1.927947E-16
4312.10602607838  1.975942E-16
4316.34759544288  1.954140E-16
4320.58916480739  2.137435E-16
4324.83073417189  2.328841E-16
4329.0723035364  2.362216E-16
4333.3138729009  2.270739E-16
4337.55544226541  1.522083E-16
4341.79701162991  1.746560E-16
4346.03858099442  2.165447E-16
4350.28015035892  1.163201E-16
4354.52171972342  1.599626E-16
4358.76328908793  2.166737E-16
4363.00485845243  1.935958E-16
4367.24642781694  1.712509E-16
4371.48799718144  1.801478E-16
4375.72956654595  1.595725E-16
4379.97113591045  1.762617E-16
4384.21270527496  1.947142E-16
4388.45427463946  1.400714E-16
4392.69584400396  1.823081E-16
4396.93741336847  1.410287E-16
4401.17898273297  1.222079E-16
4405.42055209748  1.999237E-16
4409.66212146198  1.851417E-16
4413.90369082649  1.581761E-16
4418.14526019099  2.059149E-16
4422.3868295555  1.635370E-16
4426.62839892  1.516164E-16
4430.86996828451  1.567849E-16
4435.11153764901  1.811668E-16
4439.35310701351  1.763604E-16
4443.59467637802  1.790586E-16
4447.83624574252  2.075428E-16
4452.07781510703  1.954856E-16
4456.31938447153  1.432656E-16
4460.56095383604  1.440347E-16
4464.80252320054  2.136866E-16
4469.04409256505  2.016458E-16
4473.28566192955  2.350607E-16
4477.52723129405  1.939306E-16
4481.76880065856  1.996708E-16
4486.01037002306  2.105524E-16
4490.25193938757  1.505653E-16
4494.49350875207  1.812161E-16
4498.73507811658  1.972149E-16
4502.97664748108  1.491595E-16
4507.21821684559  1.290193E-16
4511.45978621009  1.431100E-16
4515.7013555746  5.755374E-17
4519.9429249391  9.817443E-17
4524.1844943036  1.550351E-16
4528.42606366811  1.108957E-16
4532.66763303261  1.149138E-16
4536.90920239712  1.605497E-16
4541.15077176162  1.497638E-16
4545.39234112613  1.361315E-16
4549.63391049063  1.731508E-16
4553.87547985514  1.724040E-16
4558.11704921964  1.734673E-16
4562.35861858415  1.566917E-16
4566.60018794865  1.396749E-16
4570.84175731315  2.068448E-16
4575.08332667766  2.335621E-16
4579.32489604216  1.811677E-16
4583.56646540667  1.877571E-16
4587.80803477117  1.876981E-16
4592.04960413568  1.630463E-16
4596.29117350018  1.554294E-16
4600.53274286469  1.416830E-16
4604.77431222919  1.419123E-16
4609.01588159369  1.201962E-16
4613.2574509582  1.654263E-16
4617.4990203227  1.419725E-16
4621.74058968721  1.088920E-16
4625.98215905171  1.681273E-16
4630.22372841622  1.595394E-16
4634.46529778072  1.790558E-16
4638.70686714523  2.287257E-16
4642.94843650973  1.892172E-16
4647.19000587423  2.143233E-16
4651.43157523874  1.667037E-16
4655.67314460324  1.934963E-16
4659.91471396775  2.211002E-16
4664.15628333225  1.730814E-16
4668.39785269676  1.700517E-16
4672.63942206126  1.851447E-16
4676.88099142577  1.896402E-16
4681.12256079027  2.330310E-16
4685.36413015478  1.913312E-16
4689.60569951928  1.404163E-16
4693.84726888378  1.566731E-16
4698.08883824829  2.253912E-16
4702.33040761279  1.934510E-16
4706.5719769773  1.631799E-16
4710.8135463418  1.849831E-16
4715.05511570631  1.565698E-16
4719.29668507081  1.530452E-16
4723.53825443532  1.294201E-16
4727.77982379982  1.624293E-16
4732.02139316432  1.840628E-16
4736.26296252883  1.651225E-16
4740.50453189333  1.730242E-16
4744.74610125784  1.631284E-16
4748.98767062234  1.750135E-16
4753.22923998685  1.696991E-16
4757.47080935135  1.307115E-16
4761.71237871586  1.334005E-16
4765.95394808036  1.424105E-16
4770.19551744487  1.530625E-16
4774.43708680937  1.081027E-16
4778.67865617387  1.212313E-16
4782.92022553838  1.373727E-16
4787.16179490288  1.539449E-16
4791.40336426739  1.465246E-16
4795.64493363189  1.621593E-16
4799.8865029964  1.531926E-16
4804.1280723609  1.352600E-16
4808.36964172541  1.245859E-16
4812.61121108991  1.150367E-16
4816.85278045442  1.868630E-16
4821.09434981892  1.835874E-16
4825.33591918342  1.481202E-16
4829.57748854793  1.212225E-16
4833.81905791243  1.638050E-16
4838.06062727694  1.747465E-16
4842.30219664144  1.086049E-16
4846.54376600595  1.610312E-16
4850.78533537045  1.387422E-16
4855.02690473496  1.433645E-16
4859.26847409946  1.237303E-16
4863.51004346396  1.623298E-16
4867.75161282847  1.587482E-16
4871.99318219297  1.321745E-16
4876.23475155748  1.405352E-16
4880.47632092198  1.449692E-16
4884.71789028649  1.468031E-16
4888.95945965099  1.531618E-16
4893.2010290155  1.235205E-16
4897.44259838  1.825161E-16
4901.68416774451  1.639722E-16
4905.92573710901  1.426681E-16
4910.16730647351  1.266752E-16
4914.40887583802  1.045274E-16
4918.65044520252  7.740451E-17
4922.89201456703  1.183014E-16
4927.13358393153  1.043116E-16
4931.37515329604  8.371965E-17
4935.61672266054  1.421736E-16
4939.85829202505  1.219739E-16
4944.09986138955  1.273082E-16
4948.34143075405  1.533677E-16
4952.58300011856  1.810838E-16
4956.82456948306  1.579050E-16
4961.06613884757  1.467069E-16
4965.30770821207  1.210065E-16
4969.54927757658  1.402569E-16
4973.79084694108  1.370033E-16
4978.03241630559  1.092980E-16
4982.27398567009  1.305447E-16
4986.5155550346  1.135607E-16
4990.7571243991  1.538585E-16
4994.9986937636  1.400167E-16
4999.24026312811  1.336276E-16
5003.48183249261  1.744586E-16
5007.72340185712  1.682369E-16
5011.96497122162  1.390130E-16
5016.20654058613  1.427436E-16
5020.44810995063  1.738993E-16
5024.68967931514  1.658928E-16
5028.93124867964  1.140545E-16
5033.17281804415  1.121689E-16
5037.41438740865  1.264778E-16
5041.65595677315  1.680170E-16
5045.89752613766  1.200131E-16
5050.13909550216  1.306915E-16
5054.38066486667  1.041890E-16
5058.62223423117  1.086217E-16
5062.86380359568  1.143894E-16
5067.10537296018  7.782007E-17
5071.34694232469  1.274529E-16
5075.58851168919  1.342320E-16
5079.8300810537  1.110204E-16
5084.0716504182  1.166043E-16
5088.3132197827  1.416389E-16
5092.55478914721  1.284897E-16
5096.79635851171  1.719872E-16
5101.03792787622  1.620209E-16
5105.27949724072  1.522154E-16
5109.52106660523  1.754256E-16
5113.76263596973  1.777122E-16
5118.00420533424  1.798668E-16
5122.24577469874  1.590378E-16
5126.48734406324  1.605006E-16
5130.72891342775  1.823568E-16
5134.97048279225  1.613884E-16
5139.21205215676  1.556678E-16
5143.45362152126  1.391653E-16
5147.69519088577  1.417352E-16
5151.93676025027  1.330332E-16
5156.17832961478  1.414880E-16
5160.41989897928  1.382224E-16
5164.66146834379  1.227466E-16
5168.90303770829  1.299173E-16
5173.14460707279  1.695388E-16
5177.3861764373  1.363792E-16
5181.6277458018  1.167612E-16
5185.86931516631  1.388941E-16
5190.11088453081  1.362731E-16
5194.35245389532  1.403335E-16
5198.59402325982  1.454714E-16
5202.83559262433  1.330595E-16
5207.07716198883  1.234657E-16
5211.31873135334  1.162786E-16
5215.56030071784  1.019987E-16
5219.80187008234  1.182419E-16
5224.04343944685  1.160712E-16
5228.28500881135  7.671102E-17
5232.52657817586  9.475371E-17
5236.76814754036  1.084113E-16
5241.00971690487  1.168772E-16
5245.25128626937  1.310430E-16
5249.49285563387  1.303895E-16
5253.73442499838  1.441402E-16
5257.97599436288  1.461139E-16
5262.21756372739  1.498937E-16
5266.45913309189  1.435429E-16
5270.7007024564  1.367012E-16
5274.9422718209  1.320595E-16
5279.18384118541  1.354231E-16
5283.42541054991  1.647570E-16
5287.66697991441  1.498899E-16
5291.90854927892  1.308281E-16
5296.15011864343  1.454587E-16
5300.39168800793  1.491088E-16
5304.63325737243  1.148101E-16
5308.87482673694  1.170804E-16
5313.11639610144  1.458312E-16
5317.35796546595  1.297683E-16
5321.59953483045  1.157644E-16
5325.84110419496  1.184337E-16
5330.08267355946  1.459420E-16
5334.32424292397  1.398261E-16
5338.56581228847  1.299332E-16
5342.80738165297  1.222594E-16
5347.04895101748  1.350320E-16
5351.29052038198  1.256085E-16
5355.53208974649  1.277228E-16
5359.77365911099  1.356170E-16
5364.0152284755  1.318580E-16
5368.25679784  1.464112E-16
5372.49836720451  1.341431E-16
5376.73993656901  1.064979E-16
5380.98150593351  1.240728E-16
5385.22307529802  1.487010E-16
5389.46464466252  1.263656E-16
5393.70621402703  1.150703E-16
5397.94778339153  1.240651E-16
5402.18935275604  8.823925E-17
5406.43092212054  1.256536E-16
5410.67249148505  1.160905E-16
5414.91406084955  1.145234E-16
5419.15563021405  1.441249E-16
5423.39719957856  1.411649E-16
5427.63876894306  1.361261E-16
5431.88033830757  1.347004E-16
5436.12190767207  1.402286E-16
5440.36347703658  1.337756E-16
5444.60504640108  1.334467E-16
5448.84661576559  1.104120E-16
5453.08818513009  1.211626E-16
5457.3297544946  1.381658E-16
5461.5713238591  1.373072E-16
5465.8128932236  1.379781E-16
5470.05446258811  1.244252E-16
5474.29603195261  1.166868E-16
5478.53760131712  1.128910E-16
5482.77917068162  1.205165E-16
5487.02074004613  1.324084E-16
5491.26230941063  1.166815E-16
5495.50387877514  1.112045E-16
5499.74544813964  1.337660E-16
5503.98701750415  1.338675E-16
5508.22858686865  1.269778E-16
5512.47015623315  1.198234E-16
5516.71172559766  1.094091E-16
5520.95329496216  1.147603E-16
5525.19486432667  1.222189E-16
5529.43643369117  1.277689E-16
5533.67800305568  1.153545E-16
5537.91957242018  9.961134E-17
5542.16114178469  1.016067E-16
5546.40271114919  1.063508E-16
5550.6442805137  1.079266E-16
5554.8858498782  1.152104E-16
5559.12741924271  1.125872E-16
5563.36898860721  9.613336E-17
5567.61055797171  1.267231E-16
5571.85212733622  1.309162E-16
5576.09369670072  9.053171E-17
5580.33526606523  1.084824E-16
5584.57683542973  1.072229E-16
5588.81840479424  1.049394E-16
5593.05997415874  1.038248E-16
5597.30154352325  1.279259E-16
5601.54311288775  1.194546E-16
5605.78468225225  1.068366E-16
5610.02625161676  1.138101E-16
5614.26782098126  1.080909E-16
5618.50939034577  1.113013E-16
5622.75095971027  1.292404E-16
5626.99252907478  1.190260E-16
5631.23409843928  1.067612E-16
5635.47566780378  1.224259E-16
5639.71723716829  1.086035E-16
5643.95880653279  1.081038E-16
5648.2003758973  1.313577E-16
5652.4419452618  1.244565E-16
5656.68351462631  1.061784E-16
5660.92508399081  9.880538E-17
5665.16665335532  8.713460E-17
5669.40822271982  1.031572E-16
5673.64979208432  1.200410E-16
5677.89136144883  8.630994E-17
5682.13293081333  9.181412E-17
5686.37450017784  1.251953E-16
5690.61606954234  1.108230E-16
5694.85763890685  6.804080E-17
5699.09920827135  8.008006E-17
5703.34077763586  9.629916E-17
5707.58234700036  9.404736E-17
5711.82391636487  1.071533E-16
5716.06548572937  9.978477E-17
5720.30705509387  9.104768E-17
5724.54862445838  8.474718E-17
5728.79019382288  9.266975E-17
5733.03176318739  1.013511E-16
5737.27333255189  1.006479E-16
5741.5149019164  9.126193E-17
5745.7564712809  9.867370E-17
5749.99804064541  1.048243E-16
5754.23961000991  8.500827E-17
5758.48117937442  9.592203E-17
5762.72274873892  1.007529E-16
5766.96431810343  8.818458E-17
5771.20588746793  1.082034E-16
5775.44745683243  9.627257E-17
5779.68902619694  1.053751E-16
5783.93059556144  8.538840E-17
5788.17216492595  7.825833E-17
5792.41373429045  9.257140E-17
5796.65530365496  6.564362E-17
5800.89687301946  9.961039E-17
5805.13844238397  9.477096E-17
5809.38001174847  9.722970E-17
5813.62158111297  8.814394E-17
5817.86315047748  8.884881E-17
5822.10471984198  8.805497E-17
5826.34628920649  1.037939E-16
5830.58785857099  9.130015E-17
5834.8294279355  8.684911E-17
5839.0709973  8.223517E-17
5843.31256666451  9.157834E-17
5847.55413602901  9.960212E-17
5851.79570539351  8.718322E-17
5856.03727475802  1.055238E-16
5860.27884412252  9.891042E-17
5864.52041348703  7.907614E-17
5868.76198285153  1.010493E-16
5873.00355221604  9.171348E-17
5877.24512158054  8.181804E-17
5881.48669094505  9.922802E-17
5885.72826030955  1.014333E-16
5889.96982967406  9.143449E-17
5894.21139903856  9.113143E-17
5898.45296840307  7.936110E-17
5902.69453776757  8.399967E-17
5906.93610713207  8.467188E-17
5911.17767649658  7.851362E-17
5915.41924586108  9.656126E-17
5919.66081522559  7.038223E-17
5923.90238459009  7.375397E-17
5928.1439539546  7.490363E-17
5932.3855233191  6.572933E-17
5936.6270926836  9.021290E-17
5940.86866204811  7.287165E-17
5945.11023141261  7.172640E-17
5949.35180077712  7.288390E-17
5953.59337014162  6.897968E-17
5957.83493950613  9.566008E-17
5962.07650887063  1.078447E-16
5966.31807823514  9.859981E-17
5970.55964759964  1.153092E-16
5974.80121696415  1.537810E-16
5979.04278632865  1.507368E-16
5983.28435569315  1.227779E-16
5987.52592505766  1.445431E-16
5991.76749442216  1.462020E-16
5996.00906378667  1.365900E-16
6000.25063315117  1.363174E-16
6004.49220251568  1.396679E-16
6008.73377188018  1.173552E-16
6012.97534124469  1.237084E-16
6017.21691060919  1.252054E-16
6021.4584799737  1.075100E-16
6025.7000493382  1.247160E-16
6029.9416187027  1.206276E-16
6034.18318806721  1.128133E-16
6038.42475743171  9.740956E-17
6042.66632679622  9.808676E-17
6046.90789616072  1.005246E-16
6051.14946552523  9.921146E-17
6055.39103488973  1.071633E-16
6059.63260425424  1.093331E-16
6063.87417361874  1.002891E-16
6068.11574298324  9.142213E-17
6072.35731234775  8.590823E-17
6076.59888171225  8.441158E-17
6080.84045107676  8.821341E-17
6085.08202044126  9.228583E-17
6089.32358980577  9.368422E-17
6093.56515917027  9.119525E-17
6097.80672853478  8.202756E-17
6102.04829789928  8.616524E-17
6106.28986726378  8.030007E-17
6110.53143662829  8.449191E-17
6114.7730059928  7.989511E-17
6119.0145753573  9.646594E-17
6123.2561447218  8.789036E-17
6127.49771408631  9.042351E-17
6131.73928345081  8.638209E-17
6135.98085281532  8.934333E-17
6140.22242217982  9.904300E-17
6144.46399154433  9.711838E-17
6148.70556090883  9.168812E-17
6152.94713027333  8.477691E-17
6157.18869963784  8.683016E-17
6161.43026900234  8.384115E-17
6165.67183836685  7.704588E-17
6169.91340773135  8.546827E-17
6174.15497709586  9.154115E-17
6178.39654646036  1.026032E-16
6182.63811582487  8.487524E-17
6186.87968518937  7.355336E-17
6191.12125455388  7.850035E-17
6195.36282391838  7.175652E-17
6199.60439328288  7.441142E-17
6203.84596264739  7.677075E-17
6208.08753201189  8.176392E-17
6212.3291013764  9.421865E-17
6216.5706707409  7.038044E-17
6220.81224010541  5.787574E-17
6225.05380946991  8.404897E-17
6229.29537883442  8.574368E-17
6233.53694819892  9.033795E-17
6237.77851756343  9.331471E-17
6242.02008692793  7.543134E-17
6246.26165629243  7.929586E-17
6250.50322565694  9.068746E-17
6254.74479502144  8.513850E-17
6258.98636438595  7.547011E-17
6263.22793375045  6.712350E-17
6267.46950311496  8.234597E-17
6271.71107247946  8.671958E-17
6275.95264184397  7.776686E-17
6280.19421120847  8.310949E-17
6284.43578057297  8.040478E-17
6288.67734993748  6.502870E-17
6292.91891930198  7.115258E-17
6297.16048866649  8.825250E-17
6301.40205803099  6.965033E-17
6305.6436273955  6.909901E-17
6309.88519676  8.566791E-17
6314.12676612451  7.809762E-17
6318.36833548901  6.275648E-17
6322.60990485351  7.671403E-17
6326.85147421802  8.165550E-17
6331.09304358252  7.364768E-17
6335.33461294703  7.205781E-17
6339.57618231153  6.848347E-17
6343.81775167604  7.872136E-17
6348.05932104054  8.134991E-17
6352.30089040505  6.931898E-17
6356.54245976955  7.659306E-17
6360.78402913406  6.614972E-17
6365.02559849856  8.188972E-17
6369.26716786306  8.064879E-17
6373.50873722757  7.683427E-17
6377.75030659207  7.900358E-17
6381.99187595658  7.890520E-17
6386.23344532108  7.261294E-17
6390.47501468559  8.010989E-17
6394.71658405009  6.925901E-17
6398.9581534146  7.040234E-17
6403.1997227791  7.176925E-17
6407.44129214361  6.851806E-17
6411.68286150811  5.852169E-17
6415.92443087261  5.324677E-17
6420.16600023712  6.783094E-17
6424.40756960162  7.238116E-17
6428.64913896613  5.296192E-17
6432.89070833063  4.667987E-17
6437.13227769514  6.333201E-17
6441.37384705964  6.623632E-17
6445.61541642415  6.419962E-17
6449.85698578865  7.399980E-17
6454.09855515315  7.447834E-17
6458.34012451766  6.710543E-17
6462.58169388216  6.605755E-17
6466.82326324667  7.332724E-17
6471.06483261117  8.044738E-17
6475.30640197568  7.243875E-17
6479.54797134018  8.300545E-17
6483.78954070469  8.809890E-17
6488.03111006919  7.738206E-17
6492.2726794337  7.822175E-17
6496.5142487982  8.371411E-17
6500.7558181627  7.601691E-17
6504.99738752721  7.069953E-17
6509.23895689171  6.321521E-17
6513.48052625622  6.411855E-17
6517.72209562072  7.754100E-17
6521.96366498523  6.531652E-17
6526.20523434973  8.174974E-17
6530.44680371424  8.194022E-17
6534.68837307874  8.638090E-17
6538.92994244324  7.705734E-17
6543.17151180775  7.312199E-17
6547.41308117225  7.053718E-17
6551.65465053676  5.659490E-17
6555.89621990126  6.962885E-17
6560.13778926577  8.643067E-17
6564.37935863027  8.234296E-17
6568.62092799478  7.800346E-17
6572.86249735928  6.213214E-17
6577.10406672379  6.448022E-17
6581.34563608829  6.592535E-17
6585.58720545279  6.810605E-17
6589.8287748173  6.812757E-17
6594.0703441818  4.730334E-17
6598.31191354631  6.680454E-17
6602.55348291081  7.443426E-17
6606.79505227532  6.228806E-17
6611.03662163982  6.432782E-17
6615.27819100433  8.305913E-17
6619.51976036883  9.228899E-17
6623.76132973334  7.334378E-17
6628.00289909784  7.269306E-17
6632.24446846234  7.445013E-17
6636.48603782685  7.709018E-17
6640.72760719135  6.542531E-17
6644.96917655586  6.885044E-17
6649.21074592036  7.276329E-17
6653.45231528487  7.049224E-17
6657.69388464937  7.700997E-17
6661.93545401388  8.853889E-17
6666.17702337838  9.439810E-17
6670.41859274288  8.529190E-17
6674.66016210739  7.687966E-17
6678.90173147189  8.842984E-17
6683.1433008364  9.557511E-17
6687.3848702009  9.660346E-17
6691.62643956541  1.078394E-16
6695.86800892991  1.015629E-16
6700.10957829442  9.381793E-17
6704.35114765892  7.261699E-17
6708.59271702342  8.186054E-17
6712.83428638793  9.473063E-17
6717.07585575243  7.575917E-17
6721.31742511694  6.182163E-17
6725.55899448144  7.091077E-17
6729.80056384595  6.376013E-17
6734.04213321045  5.676935E-17
6738.28370257496  6.454914E-17
6742.52527193946  5.548607E-17
6746.76684130396  4.492543E-17
6751.00841066847  5.420461E-17
6755.24998003297  5.952250E-17
6759.49154939748  5.951699E-17
6763.73311876198  5.804733E-17
6767.97468812649  5.501888E-17
6772.21625749099  5.469069E-17
6776.4578268555  7.092260E-17
6780.69939622  5.981289E-17
6784.94096558451  7.178993E-17
6789.18253494901  6.973549E-17
6793.42410431352  6.659415E-17
6797.66567367802  7.935969E-17
6801.90724304253  8.395338E-17
6806.14881240703  9.113128E-17
6810.39038177153  8.465543E-17
6814.63195113604  7.634546E-17
6818.87352050054  7.454681E-17
6823.11508986505  6.059658E-17
6827.35665922955  6.464103E-17
6831.59822859406  7.942021E-17
6835.83979795856  7.244851E-17
6840.08136732306  7.191928E-17
6844.32293668757  5.333998E-17
6848.56450605207  5.113155E-17
6852.80607541658  6.576626E-17
6857.04764478108  7.483921E-17
6861.28921414559  7.772018E-17
6865.53078351009  6.857196E-17
6869.7723528746  6.952926E-17
6874.0139222391  6.372897E-17
6878.25549160361  5.435644E-17
6882.49706096811  5.691107E-17
6886.73863033261  5.635163E-17
6890.98019969712  5.870691E-17
6895.22176906162  6.240259E-17
6899.46333842613  5.612052E-17
6903.70490779063  4.858460E-17
6907.94647715514  4.577010E-17
6912.18804651964  4.970054E-17
6916.42961588415  5.405084E-17
6920.67118524865  6.090993E-17
6924.91275461316  5.976160E-17
6929.15432397766  5.784130E-17
6933.39589334216  5.275200E-17
6937.63746270667  4.637322E-17
6941.87903207117  5.907427E-17
6946.12060143568  5.665809E-17
6950.36217080018  5.174575E-17
6954.60374016469  5.528191E-17
6958.84530952919  5.694729E-17
6963.0868788937  6.151222E-17
6967.3284482582  4.826137E-17
6971.57001762271  4.775304E-17
6975.81158698721  6.589808E-17
6980.05315635171  5.224647E-17
6984.29472571622  4.500273E-17
6988.53629508072  6.181772E-17
6992.77786444523  6.461282E-17
6997.01943380973  6.365672E-17
7001.26100317424  5.378076E-17
7005.50257253874  4.264025E-17
7009.74414190324  5.189953E-17
7013.98571126775  6.606025E-17
7018.22728063225  7.508199E-17
7022.46884999676  5.988938E-17
7026.71041936126  5.740410E-17
7030.95198872577  5.779288E-17
7035.19355809027  5.286172E-17
7039.43512745478  5.026416E-17
7043.67669681928  5.571427E-17
7047.91826618379  5.127848E-17
7052.15983554829  4.693216E-17
7056.4014049128  5.790063E-17
7060.6429742773  5.115763E-17
7064.88454364181  4.954479E-17
7069.12611300631  5.925730E-17
7073.36768237081  4.719532E-17
7077.60925173532  4.708256E-17
7081.85082109982  5.420172E-17
7086.09239046433  4.784696E-17
7090.33395982883  3.998799E-17
7094.57552919334  4.330619E-17
7098.81709855784  4.576056E-17
7103.05866792234  4.891756E-17
7107.30023728685  5.432519E-17
7111.54180665135  5.389346E-17
7115.78337601586  4.235028E-17
7120.02494538036  4.700844E-17
7124.26651474487  5.136946E-17
7128.50808410937  4.079504E-17
7132.74965347387  4.081762E-17
7136.99122283838  4.755114E-17
7141.23279220288  6.131051E-17
7145.47436156739  3.479271E-17
7149.71593093189  4.581880E-17
7153.9575002964  5.925405E-17
7158.1990696609  5.408732E-17
7162.44063902541  5.495950E-17
7166.68220838991  5.022508E-17
7170.92377775442  3.937080E-17
7175.16534711892  4.669697E-17
7179.40691648342  6.391820E-17
7183.64848584793  7.816758E-17
7187.89005521244  6.818288E-17
7192.13162457694  5.810387E-17
7196.37319394144  6.044009E-17
7200.61476330595  6.003513E-17
7204.85633267045  6.124223E-17
7209.09790203496  6.082702E-17
7213.33947139946  6.380294E-17
7217.58104076397  5.940247E-17
7221.82261012847  5.492842E-17
7226.06417949298  6.223381E-17
7230.30574885748  6.910019E-17
7234.54731822198  5.725370E-17
7238.78888758649  5.203409E-17
7243.03045695099  5.031560E-17
7247.2720263155  6.690218E-17
7251.51359568  5.607052E-17
7255.75516504451  5.962848E-17
7259.99673440901  6.926513E-17
7264.23830377352  5.075255E-17
7268.47987313802  3.830805E-17
7272.72144250252  4.679496E-17
7276.96301186703  4.747223E-17
7281.20458123153  3.722269E-17
7285.44615059604  3.847096E-17
7289.68771996054  4.339736E-17
7293.92928932505  3.887060E-17
7298.17085868955  3.822438E-17
7302.41242805406  4.521114E-17
7306.65399741856  3.428784E-17
7310.89556678307  3.663718E-17
7315.13713614757  4.743775E-17
7319.37870551207  4.039226E-17
7323.62027487658  4.873635E-17
7327.86184424108  6.124678E-17
7332.10341360559  5.059749E-17
7336.34498297009  3.377661E-17
7340.5865523346  3.813282E-17
7344.8281216991  4.278276E-17
7349.0696910636  3.932238E-17
7353.31126042811  4.574547E-17
7357.55282979261  4.919221E-17
7361.79439915712  5.434953E-17
7366.03596852162  5.034901E-17
7370.27753788613  3.413955E-17
7374.51910725063  2.891210E-17
7378.76067661514  5.490010E-17
7383.00224597964  3.874657E-17
7387.24381534415  3.965946E-17
7391.48538470865  4.675067E-17
7395.72695407315  3.494997E-17
7399.96852343766  3.414387E-17
7404.21009280216  5.663126E-17
7408.45166216667  5.419376E-17
7412.69323153117  5.415926E-17
7416.93480089568  6.932947E-17
7421.17637026018  7.030602E-17
7425.41793962469  6.377639E-17
7429.65950898919  4.888721E-17
7433.9010783537  3.936843E-17
7438.1426477182  3.355867E-17
7442.38421708271  5.555619E-17
7446.62578644721  4.376489E-17
7450.86735581171  3.397353E-17
7455.10892517622  5.164413E-17
7459.35049454072  5.057670E-17
7463.59206390523  3.709256E-17
7467.83363326973  4.665479E-17
7472.07520263424  4.423207E-17
7476.31677199874  3.626600E-17
7480.55834136325  4.390619E-17
7484.79991072775  4.770894E-17
7489.04148009225  4.885464E-17
7493.28304945676  4.454937E-17
7497.52461882126  3.579574E-17
7501.76618818577  4.093746E-17
7506.00775755027  3.888434E-17
7510.24932691478  3.561861E-17
7514.49089627928  3.161614E-17
7518.73246564379  3.546912E-17
7522.97403500829  4.542360E-17
7527.21560437279  4.033148E-17
7531.4571737373  3.594962E-17
7535.6987431018  2.814171E-17
7539.94031246631  4.052650E-17
7544.18188183081  4.369965E-17
7548.42345119532  4.229542E-17
7552.66502055982  4.502124E-17
7556.90658992433  3.273861E-17
7561.14815928883  2.840633E-17
7565.38972865334  3.108283E-17
7569.63129801784  2.986466E-17
7573.87286738234  3.775357E-17
7578.11443674685  3.019736E-17
7582.35600611135  2.824757E-17
7586.59757547586  4.116891E-17
7590.83914484036  4.641935E-17
7595.08071420487  2.817316E-17
7599.32228356937  3.770784E-17
7603.56385293388  3.177167E-17
7607.80542229838  2.998749E-17
7612.04699166288  2.744138E-17
7616.28856102739  3.572514E-17
7620.53013039189  4.211838E-17
7624.7716997564  3.539905E-17
7629.0132691209  2.640517E-17
7633.25483848541  3.667252E-17
7637.49640784991  3.431828E-17
7641.73797721442  1.798087E-17
7645.97954657892  2.561394E-17
7650.22111594343  3.561010E-17
7654.46268530793  3.279780E-17
7658.70425467244  2.649433E-17
7662.94582403694  3.715522E-17
7667.18739340144  3.862434E-17
7671.42896276595  2.896501E-17
7675.67053213045  2.672945E-17
7679.91210149496  4.326060E-17
7684.15367085946  4.907969E-17
7688.39524022397  4.731065E-17
7692.63680958847  4.498648E-17
7696.87837895297  3.382236E-17
7701.11994831748  5.157479E-17
7705.36151768198  4.990556E-17
7709.60308704649  4.669946E-17
7713.84465641099  5.700205E-17
7718.0862257755  3.620573E-17
7722.32779514  4.463428E-17
7726.5693645045  5.769086E-17
7730.81093386901  4.793244E-17
7735.05250323352  3.260767E-17
7739.29407259802  2.489682E-17
7743.53564196252  4.650229E-17
7747.77721132703  2.805993E-17
7752.01878069153  1.923579E-17
7756.26035005604  2.752214E-17
7760.50191942054  3.885517E-17
7764.74348878505  2.929998E-17
7768.98505814955  3.463833E-17
7773.22662751406  3.116440E-17
7777.46819687856  3.187532E-17
7781.70976624306  4.582824E-17
7785.95133560757  4.529988E-17
7790.19290497207  3.465175E-17
7794.43447433658  3.711206E-17
7798.67604370108  5.234329E-17
7802.91761306559  3.828144E-17
7807.15918243009  3.286390E-17
7811.4007517946  0.
7815.6423211591  0.
