3720.00	1.38216e-15
3721.50	1.48379e-15
3723.00	1.40402e-15
3724.50	1.40799e-15
3726.00	1.55875e-15
3727.50	1.5468e-15
3729.00	1.37349e-15
3730.50	1.34341e-15
3732.00	1.53902e-15
3733.50	1.57956e-15
3735.00	1.46133e-15
3736.50	1.58251e-15
3738.00	1.56528e-15
3739.50	1.55232e-15
3741.00	1.59644e-15
3742.50	1.52021e-15
3744.00	1.44596e-15
3745.50	1.66653e-15
3747.00	1.55388e-15
3748.50	1.40691e-15
3750.00	1.41167e-15
3751.50	1.42938e-15
3753.00	1.466e-15
3754.50	1.48448e-15
3756.00	1.57695e-15
3757.50	1.47761e-15
3759.00	1.5412e-15
3760.50	1.46221e-15
3762.00	1.48555e-15
3763.50	1.39406e-15
3765.00	1.44544e-15
3766.50	1.41866e-15
3768.00	1.44672e-15
3769.50	1.6061e-15
3771.00	1.51965e-15
3772.50	1.44136e-15
3774.00	1.42136e-15
3775.50	1.43267e-15
3777.00	1.38572e-15
3778.50	1.47013e-15
3780.00	1.39768e-15
3781.50	1.38778e-15
3783.00	1.40402e-15
3784.50	1.43261e-15
3786.00	1.52158e-15
3787.50	1.54701e-15
3789.00	1.55029e-15
3790.50	1.57919e-15
3792.00	1.49181e-15
3793.50	1.35588e-15
3795.00	1.30156e-15
3796.50	1.4485e-15
3798.00	1.43069e-15
3799.50	1.39398e-15
3801.00	1.42395e-15
3802.50	1.42949e-15
3804.00	1.44853e-15
3805.50	1.45216e-15
3807.00	1.44904e-15
3808.50	1.40889e-15
3810.00	1.35199e-15
3811.50	1.35e-15
3813.00	1.42761e-15
3814.50	1.5086e-15
3816.00	1.54819e-15
3817.50	1.42961e-15
3819.00	1.4774e-15
3820.50	1.4887e-15
3822.00	1.38708e-15
3823.50	1.31788e-15
3825.00	1.28642e-15
3826.50	1.40075e-15
3828.00	1.4087e-15
3829.50	1.44241e-15
3831.00	1.45921e-15
3832.50	1.46962e-15
3834.00	1.38168e-15
3835.50	1.43916e-15
3837.00	1.55297e-15
3838.50	1.48492e-15
3840.00	1.40252e-15
3841.50	1.35896e-15
3843.00	1.34344e-15
3844.50	1.39646e-15
3846.00	1.3566e-15
3847.50	1.35051e-15
3849.00	1.50334e-15
3850.50	1.3188e-15
3852.00	1.3744e-15
3853.50	1.42018e-15
3855.00	1.39927e-15
3856.50	1.34737e-15
3858.00	1.39119e-15
3859.50	1.43239e-15
3861.00	1.41116e-15
3862.50	1.38878e-15
3864.00	1.29131e-15
3865.50	1.37457e-15
3867.00	1.38307e-15
3868.50	1.36081e-15
3870.00	1.3659e-15
3871.50	1.38071e-15
3873.00	1.37432e-15
3874.50	1.29301e-15
3876.00	1.26834e-15
3877.50	1.32732e-15
3879.00	1.31087e-15
3880.50	1.26302e-15
3882.00	1.24605e-15
3883.50	1.27117e-15
3885.00	1.25632e-15
3886.50	1.28416e-15
3888.00	1.32687e-15
3889.50	1.29761e-15
3891.00	1.32183e-15
3892.50	1.27421e-15
3894.00	1.32301e-15
3895.50	1.25606e-15
3897.00	1.23683e-15
3898.50	1.32215e-15
3900.00	1.27333e-15
3901.50	1.2856e-15
3903.00	1.25409e-15
3904.50	1.30552e-15
3906.00	1.37912e-15
3907.50	1.27512e-15
3909.00	1.41467e-15
3910.50	1.45955e-15
3912.00	1.29402e-15
3913.50	1.27103e-15
3915.00	1.25732e-15
3916.50	1.28498e-15
3918.00	1.38414e-15
3919.50	1.27826e-15
3921.00	1.22947e-15
3922.50	1.27168e-15
3924.00	1.27458e-15
3925.50	1.28787e-15
3927.00	1.27672e-15
3928.50	1.31904e-15
3930.00	1.3851e-15
3931.50	1.37049e-15
3933.00	1.27381e-15
3934.50	1.21887e-15
3936.00	1.24567e-15
3937.50	1.20933e-15
3939.00	1.20302e-15
3940.50	1.25986e-15
3942.00	1.24175e-15
3943.50	1.17927e-15
3945.00	1.2368e-15
3946.50	1.31431e-15
3948.00	1.29176e-15
3949.50	1.32246e-15
3951.00	1.34701e-15
3952.50	1.26916e-15
3954.00	1.29416e-15
3955.50	1.41096e-15
3957.00	1.30863e-15
3958.50	1.27433e-15
3960.00	1.22461e-15
3961.50	1.19955e-15
3963.00	1.27711e-15
3964.50	1.19917e-15
3966.00	1.27486e-15
3967.50	1.19736e-15
3969.00	1.19857e-15
3970.50	1.1326e-15
3972.00	1.20083e-15
3973.50	1.25346e-15
3975.00	1.1057e-15
3976.50	1.179e-15
3978.00	1.23337e-15
3979.50	1.26518e-15
3981.00	1.22425e-15
3982.50	1.20103e-15
3984.00	1.24776e-15
3985.50	1.11984e-15
3987.00	1.07483e-15
3988.50	1.1423e-15
3990.00	1.18867e-15
3991.50	1.21495e-15
3993.00	1.1925e-15
3994.50	1.18704e-15
3996.00	1.09489e-15
3997.50	1.12405e-15
3999.00	1.20239e-15
4000.50	1.17131e-15
4002.00	1.14253e-15
4003.50	1.16305e-15
4005.00	1.20556e-15
4006.50	1.19485e-15
4008.00	1.16213e-15
4009.50	1.14926e-15
4011.00	1.20281e-15
4012.50	1.2146e-15
4014.00	1.12585e-15
4015.50	1.18479e-15
4017.00	1.23855e-15
4018.50	1.23003e-15
4020.00	1.2613e-15
4021.50	1.18804e-15
4023.00	1.05446e-15
4024.50	1.05806e-15
4026.00	1.17714e-15
4027.50	1.21786e-15
4029.00	1.24416e-15
4030.50	1.17073e-15
4032.00	1.16287e-15
4033.50	1.09561e-15
4035.00	1.13456e-15
4036.50	1.16605e-15
4038.00	1.20973e-15
4039.50	1.13729e-15
4041.00	1.17067e-15
4042.50	1.28202e-15
4044.00	1.28307e-15
4045.50	1.30564e-15
4047.00	1.2892e-15
4048.50	1.25582e-15
4050.00	1.07206e-15
4051.50	1.16535e-15
4053.00	1.24694e-15
4054.50	1.26705e-15
4056.00	1.17937e-15
4057.50	1.18005e-15
4059.00	1.12581e-15
4060.50	1.13895e-15
4062.00	1.24411e-15
4063.50	1.1635e-15
4065.00	1.23824e-15
4066.50	1.23346e-15
4068.00	1.15154e-15
4069.50	1.04374e-15
4071.00	1.14873e-15
4072.50	1.25905e-15
4074.00	1.21821e-15
4075.50	1.17062e-15
4077.00	1.23994e-15
4078.50	1.24066e-15
4080.00	1.15074e-15
4081.50	1.15652e-15
4083.00	1.13678e-15
4084.50	1.14076e-15
4086.00	1.17421e-15
4087.50	1.17967e-15
4089.00	1.23757e-15
4090.50	1.21258e-15
4092.00	1.16421e-15
4093.50	1.13804e-15
4095.00	1.11554e-15
4096.50	1.17268e-15
4098.00	1.22016e-15
4099.50	1.16324e-15
4101.00	1.13297e-15
4102.50	1.14374e-15
4104.00	1.119e-15
4105.50	1.14164e-15
4107.00	1.11838e-15
4108.50	1.11428e-15
4110.00	1.23566e-15
4111.50	1.16368e-15
4113.00	1.16995e-15
4114.50	1.17623e-15
4116.00	1.1825e-15
4117.50	1.18878e-15
4119.00	1.19505e-15
4120.50	1.19505e-15
4122.00	1.12714e-15
4123.50	1.15993e-15
4125.00	1.24897e-15
4126.50	1.1089e-15
4128.00	1.05656e-15
4129.50	1.09725e-15
4131.00	1.09741e-15
4132.50	1.1479e-15
4134.00	1.20664e-15
4135.50	1.15097e-15
4137.00	1.13331e-15
4138.50	1.1026e-15
4140.00	1.134e-15
4141.50	1.11417e-15
4143.00	1.14062e-15
4144.50	1.12373e-15
4146.00	1.11282e-15
4147.50	1.10617e-15
4149.00	1.06068e-15
4150.50	1.12209e-15
4152.00	1.11892e-15
4153.50	1.11575e-15
4155.00	1.11258e-15
4156.50	1.10942e-15
4158.00	1.10625e-15
4159.50	1.10625e-15
4161.00	1.15766e-15
4162.50	1.07493e-15
4164.00	1.07915e-15
4165.50	1.09715e-15
4167.00	1.03604e-15
4168.50	1.00982e-15
4170.00	1.00203e-15
4171.50	1.04715e-15
4173.00	1.09883e-15
4174.50	1.11635e-15
4176.00	1.11724e-15
4177.50	1.12912e-15
4179.00	1.04018e-15
4180.50	1.0098e-15
4182.00	1.00367e-15
4183.50	1.09582e-15
4185.00	1.05806e-15
4186.50	1.08975e-15
4188.00	1.11844e-15
4189.50	1.07417e-15
4191.00	1.08283e-15
4192.50	1.00777e-15
4194.00	1.00768e-15
4195.50	1.02173e-15
4197.00	1.0423e-15
4198.50	1.00161e-15
4200.00	1.04978e-15
4201.50	1.04102e-15
4203.00	9.69412e-16
4204.50	9.87559e-16
4206.00	1.0559e-15
4207.50	1.00595e-15
4209.00	1.00377e-15
4210.50	1.03148e-15
4212.00	1.00583e-15
4213.50	9.99652e-16
4215.00	9.90725e-16
4216.50	9.80161e-16
4218.00	1.05161e-15
4219.50	1.03257e-15
4221.00	9.84775e-16
4222.50	9.81349e-16
4224.00	9.84619e-16
4225.50	9.95736e-16
4227.00	9.75788e-16
4228.50	9.58541e-16
4230.00	9.63508e-16
4231.50	9.59138e-16
4233.00	9.40852e-16
4234.50	9.77346e-16
4236.00	1.00417e-15
4237.50	9.9741e-16
4239.00	9.42191e-16
4240.50	9.24436e-16
4242.00	9.73929e-16
4243.50	1.01523e-15
4245.00	1.02037e-15
4246.50	9.98511e-16
4248.00	9.74066e-16
4249.50	1.0062e-15
4251.00	1.10897e-15
4252.50	1.01136e-15
4254.00	1.03825e-15
4255.50	9.77594e-16
4257.00	8.64954e-16
4258.50	1.00101e-15
4260.00	1.05452e-15
4261.50	1.04691e-15
4263.00	9.1822e-16
4264.50	9.85978e-16
4266.00	1.05882e-15
4267.50	1.03448e-15
4269.00	9.40677e-16
4270.50	9.4386e-16
4272.00	9.51252e-16
4273.50	9.75438e-16
4275.00	9.9859e-16
4276.50	9.16389e-16
4278.00	9.14678e-16
4279.50	9.9353e-16
4281.00	9.95573e-16
4282.50	9.62046e-16
4284.00	1.0215e-15
4285.50	1.02945e-15
4287.00	9.45599e-16
4288.50	9.62542e-16
4290.00	9.40348e-16
4291.50	9.47888e-16
4293.00	1.0167e-15
4294.50	9.59609e-16
4296.00	9.6482e-16
4297.50	9.97889e-16
4299.00	9.99004e-16
4300.50	9.3423e-16
4302.00	9.14068e-16
4303.50	9.81687e-16
4305.00	9.55021e-16
4306.50	9.33331e-16
4308.00	9.31625e-16
4309.50	9.38414e-16
4311.00	9.61178e-16
4312.50	1.00327e-15
4314.00	1.00089e-15
4315.50	9.91749e-16
4317.00	9.5799e-16
4318.50	9.80982e-16
4320.00	9.94591e-16
4321.50	8.92779e-16
4323.00	9.26709e-16
4324.50	9.48125e-16
4326.00	9.27379e-16
4327.50	1.01463e-15
4329.00	9.54918e-16
4330.50	9.5947e-16
4332.00	9.91483e-16
4333.50	9.9103e-16
4335.00	9.31278e-16
4336.50	9.54885e-16
4338.00	9.65437e-16
4339.50	9.23748e-16
4341.00	9.2037e-16
4342.50	9.56357e-16
4344.00	9.56787e-16
4345.50	9.44601e-16
4347.00	8.97275e-16
4348.50	8.80563e-16
4350.00	8.72753e-16
4351.50	8.73543e-16
4353.00	9.72659e-16
4354.50	9.57027e-16
4356.00	9.02389e-16
4357.50	9.79576e-16
4359.00	9.31984e-16
4360.50	9.33464e-16
4362.00	9.63226e-16
4363.50	9.08169e-16
4365.00	9.07317e-16
4366.50	9.40395e-16
4368.00	9.00664e-16
4369.50	9.037e-16
4371.00	9.49376e-16
4372.50	9.30605e-16
4374.00	9.35464e-16
4375.50	9.73565e-16
4377.00	9.93748e-16
4378.50	9.6563e-16
4380.00	9.41404e-16
4381.50	9.40338e-16
4383.00	9.56857e-16
4384.50	9.50782e-16
4386.00	9.45223e-16
4387.50	8.8292e-16
4389.00	8.7849e-16
4390.50	9.37524e-16
4392.00	9.34724e-16
4393.50	9.67324e-16
4395.00	9.76173e-16
4396.50	9.41292e-16
4398.00	9.11947e-16
4399.50	9.35432e-16
4401.00	9.2454e-16
4402.50	9.43459e-16
4404.00	9.34875e-16
4405.50	9.56143e-16
4407.00	9.35499e-16
4408.50	8.83854e-16
4410.00	8.8321e-16
4411.50	8.35506e-16
4413.00	8.81978e-16
4414.50	9.10789e-16
4416.00	9.28007e-16
4417.50	9.44534e-16
4419.00	9.07402e-16
4420.50	9.03735e-16
4422.00	8.51096e-16
4423.50	8.61055e-16
4425.00	8.7634e-16
4426.50	9.1952e-16
4428.00	9.29156e-16
4429.50	8.73185e-16
4431.00	9.28964e-16
4432.50	9.67222e-16
4434.00	9.78828e-16
4435.50	9.32683e-16
4437.00	9.11278e-16
4438.50	9.01483e-16
4440.00	9.17824e-16
4441.50	9.3787e-16
4443.00	9.25095e-16
4444.50	9.21693e-16
4446.00	9.02192e-16
4447.50	8.25222e-16
4449.00	8.68878e-16
4450.50	8.88757e-16
4452.00	8.5018e-16
4453.50	8.95002e-16
4455.00	9.18874e-16
4456.50	9.19255e-16
4458.00	8.61255e-16
4459.50	8.64457e-16
4461.00	8.76716e-16
4462.50	8.39627e-16
4464.00	8.50563e-16
4465.50	8.4722e-16
4467.00	8.95421e-16
4468.50	8.93441e-16
4470.00	8.78852e-16
4471.50	8.61667e-16
4473.00	8.3865e-16
4474.50	8.43101e-16
4476.00	9.1709e-16
4477.50	8.67157e-16
4479.00	8.77702e-16
4480.50	9.37191e-16
4482.00	8.86427e-16
4483.50	8.72502e-16
4485.00	8.61308e-16
4486.50	8.4415e-16
4488.00	8.87553e-16
4489.50	8.89908e-16
4491.00	8.29817e-16
4492.50	8.89635e-16
4494.00	9.23142e-16
4495.50	9.05915e-16
4497.00	9.2677e-16
4498.50	9.1467e-16
4500.00	8.93095e-16
4501.50	8.80898e-16
4503.00	8.98068e-16
4504.50	9.04077e-16
4506.00	9.23697e-16
4507.50	8.35057e-16
4509.00	8.78121e-16
4510.50	8.40065e-16
4512.00	7.97341e-16
4513.50	8.82684e-16
4515.00	9.16885e-16
4516.50	8.5208e-16
4518.00	8.34623e-16
4519.50	8.44591e-16
4521.00	8.32488e-16
4522.50	8.01335e-16
4524.00	8.35781e-16
4525.50	8.78931e-16
4527.00	8.48093e-16
4528.50	7.97666e-16
4530.00	8.47011e-16
4531.50	8.83892e-16
4533.00	8.84513e-16
4534.50	8.58267e-16
4536.00	8.35782e-16
4537.50	8.52134e-16
4539.00	8.28692e-16
4540.50	8.33892e-16
4542.00	8.89882e-16
4543.50	8.96834e-16
4545.00	8.6845e-16
4546.50	8.67941e-16
4548.00	8.71793e-16
4549.50	8.55917e-16
4551.00	8.80023e-16
4552.50	8.73749e-16
4554.00	8.70093e-16
4555.50	8.34325e-16
4557.00	8.49552e-16
4558.50	8.65089e-16
4560.00	8.58207e-16
4561.50	8.65475e-16
4563.00	7.91961e-16
4564.50	8.35636e-16
4566.00	8.75344e-16
4567.50	8.50404e-16
4569.00	8.21225e-16
4570.50	8.34725e-16
4572.00	9.05164e-16
4573.50	8.90872e-16
4575.00	8.24427e-16
4576.50	8.3645e-16
4578.00	8.79585e-16
4579.50	9.17388e-16
4581.00	9.37129e-16
4582.50	8.87505e-16
4584.00	8.53824e-16
4585.50	8.66385e-16
4587.00	8.25985e-16
4588.50	8.30492e-16
4590.00	8.59049e-16
4591.50	8.48476e-16
4593.00	8.19471e-16
4594.50	8.66808e-16
4596.00	8.81326e-16
4597.50	8.60892e-16
4599.00	8.47894e-16
4600.50	8.23849e-16
4602.00	8.71385e-16
4603.50	9.05006e-16
4605.00	8.94128e-16
4606.50	8.50719e-16
4608.00	8.41515e-16
4609.50	8.34936e-16
4611.00	8.17799e-16
4612.50	8.70697e-16
4614.00	8.90553e-16
4615.50	8.87771e-16
4617.00	8.77658e-16
4618.50	8.60726e-16
4620.00	8.61598e-16
4621.50	8.66963e-16
4623.00	8.02042e-16
4624.50	8.06518e-16
4626.00	9.39817e-16
4627.50	9.40831e-16
4629.00	8.47666e-16
4630.50	8.28164e-16
4632.00	8.83043e-16
4633.50	8.53062e-16
4635.00	8.3556e-16
4636.50	8.89506e-16
4638.00	8.57695e-16
4639.50	7.9592e-16
4641.00	8.65781e-16
4642.50	8.64807e-16
4644.00	8.20238e-16
4645.50	8.00472e-16
4647.00	7.86768e-16
4648.50	8.40396e-16
4650.00	8.66352e-16
4651.50	8.43119e-16
4653.00	8.50141e-16
4654.50	8.71714e-16
4656.00	8.27273e-16
4657.50	7.70981e-16
4659.00	7.48848e-16
4660.50	7.53558e-16
4662.00	8.04203e-16
4663.50	8.30977e-16
4665.00	7.89222e-16
4666.50	7.69127e-16
4668.00	7.94932e-16
4669.50	8.18366e-16
4671.00	8.38211e-16
4672.50	8.22595e-16
4674.00	8.11503e-16
4675.50	8.0704e-16
4677.00	7.93535e-16
4678.50	7.97142e-16
4680.00	7.80401e-16
4681.50	7.85209e-16
4683.00	8.06828e-16
4684.50	8.2961e-16
4686.00	7.91684e-16
4687.50	8.16449e-16
4689.00	7.91362e-16
4690.50	7.92288e-16
4692.00	8.77128e-16
4693.50	8.09364e-16
4695.00	7.7038e-16
4696.50	8.45183e-16
4698.00	7.67968e-16
4699.50	7.99159e-16
4701.00	7.90949e-16
4702.50	7.60869e-16
4704.00	7.5154e-16
4705.50	7.82177e-16
4707.00	7.67579e-16
4708.50	7.5401e-16
4710.00	7.68453e-16
4711.50	7.7416e-16
4713.00	8.3548e-16
4714.50	8.15673e-16
4716.00	7.57947e-16
4717.50	7.65864e-16
4719.00	7.75614e-16
4720.50	7.57546e-16
4722.00	7.70964e-16
4723.50	7.84511e-16
4725.00	7.77816e-16
4726.50	7.73128e-16
4728.00	7.91054e-16
4729.50	7.8602e-16
4731.00	7.55734e-16
4732.50	7.81926e-16
4734.00	7.9293e-16
4735.50	7.17291e-16
4737.00	7.19075e-16
4738.50	7.55241e-16
4740.00	7.67337e-16
4741.50	7.24347e-16
4743.00	7.03242e-16
4744.50	7.65703e-16
4746.00	8.18109e-16
4747.50	7.64927e-16
4749.00	7.66145e-16
4750.50	7.26986e-16
4752.00	7.12974e-16
4753.50	7.77322e-16
4755.00	7.80421e-16
4756.50	7.86212e-16
4758.00	7.31294e-16
4759.50	7.75112e-16
4761.00	8.0245e-16
4762.50	7.4478e-16
4764.00	7.16284e-16
4765.50	7.37281e-16
4767.00	7.60807e-16
4768.50	7.87764e-16
4770.00	7.88771e-16
4771.50	8.0373e-16
4773.00	7.50055e-16
4774.50	7.72636e-16
4776.00	8.06892e-16
4777.50	8.04834e-16
4779.00	7.34637e-16
4780.50	7.40317e-16
4782.00	7.69357e-16
4783.50	7.70052e-16
4785.00	7.67621e-16
4786.50	7.68031e-16
4788.00	7.74334e-16
4789.50	7.56923e-16
4791.00	7.23524e-16
4792.50	7.36009e-16
4794.00	7.89368e-16
4795.50	7.66311e-16
4797.00	7.30251e-16
4798.50	7.6151e-16
4800.00	7.9239e-16
4801.50	8.00223e-16
4803.00	7.89364e-16
4804.50	7.53127e-16
4806.00	7.45476e-16
4807.50	7.67519e-16
4809.00	7.51786e-16
4810.50	7.55109e-16
4812.00	8.04615e-16
4813.50	7.90139e-16
4815.00	7.43196e-16
4816.50	7.48908e-16
4818.00	7.56891e-16
4819.50	7.52303e-16
4821.00	7.33774e-16
4822.50	7.50319e-16
4824.00	7.43099e-16
4825.50	7.22941e-16
4827.00	7.21196e-16
4828.50	7.67383e-16
4830.00	7.77344e-16
4831.50	7.7053e-16
4833.00	7.97097e-16
4834.50	7.71596e-16
4836.00	7.69245e-16
4837.50	7.1351e-16
4839.00	7.61362e-16
4840.50	7.92659e-16
4842.00	7.4052e-16
4843.50	7.50726e-16
4845.00	7.88462e-16
4846.50	7.30098e-16
4848.00	7.59477e-16
4849.50	7.48775e-16
4851.00	8.08816e-16
4852.50	7.67882e-16
4854.00	7.34793e-16
4855.50	7.33485e-16
4857.00	7.42229e-16
4858.50	7.13316e-16
4860.00	7.26815e-16
4861.50	7.49279e-16
4863.00	7.58841e-16
4864.50	7.51667e-16
4866.00	7.52082e-16
4867.50	7.32017e-16
4869.00	7.34199e-16
4870.50	7.23522e-16
4872.00	7.45725e-16
4873.50	7.16929e-16
4875.00	7.14877e-16
4876.50	7.61995e-16
4878.00	7.92767e-16
4879.50	7.35613e-16
4881.00	7.18366e-16
4882.50	7.04284e-16
4884.00	6.98744e-16
4885.50	7.29604e-16
4887.00	7.40172e-16
4888.50	7.28698e-16
4890.00	6.90612e-16
4891.50	7.06169e-16
4893.00	7.15016e-16
4894.50	7.22972e-16
4896.00	7.49707e-16
4897.50	7.31371e-16
4899.00	7.17839e-16
4900.50	6.7833e-16
4902.00	7.35482e-16
4903.50	7.31914e-16
4905.00	7.30664e-16
4906.50	7.05473e-16
4908.00	7.44035e-16
4909.50	7.20801e-16
4911.00	7.4364e-16
4912.50	7.36491e-16
4914.00	6.84056e-16
4915.50	6.75388e-16
4917.00	6.90781e-16
4918.50	6.82922e-16
4920.00	7.20651e-16
4921.50	7.41179e-16
4923.00	7.10162e-16
4924.50	7.06809e-16
4926.00	7.28313e-16
4927.50	7.41342e-16
4929.00	7.17035e-16
4930.50	7.23867e-16
4932.00	6.96704e-16
4933.50	7.3118e-16
4935.00	7.70259e-16
4936.50	7.59842e-16
4938.00	7.02067e-16
4939.50	6.91743e-16
4941.00	7.14702e-16
4942.50	7.12366e-16
4944.00	7.10533e-16
4945.50	7.59476e-16
4947.00	7.88067e-16
4948.50	7.3257e-16
4950.00	6.91865e-16
4951.50	6.79005e-16
4953.00	6.99882e-16
4954.50	7.42545e-16
4956.00	7.89297e-16
4957.50	7.37981e-16
4959.00	6.71874e-16
4960.50	6.63685e-16
4962.00	7.02228e-16
4963.50	7.41291e-16
4965.00	7.38407e-16
4966.50	7.01118e-16
4968.00	7.06981e-16
4969.50	7.35802e-16
4971.00	7.19945e-16
4972.50	6.63447e-16
4974.00	6.40775e-16
4975.50	6.69767e-16
4977.00	7.16918e-16
4978.50	7.25318e-16
4980.00	6.71003e-16
4981.50	6.65474e-16
4983.00	6.47889e-16
4984.50	6.63966e-16
4986.00	6.55305e-16
4987.50	6.94034e-16
4989.00	7.31058e-16
4990.50	7.29636e-16
4992.00	7.17385e-16
4993.50	6.9984e-16
4995.00	7.09707e-16
4996.50	6.95957e-16
4998.00	6.87692e-16
4999.50	6.66592e-16
5001.00	6.67475e-16
5002.50	6.34672e-16
5004.00	6.83736e-16
5005.50	6.73819e-16
5007.00	6.77839e-16
5008.50	6.88778e-16
5010.00	6.75819e-16
5011.50	6.68687e-16
5013.00	6.55823e-16
5014.50	6.51396e-16
5016.00	6.45025e-16
5017.50	6.17214e-16
5019.00	6.32582e-16
5020.50	6.48156e-16
5022.00	6.45523e-16
5023.50	6.37794e-16
5025.00	6.49158e-16
5026.50	6.68177e-16
5028.00	6.46567e-16
5029.50	6.41226e-16
5031.00	6.81848e-16
5032.50	6.82317e-16
5034.00	6.73531e-16
5035.50	6.56737e-16
5037.00	6.67105e-16
5038.50	6.86122e-16
5040.00	6.80304e-16
5041.50	7.14979e-16
5043.00	6.48825e-16
5044.50	6.52293e-16
5046.00	6.47597e-16
5047.50	6.33611e-16
5049.00	6.80108e-16
5050.50	6.71196e-16
5052.00	6.52692e-16
5053.50	6.59986e-16
5055.00	6.32829e-16
5056.50	6.08877e-16
5058.00	6.11736e-16
5059.50	6.5621e-16
5061.00	6.183e-16
5062.50	6.12925e-16
5064.00	6.63291e-16
5065.50	6.46631e-16
5067.00	6.39113e-16
5068.50	6.60309e-16
5070.00	6.74735e-16
5071.50	6.02608e-16
5073.00	6.02426e-16
5074.50	6.39816e-16
5076.00	6.4453e-16
5077.50	6.55251e-16
5079.00	6.34211e-16
5080.50	6.1375e-16
5082.00	6.38057e-16
5083.50	6.44003e-16
5085.00	6.46839e-16
5086.50	6.63699e-16
5088.00	6.31144e-16
5089.50	6.36384e-16
5091.00	6.21418e-16
5092.50	6.05317e-16
5094.00	6.24968e-16
5095.50	6.35471e-16
5097.00	6.25665e-16
5098.50	6.00306e-16
5100.00	6.30707e-16
5101.50	6.4274e-16
5103.00	6.35666e-16
5104.50	6.05662e-16
5106.00	5.74749e-16
5107.50	6.19678e-16
5109.00	6.35058e-16
5110.50	6.39536e-16
5112.00	6.41618e-16
5113.50	6.00602e-16
5115.00	6.18823e-16
5116.50	6.44036e-16
5118.00	6.18166e-16
5119.50	6.06467e-16
5121.00	5.61834e-16
5122.50	6.00403e-16
5124.00	6.1341e-16
5125.50	5.94279e-16
5127.00	6.11915e-16
5128.50	6.27386e-16
5130.00	5.98707e-16
5131.50	6.24328e-16
5133.00	6.43633e-16
5134.50	6.57413e-16
5136.00	6.37323e-16
5137.50	5.95661e-16
5139.00	6.29214e-16
5140.50	6.15749e-16
5142.00	5.85403e-16
5143.50	5.95716e-16
5145.00	5.7981e-16
5146.50	6.08329e-16
5148.00	5.99841e-16
5149.50	5.8082e-16
5151.00	5.93089e-16
5152.50	5.91399e-16
5154.00	5.79389e-16
5155.50	5.95244e-16
5157.00	5.98822e-16
5158.50	6.07656e-16
5160.00	5.89602e-16
5161.50	5.87546e-16
5163.00	6.10882e-16
5164.50	6.19112e-16
5166.00	6.12882e-16
5167.50	6.04474e-16
5169.00	6.04954e-16
5170.50	5.95147e-16
5172.00	5.93311e-16
5173.50	6.32428e-16
5175.00	6.36973e-16
5176.50	5.99928e-16
5178.00	6.20388e-16
5179.50	5.96289e-16
5181.00	5.54959e-16
5182.50	5.61791e-16
5184.00	5.70363e-16
5185.50	5.77597e-16
5187.00	5.62937e-16
5188.50	5.73829e-16
5190.00	5.86341e-16
5191.50	5.85707e-16
5193.00	5.80933e-16
5194.50	5.58675e-16
5196.00	5.7163e-16
5197.50	6.49595e-16
5199.00	6.20348e-16
5200.50	5.61454e-16
5202.00	5.65495e-16
5203.50	5.82152e-16
5205.00	5.95053e-16
5206.50	6.15999e-16
5208.00	5.90372e-16
5209.50	5.82613e-16
5211.00	5.59809e-16
5212.50	5.55986e-16
5214.00	5.44678e-16
5215.50	5.90299e-16
5217.00	5.78069e-16
5218.50	5.96638e-16
5220.00	5.92652e-16
5221.50	5.67428e-16
5223.00	5.81163e-16
5224.50	5.69401e-16
5226.00	5.7893e-16
5227.50	5.85903e-16
5229.00	5.38741e-16
5230.50	5.49305e-16
5232.00	5.92842e-16
5233.50	5.81501e-16
5235.00	5.41121e-16
5236.50	5.49369e-16
5238.00	5.89807e-16
5239.50	5.50553e-16
5241.00	5.23302e-16
5242.50	5.64916e-16
5244.00	6.18214e-16
5245.50	5.59546e-16
5247.00	5.26239e-16
5248.50	5.71043e-16
5250.00	6.03855e-16
5251.50	5.76597e-16
5253.00	5.39944e-16
5254.50	5.87824e-16
5256.00	5.84945e-16
5257.50	5.69018e-16
5259.00	5.67804e-16
5260.50	5.6464e-16
5262.00	5.92861e-16
5263.50	5.54875e-16
5265.00	5.55238e-16
5266.50	5.42005e-16
5268.00	5.42565e-16
5269.50	5.45262e-16
5271.00	5.79254e-16
5272.50	5.77882e-16
5274.00	5.51257e-16
5275.50	5.53044e-16
5277.00	5.86904e-16
5278.50	5.5654e-16
5280.00	5.57478e-16
5281.50	5.73571e-16
5283.00	5.43173e-16
5284.50	5.51018e-16
5286.00	5.43397e-16
5287.50	4.99511e-16
5289.00	5.16927e-16
5290.50	5.51935e-16
5292.00	5.3353e-16
5293.50	5.56423e-16
5295.00	5.49773e-16
5296.50	5.38434e-16
5298.00	5.54025e-16
5299.50	5.44553e-16
5301.00	5.25096e-16
5302.50	5.44435e-16
5304.00	5.38936e-16
5305.50	5.48919e-16
5307.00	5.54053e-16
5308.50	5.37239e-16
5310.00	5.21775e-16
5311.50	5.27522e-16
5313.00	5.42051e-16
5314.50	5.42849e-16
5316.00	5.55768e-16
5317.50	5.40264e-16
5319.00	5.27915e-16
5320.50	5.75971e-16
5322.00	5.58925e-16
5323.50	5.04021e-16
5325.00	5.55444e-16
5326.50	5.56565e-16
5328.00	4.90784e-16
5329.50	5.22717e-16
5331.00	5.70216e-16
5332.50	5.7654e-16
5334.00	5.52797e-16
5335.50	5.09876e-16
5337.00	4.95487e-16
5338.50	5.2702e-16
5340.00	5.59108e-16
5341.50	5.68106e-16
5343.00	5.23198e-16
5344.50	5.2201e-16
5346.00	5.37077e-16
5347.50	5.39497e-16
5349.00	5.34309e-16
5350.50	5.28785e-16
5352.00	5.73639e-16
5353.50	5.57667e-16
5355.00	5.28387e-16
5356.50	5.54394e-16
5358.00	5.65106e-16
5359.50	5.52863e-16
5361.00	5.22688e-16
5362.50	5.18623e-16
5364.00	5.50502e-16
5365.50	5.60498e-16
5367.00	5.28335e-16
5368.50	5.16418e-16
5370.00	5.27741e-16
5371.50	5.57133e-16
5373.00	5.52974e-16
5374.50	5.32125e-16
5376.00	5.20212e-16
5377.50	5.05614e-16
5379.00	5.23768e-16
5380.50	5.30398e-16
5382.00	5.12608e-16
5383.50	5.06159e-16
5385.00	5.0891e-16
5386.50	5.20679e-16
5388.00	5.35473e-16
5389.50	5.46254e-16
5391.00	5.46136e-16
5392.50	5.53027e-16
5394.00	5.4087e-16
5395.50	5.07942e-16
5397.00	4.92044e-16
5398.50	5.15646e-16
5400.00	5.21526e-16
5401.50	4.91149e-16
5403.00	5.16176e-16
5404.50	4.94718e-16
5406.00	5.19663e-16
5407.50	5.62229e-16
5409.00	5.22237e-16
5410.50	4.96462e-16
5412.00	5.05313e-16
5413.50	4.94205e-16
5415.00	4.82334e-16
5416.50	4.89607e-16
5418.00	5.00064e-16
5419.50	4.94533e-16
5421.00	4.74956e-16
5422.50	5.01584e-16
5424.00	5.0219e-16
5425.50	5.28466e-16
5427.00	5.45171e-16
5428.50	5.39934e-16
5430.00	5.15254e-16
5431.50	5.04433e-16
5433.00	5.05542e-16
5434.50	5.23345e-16
5436.00	5.10302e-16
5437.50	5.10202e-16
5439.00	5.08341e-16
5440.50	4.83561e-16
5442.00	5.13232e-16
5443.50	5.1342e-16
5445.00	5.07961e-16
5446.50	5.05165e-16
5448.00	4.91887e-16
5449.50	4.81309e-16
5451.00	4.65312e-16
5452.50	5.16347e-16
5454.00	5.11057e-16
5455.50	4.69718e-16
5457.00	4.70921e-16
5458.50	4.90752e-16
5460.00	4.88165e-16
5461.50	4.87596e-16
5463.00	4.86309e-16
5464.50	4.56862e-16
5466.00	4.90848e-16
5467.50	5.12736e-16
5469.00	4.97116e-16
5470.50	4.62285e-16
5472.00	5.16554e-16
5473.50	5.33898e-16
5475.00	5.14966e-16
5476.50	4.77501e-16
5478.00	5.07671e-16
5479.50	5.2291e-16
5481.00	5.23173e-16
5482.50	4.78458e-16
5484.00	4.84887e-16
5485.50	4.90662e-16
5487.00	4.97222e-16
5488.50	4.84703e-16
5490.00	4.64135e-16
5491.50	4.80283e-16
5493.00	4.89419e-16
5494.50	4.59653e-16
5496.00	4.78038e-16
5497.50	5.19654e-16
5499.00	4.8761e-16
5500.50	4.82106e-16
5502.00	4.68468e-16
5503.50	4.80424e-16
5505.00	4.76804e-16
5506.50	4.66931e-16
5508.00	4.45577e-16
5509.50	4.99323e-16
5511.00	4.97567e-16
5512.50	5.23073e-16
5514.00	5.17964e-16
5515.50	5.17964e-16
5517.00	4.8173e-16
5518.50	4.6447e-16
5520.00	4.83415e-16
5521.50	4.98939e-16
5523.00	5.19674e-16
5524.50	5.14795e-16
5526.00	5.02471e-16
5527.50	4.76468e-16
5529.00	4.84457e-16
5530.50	4.95186e-16
5532.00	4.88789e-16
5533.50	4.9823e-16
5535.00	4.66552e-16
5536.50	4.69587e-16
5538.00	4.7743e-16
5539.50	4.74096e-16
5541.00	4.76963e-16
5542.50	4.82843e-16
5544.00	4.9487e-16
5545.50	4.61164e-16
5547.00	4.9038e-16
5548.50	4.76564e-16
5550.00	4.50048e-16
5551.50	4.3882e-16
5553.00	4.57162e-16
5554.50	4.72452e-16
5556.00	4.99258e-16
5557.50	4.81541e-16
5559.00	4.98446e-16
5560.50	5.06628e-16
5562.00	4.80688e-16
5563.50	4.89431e-16
5565.00	4.86002e-16
5566.50	4.66906e-16
5568.00	4.85067e-16
5569.50	4.78097e-16
5571.00	5.07214e-16
5572.50	5.08823e-16
5574.00	5.36836e-16
5575.50	4.61519e-16
5577.00	4.87344e-16
5578.50	4.9005e-16
5580.00	4.67402e-16
5581.50	4.67854e-16
5583.00	4.73953e-16
5584.50	4.843e-16
5586.00	4.78086e-16
5587.50	4.86868e-16
5589.00	4.79268e-16
5590.50	4.70795e-16
5592.00	4.6663e-16
5593.50	4.84376e-16
5595.00	4.9179e-16
5596.50	4.7283e-16
5598.00	4.56715e-16
5599.50	4.69159e-16
5601.00	4.59325e-16
5602.50	4.44171e-16
5604.00	4.3859e-16
5605.50	4.79647e-16
5607.00	4.92421e-16
5608.50	4.96166e-16
5610.00	4.66092e-16
5611.50	4.33727e-16
5613.00	4.54562e-16
5614.50	4.80697e-16
5616.00	4.83444e-16
5617.50	4.77167e-16
5619.00	4.63589e-16
5620.50	4.60935e-16
5622.00	4.86644e-16
5623.50	4.74405e-16
5625.00	4.78522e-16
5626.50	4.67605e-16
5628.00	4.3619e-16
5629.50	4.42661e-16
5631.00	4.42732e-16
5632.50	4.43258e-16
5634.00	4.60966e-16
5635.50	4.18017e-16
5637.00	4.53776e-16
5638.50	4.73467e-16
5640.00	4.7211e-16
5641.50	4.692e-16
5643.00	4.44561e-16
5644.50	4.68268e-16
5646.00	4.68835e-16
5647.50	4.36628e-16
5649.00	4.2045e-16
5650.50	4.40576e-16
5652.00	4.85183e-16
5653.50	4.5449e-16
5655.00	4.13434e-16
5656.50	4.50771e-16
5658.00	4.78433e-16
5659.50	4.53397e-16
5661.00	4.21751e-16
5662.50	4.15292e-16
5664.00	4.40597e-16
5665.50	4.47179e-16
5667.00	4.69674e-16
5668.50	4.7496e-16
5670.00	4.60406e-16
5671.50	4.45808e-16
5673.00	4.32021e-16
5674.50	4.40193e-16
5676.00	4.38474e-16
5677.50	4.44872e-16
5679.00	4.35929e-16
5680.50	4.39022e-16
5682.00	4.65174e-16
5683.50	4.6199e-16
5685.00	4.65976e-16
5686.50	4.53865e-16
5688.00	4.25503e-16
5689.50	4.38237e-16
5691.00	4.50187e-16
5692.50	4.52328e-16
5694.00	4.47694e-16
5695.50	4.19436e-16
5697.00	4.09679e-16
5698.50	4.35853e-16
5700.00	4.50284e-16
5701.50	4.46824e-16
5703.00	4.24824e-16
5704.50	4.55604e-16
5706.00	4.62091e-16
5707.50	4.8137e-16
5709.00	4.62361e-16
5710.50	4.05546e-16
5712.00	4.2396e-16
5713.50	4.2387e-16
5715.00	4.4748e-16
5716.50	4.54923e-16
5718.00	4.07317e-16
5719.50	4.14594e-16
5721.00	4.24015e-16
5722.50	4.39761e-16
5724.00	4.41407e-16
5725.50	4.15566e-16
5727.00	4.26748e-16
5728.50	4.23301e-16
5730.00	4.18293e-16
5731.50	4.36621e-16
5733.00	4.27464e-16
5734.50	4.2623e-16
5736.00	4.33156e-16
5737.50	4.3284e-16
5739.00	4.34588e-16
5740.50	4.34025e-16
5742.00	4.25214e-16
5743.50	4.07681e-16
5745.00	4.06219e-16
5746.50	4.10401e-16
5748.00	4.07669e-16
5749.50	3.86817e-16
5751.00	4.28841e-16
5752.50	4.42792e-16
5754.00	4.24864e-16
5755.50	4.42807e-16
5757.00	4.66752e-16
5758.50	4.47043e-16
5760.00	4.23292e-16
5761.50	4.05524e-16
5763.00	4.0307e-16
5764.50	3.97502e-16
5766.00	3.94706e-16
5767.50	4.37279e-16
5769.00	4.21379e-16
5770.50	3.73892e-16
5772.00	4.32752e-16
5773.50	4.39951e-16
5775.00	4.35617e-16
5776.50	4.19065e-16
5778.00	4.04068e-16
5779.50	4.16703e-16
5781.00	4.36124e-16
5782.50	4.18133e-16
5784.00	4.42276e-16
5785.50	4.23919e-16
5787.00	4.1542e-16
5788.50	4.23261e-16
5790.00	3.65778e-16
5791.50	3.93241e-16
5793.00	4.20998e-16
5794.50	4.06396e-16
5796.00	4.06049e-16
5797.50	4.17292e-16
5799.00	4.23509e-16
5800.50	4.32159e-16
5802.00	4.2225e-16
5803.50	4.44468e-16
5805.00	4.29249e-16
5806.50	4.07416e-16
5808.00	4.09502e-16
5809.50	3.99684e-16
5811.00	4.05254e-16
5812.50	4.32422e-16
5814.00	4.35247e-16
5815.50	4.15285e-16
5817.00	4.42149e-16
5818.50	4.23917e-16
5820.00	4.27629e-16
5821.50	4.16026e-16
5823.00	4.30604e-16
5824.50	4.17149e-16
5826.00	4.36345e-16
5827.50	4.37199e-16
5829.00	4.36329e-16
5830.50	4.22673e-16
5832.00	4.29364e-16
5833.50	4.30185e-16
5835.00	4.48271e-16
5836.50	4.30975e-16
5838.00	4.35174e-16
5839.50	4.18298e-16
5841.00	4.03647e-16
5842.50	3.92988e-16
5844.00	3.94128e-16
5845.50	3.8662e-16
5847.00	4.26598e-16
5848.50	4.37084e-16
5850.00	4.65806e-16
5851.50	4.42473e-16
5853.00	4.15549e-16
5854.50	4.46884e-16
5856.00	4.67281e-16
5857.50	4.42531e-16
5859.00	4.29296e-16
5860.50	4.52301e-16
5862.00	4.09453e-16
5863.50	4.00489e-16
5865.00	3.86745e-16
5866.50	4.24011e-16
5868.00	4.34981e-16
5869.50	4.18756e-16
5871.00	4.19177e-16
5872.50	4.27656e-16
5874.00	4.17395e-16
5875.50	4.10741e-16
5877.00	4.23109e-16
5878.50	3.88199e-16
5880.00	3.72977e-16
5881.50	3.80615e-16
5883.00	3.86163e-16
5884.50	4.48374e-16
5886.00	4.37143e-16
5887.50	3.70322e-16
5889.00	3.69949e-16
5890.50	3.78834e-16
5892.00	3.88822e-16
5893.50	4.08761e-16
5895.00	4.35405e-16
5896.50	4.22828e-16
5898.00	4.08183e-16
5899.50	4.00912e-16
5901.00	4.19385e-16
5902.50	4.26982e-16
5904.00	3.89115e-16
5905.50	4.24918e-16
5907.00	4.35699e-16
5908.50	3.99135e-16
5910.00	4.2622e-16
5911.50	4.14655e-16
5913.00	3.79733e-16
5914.50	3.98054e-16
5916.00	4.04592e-16
5917.50	3.73004e-16
5919.00	3.70074e-16
5920.50	4.25928e-16
5922.00	4.35873e-16
5923.50	4.41249e-16
5925.00	4.07968e-16
5926.50	3.74544e-16
5928.00	4.03953e-16
5929.50	4.0482e-16
5931.00	4.02042e-16
5932.50	4.18284e-16
5934.00	4.27476e-16
5935.50	4.0605e-16
5937.00	3.98906e-16
5938.50	4.20202e-16
5940.00	4.2586e-16
5941.50	4.20946e-16
5943.00	4.10021e-16
5944.50	4.30233e-16
5946.00	4.49633e-16
5947.50	3.99513e-16
5949.00	3.83656e-16
5950.50	4.16926e-16
5952.00	4.21756e-16
5953.50	3.75954e-16
5955.00	3.94998e-16
5956.50	4.34176e-16
5958.00	3.89679e-16
5959.50	3.84638e-16
5961.00	4.26988e-16
5962.50	4.44926e-16
5964.00	4.17624e-16
5965.50	4.07673e-16
5967.00	3.93408e-16
5968.50	3.52979e-16
5970.00	3.89132e-16
5971.50	4.21984e-16
5973.00	4.23423e-16
5974.50	4.5545e-16
5976.00	4.02577e-16
5977.50	3.74508e-16
5979.00	4.01536e-16
5980.50	4.41029e-16
5982.00	4.04238e-16
5983.50	4.10299e-16
5985.00	3.83854e-16
5986.50	3.84213e-16
5988.00	3.54213e-16
5989.50	3.65281e-16
5991.00	3.5386e-16
5992.50	3.9935e-16
5994.00	3.93297e-16
5995.50	3.88186e-16
5997.00	3.72199e-16
5998.50	3.97627e-16
6000.00	3.66034e-16
6001.50	3.81468e-16
6003.00	3.73465e-16
6004.50	3.82146e-16
6006.00	4.14717e-16
6007.50	3.77843e-16
6009.00	3.93915e-16
6010.50	3.89694e-16
6012.00	3.72714e-16
6013.50	4.02802e-16
6015.00	4.15474e-16
6016.50	3.97349e-16
6018.00	3.8526e-16
6019.50	3.89309e-16
6021.00	3.98576e-16
6022.50	3.88359e-16
6024.00	4.00848e-16
6025.50	3.96777e-16
6027.00	3.90307e-16
6028.50	3.70524e-16
6030.00	3.73222e-16
6031.50	3.90824e-16
6033.00	3.97817e-16
6034.50	3.98311e-16
6036.00	3.99588e-16
6037.50	3.70149e-16
6039.00	4.08346e-16
6040.50	4.19003e-16
6042.00	3.8822e-16
6043.50	3.50749e-16
6045.00	3.7026e-16
6046.50	3.84095e-16
6048.00	3.83727e-16
6049.50	3.70558e-16
6051.00	3.696e-16
6052.50	4.10824e-16
6054.00	3.7735e-16
6055.50	3.98568e-16
6057.00	3.94003e-16
6058.50	3.89439e-16
6060.00	3.84875e-16
6061.50	3.84875e-16
6063.00	3.84672e-16
6064.50	3.55412e-16
6066.00	3.92404e-16
6067.50	3.8609e-16
6069.00	3.6978e-16
6070.50	3.99984e-16
6072.00	3.91357e-16
6073.50	3.74496e-16
6075.00	3.8352e-16
6076.50	3.36994e-16
6078.00	3.17252e-16
6079.50	3.5032e-16
6081.00	3.74205e-16
6082.50	3.85546e-16
6084.00	4.0015e-16
6085.50	3.70095e-16
6087.00	3.73232e-16
6088.50	3.62934e-16
6090.00	3.61906e-16
6091.50	3.60879e-16
6093.00	3.59852e-16
6094.50	3.58824e-16
6096.00	3.58824e-16
6097.50	3.93192e-16
6099.00	3.93799e-16
6100.50	3.83519e-16
6102.00	3.8523e-16
6103.50	3.72222e-16
6105.00	3.62609e-16
6106.50	3.88989e-16
6108.00	4.05522e-16
6109.50	3.97076e-16
6111.00	3.6694e-16
6112.50	3.63108e-16
6114.00	3.87873e-16
6115.50	4.02713e-16
6117.00	3.795e-16
6118.50	3.60102e-16
6120.00	3.5417e-16
6121.50	3.51119e-16
6123.00	3.58573e-16
6124.50	3.75584e-16
6126.00	3.96919e-16
6127.50	3.53336e-16
6129.00	3.31572e-16
6130.50	3.62079e-16
6132.00	3.19082e-16
6133.50	3.45826e-16
6135.00	3.97841e-16
6136.50	3.80029e-16
6138.00	3.77164e-16
6139.50	3.67059e-16
6141.00	3.78574e-16
6142.50	3.69325e-16
6144.00	3.86609e-16
6145.50	4.02983e-16
6147.00	3.79367e-16
6148.50	3.78142e-16
6150.00	3.54735e-16
6151.50	3.52328e-16
6153.00	3.69632e-16
6154.50	3.43113e-16
6156.00	3.45858e-16
6157.50	3.44088e-16
6159.00	3.39283e-16
6160.50	3.65362e-16
6162.00	3.83456e-16
6163.50	3.58281e-16
6165.00	3.48498e-16
6166.50	3.79019e-16
6168.00	3.89673e-16
6169.50	3.56146e-16
6171.00	3.63601e-16
6172.50	3.5301e-16
6174.00	3.29934e-16
6175.50	3.81107e-16
6177.00	3.85613e-16
6178.50	3.74313e-16
6180.00	3.78393e-16
6181.50	3.80576e-16
6183.00	3.82622e-16
6184.50	3.60191e-16
6186.00	3.99498e-16
6187.50	3.90729e-16
6189.00	3.55258e-16
6190.50	3.25208e-16
6192.00	3.68215e-16
6193.50	3.64361e-16
6195.00	3.43314e-16
6196.50	3.38692e-16
6198.00	3.55875e-16
6199.50	3.34483e-16
6201.00	3.77636e-16
6202.50	3.84146e-16
6204.00	3.36666e-16
6205.50	3.17409e-16
6207.00	3.27003e-16
6208.50	3.64279e-16
6210.00	3.64382e-16
6211.50	3.70404e-16
6213.00	3.404e-16
6214.50	3.7132e-16
6216.00	3.88971e-16
6217.50	3.83902e-16
6219.00	3.38513e-16
6220.50	3.43707e-16
6222.00	3.67678e-16
6223.50	3.63918e-16
6225.00	3.50671e-16
6226.50	3.09241e-16
6228.00	3.28279e-16
6229.50	3.53656e-16
6231.00	3.43e-16
6232.50	3.52599e-16
6234.00	3.46638e-16
6235.50	3.31139e-16
6237.00	3.31301e-16
6238.50	3.4606e-16
6240.00	3.64358e-16
6241.50	3.59661e-16
6243.00	3.77722e-16
6244.50	3.84747e-16
6246.00	3.85085e-16
6247.50	3.48699e-16
6249.00	3.16335e-16
6250.50	3.14663e-16
6252.00	3.12991e-16
6253.50	3.12991e-16
6255.00	3.45912e-16
6256.50	3.72306e-16
6258.00	3.74075e-16
6259.50	3.77678e-16
6261.00	3.75942e-16
6262.50	3.50308e-16
6264.00	3.7683e-16
6265.50	3.30733e-16
6267.00	3.10878e-16
6268.50	3.32083e-16
6270.00	3.42279e-16
6271.50	3.15102e-16
6273.00	3.32564e-16
6274.50	3.75132e-16
6276.00	3.72316e-16
6277.50	3.32304e-16
6279.00	3.08839e-16
6280.50	3.20311e-16
6282.00	3.264e-16
6283.50	3.42574e-16
6285.00	3.83321e-16
6286.50	3.76484e-16
6288.00	3.83998e-16
6289.50	3.7436e-16
6291.00	3.35728e-16
6292.50	3.37697e-16
6294.00	3.55144e-16
6295.50	3.90816e-16
6297.00	3.94273e-16
6298.50	3.96647e-16
6300.00	3.99021e-16
6301.50	3.99021e-16
6303.00	3.66851e-16
6304.50	3.62669e-16
6306.00	3.6226e-16
6307.50	3.5049e-16
6309.00	3.38893e-16
6310.50	3.32584e-16
6312.00	3.57872e-16
6313.50	3.712e-16
6315.00	3.58577e-16
6316.50	3.59737e-16
6318.00	3.53304e-16
6319.50	3.43584e-16
6321.00	3.42884e-16
6322.50	3.33149e-16
6324.00	3.25625e-16
6325.50	3.46098e-16
6327.00	3.38799e-16
6328.50	3.12931e-16
6330.00	3.04632e-16
6331.50	3.22382e-16
6333.00	3.31674e-16
6334.50	3.24502e-16
6336.00	3.3368e-16
6337.50	3.26989e-16
6339.00	3.66509e-16
6340.50	3.84719e-16
6342.00	3.22088e-16
6343.50	3.1282e-16
6345.00	3.05404e-16
6346.50	3.22415e-16
6348.00	3.4658e-16
6349.50	3.17471e-16
6351.00	3.09881e-16
6352.50	3.05751e-16
6354.00	2.98399e-16
6355.50	3.23795e-16
6357.00	3.30266e-16
6358.50	3.32319e-16
6360.00	3.04803e-16
6361.50	3.32937e-16
6363.00	3.65505e-16
6364.50	3.36569e-16
6366.00	3.00945e-16
6367.50	3.28717e-16
6369.00	3.33486e-16
6370.50	3.35396e-16
6372.00	3.47584e-16
6373.50	3.37618e-16
6375.00	3.49405e-16
6376.50	3.55582e-16
6378.00	3.2378e-16
6379.50	3.2431e-16
6381.00	3.32512e-16
6382.50	3.06491e-16
6384.00	2.95055e-16
6385.50	3.08447e-16
6387.00	3.06711e-16
6388.50	3.05484e-16
6390.00	3.22424e-16
6391.50	3.17238e-16
6393.00	3.156e-16
6394.50	3.24597e-16
6396.00	3.20713e-16
6397.50	3.27669e-16
6399.00	3.70208e-16
6400.50	3.2119e-16
6402.00	3.40298e-16
6403.50	3.24551e-16
6405.00	3.15247e-16
6406.50	3.35073e-16
6408.00	3.28625e-16
6409.50	2.98658e-16
6411.00	3.12492e-16
6412.50	3.49954e-16
6414.00	3.25774e-16
6415.50	3.64141e-16
6417.00	3.30298e-16
6418.50	3.17536e-16
6420.00	3.3609e-16
6421.50	3.77881e-16
6423.00	3.13122e-16
6424.50	3.24092e-16
6426.00	3.49395e-16
6427.50	3.13548e-16
6429.00	3.15711e-16
6430.50	3.36677e-16
6432.00	3.33494e-16
6433.50	3.52827e-16
6435.00	3.53427e-16
6436.50	3.52193e-16
6438.00	3.44061e-16
6439.50	3.30326e-16
6441.00	3.19693e-16
6442.50	3.43773e-16
6444.00	3.59574e-16
6445.50	3.49965e-16
6447.00	3.81103e-16
6448.50	3.85168e-16
6450.00	3.54806e-16
6451.50	3.22911e-16
6453.00	3.38428e-16
6454.50	3.75001e-16
6456.00	3.52305e-16
6457.50	3.52023e-16
6459.00	3.72011e-16
6460.50	3.59629e-16
6462.00	3.3246e-16
6463.50	3.14654e-16
6465.00	3.09846e-16
6466.50	3.22132e-16
6468.00	3.39576e-16
6469.50	3.24064e-16
6471.00	3.43159e-16
6472.50	3.313e-16
6474.00	3.36484e-16
6475.50	3.52027e-16
6477.00	3.35408e-16
6478.50	3.42282e-16
6480.00	3.86785e-16
6481.50	3.667e-16
6483.00	3.76978e-16
6484.50	3.63559e-16
6486.00	3.48962e-16
6487.50	3.43079e-16
6489.00	3.49443e-16
6490.50	3.35002e-16
6492.00	3.68238e-16
6493.50	3.79534e-16
6495.00	3.27312e-16
6496.50	3.61634e-16
6498.00	3.68441e-16
6499.50	3.32312e-16
6501.00	3.18535e-16
6502.50	3.50686e-16
6504.00	3.70242e-16
6505.50	3.1442e-16
6507.00	3.26092e-16
6508.50	3.6242e-16
6510.00	3.42461e-16
6511.50	3.42793e-16
6513.00	3.67136e-16
6514.50	3.4541e-16
6516.00	3.06893e-16
6517.50	3.10108e-16
6519.00	3.33464e-16
6520.50	3.5901e-16
6522.00	3.58605e-16
6523.50	3.51215e-16
6525.00	3.57385e-16
6526.50	3.5091e-16
6528.00	3.29377e-16
6529.50	3.19173e-16
6531.00	3.33173e-16
6532.50	3.42291e-16
6534.00	3.3718e-16
6535.50	3.5464e-16
6537.00	3.5448e-16
6538.50	3.40566e-16
6540.00	3.22398e-16
6541.50	3.4149e-16
6543.00	3.44949e-16
6544.50	3.54406e-16
6546.00	3.40029e-16
6547.50	3.35836e-16
6549.00	3.37384e-16
6550.50	3.47218e-16
6552.00	3.57311e-16
6553.50	3.82047e-16
6555.00	3.55016e-16
6556.50	3.51289e-16
6558.00	3.58393e-16
6559.50	3.37446e-16
6561.00	3.42449e-16
6562.50	3.49754e-16
6564.00	3.13011e-16
6565.50	3.06739e-16
6567.00	3.40961e-16
6568.50	3.4117e-16
6570.00	3.41105e-16
6571.50	3.39349e-16
6573.00	3.47426e-16
6574.50	3.31425e-16
6576.00	3.56564e-16
6577.50	3.80122e-16
6579.00	3.69876e-16
6580.50	3.51793e-16
6582.00	3.28005e-16
6583.50	3.66367e-16
6585.00	3.44967e-16
6586.50	3.48562e-16
6588.00	3.36771e-16
6589.50	3.52023e-16
6591.00	3.58557e-16
6592.50	3.39886e-16
6594.00	3.50811e-16
6595.50	3.68812e-16
6597.00	3.51135e-16
6598.50	3.44362e-16
6600.00	3.30983e-16
6601.50	3.28224e-16
6603.00	3.4528e-16
6604.50	3.4977e-16
6606.00	3.57488e-16
6607.50	3.34485e-16
6609.00	3.33334e-16
6610.50	3.4539e-16
6612.00	3.23977e-16
6613.50	3.3791e-16
6615.00	3.64256e-16
6616.50	3.27477e-16
6618.00	3.39241e-16
6619.50	3.23131e-16
6621.00	3.60149e-16
6622.50	3.65655e-16
6624.00	3.34365e-16
6625.50	3.57828e-16
6627.00	2.95613e-16
6628.50	3.67921e-16
6630.00	3.58391e-16
6631.50	3.10135e-16
6633.00	3.47525e-16
6634.50	3.42093e-16
6636.00	3.36211e-16
6637.50	3.59582e-16
6639.00	3.29192e-16
6640.50	3.60292e-16
6642.00	3.31565e-16
6643.50	3.27852e-16
6645.00	3.64377e-16
6646.50	3.42125e-16
6648.00	3.36419e-16
6649.50	3.66649e-16
6651.00	3.5278e-16
6652.50	3.175e-16
6654.00	3.26723e-16
6655.50	3.63397e-16
6657.00	3.50993e-16
6658.50	3.16045e-16
6660.00	3.61618e-16
6661.50	3.68059e-16
6663.00	3.5658e-16
6664.50	3.75515e-16
6666.00	3.67487e-16
6667.50	3.46406e-16
6669.00	3.2707e-16
6670.50	3.42348e-16
6672.00	3.58557e-16
6673.50	3.64732e-16
6675.00	3.38259e-16
6676.50	3.32152e-16
6678.00	3.21817e-16
6679.50	3.10019e-16
6681.00	3.10407e-16
6682.50	3.01831e-16
6684.00	3.26887e-16
6685.50	3.48397e-16
6687.00	3.44965e-16
6688.50	3.4142e-16
6690.00	3.50932e-16
6691.50	3.07183e-16
6693.00	2.90965e-16
6694.50	3.29401e-16
6696.00	3.24145e-16
6697.50	3.44341e-16
6699.00	3.54023e-16
6700.50	3.19001e-16
6702.00	3.20385e-16
6703.50	3.44195e-16
6705.00	3.28048e-16
6706.50	3.27517e-16
6708.00	3.4056e-16
6709.50	3.44144e-16
6711.00	3.27896e-16
6712.50	3.07253e-16
6714.00	3.19842e-16
6715.50	3.38119e-16
6717.00	3.18417e-16
6718.50	2.89525e-16
6720.00	2.885e-16
6721.50	3.31656e-16
6723.00	3.4747e-16
6724.50	3.2724e-16
6726.00	3.18785e-16
6727.50	2.96578e-16
6729.00	3.04544e-16
6730.50	3.0919e-16
6732.00	2.9726e-16
6733.50	3.19804e-16
6735.00	3.34779e-16
6736.50	3.23925e-16
6738.00	3.33369e-16
6739.50	3.3895e-16
6741.00	3.22543e-16
6742.50	3.23111e-16
6744.00	3.19774e-16
6745.50	2.9961e-16
6747.00	2.91195e-16
6748.50	3.10361e-16
6750.00	3.38344e-16
6751.50	3.24256e-16
6753.00	3.10544e-16
6754.50	3.35684e-16
6756.00	3.24136e-16
6757.50	3.40598e-16
6759.00	3.46349e-16
6760.50	3.21415e-16
6762.00	2.98714e-16
6763.50	3.00955e-16
6765.00	3.05203e-16
6766.50	3.09581e-16
6768.00	3.08243e-16
6769.50	3.19065e-16
6771.00	3.1597e-16
6772.50	3.03725e-16
6774.00	3.28714e-16
6775.50	2.75642e-16
6777.00	3.03845e-16
6778.50	3.06504e-16
6780.00	2.90247e-16
6781.50	3.24564e-16
6783.00	3.19332e-16
6784.50	2.94388e-16
6786.00	3.07065e-16
6787.50	2.86851e-16
6789.00	3.56129e-16
6790.50	3.07989e-16
6792.00	3.10091e-16
6793.50	3.3346e-16
6795.00	3.05446e-16
6796.50	2.99726e-16
6798.00	3.14331e-16
6799.50	2.82562e-16
6801.00	2.69783e-16
6802.50	2.7546e-16
6804.00	2.77275e-16
6805.50	3.07749e-16
6807.00	2.91099e-16
6808.50	3.05812e-16
6810.00	3.04014e-16
6811.50	2.80512e-16
6813.00	3.01831e-16
6814.50	3.27401e-16
6816.00	3.1719e-16
6817.50	3.17912e-16
6819.00	3.10429e-16
6820.50	3.06494e-16
6822.00	2.97711e-16
6823.50	3.12842e-16
6825.00	3.05543e-16
6826.50	2.97223e-16
6828.00	3.09265e-16
6829.50	3.04497e-16
6831.00	3.08937e-16
6832.50	2.70737e-16
6834.00	3.00465e-16
6835.50	2.69521e-16
6837.00	3.0124e-16
6838.50	3.19325e-16
6840.00	2.94495e-16
6841.50	2.59576e-16
6843.00	3.08707e-16
6844.50	3.2188e-16
6846.00	2.76367e-16
6847.50	2.74987e-16
6849.00	3.0377e-16
6850.50	2.69732e-16
6852.00	2.92799e-16
6853.50	2.65018e-16
6855.00	2.70413e-16
6856.50	2.88564e-16
6858.00	2.90986e-16
6859.50	3.01497e-16
6861.00	3.45e-16
6862.50	3.02774e-16
6864.00	3.16822e-16
6865.50	3.33112e-16
6867.00	2.76905e-16
6868.50	2.94124e-16
6870.00	2.98522e-16
6871.50	2.99957e-16
6873.00	3.01391e-16
6874.50	3.02826e-16
6876.00	3.02826e-16
6877.50	2.98064e-16
6879.00	3.20941e-16
6880.50	3.23886e-16
6882.00	3.1858e-16
6883.50	3.13273e-16
6885.00	3.07967e-16
6886.50	3.07967e-16
6888.00	3.10169e-16
6889.50	2.89106e-16
6891.00	2.61208e-16
6892.50	2.65716e-16
6894.00	2.51708e-16
6895.50	2.57491e-16
6897.00	2.99467e-16
6898.50	3.07986e-16
6900.00	2.94212e-16
6901.50	3.09872e-16
6903.00	2.96152e-16
6904.50	3.08529e-16
6906.00	3.15055e-16
6907.50	3.04321e-16
6909.00	3.11482e-16
6910.50	2.66797e-16
6912.00	2.92679e-16
6913.50	3.14826e-16
6915.00	3.08192e-16
6916.50	2.54156e-16
6918.00	2.7744e-16
6919.50	3.20315e-16
6921.00	3.23139e-16
6922.50	3.26044e-16
6924.00	3.26044e-16
6925.50	2.67174e-16
6927.00	3.03619e-16
6928.50	3.00666e-16
6930.00	2.98439e-16
6931.50	2.89007e-16
6933.00	2.95286e-16
6934.50	2.88593e-16
6936.00	2.83138e-16
6937.50	2.97289e-16
6939.00	2.86881e-16
6940.50	2.59568e-16
6942.00	2.83537e-16
6943.50	2.81854e-16
6945.00	2.59174e-16
6946.50	2.67567e-16
6948.00	2.70453e-16
6949.50	2.86071e-16
6951.00	2.93257e-16
6952.50	3.07655e-16
6954.00	2.87242e-16
6955.50	2.79987e-16
6957.00	2.84329e-16
6958.50	2.77611e-16
6960.00	2.71115e-16
6961.50	2.76987e-16
6963.00	2.97168e-16
6964.50	2.92913e-16
6966.00	2.75274e-16
6967.50	2.3639e-16
6969.00	2.54828e-16
6970.50	2.95699e-16
6972.00	2.90693e-16
6973.50	2.92031e-16
6975.00	2.58398e-16
6976.50	2.70733e-16
6978.00	2.98905e-16
6979.50	2.75044e-16
6981.00	2.53256e-16
6982.50	2.73226e-16
6984.00	2.8408e-16
6985.50	2.86033e-16
6987.00	3.01214e-16
6988.50	2.79515e-16
6990.00	2.87569e-16
6991.50	2.73176e-16
6993.00	2.648e-16
6994.50	2.63892e-16
6996.00	2.54848e-16
6997.50	2.92453e-16
6999.00	2.84643e-16
7000.50	2.54018e-16
7002.00	2.73125e-16
7003.50	2.52988e-16
7005.00	2.61469e-16
7006.50	2.95227e-16
7008.00	3.08041e-16
7009.50	2.90503e-16
7011.00	2.61396e-16
7012.50	2.73826e-16
7014.00	2.56966e-16
7015.50	2.79876e-16
7017.00	2.89368e-16
7018.50	2.70436e-16
7020.00	2.75376e-16
7021.50	2.53747e-16
7023.00	2.37268e-16
7024.50	2.38937e-16
7026.00	2.61073e-16
7027.50	3.03565e-16
7029.00	2.94735e-16
7030.50	2.55626e-16
7032.00	2.645e-16
7033.50	3.0179e-16
7035.00	3.10796e-16
7036.50	2.72867e-16
7038.00	2.71889e-16
7039.50	2.61497e-16
7041.00	2.55577e-16
7042.50	2.39549e-16
7044.00	2.60454e-16
7045.50	2.7965e-16
7047.00	2.81409e-16
7048.50	2.7528e-16
7050.00	3.00871e-16
7051.50	2.80902e-16
7053.00	2.51456e-16
7054.50	2.64148e-16
7056.00	2.75521e-16
7057.50	2.88065e-16
7059.00	2.59384e-16
7060.50	2.37333e-16
7062.00	2.49074e-16
7063.50	2.53147e-16
7065.00	2.72491e-16
7066.50	2.76434e-16
7068.00	2.82534e-16
7069.50	2.80478e-16
7071.00	2.77898e-16
7072.50	2.65011e-16
7074.00	2.70076e-16
7075.50	2.73361e-16
7077.00	2.62323e-16
7078.50	2.69255e-16
7080.00	2.74369e-16
7081.50	2.67031e-16
7083.00	2.76606e-16
7084.50	2.79996e-16
7086.00	2.83691e-16
7087.50	2.6862e-16
7089.00	2.86805e-16
7090.50	2.48865e-16
7092.00	2.72356e-16
7093.50	3.11652e-16
7095.00	2.951e-16
7096.50	2.74517e-16
7098.00	2.51319e-16
7099.50	2.60328e-16
7101.00	2.74312e-16
7102.50	2.59649e-16
7104.00	2.53517e-16
7105.50	2.65821e-16
7107.00	2.63075e-16
7108.50	2.30323e-16
7110.00	2.17748e-16
7111.50	2.65088e-16
7113.00	2.68319e-16
7114.50	2.71017e-16
7116.00	2.5888e-16
7117.50	2.61383e-16
7119.00	2.9223e-16
7120.50	2.57857e-16
7122.00	2.1372e-16
7123.50	2.71076e-16
7125.00	2.44819e-16
7126.50	2.48724e-16
7128.00	2.52628e-16
7129.50	2.56533e-16
7131.00	2.60438e-16
7132.50	2.64343e-16
7134.00	2.64343e-16
7135.50	2.57031e-16
7137.00	2.90108e-16
7138.50	2.52786e-16
7140.00	2.59059e-16
7141.50	2.48129e-16
7143.00	2.59819e-16
7144.50	2.29739e-16
7146.00	2.68821e-16
7147.50	2.83783e-16
7149.00	2.56422e-16
7150.50	2.60233e-16
7152.00	2.56139e-16
7153.50	2.60036e-16
7155.00	2.63614e-16
7156.50	2.48139e-16
7158.00	2.22876e-16
7159.50	2.42743e-16
7161.00	2.60535e-16
7162.50	2.75176e-16
7164.00	2.63288e-16
7165.50	2.48806e-16
7167.00	2.65848e-16
7168.50	2.38016e-16
7170.00	2.15924e-16
7171.50	2.16489e-16
7173.00	2.25599e-16
7174.50	2.31783e-16
7176.00	2.40793e-16
7177.50	2.45665e-16
7179.00	2.40768e-16
7180.50	2.3195e-16
7182.00	2.2767e-16
7183.50	2.38276e-16
7185.00	2.3494e-16
7186.50	2.31604e-16
7188.00	2.28268e-16
7189.50	2.28268e-16
7191.00	2.80198e-16
7192.50	2.52447e-16
7194.00	1.98536e-16
7195.50	2.36666e-16
7197.00	2.62694e-16
7198.50	2.51405e-16
7200.00	2.60184e-16
7201.50	2.21223e-16
7203.00	2.29275e-16
7204.50	2.5395e-16
7206.00	2.52439e-16
7207.50	2.18185e-16
7209.00	2.24821e-16
7210.50	2.68397e-16
7212.00	2.6282e-16
7213.50	2.70225e-16
7215.00	3.21771e-16
7216.50	2.94319e-16
7218.00	2.73271e-16
7219.50	2.7233e-16
7221.00	2.85003e-16
7222.50	2.76878e-16
7224.00	2.34388e-16
7225.50	2.4494e-16
7227.00	2.4781e-16
7228.50	2.44784e-16
7230.00	2.3235e-16
7231.50	2.54728e-16
7233.00	2.64561e-16
7234.50	2.20795e-16
7236.00	1.89164e-16
7237.50	2.19298e-16
7239.00	2.51484e-16
7240.50	2.79716e-16
7242.00	2.64542e-16
7243.50	2.32446e-16
7245.00	2.67866e-16
7246.50	2.87976e-16
7248.00	2.57718e-16
7249.50	2.17084e-16
7251.00	2.2466e-16
7252.50	2.56932e-16
7254.00	2.38144e-16
7255.50	2.34381e-16
7257.00	2.44062e-16
7258.50	2.40944e-16
7260.00	2.38526e-16
7261.50	2.33189e-16
7263.00	2.56016e-16
7264.50	2.56216e-16
7266.00	2.38469e-16
7267.50	2.54931e-16
7269.00	2.70597e-16
7270.50	2.69754e-16
7272.00	2.70928e-16
7273.50	2.66386e-16
7275.00	2.30877e-16
7276.50	2.29357e-16
7278.00	2.45713e-16
7279.50	2.10912e-16
7281.00	2.18856e-16
7282.50	2.54262e-16
7284.00	2.38743e-16
7285.50	2.64272e-16
7287.00	2.66084e-16
7288.50	2.40486e-16
7290.00	2.529e-16
7291.50	2.62524e-16
7293.00	2.64404e-16
7294.50	2.44532e-16
7296.00	2.30063e-16
7297.50	2.34633e-16
7299.00	2.25051e-16
7300.50	2.55597e-16
7302.00	2.93083e-16
7303.50	2.84805e-16
7305.00	2.80736e-16
7306.50	2.50658e-16
7308.00	2.15021e-16
7309.50	2.09494e-16
7311.00	1.99958e-16
7312.50	2.24961e-16
7314.00	3.02285e-16
7315.50	2.91952e-16
7317.00	2.42428e-16
7318.50	2.5601e-16
7320.00	2.29926e-16
7321.50	2.42638e-16
7323.00	2.84286e-16
7324.50	2.76894e-16
7326.00	2.77865e-16
7327.50	2.78174e-16
7329.00	2.39193e-16
7330.50	2.35371e-16
7332.00	2.53962e-16
7333.50	1.89339e-16
7335.00	2.11536e-16
7336.50	2.72642e-16
7338.00	2.30319e-16
7339.50	2.21279e-16
7341.00	2.68832e-16
7342.50	2.45255e-16
7344.00	2.41465e-16
7345.50	2.26729e-16
7347.00	2.23203e-16
7348.50	2.23392e-16
7350.00	2.29576e-16
7351.50	2.06143e-16
7353.00	2.25578e-16
7354.50	2.31948e-16
7356.00	2.25543e-16
7357.50	2.45178e-16
7359.00	2.41015e-16
7360.50	2.09225e-16
7362.00	2.21518e-16
7363.50	2.46598e-16
7365.00	2.65671e-16
7366.50	2.22981e-16
7368.00	2.2085e-16
7369.50	2.71916e-16
7371.00	2.47281e-16
7372.50	1.97865e-16
7374.00	2.31065e-16
7375.50	2.66347e-16
7377.00	2.48162e-16
7378.50	2.3367e-16
7380.00	2.49737e-16
7381.50	2.36367e-16
7383.00	2.33398e-16
7384.50	2.51718e-16
7386.00	2.58734e-16
7387.50	2.53179e-16
7389.00	2.23217e-16
7390.50	2.30928e-16
7392.00	2.65048e-16
7393.50	2.41981e-16
7395.00	2.2472e-16
7396.50	2.39026e-16
7398.00	2.45967e-16
7399.50	2.30638e-16
7401.00	2.45729e-16
7402.50	2.46122e-16
7404.00	2.43516e-16
7405.50	2.31636e-16
7407.00	2.28877e-16
7408.50	1.84709e-16
7410.00	2.40061e-16
7411.50	2.70809e-16
7413.00	2.49036e-16
7414.50	2.25586e-16
7416.00	2.29821e-16
7417.50	2.41193e-16
7419.00	2.26011e-16
7420.50	2.22986e-16
7422.00	2.51144e-16
7423.50	2.81802e-16
7425.00	2.64309e-16
7426.50	2.33917e-16
7428.00	2.38012e-16
7429.50	2.357e-16
7431.00	1.79267e-16
7432.50	1.95728e-16
7434.00	2.14114e-16
7435.50	2.18045e-16
7437.00	2.60553e-16
7438.50	2.83172e-16
7440.00	2.1547e-16
7441.50	2.17242e-16
7443.00	2.47286e-16
7444.50	2.28945e-16
7446.00	2.53503e-16
7447.50	2.63214e-16
7449.00	2.43436e-16
7450.50	2.36509e-16
7452.00	2.24938e-16
7453.50	1.95329e-16
7455.00	2.2116e-16
7456.50	2.31445e-16
7458.00	2.3054e-16
7459.50	2.47589e-16
7461.00	2.30832e-16
7462.50	2.11621e-16
7464.00	2.32645e-16
7465.50	2.57653e-16
7467.00	2.60588e-16
7468.50	2.39267e-16
7470.00	2.12446e-16
7471.50	2.01145e-16
7473.00	2.29833e-16
7474.50	2.11546e-16
7476.00	2.35041e-16
7477.50	2.47151e-16
7479.00	2.6913e-16
7480.50	2.45938e-16
7482.00	2.5036e-16
7483.50	2.46901e-16
7485.00	2.02587e-16
7486.50	1.79165e-16
7488.00	2.55561e-16
7489.50	2.42322e-16
7491.00	2.00088e-16
7492.50	2.42872e-16
7494.00	2.46136e-16
7495.50	2.51665e-16
7497.00	2.22022e-16
7498.50	2.50654e-16
7500.00	2.44934e-16
7501.50	2.41753e-16
7503.00	2.27658e-16
7504.50	2.26936e-16
7506.00	2.50138e-16
7507.50	2.6902e-16
7509.00	2.14665e-16
7510.50	2.2307e-16
7512.00	2.19726e-16
7513.50	2.32745e-16
7515.00	2.07303e-16
7516.50	2.19365e-16
7518.00	2.43773e-16
7519.50	2.19239e-16
7521.00	2.21013e-16
7522.50	2.37044e-16
7524.00	2.35332e-16
7525.50	2.0349e-16
7527.00	2.20016e-16
7528.50	2.32726e-16
7530.00	2.46622e-16
7531.50	2.30272e-16
7533.00	2.00591e-16
7534.50	1.78691e-16
7536.00	2.16192e-16
7537.50	2.46338e-16
7539.00	2.50032e-16
7540.50	2.27376e-16
