3669.12329102  4.497861E-17
3674.64198208293  6.674722E-17
3680.16067314586  5.865661E-17
3685.67936420879  7.080868E-17
3691.19805527172  5.386338E-17
3696.71674633465  5.790244E-17
3702.23543739758  5.508807E-17
3707.75412846051  7.341548E-17
3713.27281952344  7.843192E-17
3718.79151058637  6.857653E-17
3724.3102016493  8.391639E-17
3729.82889271223  7.917960E-17
3735.34758377516  8.656719E-17
3740.86627483809  5.600385E-17
3746.38496590102  6.306330E-17
3751.90365696395  7.164122E-17
3757.42234802688  7.125444E-17
3762.94103908981  5.332364E-17
3768.45973015274  5.986271E-17
3773.97842121567  6.806217E-17
3779.4971122786  6.820263E-17
3785.01580334153  6.917458E-17
3790.53449440446  7.214035E-17
3796.05318546739  7.317655E-17
3801.57187653032  6.820549E-17
3807.09056759325  8.952833E-17
3812.60925865618  6.909897E-17
3818.12794971911  7.966236E-17
3823.64664078204  8.102220E-17
3829.16533184497  8.036987E-17
3834.6840229079  7.595731E-17
3840.20271397083  6.891702E-17
3845.72140503376  6.208734E-17
3851.24009609669  5.877869E-17
3856.75878715962  6.259227E-17
3862.27747822255  6.994570E-17
3867.79616928548  7.645824E-17
3873.31486034841  7.122489E-17
3878.83355141134  6.319331E-17
3884.35224247427  6.266244E-17
3889.8709335372  5.573382E-17
3895.38962460013  6.854251E-17
3900.90831566306  6.526852E-17
3906.42700672599  4.216019E-17
3911.94569778892  5.895694E-17
3917.46438885185  6.596709E-17
3922.98307991478  8.019251E-17
3928.50177097771  1.001645E-16
3934.02046204064  8.956777E-17
3939.53915310357  6.989266E-17
3945.0578441665  5.159175E-17
3950.57653522943  5.946134E-17
3956.09522629236  7.255982E-17
3961.61391735529  6.928296E-17
3967.13260841822  6.244654E-17
3972.65129948115  6.090575E-17
3978.16999054408  6.199930E-17
3983.68868160701  6.523633E-17
3989.20737266994  7.251601E-17
3994.72606373287  5.692622E-17
4000.2447547958  6.782419E-17
4005.76344585873  4.626981E-17
4011.28213692166  7.240751E-17
4016.80082798459  5.827487E-17
4022.31951904752  4.703801E-17
4027.83821011045  5.654107E-17
4033.35690117338  7.636396E-17
4038.87559223631  6.310370E-17
4044.39428329924  5.778965E-17
4049.91297436217  7.257583E-17
4055.4316654251  6.019569E-17
4060.95035648803  5.537059E-17
4066.46904755096  5.130332E-17
4071.98773861389  4.944540E-17
4077.50642967682  4.758415E-17
4083.02512073975  7.114722E-17
4088.54381180268  5.439134E-17
4094.06250286561  5.362330E-17
4099.58119392855  5.662090E-17
4105.09988499147  6.341790E-17
4110.6185760544  5.792690E-17
4116.13726711733  6.440358E-17
4121.65595818026  5.948462E-17
4127.17464924319  6.567786E-17
4132.69334030612  5.798020E-17
4138.21203136905  6.965184E-17
4143.73072243198  6.126158E-17
4149.24941349491  6.732108E-17
4154.76810455784  7.349545E-17
4160.28679562077  6.471804E-17
4165.8054866837  6.158314E-17
4171.32417774663  5.958190E-17
4176.84286880956  6.296419E-17
4182.36155987249  7.736669E-17
4187.88025093542  6.522586E-17
4193.39894199835  6.001923E-17
4198.91763306128  5.232395E-17
4204.43632412421  6.488145E-17
4209.95501518714  6.357029E-17
4215.47370625007  5.477743E-17
4220.992397313  4.738871E-17
4226.51108837593  5.725704E-17
4232.02977943886  5.177170E-17
4237.54847050179  6.930011E-17
4243.06716156472  4.806194E-17
4248.58585262765  4.944876E-17
4254.10454369058  5.714677E-17
4259.62323475351  4.836591E-17
4265.14192581644  5.264743E-17
4270.66061687937  6.163383E-17
4276.1793079423  5.184565E-17
4281.69799900523  5.774187E-17
4287.21669006816  5.100165E-17
4292.73538113109  4.927575E-17
4298.25407219402  5.800848E-17
4303.77276325695  5.634348E-17
4309.29145431988  6.371330E-17
4314.81014538281  6.025428E-17
4320.32883644574  6.010498E-17
4325.84752750867  4.891494E-17
4331.3662185716  5.587380E-17
4336.88490963453  5.130998E-17
4342.40360069746  5.032776E-17
4347.92229176039  4.205209E-17
4353.44098282332  4.965248E-17
4358.95967388625  4.939936E-17
4364.47836494918  4.983920E-17
4369.99705601211  5.631583E-17
4375.51574707504  6.075205E-17
4381.03443813797  4.279598E-17
4386.5531292009  5.804834E-17
4392.07182026384  5.244501E-17
4397.59051132676  5.221248E-17
4403.1092023897  4.724999E-17
4408.62789345262  3.807143E-17
4414.14658451556  5.027616E-17
4419.66527557848  4.296040E-17
4425.18396664141  4.707508E-17
4430.70265770434  5.026072E-17
4436.22134876727  5.049444E-17
4441.7400398302  4.371311E-17
4447.25873089313  4.544858E-17
4452.77742195606  4.429971E-17
4458.29611301899  5.287633E-17
4463.81480408193  4.588049E-17
4469.33349514485  4.831932E-17
4474.85218620778  4.483652E-17
4480.37087727071  4.358540E-17
4485.88956833364  3.557339E-17
4491.40825939657  5.298513E-17
4496.9269504595  3.862346E-17
4502.44564152243  5.191050E-17
4507.96433258536  4.250211E-17
4513.48302364829  4.951734E-17
4519.00171471123  4.672586E-17
4524.52040577415  5.919891E-17
4530.03909683708  4.889724E-17
4535.55778790001  4.785595E-17
4541.07647896294  5.480865E-17
4546.59517002587  6.014547E-17
4552.1138610888  5.445814E-17
4557.63255215173  5.969895E-17
4563.15124321466  6.410509E-17
4568.6699342776  5.527735E-17
4574.18862534052  5.372162E-17
4579.70731640345  4.147417E-17
4585.22600746638  5.100171E-17
4590.74469852931  4.668167E-17
4596.26338959224  5.891301E-17
4601.78208065517  6.151796E-17
4607.3007717181  6.882145E-17
4612.81946278104  6.203496E-17
4618.33815384396  4.914789E-17
4623.85684490689  5.048871E-17
4629.37553596982  5.675232E-17
4634.89422703275  5.656550E-17
4640.41291809568  5.366219E-17
4645.93160915861  5.543938E-17
4651.45030022154  5.962074E-17
4656.96899128447  5.854495E-17
4662.4876823474  6.167780E-17
4668.00637341033  5.928281E-17
4673.52506447326  5.914356E-17
4679.04375553619  6.040962E-17
4684.56244659912  6.774870E-17
4690.08113766205  5.983497E-17
4695.59982872498  5.891960E-17
4701.11851978792  6.349111E-17
4706.63721085084  6.016338E-17
4712.15590191378  5.753091E-17
4717.6745929767  4.780108E-17
4723.19328403964  5.250302E-17
4728.71197510256  5.658042E-17
4734.23066616549  6.999142E-17
4739.74935722842  6.022570E-17
4745.26804829135  6.116201E-17
4750.78673935428  6.230230E-17
4756.30543041721  5.717059E-17
4761.82412148014  6.140336E-17
4767.34281254308  6.115309E-17
4772.861503606  6.151799E-17
4778.38019466893  6.617454E-17
4783.89888573186  5.990081E-17
4789.41757679479  6.445912E-17
4794.93626785772  6.945035E-17
4800.45495892066  6.351725E-17
4805.97364998358  5.916011E-17
4811.49234104652  6.163378E-17
4817.01103210944  6.241724E-17
4822.52972317238  6.784934E-17
4828.0484142353  5.860025E-17
4833.56710529823  6.587120E-17
4839.08579636116  6.735051E-17
4844.60448742409  7.107027E-17
4850.12317848702  6.460218E-17
4855.64186954995  6.457824E-17
4861.16056061289  6.734729E-17
4866.67925167581  5.811789E-17
4872.19794273875  6.270948E-17
4877.71663380167  5.533791E-17
4883.23532486461  6.121718E-17
4888.75401592753  5.909112E-17
4894.27270699047  6.125565E-17
4899.7913980534  5.990699E-17
4905.31008911632  6.614688E-17
4910.82878017926  6.098982E-17
4916.34747124219  7.328264E-17
4921.86616230512  6.391543E-17
4927.38485336804  6.282206E-17
4932.90354443098  5.732060E-17
4938.4222354939  5.221772E-17
4943.94092655683  5.931772E-17
4949.45961761976  6.017784E-17
4954.97830868269  5.536894E-17
4960.49699974563  5.810316E-17
4966.01569080856  5.837452E-17
4971.53438187148  4.405918E-17
4977.05307293442  6.146209E-17
4982.57176399734  6.455873E-17
4988.09045506028  5.106406E-17
4993.6091461232  5.310842E-17
4999.12783718614  6.139894E-17
5004.64652824906  6.099047E-17
5010.165219312  6.488268E-17
5015.68391037493  6.521512E-17
5021.20260143786  6.614926E-17
5026.72129250079  6.781696E-17
5032.23998356371  6.142004E-17
5037.75867462664  5.546694E-17
5043.27736568957  5.691545E-17
5048.79605675251  6.173395E-17
5054.31474781544  5.607483E-17
5059.83343887837  6.751612E-17
5065.3521299413  6.428855E-17
5070.87082100423  5.977639E-17
5076.38951206716  5.674579E-17
5081.90820313009  5.800505E-17
5087.42689419301  6.830777E-17
5092.94558525595  6.488032E-17
5098.46427631888  5.860469E-17
5103.98296738181  5.692213E-17
5109.50165844474  6.103220E-17
5115.02034950767  5.840332E-17
5120.5390405706  5.757395E-17
5126.05773163353  5.798567E-17
5131.57642269646  5.546245E-17
5137.09511375938  6.030286E-17
5142.61380482232  5.644084E-17
5148.13249588525  5.856875E-17
5153.65118694818  6.139374E-17
5159.16987801111  5.496135E-17
5164.68856907404  4.474788E-17
5170.20726013697  5.284532E-17
5175.7259511999  5.693759E-17
5181.24464226282  5.580956E-17
5186.76333332576  5.104962E-17
5192.28202438869  4.999962E-17
5197.80071545162  5.516315E-17
5203.31940651455  5.790121E-17
5208.83809757748  5.558339E-17
5214.35678864041  5.780364E-17
5219.87547970334  4.939949E-17
5225.39417076627  5.278963E-17
5230.9128618292  5.893857E-17
5236.43155289212  5.591634E-17
5241.95024395505  5.004337E-17
5247.46893501799  5.156055E-17
5252.98762608091  5.984153E-17
5258.50631714385  4.458754E-17
5264.02500820677  4.654203E-17
5269.54369926971  5.150076E-17
5275.06239033264  5.578343E-17
5280.58108139557  5.911838E-17
5286.09977245849  4.838664E-17
5291.61846352143  5.055887E-17
5297.13715458436  5.704746E-17
5302.65584564728  5.438904E-17
5308.17453671021  5.828125E-17
5313.69322777315  4.972404E-17
5319.21191883608  4.856967E-17
5324.73060989901  5.006086E-17
5330.24930096193  5.939322E-17
5335.76799202486  4.899033E-17
5341.2866830878  6.554512E-17
5346.80537415073  5.915131E-17
5352.32406521366  5.307009E-17
5357.84275627658  5.274228E-17
5363.36144733952  4.739750E-17
5368.88013840244  5.551239E-17
5374.39882946538  5.152668E-17
5379.91752052831  4.474285E-17
5385.43621159124  5.101626E-17
5390.95490265417  4.570509E-17
5396.4735937171  5.840489E-17
5401.99228478003  6.207157E-17
5407.51097584296  4.178313E-17
5413.02966690589  5.465152E-17
5418.54835796882  4.679784E-17
5424.06704903175  4.848972E-17
5429.58574009468  6.756583E-17
5435.1044311576  4.644420E-17
5440.62312222053  5.356479E-17
5446.14181328347  5.927790E-17
5451.66050434639  5.116662E-17
5457.17919540933  4.746256E-17
5462.69788647225  5.860669E-17
5468.21657753519  4.592138E-17
5473.73526859812  5.243331E-17
5479.25395966105  5.075282E-17
5484.77265072398  5.143411E-17
5490.29134178691  4.716121E-17
5495.81003284984  4.774303E-17
5501.32872391277  5.510660E-17
5506.84741497569  4.364762E-17
5512.36610603863  3.965109E-17
5517.88479710156  5.143534E-17
5523.40348816449  5.317465E-17
5528.92217922742  5.109138E-17
5534.44087029035  5.238739E-17
5539.95956135327  6.381569E-17
5545.47825241621  4.708638E-17
5550.99694347914  4.215467E-17
5556.51563454207  4.735832E-17
5562.034325605  4.713383E-17
5567.55301666793  5.636050E-17
5573.07170773086  6.603045E-17
5578.59039879379  6.037591E-17
5584.10908985672  4.020488E-17
5589.62778091965  3.669096E-17
5595.14647198258  3.956945E-17
5600.66516304551  4.693373E-17
5606.18385410844  5.557253E-17
5611.70254517137  4.679859E-17
5617.2212362343  5.882134E-17
5622.73992729723  4.707448E-17
5628.25861836016  4.888627E-17
5633.77730942309  4.789748E-17
5639.29600048601  4.128525E-17
5644.81469154895  5.654010E-17
5650.33338261187  4.747499E-17
5655.85207367481  4.374982E-17
5661.37076473774  4.616021E-17
5666.88945580067  4.929563E-17
5672.4081468636  4.496298E-17
5677.92683792653  4.675123E-17
5683.44552898946  4.924451E-17
5688.96422005239  5.224627E-17
5694.48291111532  5.398602E-17
5700.00160217825  4.848781E-17
5705.52029324118  4.496318E-17
5711.03898430411  4.859668E-17
5716.55767536704  4.500596E-17
5722.07636642997  5.391964E-17
5727.5950574929  5.326751E-17
5733.11374855583  4.017312E-17
5738.63243961876  3.379055E-17
5744.15113068169  4.108703E-17
5749.66982174462  4.367994E-17
5755.18851280755  5.338591E-17
5760.70720387048  5.166505E-17
5766.22589493341  4.252028E-17
5771.74458599634  4.479760E-17
5777.26327705927  4.494511E-17
5782.7819681222  4.568378E-17
5788.30065918513  4.984703E-17
5793.81935024806  4.708785E-17
5799.33804131099  4.378864E-17
5804.85673237392  5.015903E-17
5810.37542343685  4.227201E-17
5815.89411449978  5.105303E-17
5821.41280556271  5.008338E-17
5826.93149662564  4.332255E-17
5832.45018768857  5.234209E-17
5837.9688787515  5.119502E-17
5843.48756981443  4.023751E-17
5849.00626087736  4.678037E-17
5854.52495194029  4.759717E-17
5860.04364300322  4.897946E-17
5865.56233406615  4.938364E-17
5871.08102512908  6.095782E-17
5876.59971619201  5.795642E-17
5882.11840725494  4.646082E-17
5887.63709831787  4.957451E-17
5893.1557893808  5.729263E-17
5898.67448044373  4.775064E-17
5904.19317150666  4.043244E-17
5909.71186256959  4.977392E-17
5915.23055363252  4.542757E-17
5920.74924469545  4.985499E-17
5926.26793575838  5.167102E-17
5931.78662682131  4.997068E-17
5937.30531788424  4.463986E-17
5942.82400894717  4.007788E-17
5948.3427000101  4.713114E-17
5953.86139107303  5.177336E-17
5959.38008213596  4.546573E-17
5964.89877319889  4.789428E-17
5970.41746426182  5.348253E-17
5975.93615532475  4.830822E-17
5981.45484638768  4.871231E-17
5986.97353745061  4.653585E-17
5992.49222851354  4.629864E-17
5998.01091957647  4.830044E-17
6003.5296106394  4.439805E-17
6009.04830170233  4.803830E-17
6014.56699276526  4.375255E-17
6020.08568382819  4.013059E-17
6025.60437489112  3.620855E-17
6031.12306595405  3.480410E-17
6036.64175701698  4.728349E-17
6042.16044807991  3.960522E-17
6047.67913914284  3.676890E-17
6053.19783020577  3.689114E-17
6058.7165212687  3.446176E-17
6064.23521233163  4.029788E-17
6069.75390339456  4.033134E-17
6075.27259445749  4.305269E-17
6080.79128552042  3.712739E-17
6086.30997658335  4.088959E-17
6091.82866764628  4.138547E-17
6097.34735870921  3.513357E-17
6102.86604977214  4.212668E-17
6108.38474083507  3.251996E-17
6113.903431898  3.709860E-17
6119.42212296093  4.458680E-17
6124.94081402386  4.125565E-17
6130.45950508679  4.145260E-17
6135.97819614972  4.700944E-17
6141.49688721265  4.861399E-17
6147.01557827558  4.737829E-17
6152.53426933851  3.611043E-17
6158.05296040144  3.784909E-17
6163.57165146437  4.219493E-17
6169.0903425273  4.067646E-17
6174.60903359023  3.624514E-17
6180.12772465316  4.624307E-17
6185.64641571609  5.147599E-17
6191.16510677902  3.577166E-17
6196.68379784195  3.851193E-17
6202.20248890488  3.964107E-17
6207.72117996781  4.320908E-17
6213.23987103074  4.062733E-17
6218.75856209367  3.871145E-17
6224.2772531566  3.296156E-17
6229.79594421953  4.006330E-17
6235.31463528246  3.483765E-17
6240.83332634539  3.604161E-17
6246.35201740832  4.596599E-17
6251.87070847125  4.441003E-17
6257.38939953418  4.081064E-17
6262.90809059711  4.101203E-17
6268.42678166004  4.452568E-17
6273.94547272297  3.796445E-17
6279.4641637859  3.691440E-17
6284.98285484883  4.497449E-17
6290.50154591176  3.621221E-17
6296.02023697469  3.503549E-17
6301.53892803762  4.352324E-17
6307.05761910055  3.354831E-17
6312.57631016348  3.830695E-17
6318.09500122641  4.619281E-17
6323.61369228934  3.822062E-17
6329.13238335227  3.799784E-17
6334.6510744152  4.126352E-17
6340.16976547813  4.269673E-17
6345.68845654106  3.910971E-17
6351.20714760398  4.109454E-17
6356.72583866692  3.546266E-17
6362.24452972985  3.949981E-17
6367.76322079278  3.210123E-17
6373.28191185571  4.803024E-17
6378.80060291864  3.031752E-17
6384.31929398157  3.479775E-17
6389.8379850445  3.638985E-17
6395.35667610743  3.261296E-17
6400.87536717036  2.593960E-17
6406.39405823329  3.412504E-17
6411.91274929622  3.088522E-17
6417.43144035915  3.106923E-17
6422.95013142208  4.186744E-17
6428.46882248501  4.142793E-17
6433.98751354794  3.248720E-17
6439.50620461087  3.266258E-17
6445.0248956738  3.729784E-17
6450.54358673673  3.897282E-17
6456.06227779966  3.405913E-17
6461.58096886259  3.330238E-17
6467.09965992552  2.981672E-17
6472.61835098845  3.368952E-17
6478.13704205138  3.738717E-17
6483.65573311431  3.482265E-17
6489.17442417724  3.723201E-17
6494.69311524017  2.874213E-17
6500.2118063031  2.989198E-17
6505.73049736603  3.742723E-17
6511.24918842896  3.453791E-17
6516.76787949189  3.365098E-17
6522.28657055482  3.428373E-17
6527.80526161775  3.056828E-17
6533.32395268068  3.025538E-17
6538.84264374361  3.837829E-17
6544.36133480654  3.160323E-17
6549.88002586947  2.772484E-17
6555.3987169324  3.234526E-17
6560.91740799533  3.633136E-17
6566.43609905826  3.856348E-17
6571.95479012119  2.715245E-17
6577.47348118412  3.751462E-17
6582.99217224705  3.571588E-17
6588.51086330998  3.420691E-17
6594.02955437291  3.552430E-17
6599.54824543584  3.323040E-17
6605.06693649877  2.560605E-17
6610.5856275617  3.402315E-17
6616.10431862463  3.933480E-17
6621.62300968756  3.145519E-17
6627.14170075049  3.147972E-17
6632.66039181342  2.661847E-17
6638.17908287635  3.417260E-17
6643.69777393928  3.449292E-17
6649.21646500221  3.908028E-17
6654.73515606514  3.863562E-17
6660.25384712807  3.288390E-17
6665.772538191  3.719555E-17
6671.29122925393  3.531041E-17
6676.80992031686  2.877763E-17
6682.32861137979  3.542993E-17
6687.84730244272  3.878974E-17
6693.36599350565  3.834474E-17
6698.88468456858  3.429885E-17
6704.40337563151  2.493753E-17
6709.92206669444  3.111544E-17
6715.44075775737  3.882196E-17
6720.9594488203  3.483382E-17
6726.47813988323  3.612659E-17
6731.99683094616  3.417548E-17
6737.51552200909  3.811752E-17
6743.03421307202  3.025571E-17
6748.55290413495  3.413087E-17
6754.07159519788  3.316579E-17
6759.59028626081  3.170059E-17
6765.10897732374  3.243252E-17
6770.62766838667  3.258085E-17
6776.1463594496  3.062029E-17
6781.66505051253  3.932867E-17
6787.18374157546  4.060292E-17
6792.70243263839  3.246652E-17
6798.22112370132  3.168903E-17
6803.73981476425  2.953618E-17
6809.25850582718  2.910412E-17
6814.77719689011  3.734604E-17
6820.29588795304  3.148508E-17
6825.81457901597  2.275274E-17
6831.3332700789  4.124843E-17
6836.85196114183  4.414655E-17
6842.37065220476  3.217595E-17
6847.88934326769  3.095679E-17
6853.40803433062  2.608703E-17
6858.92672539355  3.411834E-17
6864.44541645648  3.518637E-17
6869.96410751941  2.919508E-17
6875.48279858234  2.797906E-17
6881.00148964527  3.550308E-17
6886.5201807082  3.474506E-17
6892.03887177113  3.327435E-17
6897.55756283406  3.191379E-17
6903.07625389699  3.069643E-17
6908.59494495992  3.686503E-17
6914.11363602285  3.308161E-17
6919.63232708578  3.021850E-17
6925.15101814871  3.183666E-17
6930.66970921164  3.048007E-17
6936.18840027457  3.114490E-17
6941.7070913375  2.833687E-17
6947.22578240043  3.100681E-17
6952.74447346336  3.481133E-17
6958.26316452629  3.209154E-17
6963.78185558922  3.175867E-17
6969.30054665215  3.098601E-17
6974.81923771508  3.169305E-17
6980.33792877801  2.919109E-17
6985.85661984094  3.780733E-17
6991.37531090387  2.990826E-17
6996.8940019668  3.336162E-17
7002.41269302973  3.073727E-17
7007.93138409266  3.343433E-17
7013.45007515559  3.581383E-17
7018.96876621852  3.248184E-17
7024.48745728145  3.101539E-17
7030.00614834438  3.142478E-17
7035.52483940731  3.423181E-17
7041.04353047024  4.157140E-17
7046.56222153317  3.740786E-17
7052.0809125961  3.438290E-17
7057.59960365903  3.281455E-17
7063.11829472196  3.223953E-17
7068.63698578489  3.850146E-17
7074.15567684782  3.828392E-17
7079.67436791075  3.116204E-17
7085.19305897368  3.968033E-17
7090.71175003661  3.083917E-17
7096.23044109954  3.010614E-17
7101.74913216247  3.951589E-17
7107.2678232254  3.858286E-17
7112.78651428833  3.239889E-17
7118.30520535126  2.953257E-17
7123.82389641419  3.344561E-17
7129.34258747712  3.592107E-17
7134.86127854005  2.900080E-17
7140.37996960298  3.149201E-17
7145.89866066591  3.387287E-17
7151.41735172884  3.286384E-17
7156.93604279177  2.711716E-17
7162.4547338547  2.884760E-17
7167.97342491763  2.672119E-17
7173.49211598056  2.952936E-17
7179.01080704349  2.999669E-17
7184.52949810642  3.608473E-17
7190.04818916935  2.958851E-17
7195.56688023228  2.755228E-17
7201.08557129521  3.696119E-17
7206.60426235814  2.898833E-17
7212.12295342107  2.790793E-17
7217.641644484  2.970334E-17
7223.16033554693  2.860381E-17
7228.67902660986  3.037021E-17
7234.19771767279  3.257728E-17
7239.71640873572  3.465048E-17
7245.23509979865  2.612634E-17
7250.75379086158  2.966449E-17
7256.27248192451  3.718357E-17
7261.79117298744  3.308963E-17
7267.30986405037  3.772586E-17
7272.8285551133  3.157409E-17
7278.34724617623  2.685276E-17
7283.86593723916  2.987716E-17
7289.38462830209  3.195387E-17
7294.90331936502  2.796138E-17
7300.42201042795  2.409889E-17
7305.94070149088  2.786479E-17
7311.45939255381  2.663395E-17
7316.97808361674  2.125879E-17
7322.49677467967  2.891855E-17
7328.0154657426  2.255808E-17
7333.53415680553  2.907925E-17
7339.05284786846  3.016985E-17
7344.57153893139  2.537840E-17
7350.09022999432  2.631499E-17
7355.60892105725  2.107663E-17
7361.12761212018  2.332462E-17
7366.64630318311  3.139219E-17
7372.16499424604  2.925569E-17
7377.68368530897  3.639980E-17
7383.2023763719  2.516456E-17
7388.72106743483  2.419063E-17
7394.23975849776  2.646872E-17
7399.75844956069  2.521371E-17
7405.27714062362  2.846350E-17
7410.79583168655  2.937885E-17
7416.31452274948  2.453950E-17
7421.83321381241  2.077727E-17
7427.35190487534  2.914077E-17
7432.87059593827  2.633718E-17
7438.3892870012  3.053028E-17
7443.90797806413  2.465379E-17
7449.42666912706  2.495399E-17
7454.94536018999  1.872440E-17
7460.46405125292  2.470439E-17
7465.98274231585  3.006875E-17
7471.50143337878  3.205519E-17
7477.02012444171  2.748189E-17
7482.53881550464  3.095223E-17
7488.05750656757  2.703055E-17
7493.5761976305  2.458727E-17
7499.09488869343  3.072957E-17
7504.61357975636  3.081041E-17
7510.13227081929  3.014061E-17
7515.65096188222  2.819533E-17
7521.16965294515  2.851505E-17
7526.68834400808  2.424405E-17
7532.20703507101  2.722530E-17
7537.72572613394  2.363561E-17
7543.24441719687  3.531472E-17
7548.7631082598  2.260678E-17
7554.28179932273  2.170153E-17
7559.80049038566  2.644931E-17
7565.31918144859  1.570378E-17
7570.83787251152  3.363299E-17
7576.35656357445  3.012951E-17
7581.87525463738  2.251986E-17
7587.39394570031  3.541964E-17
7592.91263676324  3.557679E-17
7598.43132782617  4.739935E-17
7603.9500188891  6.872094E-17
7609.46870995203  3.788665E-17
7614.98740101496  3.325835E-17
7620.50609207789  2.506024E-17
7626.02478314082  3.646832E-17
7631.54347420375  4.234585E-17
7637.06216526668  2.645362E-17
7642.58085632961  2.686099E-17
7648.09954739254  2.625691E-17
7653.61823845547  2.370734E-17
7659.1369295184  1.995952E-17
7664.65562058133  2.571856E-17
7670.17431164426  2.940954E-17
7675.69300270719  3.013029E-17
7681.21169377012  2.660053E-17
7686.73038483305  1.726430E-17
7692.24907589598  1.898210E-17
7697.76776695891  2.346264E-17
7703.28645802184  2.054556E-17
7708.80514908477  2.992342E-17
7714.3238401477  2.795665E-17
7719.84253121063  2.048320E-17
7725.36122227356  1.517731E-17
7730.87991333649  1.989776E-17
7736.39860439942  2.656953E-17
7741.91729546235  3.278138E-17
7747.43598652528  2.270893E-17
7752.95467758821  2.512939E-17
7758.47336865114  2.825855E-17
7763.99205971407  2.394121E-17
7769.510750777  2.198313E-17
7775.02944183993  2.140623E-17
7780.54813290286  2.919965E-17
7786.06682396579  3.012137E-17
7791.58551502872  2.538781E-17
7797.10420609165  2.369593E-17
7802.62289715458  2.699005E-17
7808.14158821751  2.274974E-17
7813.66027928044  2.675940E-17
7819.17897034337  3.375596E-17
7824.6976614063  1.380824E-17
7830.21635246923  1.973914E-17
7835.73504353216  1.581260E-17
7841.25373459509  2.582365E-17
7846.77242565802  1.517558E-17
7852.29111672095  1.700305E-17
7857.80980778388  2.085781E-17
7863.32849884681  1.044348E-17
7868.84718990974  2.728197E-17
7874.36588097267  1.998370E-17
7879.8845720356  2.379322E-17
7885.40326309853  2.296119E-17
7890.92195416146  2.982411E-17
7896.44064522439  2.484547E-17
7901.95933628732  1.761856E-17
7907.47802735025  1.250480E-17
7912.99671841318  1.944326E-17
7918.51540947611  1.867195E-17
7924.03410053904  1.999781E-17
7929.55279160197  1.850931E-17
7935.0714826649  1.389304E-17
7940.59017372783  2.725885E-17
7946.10886479076  2.045105E-17
7951.62755585369  2.287440E-17
7957.14624691662  2.379589E-17
7962.66493797955  2.274947E-17
7968.18362904248  2.547033E-17
7973.70232010541  1.861026E-17
7979.22101116834  2.069361E-17
7984.73970223127  2.030675E-17
7990.2583932942  2.281809E-17
7995.77708435713  2.133183E-17
8001.29577542006  1.330180E-17
8006.81446648299  1.060807E-17
8012.33315754592  1.835699E-17
8017.85184860885  1.980199E-17
8023.37053967178  1.155411E-17
8028.88923073471  1.355272E-17
8034.40792179764  1.306997E-17
8039.92661286057  1.676324E-17
8045.4453039235  1.633261E-17
8050.96399498643  1.486300E-17
8056.48268604936  2.523899E-17
8062.00137711229  2.175221E-17
8067.52006817522  1.883550E-17
8073.03875923815  2.238522E-17
8078.55745030108  1.937792E-17
8084.07614136401  1.925355E-17
8089.59483242694  2.089484E-17
8095.11352348987  2.435862E-17
8100.6322145528  1.645175E-17
8106.15090561573  7.765650E-18
8111.66959667866  2.083672E-17
8117.18828774159  1.931988E-17
8122.70697880452  2.101085E-17
8128.22566986745  2.326457E-17
8133.74436093038  1.964588E-17
8139.26305199331  1.918528E-17
8144.78174305624  1.929869E-17
8150.30043411917  1.349617E-17
8155.8191251821  2.487420E-17
8161.33781624503  2.429640E-17
8166.85650730796  1.484089E-17
8172.37519837089  2.117945E-17
8177.89388943382  2.673296E-17
8183.41258049675  2.466697E-17
8188.93127155968  2.427660E-17
8194.44996262261  1.776304E-17
8199.96865368554  2.439386E-17
8205.48734474847  2.589024E-17
8211.0060358114  1.748957E-17
8216.52472687433  1.664006E-17
8222.04341793726  1.639212E-17
8227.56210900019  1.746542E-17
8233.08080006312  1.588572E-17
8238.59949112605  2.380703E-17
8244.11818218898  7.603491E-18
8249.63687325191  2.210054E-17
8255.15556431484  1.715875E-17
8260.67425537777  1.262699E-17
8266.1929464407  1.745127E-17
8271.71163750363  2.223725E-17
8277.23032856656  1.573645E-17
8282.74901962949  2.224842E-17
8288.26771069242  2.433224E-17
8293.78640175535  2.654749E-17
8299.30509281828  2.837750E-17
8304.82378388121  3.618712E-17
8310.34247494414  2.672231E-17
8315.86116600707  2.254163E-17
8321.37985707  2.063925E-17
8326.89854813293  2.067257E-17
8332.41723919586  1.974266E-17
8337.93593025879  1.207717E-17
8343.45462132172  1.731512E-17
8348.97331238465  3.018589E-17
8354.49200344758  2.895132E-17
8360.01069451051  2.008139E-17
8365.52938557344  1.715492E-17
8371.04807663637  1.310201E-17
8376.5667676993  2.165698E-17
8382.08545876223  2.417363E-17
8387.60414982516  1.243016E-17
8393.12284088809  1.180497E-17
8398.64153195102  1.913321E-17
8404.16022301395  1.448079E-17
8409.67891407688  1.462989E-17
8415.19760513981  1.390262E-17
8420.71629620274  9.367638E-18
8426.23498726567  1.860329E-17
8431.7536783286  1.910558E-17
8437.27236939153  6.707864E-18
8442.79106045446  1.475079E-17
8448.30975151739  3.137316E-17
8453.82844258032  1.776348E-17
8459.34713364325  2.806226E-17
8464.86582470618  2.597501E-17
8470.38451576911  1.938483E-17
8475.90320683204  7.576628E-18
8481.42189789497  8.787518E-18
8486.9405889579  2.189674E-17
8492.45928002083  2.403684E-17
8497.97797108376  2.430874E-17
8503.49666214669  2.089343E-17
8509.01535320962  1.918038E-17
8514.53404427255  2.613035E-17
8520.05273533548  2.486955E-17
8525.57142639841  1.868021E-17
8531.09011746134  2.632824E-17
8536.60880852427  2.875596E-17
8542.1274995872  2.545230E-17
8547.64619065013  2.170235E-17
8553.16488171306  1.541885E-17
8558.68357277599  1.532368E-17
8564.20226383892  1.953046E-17
8569.72095490185  6.131787E-18
8575.23964596478  2.547305E-17
8580.75833702771  3.643491E-17
8586.27702809064  1.819079E-17
8591.79571915357  2.120504E-17
8597.3144102165  2.211075E-17
8602.83310127943  3.062111E-17
8608.35179234236  1.847534E-17
8613.87048340529  2.035013E-17
8619.38917446822  1.919851E-17
8624.90786553115  2.173002E-17
8630.42655659408  3.308054E-17
8635.94524765701  2.643750E-17
8641.46393871994  2.163762E-17
8646.98262978287  1.763445E-17
8652.5013208458  1.609935E-17
8658.02001190873  2.317241E-17
8663.53870297166  1.614411E-17
8669.05739403459  8.338421E-18
8674.57608509752  1.941266E-17
8680.09477616045  1.813827E-17
8685.61346722338  1.900103E-17
8691.13215828631  2.426105E-17
8696.65084934924  2.292005E-17
8702.16954041217  2.376474E-17
8707.6882314751  1.881660E-17
8713.20692253803  2.365692E-17
8718.72561360096  2.038632E-17
8724.24430466389  2.270919E-17
8729.76299572682  1.554374E-17
8735.28168678975  2.866165E-17
8740.80037785268  2.093437E-17
8746.31906891561  7.485585E-18
8751.83775997854  2.257950E-17
8757.35645104147  2.603446E-17
8762.8751421044  2.434057E-17
8768.39383316733  9.502977E-18
8773.91252423026  2.443688E-17
8779.43121529319  2.155404E-17
8784.94990635612  1.845745E-17
8790.46859741905  -2.755633E-18
8795.98728848198  8.433860E-18
8801.50597954491  2.987353E-17
8807.02467060784  1.565245E-17
8812.54336167077  1.546373E-17
8818.0620527337  2.451793E-17
8823.58074379663  3.178271E-17
8829.09943485956  3.275909E-17
8834.61812592249  5.871078E-18
8840.13681698542  1.805877E-18
8845.65550804835  1.683239E-17
8851.17419911128  1.092680E-17
8856.69289017421  2.977398E-17
8862.21158123714  2.360673E-17
8867.73027230007  1.553544E-17
8873.248963363  1.143934E-17
8878.76765442593  9.108844E-18
8884.28634548886  8.899568E-18
8889.80503655179  2.314968E-17
8895.32372761472  1.271663E-18
8900.84241867765  2.886867E-17
8906.36110974058  2.499842E-17
8911.87980080351  1.297317E-17
8917.39849186644  5.640475E-18
8922.91718292937  2.854852E-17
8928.4358739923  1.353674E-17
8933.95456505523  1.716936E-17
8939.47325611816  1.095057E-17
8944.99194718109  2.164522E-17
8950.51063824402  4.226570E-18
8956.02932930695  2.551611E-17
8961.54802036988  2.188361E-17
8967.06671143281  1.010756E-17
8972.58540249574  1.328986E-17
8978.10409355867  1.369562E-17
8983.6227846216  1.827386E-17
8989.14147568453  1.534683E-17
8994.66016674746  3.444951E-18
9000.17885781039  8.575389E-18
9005.69754887332  1.471105E-17
9011.21623993625  1.664557E-17
9016.73493099918  1.305733E-17
9022.25362206211  2.021115E-17
9027.77231312504  1.654323E-17
9033.29100418797  9.792358E-18
9038.8096952509  1.227999E-17
9044.32838631383  1.163820E-17
9049.84707737676  3.123000E-17
9055.36576843969  3.127485E-17
9060.88445950262  1.556764E-18
9066.40315056555  3.496733E-18
9071.92184162848  1.718685E-17
9077.44053269141  9.497525E-18
9082.95922375434  1.244736E-17
9088.47791481727  1.122688E-17
9093.9966058802  1.516740E-17
9099.51529694313  1.668231E-17
9105.03398800606  1.411812E-17
9110.55267906899  3.308645E-17
9116.07137013192  2.221902E-17
9121.59006119485  2.393050E-17
9127.10875225778  8.093950E-18
9132.62744332071  1.050041E-17
9138.14613438364  8.016269E-18
9143.66482544657  6.661715E-18
9149.1835165095  -4.188310E-19
9154.70220757243  -4.145243E-18
9160.22089863536  1.476599E-17
9165.73958969829  1.546719E-17
9171.25828076122  2.743143E-19
9176.77697182415  1.871652E-17
9182.29566288708  2.510489E-17
9187.81435395001  2.224134E-17
9193.33304501294  2.271508E-17
9198.85173607587  1.390555E-17
9204.3704271388  1.079679E-17
9209.88911820173  1.825566E-17
9215.40780926466  2.132860E-17
9220.92650032759  5.267962E-18
9226.44519139052  4.802583E-18
9231.96388245345  1.393195E-17
9237.48257351638  1.069020E-17
9243.00126457931  1.102761E-17
9248.51995564224  2.798458E-17
9254.03864670517  1.705806E-17
9259.5573377681  2.450520E-17
9265.07602883103  2.180340E-17
