3.280672965894899789e+03 4.382970397380601003e-16
3.285507830582613678e+03 -3.016632932169917855e-16
3.290342695270328022e+03 2.864018241502782258e-16
3.295177559958041911e+03 5.739407370926861464e-16
3.300012424645756255e+03 1.118916653158419459e-15
3.304847289333470144e+03 4.101351794753247413e-16
3.309682154021184488e+03 6.999396540887316991e-17
3.314517018708898377e+03 5.501473169065168329e-16
3.319351883396612720e+03 -9.634716018980336166e-16
3.324186748084326609e+03 -7.406698951019447734e-17
3.329021612772040953e+03 7.706253873351605159e-16
3.333856477459754842e+03 3.122442170358556918e-16
3.338691342147469186e+03 -3.223542434756054105e-16
3.343526206835183075e+03 7.356481146903598445e-16
3.348361071522897419e+03 -4.243763444175112929e-17
3.353195936210611308e+03 -8.940309938491788205e-16
3.358030800898325651e+03 -6.701428746540077312e-16
3.362865665586039540e+03 6.093318912113389503e-16
3.367700530273753884e+03 2.315537673678225074e-16
3.372535394961467773e+03 1.131413406685294982e-16
3.377370259649182117e+03 6.246833575286982795e-17
3.382205124336896006e+03 1.072080813372940176e-15
3.387039989024610350e+03 -5.521163244017482591e-17
3.391874853712324239e+03 2.644819879038762213e-16
3.396709718400038582e+03 7.308682018898854209e-16
3.401544583087752471e+03 3.385874975608360680e-16
3.406379447775466815e+03 4.635589503569723536e-16
3.411214312463180704e+03 8.701757931974191465e-16
3.416049177150895048e+03 6.684319739796724513e-16
3.420884041838608937e+03 5.592439743039951880e-16
3.425718906526323281e+03 -4.368273052256758807e-16
3.430553771214037170e+03 -2.156405726226457678e-16
3.435388635901751513e+03 -1.370322788314739133e-17
3.440223500589465402e+03 6.420734203918618960e-16
3.445058365277179746e+03 8.762523546214622937e-16
3.449893229964893635e+03 4.026298852275004029e-16
3.454728094652607979e+03 2.200336825338005948e-16
3.459562959340321868e+03 6.822037767899617137e-16
3.464397824028035757e+03 6.272259122083392738e-17
3.469232688715750101e+03 3.139258156641718932e-16
3.474067553403463990e+03 2.994361524310846113e-16
3.478902418091178333e+03 4.656250225340032023e-16
3.483737282778892222e+03 5.488271101791025990e-16
3.488572147466606566e+03 3.359613777869925166e-16
3.493407012154320455e+03 3.867238240879263206e-16
3.498241876842034799e+03 -9.271201771149904531e-17
3.503076741529748688e+03 4.520248497746513425e-16
3.507911606217463031e+03 3.316519123793790517e-16
3.512746470905176920e+03 9.498188072168335834e-16
3.517581335592891264e+03 4.538199772876792219e-16
3.522416200280605153e+03 3.651917171731299721e-16
3.527251064968319497e+03 8.848992904635078188e-16
3.532085929656033386e+03 8.428752860327026059e-16
3.536920794343747730e+03 3.406968213577360894e-16
3.541755659031461619e+03 4.355230597753614701e-16
3.546590523719175962e+03 1.880078697239279313e-16
3.551425388406889851e+03 2.990846866975332800e-16
3.556260253094604195e+03 7.807877709989623910e-16
3.561095117782318084e+03 2.790370050228000928e-16
3.565929982470032428e+03 5.239425196509676344e-17
3.570764847157746317e+03 6.356334818334466539e-16
3.575599711845460661e+03 5.430261521002723198e-16
3.580434576533174550e+03 4.500428985571946865e-16
3.585269441220888893e+03 4.552382280787381410e-16
3.590104305908602782e+03 5.187082067615157808e-16
3.594939170596317126e+03 3.853591746005608377e-16
3.599774035284031015e+03 2.442701141862737083e-16
3.604608899971745359e+03 2.820115200357611786e-16
3.609443764659459248e+03 4.952751461548439687e-16
3.614278629347173592e+03 4.639276214472647878e-16
3.619113494034887481e+03 3.355194912863217888e-16
3.623948358722601370e+03 1.538050498907137073e-16
3.628783223410315713e+03 4.287591840541806615e-16
3.633618088098030057e+03 4.288552428843552195e-16
3.638452952785743946e+03 4.468019387427629198e-16
3.643287817473457835e+03 3.921502083156129873e-16
3.648122682161172179e+03 2.371017802327789713e-16
3.652957546848886523e+03 3.254631720293839131e-16
3.657792411536600412e+03 3.502550852416884365e-16
3.662627276224314301e+03 2.435977288448314040e-16
3.667462140912028644e+03 3.883518214125490859e-16
3.672297005599742533e+03 4.041950697651283415e-16
3.677131870287456877e+03 4.070072456197922203e-16
3.681966734975170766e+03 3.161684412711460602e-16
3.686801599662885110e+03 3.455255179620164404e-16
3.691636464350598999e+03 3.037530029072069496e-16
3.696471329038313343e+03 3.146113829558558426e-16
3.701306193726027232e+03 4.202326592395432556e-16
3.706141058413741575e+03 3.932866088934730379e-16
3.710975923101455464e+03 4.175255154703389100e-16
3.715810787789169808e+03 4.159237496973014264e-16
3.720645652476883697e+03 4.941358339012277313e-16
3.725480517164598041e+03 4.317998205765867861e-16
3.730315381852311930e+03 3.860084782941904623e-16
3.735150246540026274e+03 3.863072691663344167e-16
3.739985111227740163e+03 4.653997117700335584e-16
3.744819975915454506e+03 5.010838334093179434e-16
3.749654840603168395e+03 4.548596572908746721e-16
3.754489705290882739e+03 3.522840732574973079e-16
3.759324569978596628e+03 4.188464633515819914e-16
3.764159434666310972e+03 4.231542876328601510e-16
3.768994299354024861e+03 4.712698089131834699e-16
3.773829164041739205e+03 4.752556283256069870e-16
3.778664028729453094e+03 3.802634773294381702e-16
3.783498893417167437e+03 3.924668927587676888e-16
3.788333758104881326e+03 4.173303273155559972e-16
3.793168622792595670e+03 4.248837436226962205e-16
3.798003487480309559e+03 4.438976745248647375e-16
3.802838352168023448e+03 4.858708569788346924e-16
3.807673216855737792e+03 4.110481486435668685e-16
3.812508081543452136e+03 3.807252691043693741e-16
3.817342946231166025e+03 4.358235182436203314e-16
3.822177810918879914e+03 3.656304273002484962e-16
3.827012675606594257e+03 3.601475565628918084e-16
3.831847540294308601e+03 3.756133723281304682e-16
3.836682404982022490e+03 4.153850632126272931e-16
3.841517269669736379e+03 4.313088326347549106e-16
3.846352134357450723e+03 3.944776430964309910e-16
3.851186999045165066e+03 3.867296474394386939e-16
3.856021863732878955e+03 4.370312548775069552e-16
3.860856728420592844e+03 3.907758973586928850e-16
3.865691593108307188e+03 3.951783246322675093e-16
3.870526457796021077e+03 4.111698831599550725e-16
3.875361322483735421e+03 4.017315538473780140e-16
3.880196187171449310e+03 3.396872639637273702e-16
3.885031051859163654e+03 4.221703000459466710e-16
3.889865916546877543e+03 3.830842293926929988e-16
3.894700781234591886e+03 3.964038754278260751e-16
3.899535645922305775e+03 3.806555212351189028e-16
3.904370510610020119e+03 3.602003637731971937e-16
3.909205375297734008e+03 3.532957482338741628e-16
3.914040239985448352e+03 3.957503100996805773e-16
3.918875104673162241e+03 3.750574540169356302e-16
3.923709969360876585e+03 3.639675428061106945e-16
3.928544834048590474e+03 3.572317515210872863e-16
3.933379698736304817e+03 3.694106824042852353e-16
3.938214563424018706e+03 3.368885876966603568e-16
3.943049428111733050e+03 3.939475328203478075e-16
3.947884292799446939e+03 3.895008216054995443e-16
3.952719157487161283e+03 3.888020458937943482e-16
3.957554022174875172e+03 4.054781393917613946e-16
3.962388886862589061e+03 4.238594690312289578e-16
3.967223751550303405e+03 4.508291039509242874e-16
3.972058616238017748e+03 4.445051559667236810e-16
3.976893480925731637e+03 4.293092790138631262e-16
3.981728345613445526e+03 4.506883906025616667e-16
3.986563210301159870e+03 4.722700489447723918e-16
3.991398074988874214e+03 4.474481190023995442e-16
3.996232939676588103e+03 4.421744389332350669e-16
4.001067804364301992e+03 4.589344151627598907e-16
4.005902669052016336e+03 4.306086010851716212e-16
4.010737533739730679e+03 4.100206447389881988e-16
4.015572398427444568e+03 4.600382579117098542e-16
4.020407263115158457e+03 4.439127887690173064e-16
4.025242127802872801e+03 4.616005043038020044e-16
4.030076992490587145e+03 4.675794451806740935e-16
4.034911857178301034e+03 4.271056698620218604e-16
4.039746721866014923e+03 4.406484296694176397e-16
4.044581586553729267e+03 4.745214625185743221e-16
4.049416451241443156e+03 4.760955144323688291e-16
4.054251315929157499e+03 4.527674329715973469e-16
4.059086180616871388e+03 4.479580857762058364e-16
4.063921045304585732e+03 4.530276309050820273e-16
4.068755909992299621e+03 4.331670641023532354e-16
4.073590774680013965e+03 4.087879206331575732e-16
4.078425639367727854e+03 4.317348637374442220e-16
4.083260504055442198e+03 4.388161650556085796e-16
4.088095368743156087e+03 4.153245797662374157e-16
4.092930233430870430e+03 4.323587829124358193e-16
4.097765098118584319e+03 4.220740029877556978e-16
4.102599962806298208e+03 4.110576512944438777e-16
4.107434827494013007e+03 3.999863218688993333e-16
4.112269692181726896e+03 4.086543541252874107e-16
4.117104556869440785e+03 4.379979312285609255e-16
4.121939421557154674e+03 3.977245586112731395e-16
4.126774286244868563e+03 3.976222793828921827e-16
4.131609150932583361e+03 4.089420541597782541e-16
4.136444015620297250e+03 3.820145061896496226e-16
4.141278880308011139e+03 4.080286614750624997e-16
4.146113744995725938e+03 4.303044103779889206e-16
4.150948609683439827e+03 4.189463073602395921e-16
4.155783474371153716e+03 4.204187947297023881e-16
4.160618339058867605e+03 4.199873637919743306e-16
4.165453203746581494e+03 4.221828996610370787e-16
4.170288068434296292e+03 4.029432080086456890e-16
4.175122933122010181e+03 4.024041509470571319e-16
4.179957797809724070e+03 4.074595876834056184e-16
4.184792662497438869e+03 4.124617142836362873e-16
4.189627527185152758e+03 3.903646893325805238e-16
4.194462391872866647e+03 4.162821240433288005e-16
4.199297256560580536e+03 4.171721703824358583e-16
4.204132121248294425e+03 3.863755876674863964e-16
4.208966985936009223e+03 3.947787897789594965e-16
4.213801850623723112e+03 3.943924104061135270e-16
4.218636715311437001e+03 3.989866377026820470e-16
4.223471579999150890e+03 3.888492944503833771e-16
4.228306444686865689e+03 3.907561509031100191e-16
4.233141309374579578e+03 3.873289761891803148e-16
4.237976174062293467e+03 3.577436770585841041e-16
4.242811038750007356e+03 3.611986185713159884e-16
4.247645903437722154e+03 3.817416027619561277e-16
4.252480768125436043e+03 3.612507640371313312e-16
4.257315632813149932e+03 3.455701989499841047e-16
4.262150497500863821e+03 3.606450296007260997e-16
4.266985362188578620e+03 3.475709437109579655e-16
4.271820226876292509e+03 3.503406355693611208e-16
4.276655091564006398e+03 3.348712463838762320e-16
4.281489956251720287e+03 3.387980911273471684e-16
4.286324820939435085e+03 3.393358776395148440e-16
4.291159685627148974e+03 3.534338410740562155e-16
4.295994550314862863e+03 3.625958788271507619e-16
4.300829415002576752e+03 3.533594080538162438e-16
4.305664279690290641e+03 3.343495005581471847e-16
4.310499144378005440e+03 3.423291597262135329e-16
4.315334009065719329e+03 3.630664850386893308e-16
4.320168873753433218e+03 3.880125053078349335e-16
4.325003738441148016e+03 3.825454370289004587e-16
4.329838603128861905e+03 3.429946364551797943e-16
4.334673467816575794e+03 3.375755843564427977e-16
4.339508332504289683e+03 3.645625569817772388e-16
4.344343197192003572e+03 3.628840553176744359e-16
4.349178061879718371e+03 3.828122524072855633e-16
4.354012926567432260e+03 3.849694070959258510e-16
4.358847791255146149e+03 3.888064398772082299e-16
4.363682655942860947e+03 3.854806444191530247e-16
4.368517520630574836e+03 4.276268862921588738e-16
4.373352385318288725e+03 3.953492664689352678e-16
4.378187250006002614e+03 3.954063353137565262e-16
4.383022114693716503e+03 4.019142747359685276e-16
4.387856979381431302e+03 4.073482293206212796e-16
4.392691844069145191e+03 4.158419580783321830e-16
4.397526708756859080e+03 4.048609964803478317e-16
4.402361573444573878e+03 3.918531644489227448e-16
4.407196438132287767e+03 3.934513568017139994e-16
4.412031302820001656e+03 4.013082491319876774e-16
4.416866167507715545e+03 3.961160695142168248e-16
4.421701032195429434e+03 3.960163313846776310e-16
4.426535896883144233e+03 3.915097719981499311e-16
4.431370761570858122e+03 3.842127949157909473e-16
4.436205626258572011e+03 3.801439398047569071e-16
4.441040490946285900e+03 3.899299761421818559e-16
4.445875355633999789e+03 3.667027974812520422e-16
4.450710220321714587e+03 3.684311417403448403e-16
4.455545085009428476e+03 3.635805281585542843e-16
4.460379949697142365e+03 3.600444303015635974e-16
4.465214814384857164e+03 3.492886206488712798e-16
4.470049679072571053e+03 3.631005781148163164e-16
4.474884543760284942e+03 3.530173920315827184e-16
4.479719408447998831e+03 3.506643609738898737e-16
4.484554273135712720e+03 3.400795196276449163e-16
4.489389137823427518e+03 3.449833904059940864e-16
4.494224002511141407e+03 3.400925162894293495e-16
4.499058867198855296e+03 3.448840757929285197e-16
4.503893731886570095e+03 3.440451161284527369e-16
4.508728596574283984e+03 3.381727425842570795e-16
4.513563461261997872e+03 3.632172304335209946e-16
4.518398325949711761e+03 3.771105295321820457e-16
4.523233190637425650e+03 3.657689436569041760e-16
4.528068055325140449e+03 3.696161673033332082e-16
4.532902920012854338e+03 3.751105788645962358e-16
4.537737784700568227e+03 3.645930501678783936e-16
4.542572649388283025e+03 3.716378231901924095e-16
4.547407514075996914e+03 3.934332250026868370e-16
4.552242378763710803e+03 3.969751197414102956e-16
4.557077243451424692e+03 3.964781496293884365e-16
4.561912108139138581e+03 3.992437122021737271e-16
4.566746972826853380e+03 4.073077834973898867e-16
4.571581837514567269e+03 4.209975035211342871e-16
4.576416702202281158e+03 4.198463328062564896e-16
4.581251566889995956e+03 4.303909136177272660e-16
4.586086431577709845e+03 4.348794206145666086e-16
4.590921296265423734e+03 4.354922754216846966e-16
4.595756160953137623e+03 4.377128517022506500e-16
4.600591025640851512e+03 4.341532751507532579e-16
4.605425890328566311e+03 4.347421748073318102e-16
4.610260755016280200e+03 4.362563256098876772e-16
4.615095619703994089e+03 4.504842027227141769e-16
4.619930484391707978e+03 4.526841061054112051e-16
4.624765349079421867e+03 4.626143498021061985e-16
4.629600213767136665e+03 4.483085985976915065e-16
4.634435078454850554e+03 4.583603385827582886e-16
4.639269943142564443e+03 4.441122385583160925e-16
4.644104807830279242e+03 4.462301385638070637e-16
4.648939672517993131e+03 4.312765659734204421e-16
4.653774537205707020e+03 4.390694279068376154e-16
4.658609401893420909e+03 4.315834036585633124e-16
4.663444266581134798e+03 4.295200843386110402e-16
4.668279131268849596e+03 4.149181627702329617e-16
4.673113995956563485e+03 4.273867789213918814e-16
4.677948860644277374e+03 4.306703550809823800e-16
4.682783725331992173e+03 4.138341458862046691e-16
4.687618590019706062e+03 3.878762918220046013e-16
4.692453454707419951e+03 3.880950380806330244e-16
4.697288319395133840e+03 3.954678510815508698e-16
4.702123184082847729e+03 3.919270945433502842e-16
4.706958048770562527e+03 3.754971435258994171e-16
4.711792913458276416e+03 3.606713670314297881e-16
4.716627778145990305e+03 3.636410910142829668e-16
4.721462642833705104e+03 3.773128115878982133e-16
4.726297507521418993e+03 3.658126187932469759e-16
4.731132372209132882e+03 3.521506920380843573e-16
4.735967236896846771e+03 3.540245671454272849e-16
4.740802101584560660e+03 3.652478331058855695e-16
4.745636966272275458e+03 3.551620000446918017e-16
4.750471830959989347e+03 3.492504512266856329e-16
4.755306695647703236e+03 3.491561658717443886e-16
4.760141560335418035e+03 3.427037865169163490e-16
4.764976425023131924e+03 3.280649396059939034e-16
4.769811289710845813e+03 3.222828809497992357e-16
4.774646154398559702e+03 3.231731655169227087e-16
4.779481019086273591e+03 3.373291242385713980e-16
4.784315883773988389e+03 3.289733030325853354e-16
4.789150748461702278e+03 3.464443104817709410e-16
4.793985613149416167e+03 3.402161301601692740e-16
4.798820477837130056e+03 3.416879822549216293e-16
4.803655342524843945e+03 3.380951861300241076e-16
4.808490207212558744e+03 3.321521118045123178e-16
4.813325071900272633e+03 3.276721280767047216e-16
4.818159936587986522e+03 3.340273898101741353e-16
4.822994801275701320e+03 3.489399342421781267e-16
4.827829665963415209e+03 3.405631489707475201e-16
4.832664530651129098e+03 3.517571658247459297e-16
4.837499395338842987e+03 3.593174113350233907e-16
4.842334260026556876e+03 3.792848366380042330e-16
4.847169124714271675e+03 3.706990724566182295e-16
4.852003989401985564e+03 3.855358868491817661e-16
4.856838854089699453e+03 3.974137769289696163e-16
4.861673718777414251e+03 4.058588012922133975e-16
4.866508583465128140e+03 3.931357311497433657e-16
4.871343448152842029e+03 4.054233734177654837e-16
4.876178312840555918e+03 4.163526395361877210e-16
4.881013177528269807e+03 4.156774748678872386e-16
4.885848042215984606e+03 4.148081014266491061e-16
4.890682906903698495e+03 4.384963042389016744e-16
4.895517771591412384e+03 4.406141777746130439e-16
4.900352636279127182e+03 4.240962676795457381e-16
4.905187500966841071e+03 4.243242254214755517e-16
4.910022365654554960e+03 4.275836611420693028e-16
4.914857230342268849e+03 4.163103937679434128e-16
4.919692095029982738e+03 4.217803207830748708e-16
4.924526959717697537e+03 4.433072925606284902e-16
4.929361824405411426e+03 4.510213804299510135e-16
4.934196689093125315e+03 4.399092875438198559e-16
4.939031553780840113e+03 4.447480956039080550e-16
4.943866418468554002e+03 4.449258137041538479e-16
4.948701283156267891e+03 4.354761023863480598e-16
4.953536147843981780e+03 4.377175633230197521e-16
4.958371012531695669e+03 4.359665609325879014e-16
4.963205877219410468e+03 4.205298619249111082e-16
4.968040741907124357e+03 4.060465779087078352e-16
4.972875606594838246e+03 4.153509171969411041e-16
4.977710471282552135e+03 4.163704272280800613e-16
4.982545335970266024e+03 4.121317155413419323e-16
4.987380200657980822e+03 4.110360784240684948e-16
4.992215065345694711e+03 3.997632345664162319e-16
4.997049930033408600e+03 3.949715691837986549e-16
5.001884794721123399e+03 3.981075498523300917e-16
5.006719659408837288e+03 3.981784888616626394e-16
5.011554524096551177e+03 3.841722961530003510e-16
5.016389388784265066e+03 3.815157361326148482e-16
5.021224253471978955e+03 3.710433119403382975e-16
5.026059118159693753e+03 3.729107548912380127e-16
5.030893982847407642e+03 3.781065608688142978e-16
5.035728847535121531e+03 3.718427786936483485e-16
5.040563712222836330e+03 3.618040089005863979e-16
5.045398576910550219e+03 3.579585057898314760e-16
5.050233441598264108e+03 3.561612077548762575e-16
5.055068306285977997e+03 3.492632626000128542e-16
5.059903170973691886e+03 3.541570483923337778e-16
5.064738035661406684e+03 3.460920771246111605e-16
5.069572900349120573e+03 3.436561427172058012e-16
5.074407765036834462e+03 3.483224207538501401e-16
5.079242629724549261e+03 3.432982977667704610e-16
5.084077494412263150e+03 3.580656025180999416e-16
5.088912359099977039e+03 3.472028020162575652e-16
5.093747223787690928e+03 3.394312482554197579e-16
5.098582088475404817e+03 3.328460964861096067e-16
5.103416953163119615e+03 3.351648227094386522e-16
5.108251817850833504e+03 3.448083457534880649e-16
5.113086682538547393e+03 3.339731532317702584e-16
5.117921547226262192e+03 3.232825386462369202e-16
5.122756411913976081e+03 3.181422397964853935e-16
5.127591276601689970e+03 3.129196728717317929e-16
5.132426141289403859e+03 3.194642729386921445e-16
5.137261005977117748e+03 3.202219174402315145e-16
5.142095870664832546e+03 3.015015893334050193e-16
5.146930735352546435e+03 3.113640968640992704e-16
5.151765600040260324e+03 3.279869331655077026e-16
5.156600464727974213e+03 3.257051587545026260e-16
5.161435329415688102e+03 3.326813750476482470e-16
5.166270194103402901e+03 3.289707884035231742e-16
5.171105058791116790e+03 3.245274123809047248e-16
5.175939923478830679e+03 3.267133661897516587e-16
5.180774788166545477e+03 3.246948072671058559e-16
5.185609652854259366e+03 3.353422496421088264e-16
5.190444517541973255e+03 3.284414722208280416e-16
5.195279382229687144e+03 3.259208609884768539e-16
5.200114246917401033e+03 3.407875068226515029e-16
5.204949111605115831e+03 3.435720217576316085e-16
5.209783976292829720e+03 3.342889112326389005e-16
5.214618840980543609e+03 3.423359359897915673e-16
5.219453705668258408e+03 3.548695354498726529e-16
5.224288570355972297e+03 3.458694133386016863e-16
5.229123435043686186e+03 3.463942296587645304e-16
5.233958299731400075e+03 3.554396150931543987e-16
5.238793164419113964e+03 3.517599186818245061e-16
5.243628029106828762e+03 3.539095294832783102e-16
5.248462893794542651e+03 3.588249146157542185e-16
5.253297758482256540e+03 3.618759272917642083e-16
5.258132623169971339e+03 3.536587812611114356e-16
5.262967487857685228e+03 3.511771070745543441e-16
5.267802352545399117e+03 3.644139026995341091e-16
5.272637217233113006e+03 3.666900390474840243e-16
5.277472081920826895e+03 3.645806623110247995e-16
5.282306946608541693e+03 3.634763695758216071e-16
5.287141811296255582e+03 3.551703115554867346e-16
5.291976675983969471e+03 3.536746101893132503e-16
5.296811540671684270e+03 3.647880530342040946e-16
5.301646405359398159e+03 3.500406535571350900e-16
5.306481270047112048e+03 3.560499288014307238e-16
5.311316134734825937e+03 3.599089844393417144e-16
5.316150999422539826e+03 3.533489524908735736e-16
5.320985864110254624e+03 3.660365795984569333e-16
5.325820728797968513e+03 3.675171931902574502e-16
5.330655593485682402e+03 3.478081658757483730e-16
5.335490458173397201e+03 3.508522699392823199e-16
5.340325322861110180e+03 3.533852954982667034e-16
5.345160187548824979e+03 3.641044709759902725e-16
5.349995052236538868e+03 3.547401511671795585e-16
5.354829916924252757e+03 3.558170476804949946e-16
5.359664781611967555e+03 3.694768039137302741e-16
5.364499646299681444e+03 3.524522357673068882e-16
5.369334510987395333e+03 3.540394696313430402e-16
5.374169375675110132e+03 3.491728683026730593e-16
5.379004240362823111e+03 3.481415792196113470e-16
5.383839105050537910e+03 3.329328379538643674e-16
5.388673969738251799e+03 3.376630140384672026e-16
5.393508834425965688e+03 3.288497156316250126e-16
5.398343699113680486e+03 3.247742166059109465e-16
5.403178563801393466e+03 3.418769500114981433e-16
5.408013428489108264e+03 3.364232225014829238e-16
5.412848293176822153e+03 3.274165094150911347e-16
5.417683157864536042e+03 3.273607905290295628e-16
5.422518022552250841e+03 3.357239173941856938e-16
5.427352887239964730e+03 3.427426970929308434e-16
5.432187751927678619e+03 3.361475926864904542e-16
5.437022616615393417e+03 3.402701814501159390e-16
5.441857481303106397e+03 3.500371860160072677e-16
5.446692345990821195e+03 3.523361657837534473e-16
5.451527210678535084e+03 3.515798977107533656e-16
5.456362075366248973e+03 3.571657623605402560e-16
5.461196940053963772e+03 3.538814979866801132e-16
5.466031804741677661e+03 3.492162787412198422e-16
5.470866669429391550e+03 3.602948608863752516e-16
5.475701534117106348e+03 3.586554286169645533e-16
5.480536398804819328e+03 3.470490125967717063e-16
5.485371263492534126e+03 3.408942859135647482e-16
5.490206128180248015e+03 3.433813599351605858e-16
5.495040992867961904e+03 3.453408118399557995e-16
5.499875857555676703e+03 3.304388553197924868e-16
5.504710722243390592e+03 3.272590671660202417e-16
5.509545586931104481e+03 3.273684932348936566e-16
5.514380451618819279e+03 3.230099528558986457e-16
5.519215316306532259e+03 3.178010972769787241e-16
5.524050180994247057e+03 3.217889019228723684e-16
5.528885045681960946e+03 3.028601772412417136e-16
5.533719910369674835e+03 3.094437408237757630e-16
5.538554775057389634e+03 3.064887869779403312e-16
5.543389639745103523e+03 3.096738690876329157e-16
5.548224504432817412e+03 3.137764202280999160e-16
5.553059369120532210e+03 3.089447060689449716e-16
5.557894233808245190e+03 3.131987702278520849e-16
5.562729098495959988e+03 3.097567194977862270e-16
5.567563963183673877e+03 3.086874462809960796e-16
5.572398827871387766e+03 3.177662101074636876e-16
5.577233692559102565e+03 3.386081704587049932e-16
5.582068557246815544e+03 3.260130022912703608e-16
5.586903421934530343e+03 3.299611816771002648e-16
5.591738286622244232e+03 3.221207006101796388e-16
5.596573151309958121e+03 3.289624239531690380e-16
5.601408015997672919e+03 3.296024632239380686e-16
5.606242880685386808e+03 3.235019731191349874e-16
5.611077745373100697e+03 3.283094938997339809e-16
5.615912610060815496e+03 3.225291822489930252e-16
5.620747474748528475e+03 3.317864847388740787e-16
5.625582339436243274e+03 3.357753746457313926e-16
5.630417204123957163e+03 3.291842671760108596e-16
5.635252068811671052e+03 3.174273175192231624e-16
5.640086933499385850e+03 3.166204392276246362e-16
5.644921798187099739e+03 3.301393762333788883e-16
5.649756662874813628e+03 3.293100780384577249e-16
5.654591527562528427e+03 3.282997265510609547e-16
5.659426392250241406e+03 3.228507371315944390e-16
5.664261256937956205e+03 3.170710872253435257e-16
5.669096121625670094e+03 3.342750940076868148e-16
5.673930986313383983e+03 3.452698198910640484e-16
5.678765851001098781e+03 3.378124624140983832e-16
5.683600715688812670e+03 3.084274336359686111e-16
5.688435580376526559e+03 3.105050995764650030e-16
5.693270445064241358e+03 3.034532061834381306e-16
5.698105309751954337e+03 3.111085311420448869e-16
5.702940174439669136e+03 3.305202763618473065e-16
5.707775039127383025e+03 3.143872898017478767e-16
5.712609903815096914e+03 3.031474008196997265e-16
5.717444768502811712e+03 3.085376273284504752e-16
5.722279633190525601e+03 2.931762613135201114e-16
5.727114497878239490e+03 2.940826130368618145e-16
5.731949362565954289e+03 3.072091090902413085e-16
5.736784227253667268e+03 3.022424255248973117e-16
5.741619091941382067e+03 2.924991643513087051e-16
5.746453956629095956e+03 2.903655148269547242e-16
5.751288821316809845e+03 2.952846586681340734e-16
5.756123686004524643e+03 2.870347165805547983e-16
5.760958550692237623e+03 2.880398005818108308e-16
5.765793415379952421e+03 2.897488483715739919e-16
5.770628280067666310e+03 2.851915464175498391e-16
5.775463144755380199e+03 2.873589449108959835e-16
5.780298009443094998e+03 2.815452283982976863e-16
5.785132874130808887e+03 2.782589258514082129e-16
5.789967738818522776e+03 2.875092403194744184e-16
5.794802603506237574e+03 2.949524364643531758e-16
5.799637468193950554e+03 2.906390005897994564e-16
5.804472332881665352e+03 2.796436659014913837e-16
5.809307197569379241e+03 2.987644023643527477e-16
5.814142062257093130e+03 2.957971665407821285e-16
5.818976926944807929e+03 2.677120951086712922e-16
5.823811791632521818e+03 2.785599401850387099e-16
5.828646656320235707e+03 2.761024593770375693e-16
5.833481521007950505e+03 2.767652097187048559e-16
5.838316385695663485e+03 2.956353038385177521e-16
5.843151250383378283e+03 3.059904933769383873e-16
5.847986115071092172e+03 3.026942911324778792e-16
5.852820979758806061e+03 2.877671089123541494e-16
5.857655844446520859e+03 2.806545203147005861e-16
5.862490709134234748e+03 3.013236859447020145e-16
5.867325573821948637e+03 2.966335056970773433e-16
5.872160438509663436e+03 3.029674327881877894e-16
5.876995303197376415e+03 3.025943147749222701e-16
5.881830167885091214e+03 2.981856406333616453e-16
5.886665032572805103e+03 2.902494977829604868e-16
5.891499897260518992e+03 2.819654626192542261e-16
5.896334761948233790e+03 2.888246824865603468e-16
5.901169626635947679e+03 2.894045294785151188e-16
5.906004491323661568e+03 3.029639652470599671e-16
5.910839356011376367e+03 3.142553644202130195e-16
5.915674220699089346e+03 2.959199333785747987e-16
5.920509085386804145e+03 3.018521815642294945e-16
5.925343950074518034e+03 2.951073376145823060e-16
5.930178814762231923e+03 2.972062058485396572e-16
5.935013679449946721e+03 2.963709519532081119e-16
5.939848544137659701e+03 2.943383905171530115e-16
5.944683408825374499e+03 2.966262000379072750e-16
5.949518273513088388e+03 2.848752854908687647e-16
5.954353138200802277e+03 3.130596715360451678e-16
5.959188002888517076e+03 2.926212429748317311e-16
5.964022867576230965e+03 2.786212441945962398e-16
5.968857732263944854e+03 2.763593485880720376e-16
5.973692596951659652e+03 2.758864924452673244e-16
5.978527461639372632e+03 2.743474600498858624e-16
5.983362326327087430e+03 2.765017295325495651e-16
5.988197191014801319e+03 2.813036122500933971e-16
5.993032055702515208e+03 2.794918881852552538e-16
5.997866920390230007e+03 2.683802717551569267e-16
6.002701785077943896e+03 2.767417045544185491e-16
6.007536649765657785e+03 3.000935558772723551e-16
6.012371514453372583e+03 3.044279028777114151e-16
6.017206379141085563e+03 2.917234409903013762e-16
6.022041243828800361e+03 2.855681055021635790e-16
6.026876108516514250e+03 3.061469297743844159e-16
6.031710973204228139e+03 3.107961348031856603e-16
6.036545837891942938e+03 3.071897332115728664e-16
6.041380702579656827e+03 2.898485600313335840e-16
6.046215567267370716e+03 2.714244287582500770e-16
6.051050431955085514e+03 2.794305047663589187e-16
6.055885296642798494e+03 2.884056394056858834e-16
6.060720161330513292e+03 2.898792649756715524e-16
6.065555026018227181e+03 2.791846534534183581e-16
6.070389890705941070e+03 2.786173001974355870e-16
6.075224755393655869e+03 2.804971045354092947e-16
6.080059620081369758e+03 2.765367490509626101e-16
6.084894484769083647e+03 2.728153627367600450e-16
6.089729349456798445e+03 2.733990743165366647e-16
6.094564214144511425e+03 2.720639915729862772e-16
6.099399078832226223e+03 2.669721059501262541e-16
6.104233943519940112e+03 2.635482134888671602e-16
6.109068808207654001e+03 2.597318271356741049e-16
6.113903672895368800e+03 2.521943191660745015e-16
6.118738537583081779e+03 2.422147622699815468e-16
6.123573402270796578e+03 2.505087500708180455e-16
6.128408266958510467e+03 2.813352171669378232e-16
6.133243131646224356e+03 2.673521855154270196e-16
6.138077996333939154e+03 2.565467185562019187e-16
6.142912861021653043e+03 2.766085880328016154e-16
6.147747725709366932e+03 2.668346483846546421e-16
6.152582590397081731e+03 2.642166018935896083e-16
6.157417455084794710e+03 2.718877557803981793e-16
6.162252319772509509e+03 2.783872248731376377e-16
6.167087184460223398e+03 2.740122202912303713e-16
6.171922049147937287e+03 2.637950706534325854e-16
6.176756913835652085e+03 2.757613697970901032e-16
6.181591778523365974e+03 2.722806202492465645e-16
6.186426643211079863e+03 2.715586834803898836e-16
6.191261507898794662e+03 2.800765262073179329e-16
6.196096372586507641e+03 2.696155898993885186e-16
6.200931237274222440e+03 2.652383353862151081e-16
6.205766101961936329e+03 2.610111909931629205e-16
6.210600966649650218e+03 2.567333834419530851e-16
6.215435831337365016e+03 2.606725366329388106e-16
6.220270696025078905e+03 2.487940906877793247e-16
6.225105560712792794e+03 2.546799638195718475e-16
6.229940425400507593e+03 2.442750905048388273e-16
6.234775290088220572e+03 2.498475085065880556e-16
6.239610154775935371e+03 2.497912337551548480e-16
6.244445019463649260e+03 2.418304210701649080e-16
6.249279884151363149e+03 2.403070852540872522e-16
6.254114748839077947e+03 2.512034759062441820e-16
6.258949613526791836e+03 2.477829186372149019e-16
6.263784478214505725e+03 2.454728745015952130e-16
6.268619342902220524e+03 2.363494032173803390e-16
6.273454207589933503e+03 2.275969853036220519e-16
6.278289072277648302e+03 2.254621975787451981e-16
6.283123936965362191e+03 2.324413255476470057e-16
6.287958801653076080e+03 2.296206793635105839e-16
6.292793666340790878e+03 2.144799786662297662e-16
6.297628531028503858e+03 2.363128484517503956e-16
6.302463395716218656e+03 2.297528694428414581e-16
6.307298260403932545e+03 2.311836669094315816e-16
6.312133125091646434e+03 2.393424470760626126e-16
6.316967989779361233e+03 2.478934034972723847e-16
6.321802854467075122e+03 2.438568679871320165e-16
6.326637719154789011e+03 2.451110061446604149e-16
6.331472583842503809e+03 2.464671853025533549e-16
6.336307448530216789e+03 2.524615051213740299e-16
6.341142313217931587e+03 2.471899161647980866e-16
6.345977177905645476e+03 2.438929462967291293e-16
6.350812042593359365e+03 2.485842118053174701e-16
6.355646907281074164e+03 2.476612370603859014e-16
6.360481771968788053e+03 2.366152921534793842e-16
6.365316636656501942e+03 2.342559877580209374e-16
6.370151501344216740e+03 2.366373944194468011e-16
6.374986366031929720e+03 2.319683370559442841e-16
6.379821230719644518e+03 2.426520959685607827e-16
6.384656095407358407e+03 2.428537956891257130e-16
6.389490960095072296e+03 2.345173768315876942e-16
6.394325824782787095e+03 2.443904987439022257e-16
6.399160689470500984e+03 2.449351938685459442e-16
6.403995554158214873e+03 2.391706317366679982e-16
6.408830418845929671e+03 2.413620383201128816e-16
6.413665283533642651e+03 2.395410763021937461e-16
6.418500148221357449e+03 2.401672454084514876e-16
6.423335012909071338e+03 2.285960606649084991e-16
6.428169877596785227e+03 2.299875769785697044e-16
6.433004742284500026e+03 2.455212877284867166e-16
6.437839606972213915e+03 2.434686357297139283e-16
6.442674471659927804e+03 2.378975147471651830e-16
6.447509336347642602e+03 2.459583302594903339e-16
6.452344201035355582e+03 2.467939547317363029e-16
6.457179065723070380e+03 2.403714332882989774e-16
6.462013930410784269e+03 2.465358743806197583e-16
6.466848795098498158e+03 2.550036098147617954e-16
6.471683659786212957e+03 2.465064399857026713e-16
6.476518524473925936e+03 2.495565791589858052e-16
6.481353389161640735e+03 2.577879394612846891e-16
6.486188253849354624e+03 2.511804471979907057e-16
6.491023118537068513e+03 2.421745546747665692e-16
6.495857983224783311e+03 2.511318486826419902e-16
6.500692847912497200e+03 2.576477555085141024e-16
6.505527712600211089e+03 2.709668986178347463e-16
6.510362577287925888e+03 2.703028512569669766e-16
6.515197441975638867e+03 2.662139585227744519e-16
6.520032306663353665e+03 2.762863714057101593e-16
6.524867171351067554e+03 2.823643092582925947e-16
6.529702036038781443e+03 2.815629102110716198e-16
6.534536900726496242e+03 2.857308946467140148e-16
6.539371765414210131e+03 3.027579244826403585e-16
6.544206630101924020e+03 2.933868284102516101e-16
6.549041494789638818e+03 2.928911023778710309e-16
6.553876359477351798e+03 3.075446664862520199e-16
6.558711224165066596e+03 3.093962805089499205e-16
6.563546088852780485e+03 3.116226801410282472e-16
6.568380953540494374e+03 3.130568922091869896e-16
6.573215818228209173e+03 3.102345519591560592e-16
6.578050682915923062e+03 3.095051771822313015e-16
6.582885547603636951e+03 3.068613491258342148e-16
6.587720412291351749e+03 3.145174152382698186e-16
6.592555276979064729e+03 3.282111057289544736e-16
6.597390141666779527e+03 3.335072851107803932e-16
6.602225006354493416e+03 3.348563703677400784e-16
6.607059871042207305e+03 3.308172937587579472e-16
6.611894735729922104e+03 3.285877971624662219e-16
6.616729600417635993e+03 3.372737759294242499e-16
6.621564465105349882e+03 3.368454684256891925e-16
6.626399329793064680e+03 3.290215574407992288e-16
6.631234194480777660e+03 3.416033318997554026e-16
6.636069059168492458e+03 3.305680278442487676e-16
6.640903923856206347e+03 3.271002220186304587e-16
6.645738788543920236e+03 3.318935814671425443e-16
6.650573653231635035e+03 3.264664296158474284e-16
6.655408517919348014e+03 3.210859969255493076e-16
6.660243382607062813e+03 3.223207327346296622e-16
6.665078247294776702e+03 3.191807551293783692e-16
6.669913111982490591e+03 3.089542351896015825e-16
6.674747976670205389e+03 3.034615706337922669e-16
6.679582841357919278e+03 3.086387948260881607e-16
6.684417706045633167e+03 3.126484635099328066e-16
6.689252570733347966e+03 3.064224272404788771e-16
6.694087435421060945e+03 3.026629509134294701e-16
6.698922300108775744e+03 3.011185980923480670e-16
6.703757164796489633e+03 2.924892646537376704e-16
6.708592029484203522e+03 2.779733963388447086e-16
6.713426894171918320e+03 2.881898048228136470e-16
6.718261758859632209e+03 2.907465473043211509e-16
6.723096623547346098e+03 2.802353713547077159e-16
6.727931488235060897e+03 2.745423040975339532e-16
6.732766352922773876e+03 2.755798135788020643e-16
6.737601217610488675e+03 2.742277901763065908e-16
6.742436082298202564e+03 2.733464788644680930e-16
6.747270946985916453e+03 2.733188179447843197e-16
6.752105811673631251e+03 2.641490510160460778e-16
6.756940676361345140e+03 2.527687927927701290e-16
6.761775541049059029e+03 2.514158694177681978e-16
6.766610405736773828e+03 2.662017030148188662e-16
6.771445270424486807e+03 2.530151470315231219e-16
6.776280135112201606e+03 2.484451925228493580e-16
6.781114999799915495e+03 2.499556904958201908e-16
6.785949864487629384e+03 2.462020904598423605e-16
6.790784729175344182e+03 2.338284743476739310e-16
6.795619593863058071e+03 2.303658565988575546e-16
6.800454458550771960e+03 2.387417948373409069e-16
6.805289323238486759e+03 2.376518751924614360e-16
6.810124187926199738e+03 2.306830174980450867e-16
6.814959052613914537e+03 2.324915651893310264e-16
6.819793917301628426e+03 2.316426528877250056e-16
6.824628781989342315e+03 2.221199643875573391e-16
6.829463646677057113e+03 2.180140780548605250e-16
6.834298511364770093e+03 2.229398658107199001e-16
6.839133376052484891e+03 2.232629824103178140e-16
6.843968240740198780e+03 2.193302878455549026e-16
6.848803105427912669e+03 2.268759220374922270e-16
6.853637970115627468e+03 2.247944179789535890e-16
6.858472834803341357e+03 2.239443145372654919e-16
6.863307699491055246e+03 2.065807876281525765e-16
6.868142564178770044e+03 1.858296318558348920e-16
6.872977428866483024e+03 1.766275982657621816e-16
6.877812293554197822e+03 1.783027382678555690e-16
6.882647158241911711e+03 1.892708487878432965e-16
6.887482022929625600e+03 1.946570386552047864e-16
6.892316887617340399e+03 1.894517300267514921e-16
6.897151752305054288e+03 1.837302342262855069e-16
6.901986616992768177e+03 1.865911541800859105e-16
6.906821481680482975e+03 2.105179291158885730e-16
6.911656346368195955e+03 2.176004480439146086e-16
6.916491211055910753e+03 2.158976074174680454e-16
6.921326075743624642e+03 2.146362297752185829e-16
6.926160940431338531e+03 2.086420820099653189e-16
6.930995805119053330e+03 2.054935546659026778e-16
6.935830669806767219e+03 2.118152659537269407e-16
6.940665534494481108e+03 2.153172707345906421e-16
6.945500399182195906e+03 2.164551139154389852e-16
6.950335263869908886e+03 2.169019767346748321e-16
6.955170128557623684e+03 2.103694336523230534e-16
6.960004993245337573e+03 2.072838911488226500e-16
6.964839857933051462e+03 2.123296399458369154e-16
6.969674722620766261e+03 2.124482113235627166e-16
6.974509587308480150e+03 2.033477025731523146e-16
6.979344451996194039e+03 2.085434953158387989e-16
6.984179316683908837e+03 1.985083386476924798e-16
6.989014181371621817e+03 1.984237147623058549e-16
6.993849046059336615e+03 2.083195212757390407e-16
6.998683910747050504e+03 2.052351566774309128e-16
7.003518775434764393e+03 1.952793961131998835e-16
7.008353640122479192e+03 1.960252350930368967e-16
7.013188504810192171e+03 1.916196049761304671e-16
7.018023369497906970e+03 1.825537981067778897e-16
7.022858234185620859e+03 1.931111505869064849e-16
7.027693098873334748e+03 2.065322817570324669e-16
7.032527963561049546e+03 1.997932876286772534e-16
7.037362828248763435e+03 1.899040191508056868e-16
7.042197692936477324e+03 1.981264194327093963e-16
7.047032557624192123e+03 1.963350373934951570e-16
7.051867422311905102e+03 1.934216411016343893e-16
7.056702286999619901e+03 1.923964797725504698e-16
7.061537151687333790e+03 2.008917040728088691e-16
7.066372016375047679e+03 1.985678559471268953e-16
7.071206881062762477e+03 2.001298641112026302e-16
7.076041745750476366e+03 1.975464930314158193e-16
7.080876610438190255e+03 1.854776631964711285e-16
7.085711475125905054e+03 1.822469339518554177e-16
7.090546339813618033e+03 1.853284530488563632e-16
7.095381204501332832e+03 1.916317810747472476e-16
7.100216069189046721e+03 1.957976346931317060e-16
7.105050933876760610e+03 2.000987885899502381e-16
7.109885798564475408e+03 2.139672193306754950e-16
7.114720663252189297e+03 1.968168270869154429e-16
7.119555527939903186e+03 1.906015772526492048e-16
7.124390392627617985e+03 1.897830787278055337e-16
7.129225257315330964e+03 1.856925183974981021e-16
7.134060122003045763e+03 1.920519623561445840e-16
7.138894986690759652e+03 2.007884984021418530e-16
7.143729851378473541e+03 2.022630768841931831e-16
7.148564716066188339e+03 1.932536771151718217e-16
7.153399580753902228e+03 1.842183369621407975e-16
7.158234445441616117e+03 1.832053914363430611e-16
7.163069310129330916e+03 1.787303178526515796e-16
7.167904174817043895e+03 1.817781144504399633e-16
7.172739039504758694e+03 1.765147046557609444e-16
7.177573904192472583e+03 1.706441707612476049e-16
7.182408768880186472e+03 1.750346601642218639e-16
7.187243633567901270e+03 1.726113253719069123e-16
7.192078498255614250e+03 1.608177812448198692e-16
7.196913362943329048e+03 1.565817827104909140e-16
7.201748227631042937e+03 1.679178231669422282e-16
7.206583092318756826e+03 1.834346991370325612e-16
7.211417957006471624e+03 1.851770062048652544e-16
7.216252821694185513e+03 1.886901812327208719e-16
7.221087686381899402e+03 2.016307138495086445e-16
7.225922551069614201e+03 1.969605050505934536e-16
7.230757415757327180e+03 1.871785847638965687e-16
7.235592280445041979e+03 1.869428316718740554e-16
7.240427145132755868e+03 1.935004416355086410e-16
7.245262009820469757e+03 1.972106047631600866e-16
7.250096874508184555e+03 1.825320928875044982e-16
7.254931739195898444e+03 1.819408771252107974e-16
7.259766603883612333e+03 1.748330133832161370e-16
7.264601468571327132e+03 1.730367211998857829e-16
7.269436333259040111e+03 1.807906857921782627e-16
7.274271197946754910e+03 1.904460143579300322e-16
7.279106062634468799e+03 1.944130534617261453e-16
7.283940927322182688e+03 1.859427504589627436e-16
7.288775792009897486e+03 1.800747973679605696e-16
7.293610656697611375e+03 1.824286622237108677e-16
7.298445521385325264e+03 1.750197312085265068e-16
7.303280386073040063e+03 1.651445578882928438e-16
7.308115250760753042e+03 1.685687415171275563e-16
7.312950115448467841e+03 1.601966678664660517e-16
7.317784980136181730e+03 1.594910629516236179e-16
7.322619844823895619e+03 1.731991927070809984e-16
7.327454709511610417e+03 1.742338831568215288e-16
7.332289574199324306e+03 1.862979881361073167e-16
7.337124438887038195e+03 1.905577565325185956e-16
7.341959303574752994e+03 1.714456359829175840e-16
7.346794168262465973e+03 1.583276367287902347e-16
7.351629032950180772e+03 1.596636459146266816e-16
7.356463897637894661e+03 1.597067254809284432e-16
7.361298762325608550e+03 1.513230183621319929e-16
7.366133627013323348e+03 1.608340733941647136e-16
7.370968491701036328e+03 1.647731074711422314e-16
7.375803356388751126e+03 1.674881524695576835e-16
7.380638221076465015e+03 1.772023630600334278e-16
7.385473085764178904e+03 1.671232930275278936e-16
7.390307950451893703e+03 1.747143890659311324e-16
7.395142815139607592e+03 1.816989168698716862e-16
7.399977679827321481e+03 1.810269021053438057e-16
7.404812544515035370e+03 1.710717768158232172e-16
7.409647409202750168e+03 1.561770465454911678e-16
7.414482273890464057e+03 1.521222071827562261e-16
7.419317138578177946e+03 1.482434050892623696e-16
7.424152003265891835e+03 1.482794569290798808e-16
7.428986867953606634e+03 1.538530396011315838e-16
7.433821732641320523e+03 1.528844309561666896e-16
7.438656597329034412e+03 1.493230412247665813e-16
7.443491462016748301e+03 1.558402583047289775e-16
7.448326326704463099e+03 1.624814333625661201e-16
7.453161191392176988e+03 1.633336676215121539e-16
7.457996056079890877e+03 1.660012523051017635e-16
7.462830920767604766e+03 1.731960825079777990e-16
7.467665785455319565e+03 1.746453558807299069e-16
7.472500650143033454e+03 1.730474017559550676e-16
7.477335514830747343e+03 1.787294840545941262e-16
7.482170379518461232e+03 1.813249518236589126e-16
7.487005244206176030e+03 1.691622336804670030e-16
7.491840108893889919e+03 1.526876678494974758e-16
7.496674973581603808e+03 1.475130774002719508e-16
7.501509838269317697e+03 1.567295370202275860e-16
7.506344702957032496e+03 1.556087006727733331e-16
7.511179567644746385e+03 1.425658226531555995e-16
7.516014432332460274e+03 1.305569468690087522e-16
7.520849297020174163e+03 1.276789009678060507e-16
7.525684161707888052e+03 1.301153647708034439e-16
7.530519026395602850e+03 1.326309202752507074e-16
7.535353891083316739e+03 1.366465975990649386e-16
7.540188755771030628e+03 1.454576196048613826e-16
7.545023620458744517e+03 1.468602796957349022e-16
7.549858485146459316e+03 1.404188985343313677e-16
7.554693349834173205e+03 1.438830647652544433e-16
7.559528214521887094e+03 1.357962691642502270e-16
7.564363079209600983e+03 1.388911952046194319e-16
7.569197943897315781e+03 1.367009929961464257e-16
7.574032808585029670e+03 1.460254890215463867e-16
7.578867673272743559e+03 1.567743371222034580e-16
7.583702537960457448e+03 1.410291857728280911e-16
7.588537402648172247e+03 1.264627469440060873e-16
7.593372267335886136e+03 1.011169337412013553e-16
7.598207132023600025e+03 6.966142556773705194e-17
7.603041996711313914e+03 5.292173180683202834e-17
7.607876861399028712e+03 5.141991261284810193e-17
7.612711726086742601e+03 6.751978878738825905e-17
7.617546590774456490e+03 7.560443371879983754e-17
7.622381455462170379e+03 7.693745843698619313e-17
7.627216320149885178e+03 7.812991539059773740e-17
7.632051184837599067e+03 7.750759763727204277e-17
7.636886049525312956e+03 8.534298988906424254e-17
7.641720914213026845e+03 8.535478217587679850e-17
7.646555778900741643e+03 9.034937150636588427e-17
7.651390643588455532e+03 1.082075391868957093e-16
7.656225508276169421e+03 1.115965908007540697e-16
7.661060372963883310e+03 1.031730863683264681e-16
7.665895237651598109e+03 1.019026891486777273e-16
7.670730102339311998e+03 1.046326366330089348e-16
7.675564967027025887e+03 1.141461070324303103e-16
7.680399831714739776e+03 1.275240792269157256e-16
7.685234696402454574e+03 1.280393134868627555e-16
7.690069561090168463e+03 1.337598034357038762e-16
7.694904425777882352e+03 1.387387160392238570e-16
7.699739290465596241e+03 1.490433218288256495e-16
7.704574155153310130e+03 1.714023314234892079e-16
7.709409019841024929e+03 1.658115301598066011e-16
7.714243884528738818e+03 1.614416077755828605e-16
7.719078749216452707e+03 1.760560627846023424e-16
7.723913613904166596e+03 1.773644904600938212e-16
7.728748478591881394e+03 1.645090581847255041e-16
7.733583343279595283e+03 1.407538603603010409e-16
7.738418207967309172e+03 1.071684746060759985e-16
7.743253072655023061e+03 9.496360995631328706e-17
7.748087937342737860e+03 9.690408302913408405e-17
7.752922802030451749e+03 1.034921200044208202e-16
7.757757666718165638e+03 1.179739283304112986e-16
7.762592531405879527e+03 1.243844721985788563e-16
7.767427396093594325e+03 1.366906036076527596e-16
7.772262260781308214e+03 1.410322562672618879e-16
7.777097125469022103e+03 1.515821310346530037e-16
7.781931990156735992e+03 1.512009926781681703e-16
7.786766854844450791e+03 1.603842062549440742e-16
7.791601719532164680e+03 1.690437020074106044e-16
7.796436584219878569e+03 1.738359497251794187e-16
7.801271448907592458e+03 1.703072501715874060e-16
7.806106313595307256e+03 1.331500985323583902e-16
7.810941178283021145e+03 1.166646139173031630e-16
7.815776042970735034e+03 1.176023455643626777e-16
7.820610907658448923e+03 1.219616403320763370e-16
7.825445772346163722e+03 1.286028550945828822e-16
7.830280637033877611e+03 1.392652793648404132e-16
7.835115501721591500e+03 1.185250291417186278e-16
7.839950366409305389e+03 1.076893866337475924e-16
7.844785231097020187e+03 1.095671527986919695e-16
7.849620095784734076e+03 1.273567769849432004e-16
7.854454960472447965e+03 1.447951736656595155e-16
7.859289825160161854e+03 1.386304811104325184e-16
7.864124689847876652e+03 1.339261792353903420e-16
7.868959554535590541e+03 1.549793816627429897e-16
7.873794419223304430e+03 1.747694991470618653e-16
7.878629283911018319e+03 1.742177365912644937e-16
7.883464148598732208e+03 1.803301380968883386e-16
7.888299013286447007e+03 1.751009537272343137e-16
7.893133877974160896e+03 1.531730309631639908e-16
7.897968742661874785e+03 1.267695449244795550e-16
7.902803607349588674e+03 9.077208065171518269e-17
7.907638472037303472e+03 7.374817424978183920e-17
7.912473336725017361e+03 7.330545395105365794e-17
7.917308201412731250e+03 9.344652100822163176e-17
7.922143066100445139e+03 1.414213752622966330e-16
7.926977930788159938e+03 1.672479127498926826e-16
7.931812795475873827e+03 1.535156028507691519e-16
7.936647660163587716e+03 1.378589929141614610e-16
7.941482524851301605e+03 1.150828460627547614e-16
7.946317389539016403e+03 1.026389990078581296e-16
7.951152254226730292e+03 1.128242194740113687e-16
7.955987118914444181e+03 1.339371774288148471e-16
7.960821983602158070e+03 1.533842995090549345e-16
7.965656848289872869e+03 1.597335658374445639e-16
7.970491712977586758e+03 1.513940764854727482e-16
7.975326577665300647e+03 1.324248133363820946e-16
7.980161442353014536e+03 1.076472996841808943e-16
7.984996307040729334e+03 9.065354236121388361e-17
7.989831171728443223e+03 9.172205457184048221e-17
7.994666036416157112e+03 1.123650879119301354e-16
7.999500901103871001e+03 1.327176485081156673e-16
8.004335765791585800e+03 1.359449763860525601e-16
8.009170630479299689e+03 1.436221389128307163e-16
8.014005495167013578e+03 1.421507897438907932e-16
8.018840359854727467e+03 1.118658281639727295e-16
8.023675224542442265e+03 8.389410694556125969e-17
8.028510089230156154e+03 8.344359129674037870e-17
8.033344953917870043e+03 9.626047695556372470e-17
8.038179818605583932e+03 1.066233427300688520e-16
8.043014683293298731e+03 1.192665800172601660e-16
8.047849547981012620e+03 1.176897223068278792e-16
8.052684412668726509e+03 1.091681076363065881e-16
8.057519277356440398e+03 1.048029696647458542e-16
8.062354142044154287e+03 1.015703213611090204e-16
8.067189006731869085e+03 1.059309528526925653e-16
8.072023871419582974e+03 1.138369532415722915e-16
8.076858736107296863e+03 1.299515300699587411e-16
8.081693600795010752e+03 1.528443689447395214e-16
8.086528465482725551e+03 1.413685548171014468e-16
8.091363330170439440e+03 1.473273918963660472e-16
8.096198194858153329e+03 1.197527636940943336e-16
8.101033059545867218e+03 1.032788794599495501e-16
8.105867924233582016e+03 9.708276727633533888e-17
8.110702788921295905e+03 8.695181647581047882e-17
8.115537653609009794e+03 1.030136456508956469e-16
8.120372518296723683e+03 1.231150874479998805e-16
8.125207382984438482e+03 1.331203067954166803e-16
8.130042247672152371e+03 1.434586880237902380e-16
8.134877112359866260e+03 1.339648780531680228e-16
8.139711977047580149e+03 1.200364667918653208e-16
8.144546841735294947e+03 1.249143574815354254e-16
8.149381706423008836e+03 1.274600488300592208e-16
8.154216571110722725e+03 1.219425159163141110e-16
8.159051435798436614e+03 1.008673634242267562e-16
8.163886300486151413e+03 8.768995274978339818e-17
8.168721165173865302e+03 6.245495527928117017e-17
8.173556029861579191e+03 7.278108099969914221e-17
8.178390894549293080e+03 8.465545721624486721e-17
8.183225759237007878e+03 1.132276983244800343e-16
8.188060623924721767e+03 1.363047006908396207e-16
8.192895488612435656e+03 1.080428574531037522e-16
8.197730353300150455e+03 7.639307433225279455e-17
8.202565217987863434e+03 6.998509141526170103e-17
8.207400082675578233e+03 6.741954773203663294e-17
8.212234947363293031e+03 7.992824574695742211e-17
8.217069812051006011e+03 8.580403389272169847e-17
8.221904676738720809e+03 7.952746019656322914e-17
