9387.262  2.347742E-16
9394.20609384164  2.224308E-16
9401.15018768329  2.316247E-16
9408.09428152493  2.096352E-16
9415.03837536657  1.915845E-16
9421.98246920821  2.143503E-16
9428.92656304986  2.272708E-16
9435.8706568915  2.263083E-16
9442.81475073314  2.417456E-16
9449.75884457478  2.571832E-16
9456.70293841642  2.693269E-16
9463.64703225807  2.319838E-16
9470.59112609971  2.435158E-16
9477.53521994135  2.478922E-16
9484.47931378299  2.270914E-16
9491.42340762464  2.272485E-16
9498.36750146628  2.447625E-16
9505.31159530792  2.429221E-16
9512.25568914956  2.373525E-16
9519.1997829912  2.409119E-16
9526.14387683285  2.366561E-16
9533.08797067449  2.188784E-16
9540.03206451613  2.450847E-16
9546.97615835777  2.666687E-16
9553.92025219942  2.463987E-16
9560.86434604106  2.277244E-16
9567.8084398827  2.489768E-16
9574.75253372434  2.358904E-16
9581.69662756598  2.364519E-16
9588.64072140763  2.095260E-16
9595.58481524927  1.840589E-16
9602.52890909091  1.949756E-16
9609.47300293255  1.935834E-16
9616.4170967742  1.680310E-16
9623.36119061584  1.796195E-16
9630.30528445748  1.516254E-16
9637.24937829912  1.430804E-16
9644.19347214076  1.299151E-16
9651.13756598241  1.441046E-16
9658.08165982405  1.570991E-16
9665.02575366569  1.479102E-16
9671.96984750733  1.485848E-16
9678.91394134898  1.561814E-16
9685.85803519062  1.612595E-16
9692.80212903226  1.505416E-16
9699.7462228739  1.855053E-16
9706.69031671554  2.016796E-16
9713.63441055719  1.922015E-16
9720.57850439883  1.940647E-16
9727.52259824047  1.892602E-16
9734.46669208211  1.827614E-16
9741.41078592376  1.735103E-16
9748.3548797654  2.006315E-16
9755.29897360704  2.266404E-16
9762.24306744868  2.203789E-16
9769.18716129032  1.852763E-16
9776.13125513197  1.887132E-16
9783.07534897361  1.783838E-16
9790.01944281525  1.864483E-16
9796.96353665689  1.986290E-16
9803.90763049854  2.035379E-16
9810.85172434018  1.930669E-16
9817.79581818182  1.905878E-16
9824.73991202346  2.029052E-16
9831.6840058651  1.996363E-16
9838.62809970675  2.027702E-16
9845.57219354839  2.113569E-16
9852.51628739003  1.949215E-16
9859.46038123167  1.910670E-16
9866.40447507332  1.720443E-16
9873.34856891496  1.725859E-16
9880.2926627566  2.077921E-16
9887.23675659824  2.077732E-16
9894.18085043988  1.955376E-16
9901.12494428153  1.939610E-16
9908.06903812317  1.903287E-16
9915.01313196481  1.815312E-16
9921.95722580645  1.778238E-16
9928.9013196481  1.754932E-16
9935.84541348974  1.761904E-16
9942.78950733138  1.732229E-16
9949.73360117302  1.723808E-16
9956.67769501466  1.732544E-16
9963.6217888563  1.766659E-16
9970.56588269795  1.814950E-16
9977.50997653959  1.731700E-16
9984.45407038123  1.794855E-16
9991.39816422288  1.742556E-16
9998.34225806452  1.770553E-16
10005.2863519062  1.911057E-16
10012.2304457478  1.780034E-16
10019.1745395894  1.783239E-16
10026.1186334311  1.758383E-16
10033.0627272727  1.851054E-16
10040.0068211144  1.867408E-16
10046.950914956  1.734173E-16
10053.8950087977  1.747829E-16
10060.8391026393  1.844683E-16
10067.7831964809  1.805222E-16
10074.7272903226  1.838497E-16
10081.6713841642  1.904063E-16
10088.6154780059  1.875459E-16
10095.5595718475  1.844349E-16
10102.5036656892  1.912221E-16
10109.4477595308  1.909643E-16
10116.3918533724  2.053131E-16
10123.3359472141  1.984249E-16
10130.2800410557  2.066658E-16
10137.2241348974  2.065679E-16
10144.168228739  1.958457E-16
10151.1123225806  1.923715E-16
10158.0564164223  1.973154E-16
10165.0005102639  1.978237E-16
10171.9446041056  1.991973E-16
10178.8886979472  1.899201E-16
10185.8327917889  1.838876E-16
10192.7768856305  1.921853E-16
10199.7209794721  1.742044E-16
10206.6650733138  1.763551E-16
10213.6091671554  1.859852E-16
10220.5532609971  1.959765E-16
10227.4973548387  1.945870E-16
10234.4414486804  1.899640E-16
10241.385542522  1.950509E-16
10248.3296363636  1.983621E-16
10255.2737302053  1.917785E-16
10262.2178240469  1.849883E-16
10269.1619178886  1.867031E-16
10276.1060117302  1.967536E-16
10283.0501055718  1.941509E-16
10289.9941994135  1.980056E-16
10296.9382932551  1.975836E-16
10303.8823870968  2.134796E-16
10310.8264809384  1.998794E-16
10317.7705747801  1.832709E-16
10324.7146686217  1.893541E-16
10331.6587624633  1.967044E-16
10338.602856305  1.946007E-16
10345.5469501466  1.996740E-16
10352.4910439883  1.858197E-16
10359.4351378299  1.864337E-16
10366.3792316716  1.759638E-16
10373.3233255132  1.747360E-16
10380.2674193548  1.863268E-16
10387.2115131965  1.842831E-16
10394.1556070381  1.872865E-16
10401.0997008798  1.860616E-16
10408.0437947214  1.866909E-16
10414.9878885631  1.793244E-16
10421.9319824047  1.811926E-16
10428.8760762463  1.767112E-16
10435.820170088  1.697626E-16
10442.7642639296  1.809710E-16
10449.7083577713  1.924061E-16
10456.6524516129  1.915205E-16
10463.5965454545  1.882119E-16
10470.5406392962  1.790851E-16
10477.4847331378  1.761502E-16
10484.4288269795  1.764438E-16
10491.3729208211  1.837402E-16
10498.3170146628  1.652773E-16
10505.2611085044  1.608113E-16
10512.205202346  1.762672E-16
10519.1492961877  1.721322E-16
10526.0933900293  1.684608E-16
10533.037483871  1.611917E-16
10539.9815777126  1.530889E-16
10546.9256715543  1.482966E-16
10553.8697653959  1.516245E-16
10560.8138592375  1.456661E-16
10567.7579530792  1.438085E-16
10574.7020469208  1.402844E-16
10581.6461407625  1.365135E-16
10588.5902346041  1.314210E-16
10595.5343284457  1.365272E-16
10602.4784222874  1.242709E-16
10609.422516129  1.237790E-16
10616.3666099707  1.168933E-16
10623.3107038123  1.045128E-16
10630.254797654  1.077341E-16
10637.1988914956  8.880249E-17
10644.1429853372  8.511303E-17
10651.0870791789  7.807881E-17
10658.0311730205  6.814885E-17
10664.9752668622  6.296507E-17
10671.9193607038  5.297440E-17
10678.8634545455  5.726172E-17
10685.8075483871  5.023093E-17
10692.7516422287  4.746071E-17
10699.6957360704  4.651306E-17
10706.639829912  5.029937E-17
10713.5839237537  5.742554E-17
10720.5280175953  4.035858E-17
10727.4721114369  3.006282E-17
10734.4162052786  4.027277E-17
10741.3602991202  4.362079E-17
10748.3043929619  3.731276E-17
10755.2484868035  4.531679E-17
10762.1925806452  4.522869E-17
10769.1366744868  4.270380E-17
10776.0807683284  4.560875E-17
10783.0248621701  4.637203E-17
10789.9689560117  5.288968E-17
10796.9130498534  5.732959E-17
10803.857143695  5.664633E-17
10810.8012375367  6.012555E-17
10817.7453313783  6.283704E-17
10824.6894252199  7.524069E-17
10831.6335190616  8.473228E-17
10838.5776129032  7.991812E-17
10845.5217067449  8.623895E-17
10852.4658005865  7.731436E-17
10859.4098944282  7.224351E-17
10866.3539882698  9.065743E-17
10873.2980821114  1.039287E-16
10880.2421759531  1.070309E-16
10887.1862697947  1.108180E-16
10894.1303636364  1.201351E-16
10901.074457478  1.296670E-16
10908.0185513196  1.345544E-16
10914.9626451613  1.395900E-16
10921.9067390029  1.364787E-16
10928.8508328446  1.337592E-16
10935.7949266862  1.482029E-16
10942.7390205279  1.553971E-16
10949.6831143695  1.540048E-16
10956.6272082111  1.601775E-16
10963.5713020528  1.704016E-16
10970.5153958944  1.662135E-16
10977.4594897361  1.603037E-16
10984.4035835777  1.671292E-16
10991.3476774194  1.772375E-16
10998.291771261  1.805225E-16
11005.2358651026  1.791742E-16
11012.1799589443  1.759107E-16
11019.1240527859  1.740694E-16
11026.0681466276  1.911842E-16
11033.0122404692  1.867552E-16
11039.9563343108  1.876297E-16
11046.9004281525  1.932376E-16
11053.8445219941  2.010600E-16
11060.7886158358  2.057685E-16
11067.7327096774  2.066136E-16
11074.6768035191  2.083572E-16
11081.6208973607  2.224929E-16
11088.5649912023  2.178393E-16
11095.509085044  2.117549E-16
11102.4531788856  2.111888E-16
11109.3972727273  2.146831E-16
11116.3413665689  2.134458E-16
11123.2854604106  2.042468E-16
11130.2295542522  2.120465E-16
11137.1736480938  2.059058E-16
11144.1177419355  2.113045E-16
11151.0618357771  2.077809E-16
11158.0059296188  2.020978E-16
11164.9500234604  2.023946E-16
11171.8941173021  1.996081E-16
11178.8382111437  2.021390E-16
11185.7823049853  2.069830E-16
11192.726398827  2.064398E-16
11199.6704926686  2.005848E-16
11206.6145865103  2.051246E-16
11213.5586803519  2.061809E-16
11220.5027741935  1.846813E-16
11227.4468680352  1.808879E-16
11234.3909618768  1.875507E-16
11241.3350557185  1.932596E-16
11248.2791495601  1.895292E-16
11255.2232434018  1.807877E-16
11262.1673372434  1.772671E-16
11269.111431085  1.770990E-16
11276.0555249267  1.742718E-16
11282.9996187683  1.688440E-16
11289.94371261  1.681814E-16
11296.8878064516  1.678919E-16
11303.8319002933  1.640084E-16
11310.7759941349  1.671671E-16
11317.7200879765  1.666877E-16
11324.6641818182  1.490504E-16
11331.6082756598  1.480179E-16
11338.5523695015  1.360676E-16
11345.4964633431  1.304222E-16
11352.4405571847  1.288812E-16
11359.3846510264  1.279089E-16
11366.328744868  1.528306E-16
11373.2728387097  1.576321E-16
11380.2169325513  1.413025E-16
11387.161026393  1.417985E-16
11394.1051202346  1.492085E-16
11401.0492140762  1.511711E-16
11407.9933079179  1.563628E-16
11414.9374017595  1.710264E-16
11421.8814956012  1.691467E-16
11428.8255894428  1.702427E-16
11435.7696832845  1.658519E-16
11442.7137771261  1.682420E-16
11449.6578709677  1.721446E-16
11456.6019648094  1.695292E-16
11463.546058651  1.842684E-16
11470.4901524927  1.938659E-16
11477.4342463343  1.916638E-16
11484.378340176  2.033640E-16
11491.3224340176  1.988935E-16
11498.2665278592  1.995879E-16
11505.2106217009  1.991632E-16
11512.1547155425  2.010067E-16
11519.0988093842  2.008348E-16
11526.0429032258  2.017615E-16
11532.9869970674  2.048935E-16
11539.9310909091  2.054318E-16
11546.8751847507  2.056470E-16
11553.8192785924  2.073761E-16
11560.763372434  2.059894E-16
11567.7074662757  1.936015E-16
11574.6515601173  2.005962E-16
11581.5956539589  1.972744E-16
11588.5397478006  1.939165E-16
11595.4838416422  1.950726E-16
11602.4279354839  1.909049E-16
11609.3720293255  1.845791E-16
11616.3161231672  1.827929E-16
11623.2602170088  1.734738E-16
11630.2043108504  1.687438E-16
11637.1484046921  1.653846E-16
11644.0924985337  1.553726E-16
11651.0365923754  1.546852E-16
11657.980686217  1.514658E-16
11664.9247800586  1.478202E-16
11671.8688739003  1.363553E-16
11678.8129677419  1.368410E-16
11685.7570615836  1.410954E-16
11692.7011554252  1.358455E-16
11699.6452492669  1.317197E-16
11706.5893431085  1.300796E-16
11713.5334369501  1.309128E-16
11720.4775307918  1.271897E-16
11727.4216246334  1.218825E-16
11734.3657184751  1.187757E-16
11741.3098123167  1.210658E-16
11748.2539061584  1.125381E-16
11755.198  1.122716E-16
11762.1420938416  1.105883E-16
11769.0861876833  1.065320E-16
11776.0302815249  1.055154E-16
11782.9743753666  1.061786E-16
11789.9184692082  1.055534E-16
11796.8625630499  1.075640E-16
11803.8066568915  1.060741E-16
11810.7507507331  1.014165E-16
11817.6948445748  1.033375E-16
11824.6389384164  1.028080E-16
11831.5830322581  1.012692E-16
11838.5271260997  1.049324E-16
11845.4712199413  1.095073E-16
11852.415313783  1.095714E-16
11859.3594076246  1.094059E-16
11866.3035014663  1.078095E-16
11873.2475953079  9.889441E-17
11880.1916891496  9.407239E-17
11887.1357829912  9.605682E-17
11894.0798768328  9.248661E-17
11901.0239706745  9.509372E-17
11907.9680645161  1.004630E-16
11914.9121583578  9.858235E-17
11921.8562521994  9.788088E-17
11928.8003460411  9.803403E-17
11935.7444398827  9.862044E-17
11942.6885337243  9.840875E-17
11949.632627566  1.003862E-16
11956.5767214076  1.021719E-16
11963.5208152493  1.000868E-16
11970.4649090909  1.003468E-16
11977.4090029326  1.065768E-16
11984.3530967742  1.092577E-16
11991.2971906158  1.021095E-16
11998.2412844575  1.067276E-16
12005.1853782991  1.079004E-16
12012.1294721408  1.077197E-16
12019.0735659824  1.109342E-16
12026.017659824  1.115832E-16
12032.9617536657  1.045301E-16
12039.9058475073  1.029985E-16
12046.849941349  1.084194E-16
12053.7940351906  1.103933E-16
12060.7381290323  1.056131E-16
12067.6822228739  1.093439E-16
12074.6263167155  9.982145E-17
12081.5704105572  1.040888E-16
12088.5145043988  1.092539E-16
12095.4585982405  1.064501E-16
12102.4026920821  1.061315E-16
12109.3467859238  1.080956E-16
12116.2908797654  1.069348E-16
12123.234973607  1.154619E-16
12130.1790674487  1.121433E-16
12137.1231612903  1.084113E-16
12144.067255132  1.111094E-16
12151.0113489736  1.142621E-16
12157.9554428152  1.166088E-16
12164.8995366569  1.086608E-16
12171.8436304985  1.046192E-16
12178.7877243402  1.112219E-16
12185.7318181818  1.123909E-16
12192.6759120235  1.099175E-16
12199.6200058651  1.105838E-16
12206.5640997067  1.090783E-16
12213.5081935484  1.024774E-16
12220.45228739  1.081463E-16
12227.3963812317  1.144994E-16
12234.3404750733  1.032729E-16
12241.284568915  1.135696E-16
12248.2286627566  1.111678E-16
12255.1727565982  1.061516E-16
12262.1168504399  1.101004E-16
12269.0609442815  1.034537E-16
12276.0050381232  1.081626E-16
12282.9491319648  1.059402E-16
12289.8932258064  1.045982E-16
12296.8373196481  9.923151E-17
12303.7814134897  9.958161E-17
12310.7255073314  9.904974E-17
12317.669601173  1.021023E-16
12324.6136950147  9.804776E-17
12331.5577888563  9.321254E-17
12338.5018826979  9.092765E-17
12345.4459765396  9.201267E-17
12352.3900703812  9.855611E-17
12359.3341642229  8.610771E-17
12366.2782580645  8.546965E-17
12373.2223519062  9.093724E-17
12380.1664457478  8.392133E-17
12387.1105395894  8.962825E-17
12394.0546334311  8.778798E-17
12400.9987272727  8.234981E-17
12407.9428211144  8.784002E-17
12414.886914956  9.043499E-17
12421.8310087976  9.055882E-17
12428.7751026393  8.795863E-17
12435.7191964809  8.672256E-17
12442.6632903226  8.472405E-17
12449.6073841642  8.267317E-17
12456.5514780059  8.543372E-17
12463.4955718475  7.745772E-17
12470.4396656891  7.684653E-17
12477.3837595308  7.823790E-17
12484.3278533724  7.458143E-17
12491.2719472141  7.565754E-17
12498.2160410557  7.392387E-17
12505.1601348974  7.544626E-17
12512.104228739  7.452140E-17
12519.0483225806  7.267310E-17
12525.9924164223  7.326628E-17
12532.9365102639  7.434091E-17
12539.8806041056  6.982243E-17
12546.8246979472  6.627240E-17
12553.7687917889  7.099297E-17
12560.7128856305  7.427302E-17
12567.6569794721  7.461045E-17
12574.6010733138  7.123969E-17
12581.5451671554  6.902814E-17
12588.4892609971  6.534086E-17
12595.4333548387  6.533472E-17
12602.3774486803  7.052701E-17
12609.321542522  7.324258E-17
12616.2656363636  7.011423E-17
12623.2097302053  6.700338E-17
12630.1538240469  6.530742E-17
12637.0979178886  6.593132E-17
12644.0420117302  7.491267E-17
12650.9861055718  6.790578E-17
12657.9301994135  7.130202E-17
12664.8742932551  7.527529E-17
12671.8183870968  7.428856E-17
12678.7624809384  7.504492E-17
12685.7065747801  7.712589E-17
12692.6506686217  7.538156E-17
12699.5947624633  7.269787E-17
12706.538856305  8.178435E-17
12713.4829501466  7.731498E-17
12720.4270439883  7.646888E-17
12727.3711378299  8.261518E-17
12734.3152316716  7.733406E-17
12741.2593255132  8.006409E-17
12748.2034193548  7.931529E-17
12755.1475131965  8.287493E-17
12762.0916070381  8.908589E-17
12769.0357008798  8.401374E-17
12775.9797947214  9.061288E-17
12782.923888563  8.413602E-17
12789.8679824047  8.462637E-17
12796.8120762463  9.420163E-17
12803.756170088  9.280516E-17
12810.7002639296  7.808386E-17
12817.6443577713  8.017199E-17
12824.5884516129  9.094089E-17
12831.5325454545  9.214507E-17
12838.4766392962  8.536084E-17
12845.4207331378  9.144498E-17
12852.3648269795  8.766944E-17
12859.3089208211  8.738772E-17
12866.2530146628  8.249358E-17
12873.1971085044  8.307783E-17
12880.141202346  8.127773E-17
12887.0852961877  8.125586E-17
12894.0293900293  8.448815E-17
12900.973483871  8.661621E-17
12907.9175777126  7.449132E-17
12914.8616715543  7.638541E-17
12921.8057653959  8.305394E-17
12928.7498592375  7.872022E-17
12935.6939530792  8.327876E-17
12942.6380469208  8.275566E-17
12949.5821407625  7.351490E-17
12956.5262346041  7.154222E-17
12963.4703284457  7.136209E-17
12970.4144222874  7.404194E-17
12977.358516129  7.428527E-17
12984.3026099707  7.757048E-17
12991.2467038123  7.726968E-17
12998.190797654  8.424525E-17
13005.1348914956  7.859289E-17
13012.0789853372  7.464867E-17
13019.0230791789  6.803770E-17
13025.9671730205  7.242844E-17
13032.9112668622  8.265012E-17
13039.8553607038  7.615501E-17
13046.7994545454  7.245837E-17
13053.7435483871  7.926455E-17
13060.6876422287  8.046832E-17
13067.6317360704  7.559170E-17
13074.575829912  7.383395E-17
13081.5199237537  6.409888E-17
13088.4640175953  7.019893E-17
13095.4081114369  8.447913E-17
13102.3522052786  7.633375E-17
13109.2962991202  7.325517E-17
13116.2403929619  7.886055E-17
13123.1844868035  7.220136E-17
13130.1285806452  7.539659E-17
13137.0726744868  7.092695E-17
13144.0167683284  6.132845E-17
13150.9608621701  6.188584E-17
13157.9049560117  6.689851E-17
13164.8490498534  7.256314E-17
13171.793143695  6.260217E-17
13178.7372375367  6.114360E-17
13185.6813313783  5.953790E-17
13192.6254252199  5.827411E-17
13199.5695190616  6.000391E-17
13206.5136129032  6.254625E-17
13213.4577067449  6.252312E-17
13220.4018005865  5.956522E-17
13227.3458944281  6.136869E-17
13234.2899882698  5.789710E-17
13241.2340821114  5.206924E-17
13248.1781759531  6.121491E-17
13255.1222697947  7.457457E-17
13262.0663636364  7.210361E-17
13269.010457478  7.245629E-17
13275.9545513196  7.140056E-17
13282.8986451613  6.844314E-17
13289.8427390029  7.162243E-17
13296.7868328446  7.281639E-17
13303.7309266862  6.789697E-17
13310.6750205279  7.508027E-17
13317.6191143695  7.580205E-17
13324.5632082111  7.087343E-17
13331.5073020528  7.264445E-17
13338.4513958944  7.545909E-17
13345.3954897361  8.972288E-17
13352.3395835777  8.728450E-17
13359.2836774194  7.941201E-17
13366.227771261  7.876525E-17
13373.1718651026  7.947700E-17
13380.1159589443  8.103847E-17
13387.0600527859  8.141972E-17
13394.0041466276  8.108383E-17
13400.9482404692  7.784821E-17
13407.8923343108  8.320708E-17
13414.8364281525  8.124753E-17
13421.7805219941  8.626713E-17
13428.7246158358  8.990833E-17
13435.6687096774  8.863541E-17
13442.6128035191  8.006314E-17
13449.5568973607  7.955251E-17
13456.5009912023  8.164666E-17
13463.445085044  8.006873E-17
13470.3891788856  7.975063E-17
13477.3332727273  7.626975E-17
13484.2773665689  8.084466E-17
13491.2214604106  8.250240E-17
13498.1655542522  8.275102E-17
13505.1096480938  7.312321E-17
13512.0537419355  7.221671E-17
13518.9978357771  8.313509E-17
13525.9419296188  7.662441E-17
13532.8860234604  6.255823E-17
13539.830117302  6.693338E-17
13546.7742111437  6.224286E-17
13553.7183049853  6.766157E-17
13560.662398827  5.986747E-17
13567.6064926686  6.393650E-17
13574.5505865103  5.852660E-17
13581.4946803519  6.440645E-17
13588.4387741935  8.117508E-17
13595.3828680352  5.863842E-17
13602.3269618768  5.540075E-17
13609.2710557185  4.067236E-17
13616.2151495601  4.966651E-17
13623.1592434018  4.286255E-17
13630.1033372434  6.877064E-17
13637.047431085  1.335325E-16
13643.9915249267  7.099436E-17
13650.9356187683  5.860590E-17
13657.87971261  9.650306E-17
13664.8238064516  1.185609E-16
13671.7679002932  4.460025E-17
13678.7119941349  3.785026E-17
13685.6560879765  5.948174E-17
13692.6001818182  7.318277E-17
13699.5442756598  6.282030E-17
13706.4883695015  5.125925E-17
13713.4324633431  4.093275E-17
13720.3765571847  3.636400E-17
13727.3206510264  8.898370E-17
13734.264744868  1.070745E-16
13741.2088387097  5.153167E-17
13748.1529325513  6.082103E-17
13755.097026393  5.463172E-17
13762.0411202346  5.033819E-17
13768.9852140762  5.082951E-17
13775.9293079179  5.606469E-17
13782.8734017595  4.833013E-17
13789.8174956012  4.591938E-17
13796.7615894428  2.606761E-17
13803.7056832845  4.714303E-17
13810.6497771261  5.925756E-17
13817.5938709677  4.059734E-17
13824.5379648094  2.114595E-17
13831.482058651  4.947405E-17
13838.4261524927  1.942121E-17
13845.3702463343  -3.249583E-18
13852.3143401759  4.869889E-17
13859.2584340176  5.255263E-17
13866.2025278592  6.623086E-17
13873.1466217009  7.970906E-17
13880.0907155425  5.188800E-17
13887.0348093842  5.068952E-17
13893.9789032258  8.200694E-17
13900.9229970674  9.020178E-17
13907.8670909091  6.288834E-17
13914.8111847507  7.358076E-17
13921.7552785924  7.006865E-17
13928.699372434  5.614590E-17
13935.6434662757  6.356351E-17
13942.5875601173  7.496394E-17
13949.5316539589  4.959415E-17
13956.4757478006  2.132704E-17
13963.4198416422  2.925480E-17
13970.3639354839  6.248701E-17
13977.3080293255  8.631082E-17
13984.2521231671  8.034626E-17
13991.1962170088  5.527075E-17
13998.1403108504  5.267759E-17
14005.0844046921  3.992881E-17
14012.0284985337  4.613226E-17
14018.9725923754  1.118136E-16
14025.916686217  9.174942E-17
14032.8607800586  6.178256E-17
14039.8048739003  4.155908E-17
14046.7489677419  4.239438E-17
14053.6930615836  4.168392E-17
14060.6371554252  6.409327E-17
14067.5812492669  6.574023E-17
14074.5253431085  5.991065E-17
14081.4694369501  6.657013E-17
14088.4135307918  6.398508E-17
14095.3576246334  4.380369E-17
14102.3017184751  5.403758E-17
14109.2458123167  5.255091E-17
14116.1899061584  7.352436E-17
14123.134  6.303172E-17
14130.0780938416  4.724301E-17
14137.0221876833  4.225024E-17
14143.9662815249  3.770634E-17
14150.9103753666  4.460202E-17
14157.8544692082  6.750629E-17
14164.7985630498  7.429388E-17
14171.7426568915  4.885049E-17
14178.6867507331  4.087693E-17
14185.6308445748  4.834102E-17
14192.5749384164  3.604370E-17
14199.5190322581  2.906702E-17
14206.4631260997  5.828212E-17
14213.4072199413  6.464109E-17
14220.351313783  4.605508E-17
14227.2954076246  5.200144E-17
14234.2395014663  4.483487E-17
14241.1835953079  4.246669E-17
14248.1276891496  4.981884E-17
14255.0717829912  4.479118E-17
14262.0158768328  4.085632E-17
14268.9599706745  3.972297E-17
14275.9040645161  3.828202E-17
14282.8481583578  4.709300E-17
14289.7922521994  5.064840E-17
14296.736346041  5.437855E-17
14303.6804398827  5.533077E-17
14310.6245337243  4.149958E-17
14317.568627566  3.059838E-17
14324.5127214076  3.846454E-17
14331.4568152493  4.978706E-17
14338.4009090909  4.845431E-17
14345.3450029325  5.191310E-17
14352.2890967742  5.324207E-17
14359.2331906158  4.780454E-17
14366.1772844575  4.803892E-17
14373.1213782991  5.522273E-17
14380.0654721408  4.207329E-17
14387.0095659824  5.629380E-17
14393.953659824  4.757018E-17
14400.8977536657  4.165272E-17
14407.8418475073  3.768006E-17
14414.785941349  3.630003E-17
14421.7300351906  3.763687E-17
14428.6741290323  4.100710E-17
14435.6182228739  4.534929E-17
14442.5623167155  4.058677E-17
14449.5064105572  3.639503E-17
14456.4505043988  3.753561E-17
14463.3945982405  3.575765E-17
14470.3386920821  3.480802E-17
14477.2827859237  4.305212E-17
14484.2268797654  3.977060E-17
14491.170973607  4.056883E-17
14498.1150674487  4.640781E-17
14505.0591612903  4.282491E-17
14512.003255132  2.799607E-17
14518.9473489736  3.835226E-17
14525.8914428152  4.393258E-17
14532.8355366569  3.577705E-17
14539.7796304985  3.868932E-17
14546.7237243402  3.840466E-17
14553.6678181818  2.932061E-17
14560.6119120235  3.737693E-17
14567.5560058651  3.722619E-17
14574.5000997067  3.643073E-17
14581.4441935484  4.633802E-17
14588.38828739  3.830428E-17
14595.3323812317  4.329980E-17
14602.2764750733  3.634166E-17
14609.220568915  3.783792E-17
14616.1646627566  4.915419E-17
14623.1087565982  4.735203E-17
14630.0528504399  4.605286E-17
14636.9969442815  3.728609E-17
14643.9410381232  4.123337E-17
14650.8851319648  4.989907E-17
14657.8292258064  4.698436E-17
14664.7733196481  4.692453E-17
14671.7174134897  5.101929E-17
14678.6615073314  4.988961E-17
14685.605601173  4.842588E-17
14692.5496950147  4.883105E-17
14699.4937888563  3.350687E-17
14706.4378826979  2.661387E-17
14713.3819765396  4.095149E-17
14720.3260703812  4.430173E-17
14727.2701642229  5.847699E-17
14734.2142580645  5.731060E-17
14741.1583519062  5.207290E-17
14748.1024457478  5.597588E-17
14755.0465395894  6.335321E-17
14761.9906334311  4.334343E-17
14768.9347272727  3.637793E-17
14775.8788211144  5.058463E-17
14782.822914956  4.713736E-17
14789.7670087976  5.219129E-17
14796.7111026393  6.039320E-17
14803.6551964809  5.979611E-17
14810.5992903226  6.267812E-17
14817.5433841642  6.471887E-17
14824.4874780059  5.052846E-17
14831.4315718475  6.178970E-17
14838.3756656891  6.434733E-17
14845.3197595308  4.730370E-17
14852.2638533724  4.679961E-17
14859.2079472141  5.648533E-17
14866.1520410557  5.733623E-17
14873.0961348974  5.276033E-17
14880.040228739  6.314200E-17
14886.9843225806  6.117420E-17
14893.9284164223  5.774750E-17
14900.8725102639  5.646739E-17
14907.8166041056  5.382847E-17
14914.7606979472  4.922839E-17
14921.7047917889  5.082393E-17
14928.6488856305  5.792932E-17
14935.5929794721  5.868501E-17
14942.5370733138  5.639621E-17
14949.4811671554  4.985181E-17
14956.4252609971  5.512257E-17
14963.3693548387  5.158204E-17
14970.3134486803  5.225549E-17
14977.257542522  5.797424E-17
14984.2016363636  5.846341E-17
14991.1457302053  5.546492E-17
14998.0898240469  5.755422E-17
15005.0339178886  6.357702E-17
15011.9780117302  5.945802E-17
15018.9221055718  5.564903E-17
15025.8661994135  6.062186E-17
15032.8102932551  5.509735E-17
15039.7543870968  5.718996E-17
15046.6984809384  5.694518E-17
15053.6425747801  5.485934E-17
15060.5866686217  5.601551E-17
15067.5307624633  5.881681E-17
15074.474856305  6.080498E-17
15081.4189501466  6.156734E-17
15088.3630439883  6.393357E-17
15095.3071378299  6.043662E-17
15102.2512316715  6.602896E-17
15109.1953255132  6.214386E-17
15116.1394193548  5.914928E-17
15123.0835131965  5.582160E-17
15130.0276070381  5.625720E-17
15136.9717008798  5.517762E-17
15143.9157947214  5.896766E-17
15150.859888563  6.578297E-17
15157.8039824047  6.647587E-17
15164.7480762463  5.950766E-17
15171.692170088  5.964637E-17
15178.6362639296  6.434702E-17
15185.5803577713  6.827690E-17
15192.5244516129  6.968281E-17
15199.4685454545  6.441771E-17
15206.4126392962  6.367133E-17
15213.3567331378  6.856605E-17
15220.3008269795  6.643015E-17
15227.2449208211  6.675001E-17
15234.1890146628  7.622847E-17
15241.1331085044  6.612966E-17
15248.077202346  6.554697E-17
15255.0212961877  6.456548E-17
15261.9653900293  6.905609E-17
15268.909483871  7.424687E-17
15275.8535777126  7.129433E-17
15282.7976715542  6.682533E-17
15289.7417653959  6.849356E-17
15296.6858592375  7.317268E-17
15303.6299530792  6.790677E-17
15310.5740469208  7.146776E-17
15317.5181407625  7.178383E-17
15324.4622346041  7.006727E-17
15331.4063284457  6.716095E-17
15338.3504222874  7.655343E-17
15345.294516129  7.978018E-17
15352.2386099707  6.208300E-17
15359.1827038123  6.688304E-17
15366.126797654  6.954910E-17
15373.0708914956  6.704614E-17
15380.0149853372  6.817306E-17
15386.9590791789  7.927590E-17
15393.9031730205  7.620362E-17
15400.8472668622  6.435720E-17
15407.7913607038  6.233255E-17
15414.7354545454  6.646073E-17
15421.6795483871  6.109450E-17
15428.6236422287  6.417647E-17
15435.5677360704  7.069001E-17
15442.511829912  6.527321E-17
15449.4559237537  6.739269E-17
15456.4000175953  5.619684E-17
15463.3441114369  5.663377E-17
15470.2882052786  6.053486E-17
15477.2322991202  5.946415E-17
15484.1763929619  6.265135E-17
15491.1204868035  6.542658E-17
15498.0645806452  6.183037E-17
15505.0086744868  6.099726E-17
15511.9527683284  6.204273E-17
15518.8968621701  6.501513E-17
15525.8409560117  6.424505E-17
15532.7850498534  6.366233E-17
15539.729143695  5.668157E-17
15546.6732375367  5.773728E-17
15553.6173313783  6.507828E-17
15560.5614252199  5.546624E-17
15567.5055190616  5.779996E-17
15574.4496129032  5.996950E-17
15581.3937067449  5.257924E-17
15588.3378005865  5.183192E-17
15595.2818944281  5.735936E-17
15602.2259882698  5.630294E-17
15609.1700821114  5.281560E-17
15616.1141759531  4.868085E-17
15623.0582697947  5.498767E-17
15630.0023636364  5.547604E-17
15636.946457478  5.986549E-17
15643.8905513196  5.869615E-17
15650.8346451613  4.788275E-17
15657.7787390029  5.477268E-17
15664.7228328446  5.805859E-17
15671.6669266862  5.822149E-17
15678.6110205279  5.550497E-17
15685.5551143695  4.774733E-17
15692.4992082111  4.744774E-17
15699.4433020528  5.353104E-17
15706.3873958944  5.160763E-17
15713.3314897361  4.989188E-17
15720.2755835777  4.626160E-17
15727.2196774193  4.931317E-17
15734.163771261  5.039475E-17
15741.1078651026  4.673523E-17
15748.0519589443  4.933538E-17
15754.9960527859  5.140569E-17
15761.9401466276  4.900556E-17
15768.8842404692  4.831944E-17
15775.8283343108  4.719352E-17
15782.7724281525  4.438172E-17
15789.7165219941  4.206702E-17
15796.6606158358  4.208708E-17
15803.6047096774  3.909223E-17
15810.5488035191  4.771491E-17
15817.4928973607  4.542390E-17
15824.4369912023  5.506440E-17
15831.381085044  6.354940E-17
15838.3251788856  7.533779E-17
15845.2692727273  5.250379E-17
15852.2133665689  4.519654E-17
15859.1574604106  5.780159E-17
15866.1015542522  5.112985E-17
15873.0456480938  4.408890E-17
15879.9897419355  4.698433E-17
15886.9338357771  4.786682E-17
15893.8779296188  4.942285E-17
15900.8220234604  4.646254E-17
15907.766117302  4.405199E-17
15914.7102111437  4.553613E-17
15921.6543049853  4.045832E-17
15928.598398827  4.511362E-17
15935.5424926686  5.253066E-17
15942.4865865103  4.969479E-17
15949.4306803519  4.767154E-17
15956.3747741935  5.447988E-17
15963.3188680352  4.596340E-17
15970.2629618768  4.913475E-17
15977.2070557185  4.568471E-17
15984.1511495601  4.259289E-17
15991.0952434018  4.260548E-17
15998.0393372434  4.388857E-17
16004.983431085  4.200569E-17
16011.9275249267  4.643676E-17
16018.8716187683  5.068958E-17
16025.81571261  4.721314E-17
16032.7598064516  5.280582E-17
16039.7039002932  4.598042E-17
16046.6479941349  5.368047E-17
16053.5920879765  5.069524E-17
16060.5361818182  5.300254E-17
16067.4802756598  5.499443E-17
16074.4243695015  5.887427E-17
16081.3684633431  5.065131E-17
16088.3125571847  5.152454E-17
16095.2566510264  5.878935E-17
16102.200744868  5.985136E-17
16109.1448387097  5.166609E-17
16116.0889325513  5.712238E-17
16123.033026393  5.681096E-17
16129.9771202346  4.247790E-17
16136.9212140762  3.791451E-17
16143.8653079179  3.456944E-17
16150.8094017595  4.289202E-17
16157.7534956012  5.024233E-17
16164.6975894428  4.865851E-17
16171.6416832845  4.688913E-17
16178.5857771261  4.831668E-17
16185.5298709677  4.986954E-17
16192.4739648094  4.969497E-17
16199.418058651  4.103199E-17
16206.3621524927  4.199926E-17
16213.3062463343  5.284002E-17
16220.2503401759  4.779695E-17
16227.1944340176  4.788366E-17
16234.1385278592  6.075438E-17
16241.0826217009  6.142351E-17
16248.0267155425  5.481246E-17
16254.9708093842  5.009544E-17
16261.9149032258  5.115993E-17
16268.8589970674  5.779631E-17
16275.8030909091  5.334755E-17
16282.7471847507  5.044660E-17
16289.6912785924  5.321209E-17
16296.635372434  5.329317E-17
16303.5794662757  5.358562E-17
16310.5235601173  4.737477E-17
16317.4676539589  4.343285E-17
16324.4117478006  5.130520E-17
16331.3558416422  5.416905E-17
16338.2999354839  6.118611E-17
16345.2440293255  5.568002E-17
16352.1881231671  4.569726E-17
16359.1322170088  5.385128E-17
16366.0763108504  5.289673E-17
16373.0204046921  4.842947E-17
16379.9644985337  4.943392E-17
16386.9085923754  5.076400E-17
16393.852686217  4.858414E-17
16400.7967800586  4.750686E-17
16407.7408739003  5.009759E-17
16414.6849677419  4.795779E-17
16421.6290615836  4.728357E-17
16428.5731554252  4.276265E-17
16435.5172492669  3.866615E-17
16442.4613431085  3.916769E-17
16449.4054369501  5.381174E-17
16456.3495307918  4.947315E-17
16463.2936246334  4.519579E-17
16470.2377184751  4.866601E-17
16477.1818123167  4.699573E-17
16484.1259061584  4.661422E-17
16491.07  4.672288E-17
