14982.5810547  2.216632E-16
14992.7356405383  2.184044E-16
15002.8902263766  2.108689E-16
15013.0448122149  2.089325E-16
15023.1993980532  2.077725E-16
15033.3539838915  2.204481E-16
15043.5085697298  2.198630E-16
15053.6631555681  2.204454E-16
15063.8177414064  2.162418E-16
15073.9723272447  2.085542E-16
15084.126913083  2.127954E-16
15094.2814989213  2.173654E-16
15104.4360847596  2.136133E-16
15114.5906705979  2.134189E-16
15124.7452564362  2.077545E-16
15134.8998422745  2.123620E-16
15145.0544281128  2.072214E-16
15155.2090139511  2.070928E-16
15165.3635997894  2.084167E-16
15175.5181856277  2.063644E-16
15185.672771466  2.053548E-16
15195.8273573043  2.048212E-16
15205.9819431426  2.084930E-16
15216.1365289809  1.993159E-16
15226.2911148192  1.988634E-16
15236.4457006575  2.001930E-16
15246.6002864958  1.988346E-16
15256.7548723341  1.972221E-16
15266.9094581724  2.087992E-16
15277.0640440107  1.985360E-16
15287.218629849  1.982113E-16
15297.3732156873  2.012408E-16
15307.5278015256  1.984963E-16
15317.6823873639  1.988578E-16
15327.8369732022  2.003893E-16
15337.9915590405  2.011153E-16
15348.1461448788  1.993783E-16
15358.3007307171  2.002336E-16
15368.4553165554  1.963804E-16
15378.6099023937  1.961103E-16
15388.764488232  1.965603E-16
15398.9190740703  1.932642E-16
15409.0736599086  1.962791E-16
15419.2282457469  2.010744E-16
15429.3828315852  2.019214E-16
15439.5374174235  1.967392E-16
15449.6920032618  1.916898E-16
15459.8465891001  1.989845E-16
15470.0011749384  1.964801E-16
15480.1557607767  1.905313E-16
15490.310346615  1.923755E-16
15500.4649324533  1.887996E-16
15510.6195182916  1.935383E-16
15520.7741041299  1.884026E-16
15530.9286899682  1.974493E-16
15541.0832758065  1.929767E-16
15551.2378616448  1.941337E-16
15561.3924474831  1.879935E-16
15571.5470333214  1.935404E-16
15581.7016191597  1.885083E-16
15591.856204998  1.874921E-16
15602.0107908363  1.768498E-16
15612.1653766746  1.570379E-16
15622.3199625129  1.720934E-16
15632.4745483512  1.914170E-16
15642.6291341895  1.858381E-16
15652.7837200278  1.848260E-16
15662.9383058661  1.798601E-16
15673.0928917044  1.948861E-16
15683.2474775427  1.835191E-16
15693.402063381  1.840939E-16
15703.5566492193  1.863848E-16
15713.7112350576  1.847915E-16
15723.8658208959  1.915982E-16
15734.0204067342  1.938334E-16
15744.1749925725  1.885184E-16
15754.3295784108  1.833447E-16
15764.4841642491  1.826314E-16
15774.6387500874  1.738504E-16
15784.7933359257  1.835541E-16
15794.947921764  1.885520E-16
15805.1025076023  1.796749E-16
15815.2570934406  1.826257E-16
15825.4116792789  1.808941E-16
15835.5662651172  1.813819E-16
15845.7208509555  1.809298E-16
15855.8754367938  1.858983E-16
15866.0300226321  1.871698E-16
15876.1846084704  1.843795E-16
15886.3391943087  1.817062E-16
15896.493780147  1.821213E-16
15906.6483659853  1.849679E-16
15916.8029518236  1.846166E-16
15926.9575376619  1.896129E-16
15937.1121235002  1.856754E-16
15947.2667093385  1.976951E-16
15957.4212951768  1.788701E-16
15967.5758810151  1.825971E-16
15977.7304668534  1.853761E-16
15987.8850526917  1.776570E-16
15998.03963853  1.758132E-16
16008.1942243683  1.748198E-16
16018.3488102066  1.753811E-16
16028.5033960449  1.649906E-16
16038.6579818832  1.755885E-16
16048.8125677215  1.842277E-16
16058.9671535598  1.751000E-16
16069.1217393981  1.733456E-16
16079.2763252364  1.796878E-16
16089.4309110747  1.783947E-16
16099.585496913  1.788590E-16
16109.7400827513  1.844853E-16
16119.8946685896  1.853991E-16
16130.0492544279  1.811290E-16
16140.2038402662  1.631967E-16
16150.3584261045  1.678073E-16
16160.5130119428  1.749601E-16
16170.6675977811  1.759978E-16
16180.8221836194  1.794730E-16
16190.9767694577  1.769908E-16
16201.131355296  1.804078E-16
16211.2859411343  1.853686E-16
16221.4405269726  1.756076E-16
16231.5951128109  1.763549E-16
16241.7496986492  1.789637E-16
16251.9042844875  1.776959E-16
16262.0588703258  1.754249E-16
16272.2134561641  1.722360E-16
16282.3680420024  1.683758E-16
16292.5226278407  1.731518E-16
16302.677213679  1.670021E-16
16312.8317995173  1.697524E-16
16322.9863853556  1.711919E-16
16333.1409711939  1.692104E-16
16343.2955570322  1.693893E-16
16353.4501428705  1.717514E-16
16363.6047287088  1.705767E-16
16373.7593145471  1.725686E-16
16383.9139003854  1.802309E-16
16394.0684862237  1.723003E-16
16404.223072062  1.721822E-16
16414.3776579003  1.647651E-16
16424.5322437386  1.764115E-16
16434.6868295769  1.714854E-16
16444.8414154152  1.682142E-16
16454.9960012535  1.742170E-16
16465.1505870918  1.727641E-16
16475.3051729301  1.753268E-16
16485.4597587684  1.750279E-16
16495.6143446067  1.687771E-16
16505.768930445  1.708794E-16
16515.9235162833  1.701094E-16
16526.0781021216  1.701428E-16
16536.2326879599  1.737704E-16
16546.3872737982  1.704693E-16
16556.5418596365  1.728691E-16
16566.6964454748  1.689733E-16
16576.8510313131  1.643890E-16
16587.0056171514  1.689138E-16
16597.1602029897  1.663718E-16
16607.314788828  1.662747E-16
16617.4693746663  1.645825E-16
16627.6239605046  1.664874E-16
16637.7785463429  1.557159E-16
16647.9331321812  1.583411E-16
16658.0877180195  1.674258E-16
16668.2423038578  1.672848E-16
16678.3968896961  1.596290E-16
16688.5514755344  1.538996E-16
16698.7060613727  1.603879E-16
16708.860647211  1.622404E-16
16719.0152330493  1.596308E-16
16729.1698188876  1.593583E-16
16739.3244047259  1.644197E-16
16749.4789905642  1.581689E-16
16759.6335764025  1.584473E-16
16769.7881622408  1.554828E-16
16779.9427480791  1.576908E-16
16790.0973339174  1.581400E-16
16800.2519197557  1.581111E-16
16810.406505594  1.581763E-16
16820.5610914323  1.647810E-16
16830.7156772706  1.607271E-16
16840.8702631089  1.653974E-16
16851.0248489472  1.651245E-16
16861.1794347855  1.604370E-16
16871.3340206238  1.590971E-16
16881.4886064621  1.557483E-16
16891.6431923004  1.600200E-16
16901.7977781387  1.576949E-16
16911.952363977  1.593401E-16
16922.1069498153  1.596787E-16
16932.2615356536  1.583153E-16
16942.4161214919  1.561094E-16
16952.5707073302  1.558411E-16
16962.7252931685  1.528322E-16
16972.8798790068  1.552855E-16
16983.0344648451  1.579302E-16
16993.1890506834  1.547092E-16
17003.3436365217  1.531850E-16
17013.49822236  1.546507E-16
17023.6528081983  1.486457E-16
17033.8073940366  1.503006E-16
17043.9619798749  1.474512E-16
17054.1165657132  1.471814E-16
17064.2711515515  1.525421E-16
17074.4257373898  1.482245E-16
17084.5803232281  1.542716E-16
17094.7349090664  1.484067E-16
17104.8894949047  1.439846E-16
17115.044080743  1.461021E-16
17125.1986665813  1.503545E-16
17135.3532524196  1.497973E-16
17145.5078382579  1.507259E-16
17155.6624240962  1.502339E-16
17165.8170099345  1.443792E-16
17175.9715957728  1.474304E-16
17186.1261816111  1.438354E-16
17196.2807674494  1.419350E-16
17206.4353532877  1.429050E-16
17216.589939126  1.442150E-16
17226.7445249643  1.416436E-16
17236.8991108026  1.332461E-16
17247.0536966409  1.371770E-16
17257.2082824792  1.366934E-16
17267.3628683175  1.399893E-16
17277.5174541558  1.390778E-16
17287.6720399941  1.420450E-16
17297.8266258324  1.443347E-16
17307.9812116707  1.422983E-16
17318.135797509  1.447106E-16
17328.2903833473  1.478737E-16
17338.4449691856  1.436932E-16
17348.5995550239  1.417680E-16
17358.7541408622  1.417494E-16
17368.9087267005  1.484321E-16
17379.0633125388  1.495135E-16
17389.2178983771  1.435996E-16
17399.3724842154  1.488961E-16
17409.5270700537  1.471235E-16
17419.681655892  1.448292E-16
17429.8362417303  1.457733E-16
17439.9908275686  1.405108E-16
17450.1454134069  1.440375E-16
17460.2999992452  1.343933E-16
17470.4545850835  1.461498E-16
17480.6091709218  1.451178E-16
17490.7637567601  1.403066E-16
17500.9183425984  1.416742E-16
17511.0729284367  1.391577E-16
17521.227514275  1.415064E-16
17531.3821001133  1.391888E-16
17541.5366859516  1.373665E-16
17551.6912717899  1.374651E-16
17561.8458576282  1.384580E-16
17572.0004434665  1.417935E-16
17582.1550293048  1.394927E-16
17592.3096151431  1.363468E-16
17602.4642009814  1.352504E-16
17612.6187868197  1.325403E-16
17622.773372658  1.353655E-16
17632.9279584963  1.317223E-16
17643.0825443346  1.248397E-16
17653.2371301729  1.340809E-16
17663.3917160112  1.445704E-16
17673.5463018495  1.337770E-16
17683.7008876878  1.307855E-16
17693.8554735261  1.313273E-16
17704.0100593644  1.326762E-16
17714.1646452027  1.359178E-16
17724.319231041  1.360916E-16
17734.4738168793  1.327143E-16
17744.6284027176  1.302472E-16
17754.7829885559  1.341513E-16
17764.9375743942  1.346868E-16
17775.0921602325  1.340831E-16
17785.2467460708  1.322646E-16
17795.4013319091  1.329673E-16
17805.5559177474  1.305012E-16
17815.7105035857  1.368402E-16
17825.865089424  1.310661E-16
17836.0196752623  1.221334E-16
17846.1742611006  1.274088E-16
17856.3288469389  1.349233E-16
17866.4834327772  1.422614E-16
17876.6380186155  1.412049E-16
17886.7926044538  1.269938E-16
17896.9471902921  1.222033E-16
17907.1017761304  1.250526E-16
17917.2563619687  1.238730E-16
17927.410947807  1.270823E-16
17937.5655336453  1.324439E-16
17947.7201194836  1.304364E-16
17957.8747053219  1.314328E-16
17968.0292911602  1.382619E-16
17978.1838769985  1.220302E-16
17988.3384628368  9.579135E-17
17998.4930486751  9.378854E-17
18008.6476345134  1.217883E-16
18018.8022203517  1.469574E-16
18028.95680619  1.502088E-16
18039.1113920283  1.281808E-16
18049.2659778666  9.624510E-17
18059.4205637049  1.171690E-16
18069.5751495432  1.546648E-16
18079.7297353815  1.385874E-16
18089.8843212198  1.063802E-16
18100.0389070581  9.123856E-17
18110.1934928964  1.073949E-16
18120.3480787347  1.500441E-16
18130.502664573  1.507094E-16
18140.6572504113  1.115408E-16
18150.8118362496  1.163930E-16
18160.9664220879  1.366711E-16
18171.1210079262  1.363798E-16
18181.2755937645  1.034490E-16
18191.4301796028  7.549380E-17
18201.5847654411  8.036125E-17
18211.7393512794  1.525457E-16
18221.8939371177  2.884406E-16
18232.048522956  1.943307E-16
18242.2031087943  1.051457E-16
18252.3576946326  9.706970E-17
18262.5122804709  1.011980E-16
18272.6668663092  1.047942E-16
18282.8214521475  9.280734E-17
18292.9760379858  1.078463E-16
18303.1306238241  1.286373E-16
18313.2852096624  1.549727E-16
18323.4397955007  1.455902E-16
18333.594381339  8.922709E-17
18343.7489671773  5.919594E-17
18353.9035530156  6.223400E-17
18364.0581388539  1.331634E-16
18374.2127246922  1.780534E-16
18384.3673105305  1.397301E-16
18394.5218963688  8.863019E-17
18404.6764822071  1.164363E-16
18414.8310680454  2.344363E-16
18424.9856538837  3.259813E-16
18435.140239722  2.286176E-16
18445.2948255603  1.117590E-16
18455.4494113986  4.530577E-17
18465.6039972369  4.775249E-17
18475.7585830752  1.312622E-16
18485.9131689135  2.865089E-16
18496.0677547518  2.673821E-16
18506.2223405901  1.777831E-16
18516.3769264284  9.408854E-17
18526.5315122667  7.025163E-17
18536.686098105  1.291128E-16
18546.8406839433  1.378946E-16
18556.9952697816  1.084242E-16
18567.1498556199  1.301230E-16
18577.3044414582  1.045016E-16
18587.4590272965  8.167499E-17
18597.6136131348  1.587194E-16
18607.7681989731  2.867815E-16
18617.9227848114  1.638497E-16
18628.0773706497  1.211538E-16
18638.231956488  1.488848E-16
18648.3865423263  2.015165E-16
18658.5411281646  1.072931E-16
18668.6957140029  6.104900E-17
18678.8502998412  6.243199E-17
18689.0048856795  7.707656E-17
18699.1594715178  1.312340E-16
18709.3140573561  1.941098E-16
18719.4686431944  1.951537E-16
18729.6232290327  2.651582E-16
18739.777814871  2.633061E-16
18749.9324007093  2.800224E-16
18760.0869865476  3.934811E-16
18770.2415723859  5.839273E-16
18780.3961582242  4.264019E-16
18790.5507440625  2.201391E-16
18800.7053299008  1.953893E-16
18810.8599157391  2.494509E-16
18821.0145015774  1.974231E-16
18831.1690874157  1.607703E-16
18841.323673254  2.197398E-16
18851.4782590923  2.623296E-16
18861.6328449306  2.986591E-16
18871.7874307689  2.480281E-16
18881.9420166072  1.426947E-16
18892.0966024455  1.011770E-16
18902.2511882838  1.172069E-16
18912.4057741221  1.502343E-16
18922.5603599604  2.015992E-16
18932.7149457987  3.110157E-16
18942.869531637  2.719233E-16
18953.0241174753  1.642672E-16
18963.1787033136  9.400913E-17
18973.3332891519  5.417654E-17
18983.4878749902  4.818509E-17
18993.6424608285  1.276242E-16
19003.7970466668  3.082736E-16
19013.9516325051  1.765209E-16
19024.1062183434  1.397086E-16
19034.2608041817  8.991723E-17
19044.41539002  7.278452E-17
19054.5699758583  1.867032E-16
19064.7245616966  3.888020E-16
19074.8791475349  2.254292E-16
19085.0337333732  1.313622E-16
19095.1883192115  7.848909E-17
19105.3429050498  6.428357E-17
19115.4974908881  7.734658E-17
19125.6520767264  9.417253E-17
19135.8066625647  1.820580E-16
19145.961248403  1.738615E-16
19156.1158342413  1.818489E-16
19166.2704200796  2.026145E-16
19176.4250059179  1.147664E-16
19186.5795917562  5.510908E-17
19196.7341775945  8.359859E-17
19206.8887634328  2.083246E-16
19217.0433492711  1.913891E-16
19227.1979351094  1.080438E-16
19237.3525209477  1.229454E-16
19247.507106786  1.251784E-16
19257.6616926243  7.916651E-17
19267.8162784626  8.944345E-17
19277.9708643009  1.144363E-16
19288.1254501392  1.058077E-16
19298.2800359775  1.034709E-16
19308.4346218158  1.265112E-16
19318.5892076541  1.279269E-16
19328.7437934924  1.149094E-16
19338.8983793307  1.152672E-16
19349.052965169  9.851728E-17
19359.2075510073  8.871433E-17
19369.3621368456  8.549966E-17
19379.5167226839  9.121196E-17
19389.6713085222  1.145235E-16
19399.8258943605  1.312069E-16
19409.9804801988  1.428983E-16
19420.1350660371  1.134167E-16
19430.2896518754  9.262284E-17
19440.4442377137  1.029064E-16
19450.598823552  1.178062E-16
19460.7534093903  1.125456E-16
19470.9079952286  1.064652E-16
19481.0625810669  1.098179E-16
19491.2171669052  1.161886E-16
19501.3717527435  1.136664E-16
19511.5263385818  9.483603E-17
19521.6809244201  8.214338E-17
19531.8355102584  8.351754E-17
19541.9900960967  9.210605E-17
19552.144681935  1.036453E-16
19562.2992677733  1.086281E-16
19572.4538536116  1.172195E-16
19582.6084394499  1.337937E-16
19592.7630252882  1.326931E-16
19602.9176111265  1.123195E-16
19613.0721969648  9.397909E-17
19623.2267828031  8.787011E-17
19633.3813686414  9.983420E-17
19643.5359544797  1.069495E-16
19653.690540318  1.108037E-16
19663.8451261563  1.118189E-16
19673.9997119946  1.081844E-16
19684.1542978329  1.037152E-16
19694.3088836712  1.008138E-16
19704.4634695095  1.011523E-16
19714.6180553478  1.026045E-16
19724.7726411861  1.015034E-16
19734.9272270244  1.077509E-16
19745.0818128627  1.050251E-16
19755.236398701  1.045769E-16
19765.3909845393  1.020325E-16
19775.5455703776  9.551817E-17
19785.7001562159  9.158337E-17
19795.8547420542  9.729070E-17
19806.0093278925  1.005139E-16
19816.1639137308  9.997605E-17
19826.3184995691  9.349657E-17
19836.4730854074  8.973764E-17
19846.6276712457  8.949663E-17
19856.782257084  8.956271E-17
19866.9368429223  9.666992E-17
19877.0914287606  9.800777E-17
19887.2460145989  9.240365E-17
19897.4006004372  9.958955E-17
19907.5551862755  1.014327E-16
19917.7097721138  9.533923E-17
19927.8643579521  8.657023E-17
19938.0189437904  8.607019E-17
19948.1735296287  8.383194E-17
19958.328115467  7.640870E-17
19968.4827013053  6.723701E-17
19978.6372871436  6.348767E-17
19988.7918729819  6.052191E-17
19998.9464588202  5.520922E-17
20009.1010446585  5.877576E-17
20019.2556304968  6.160406E-17
20029.4102163351  8.468511E-17
20039.5648021734  1.014487E-16
20049.7193880117  1.168985E-16
20059.87397385  1.271961E-16
20070.0285596883  1.316987E-16
20080.1831455266  1.090424E-16
20090.3377313649  8.550653E-17
20100.4923172032  7.780654E-17
20110.6469030415  8.647275E-17
20120.8014888798  9.834367E-17
20130.9560747181  9.600705E-17
20141.1106605564  9.901778E-17
20151.2652463947  9.626872E-17
20161.419832233  1.040618E-16
20171.5744180713  9.959272E-17
20181.7290039096  1.056696E-16
20191.8835897479  1.026022E-16
20202.0381755862  1.035208E-16
20212.1927614245  9.915242E-17
20222.3473472628  1.001786E-16
20232.5019331011  9.990600E-17
20242.6565189394  9.391827E-17
20252.8111047777  9.237696E-17
20262.965690616  9.727226E-17
20273.1202764543  9.685652E-17
20283.2748622926  8.865597E-17
20293.4294481309  9.173303E-17
20303.5840339692  8.919228E-17
20313.7386198075  8.940986E-17
20323.8932056458  8.721790E-17
20334.0477914841  9.052753E-17
20344.2023773224  8.908661E-17
20354.3569631607  8.807359E-17
20364.511548999  8.702669E-17
20374.6661348373  8.748351E-17
20384.8207206756  8.285617E-17
20394.9753065139  8.285958E-17
20405.1298923522  8.340041E-17
20415.2844781905  8.835170E-17
20425.4390640288  8.867929E-17
20435.5936498671  8.596475E-17
20445.7482357054  8.772011E-17
20455.9028215437  8.528706E-17
20466.057407382  7.908635E-17
20476.2119932203  7.934095E-17
20486.3665790586  7.986839E-17
20496.5211648969  7.912266E-17
20506.6757507352  7.866204E-17
20516.8303365735  7.858091E-17
20526.9849224118  7.921001E-17
20537.1395082501  8.219383E-17
20547.2940940884  8.835549E-17
20557.4486799267  8.876926E-17
20567.603265765  9.902707E-17
20577.7578516033  9.184312E-17
20587.9124374416  9.322080E-17
20598.0670232799  8.455129E-17
20608.2216091182  8.248488E-17
20618.3761949565  8.022989E-17
20628.5307807948  7.796592E-17
20638.6853666331  8.053370E-17
20648.8399524714  8.462128E-17
20658.9945383097  8.723826E-17
20669.149124148  8.381561E-17
20679.3037099863  8.798096E-17
20689.4582958246  8.555153E-17
20699.6128816629  8.623907E-17
20709.7674675012  8.490305E-17
20719.9220533395  8.829833E-17
20730.0766391778  8.853643E-17
20740.2312250161  8.914262E-17
20750.3858108544  8.561741E-17
20760.5403966927  8.708293E-17
20770.694982531  8.987337E-17
20780.8495683693  8.628909E-17
20791.0041542076  8.381400E-17
20801.1587400459  8.252223E-17
20811.3133258842  8.062364E-17
20821.4679117225  7.744246E-17
20831.6224975608  7.865494E-17
20841.7770833991  8.165994E-17
20851.9316692374  8.101351E-17
20862.0862550757  7.888352E-17
20872.240840914  8.312186E-17
20882.3954267523  8.220066E-17
20892.5500125906  7.972979E-17
20902.7045984289  8.312251E-17
20912.8591842672  7.999485E-17
20923.0137701055  8.304291E-17
20933.1683559438  7.796558E-17
20943.3229417821  7.886208E-17
20953.4775276204  7.796989E-17
20963.6321134587  7.982864E-17
20973.786699297  7.739499E-17
20983.9412851353  7.783571E-17
20994.0958709736  8.144168E-17
21004.2504568119  8.073978E-17
21014.4050426502  7.844591E-17
21024.5596284885  8.125774E-17
21034.7142143268  7.983655E-17
21044.8688001651  7.835659E-17
21055.0233860034  7.856326E-17
21065.1779718417  8.303281E-17
21075.33255768  7.984688E-17
21085.4871435183  8.001530E-17
21095.6417293566  7.933734E-17
21105.7963151949  7.932346E-17
21115.9509010332  7.936862E-17
21126.1054868715  7.795396E-17
21136.2600727098  7.539678E-17
21146.4146585481  7.663862E-17
21156.5692443864  7.577906E-17
21166.7238302247  7.377649E-17
21176.878416063  8.015774E-17
21187.0330019013  7.969935E-17
21197.1875877396  7.670062E-17
21207.3421735779  7.939170E-17
21217.4967594162  7.511558E-17
21227.6513452545  7.427165E-17
21237.8059310928  7.878865E-17
21247.9605169311  7.627190E-17
21258.1151027694  7.473317E-17
21268.2696886077  7.609971E-17
21278.424274446  7.690552E-17
21288.5788602843  7.534293E-17
21298.7334461226  7.544283E-17
21308.8880319609  7.600697E-17
21319.0426177992  7.685610E-17
21329.1972036375  7.917858E-17
21339.3517894758  7.815603E-17
21349.5063753141  7.645392E-17
21359.6609611524  7.239440E-17
21369.8155469907  7.669711E-17
21379.970132829  7.676163E-17
21390.1247186673  7.349671E-17
21400.2793045056  7.421308E-17
21410.4338903439  7.498169E-17
21420.5884761822  7.636615E-17
21430.7430620205  7.366622E-17
21440.8976478588  7.458644E-17
21451.0522336971  7.655615E-17
21461.2068195354  7.511353E-17
21471.3614053737  7.109140E-17
21481.515991212  7.515329E-17
21491.6705770503  7.326617E-17
21501.8251628886  7.025123E-17
21511.9797487269  7.315251E-17
21522.1343345652  7.063181E-17
21532.2889204035  7.012860E-17
21542.4435062418  7.179942E-17
21552.5980920801  7.398223E-17
21562.7526779184  7.408879E-17
21572.9072637567  7.456272E-17
21583.061849595  7.321132E-17
21593.2164354333  7.520097E-17
21603.3710212716  7.561637E-17
21613.5256071099  7.665869E-17
21623.6801929482  7.790222E-17
21633.8347787865  7.946880E-17
21643.9893646248  8.159588E-17
21654.1439504631  7.983862E-17
21664.2985363014  7.852811E-17
21674.4531221397  8.208196E-17
21684.607707978  8.215889E-17
21694.7622938163  8.228699E-17
21704.9168796546  8.123521E-17
21715.0714654929  8.108525E-17
21725.2260513312  8.073827E-17
21735.3806371695  7.836516E-17
21745.5352230078  7.639205E-17
21755.6898088461  7.989072E-17
21765.8443946844  8.254581E-17
21775.9989805227  7.666153E-17
21786.153566361  7.953972E-17
21796.3081521993  7.804814E-17
21806.4627380376  7.318886E-17
21816.6173238759  7.437039E-17
21826.7719097142  7.522919E-17
21836.9264955525  7.528047E-17
21847.0810813908  7.583592E-17
21857.2356672291  7.553706E-17
21867.3902530674  7.284419E-17
21877.5448389057  7.185361E-17
21887.699424744  6.854385E-17
21897.8540105823  6.958388E-17
21908.0085964206  7.339030E-17
21918.1631822589  7.223195E-17
21928.3177680972  6.876075E-17
21938.4723539355  7.030448E-17
21948.6269397738  7.015292E-17
21958.7815256121  6.739956E-17
21968.9361114504  6.870852E-17
21979.0906972887  6.800133E-17
21989.245283127  6.752427E-17
21999.3998689653  6.950878E-17
22009.5544548036  7.318380E-17
22019.7090406419  7.281832E-17
22029.8636264802  7.120528E-17
22040.0182123185  6.723484E-17
22050.1727981568  6.727911E-17
22060.3273839951  6.987576E-17
22070.4819698334  6.661078E-17
22080.6365556717  6.640554E-17
22090.79114151  6.965327E-17
22100.9457273483  6.739166E-17
22111.1003131866  7.017663E-17
22121.2548990249  6.791410E-17
22131.4094848632  6.639949E-17
22141.5640707015  6.701459E-17
22151.7186565398  6.664213E-17
22161.8732423781  6.678514E-17
22172.0278282164  6.586203E-17
22182.1824140547  6.633271E-17
22192.336999893  6.622455E-17
22202.4915857313  6.439309E-17
22212.6461715696  6.566608E-17
22222.8007574079  6.798294E-17
22232.9553432462  6.844098E-17
22243.1099290845  6.560734E-17
22253.2645149228  6.504237E-17
22263.4191007611  6.643549E-17
22273.5736865994  6.616403E-17
22283.7282724377  6.667960E-17
22293.882858276  6.362092E-17
22304.0374441143  6.214295E-17
22314.1920299526  6.489203E-17
22324.3466157909  6.585837E-17
22334.5012016292  6.507961E-17
22344.6557874675  6.545135E-17
22354.8103733058  6.274124E-17
22364.9649591441  6.649261E-17
22375.1195449824  6.423742E-17
22385.2741308207  6.626650E-17
22395.428716659  6.244109E-17
22405.5833024973  6.400248E-17
22415.7378883356  6.405439E-17
22425.8924741739  6.184775E-17
22436.0470600122  6.312365E-17
22446.2016458505  6.110558E-17
22456.3562316888  6.359185E-17
22466.5108175271  6.309129E-17
22476.6654033654  6.421469E-17
22486.8199892037  6.235119E-17
22496.974575042  6.193794E-17
22507.1291608803  6.189549E-17
22517.2837467186  6.004546E-17
22527.4383325569  6.172633E-17
22537.5929183952  6.191075E-17
22547.7475042335  6.346226E-17
22557.9020900718  6.206922E-17
22568.0566759101  6.180308E-17
22578.2112617484  7.083863E-17
22588.3658475867  6.178279E-17
22598.520433425  5.951072E-17
22608.6750192633  5.917106E-17
22618.8296051016  6.239186E-17
22628.9841909399  6.544979E-17
22639.1387767782  6.152561E-17
22649.2933626165  6.214971E-17
22659.4479484548  5.990947E-17
22669.6025342931  5.848939E-17
22679.7571201314  5.765256E-17
22689.9117059697  6.271871E-17
22700.066291808  6.287696E-17
22710.2208776463  6.177577E-17
22720.3754634846  6.027375E-17
22730.5300493229  5.585525E-17
22740.6846351612  5.937749E-17
22750.8392209995  5.868430E-17
22760.9938068378  6.045137E-17
22771.1483926761  6.224556E-17
22781.3029785144  6.211337E-17
22791.4575643527  6.059900E-17
22801.612150191  5.828641E-17
22811.7667360293  5.942641E-17
22821.9213218676  6.090116E-17
22832.0759077059  5.980759E-17
22842.2304935442  6.475838E-17
22852.3850793825  6.247291E-17
22862.5396652208  6.040082E-17
22872.6942510591  5.964594E-17
22882.8488368974  6.057428E-17
22893.0034227357  6.254972E-17
22903.158008574  5.762004E-17
22913.3125944123  6.070655E-17
22923.4671802506  5.926647E-17
22933.6217660889  5.659367E-17
22943.7763519272  5.971814E-17
22953.9309377655  5.865889E-17
22964.0855236038  6.108031E-17
22974.2401094421  5.722851E-17
22984.3946952804  5.583330E-17
22994.5492811187  6.020879E-17
23004.703866957  5.863791E-17
23014.8584527953  5.822084E-17
23025.0130386336  5.448446E-17
23035.1676244719  5.290103E-17
23045.3222103102  4.076060E-17
23055.4767961485  5.730832E-17
23065.6313819868  5.576602E-17
23075.7859678251  5.872671E-17
23085.9405536634  5.903446E-17
23096.0951395017  5.637834E-17
23106.24972534  5.555517E-17
23116.4043111783  5.537487E-17
23126.5588970166  5.590528E-17
23136.7134828549  5.200696E-17
23146.8680686932  4.763770E-17
23157.0226545315  5.113618E-17
23167.1772403698  4.617715E-17
23177.3318262081  6.083068E-17
23187.4864120464  5.701004E-17
23197.6409978847  5.515831E-17
23207.795583723  5.300885E-17
23217.9501695613  5.638705E-17
23228.1047553996  5.800233E-17
23238.2593412379  5.803637E-17
23248.4139270762  5.641068E-17
23258.5685129145  5.478678E-17
23268.7230987528  5.238082E-17
23278.8776845911  5.389143E-17
23289.0322704294  5.608191E-17
23299.1868562677  5.514169E-17
23309.341442106  5.538106E-17
23319.4960279443  5.477180E-17
23329.6506137826  5.288231E-17
23339.8051996209  5.612407E-17
23349.9597854592  5.333370E-17
23360.1143712975  5.226021E-17
23370.2689571358  5.175370E-17
23380.4235429741  4.657293E-17
23390.5781288124  5.143221E-17
23400.7327146507  5.596500E-17
23410.887300489  4.678618E-17
23421.0418863273  5.443366E-17
23431.1964721656  5.371234E-17
23441.3510580039  5.588835E-17
23451.5056438422  5.423286E-17
23461.6602296805  5.356781E-17
23471.8148155188  5.167621E-17
23481.9694013571  5.064101E-17
23492.1239871954  5.110654E-17
23502.2785730337  5.264350E-17
23512.433158872  5.132322E-17
23522.5877447103  5.312127E-17
23532.7423305486  5.023418E-17
23542.8969163869  5.135021E-17
23553.0515022252  4.998125E-17
23563.2060880635  4.439173E-17
23573.3606739018  4.854754E-17
23583.5152597401  5.291340E-17
23593.6698455784  5.295550E-17
23603.8244314167  5.125576E-17
23613.979017255  5.314305E-17
23624.1336030933  4.983760E-17
23634.2881889316  4.748974E-17
23644.4427747699  4.814702E-17
23654.5973606082  4.380904E-17
23664.7519464465  4.505129E-17
23674.9065322848  5.080087E-17
23685.0611181231  4.454395E-17
23695.2157039614  3.870490E-17
23705.3702897997  4.965818E-17
23715.524875638  6.300108E-17
23725.6794614763  6.197390E-17
23735.8340473146  5.672866E-17
23745.9886331529  4.251956E-17
23756.1432189912  3.888764E-17
23766.2978048295  5.167296E-17
23776.4523906678  5.728643E-17
23786.6069765061  4.751898E-17
23796.7615623444  4.723393E-17
23806.9161481827  5.084676E-17
23817.070734021  4.432898E-17
23827.2253198593  4.823268E-17
23837.3799056976  4.635001E-17
23847.5344915359  5.098137E-17
23857.6890773742  4.954031E-17
23867.8436632125  5.282719E-17
23877.9982490508  5.251574E-17
23888.1528348891  4.668071E-17
23898.3074207274  4.457936E-17
23908.4620065657  4.865840E-17
23918.616592404  5.555060E-17
23928.7711782423  4.850089E-17
23938.9257640806  3.845490E-17
23949.0803499189  4.519384E-17
23959.2349357572  4.877400E-17
23969.3895215955  4.259820E-17
23979.5441074338  5.144762E-17
23989.6986932721  4.866936E-17
23999.8532791104  4.811473E-17
24010.0078649487  4.947869E-17
24020.162450787  4.782155E-17
24030.3170366253  4.499668E-17
24040.4716224636  5.039761E-17
24050.6262083019  4.836498E-17
24060.7807941402  4.724424E-17
24070.9353799785  4.696623E-17
24081.0899658168  4.779655E-17
24091.2445516551  4.730185E-17
24101.3991374934  5.228866E-17
24111.5537233317  4.524934E-17
24121.70830917  4.692365E-17
24131.8628950083  4.056297E-17
24142.0174808466  4.186787E-17
24152.1720666849  4.642087E-17
24162.3266525232  4.746325E-17
24172.4812383615  4.457371E-17
24182.6358241998  4.388966E-17
24192.7904100381  5.179818E-17
24202.9449958764  5.901170E-17
24213.0995817147  4.928386E-17
24223.254167553  4.402952E-17
24233.4087533913  4.463136E-17
24243.5633392296  5.703615E-17
24253.7179250679  5.250442E-17
24263.8725109062  4.844488E-17
24274.0270967445  4.543062E-17
24284.1816825828  5.265590E-17
24294.3362684211  5.005148E-17
24304.4908542594  4.702136E-17
24314.6454400977  3.966503E-17
24324.800025936  3.847645E-17
24334.9546117743  3.406381E-17
24345.1091976126  3.581063E-17
24355.2637834509  4.937654E-17
24365.4183692892  6.377531E-17
24375.5729551275  5.699458E-17
24385.7275409658  4.905370E-17
24395.8821268041  4.597715E-17
24406.0367126424  4.271574E-17
24416.1912984807  4.670001E-17
24426.345884319  3.866313E-17
24436.5004701573  3.943652E-17
24446.6550559956  3.340281E-17
24456.8096418339  4.154620E-17
24466.9642276722  5.260115E-17
24477.1188135105  4.599030E-17
24487.2733993488  3.374379E-17
24497.4279851871  3.243711E-17
24507.5825710254  5.416415E-17
24517.7371568637  4.590053E-17
24527.891742702  5.294260E-17
24538.0463285403  4.354809E-17
24548.2009143786  4.963028E-17
24558.3555002169  4.838628E-17
24568.5100860552  4.280750E-17
24578.6646718935  4.401793E-17
24588.8192577318  4.143797E-17
24598.9738435701  4.322957E-17
24609.1284294084  4.556818E-17
24619.2830152467  2.779620E-17
24629.437601085  4.461400E-17
24639.5921869233  4.394503E-17
24649.7467727616  4.694932E-17
24659.9013585999  4.222468E-17
24670.0559444382  4.305728E-17
24680.2105302765  4.907972E-17
24690.3651161148  4.571894E-17
24700.5197019531  2.639170E-17
24710.6742877914  2.209030E-17
24720.8288736297  5.472355E-17
24730.983459468  7.618320E-17
24741.1380453063  5.849048E-17
24751.2926311446  4.700140E-17
24761.4472169829  3.905745E-17
24771.6018028212  4.207455E-17
24781.7563886595  4.196015E-17
24791.9109744978  3.857893E-17
24802.0655603361  3.475636E-17
24812.2201461744  4.373888E-17
24822.3747320127  2.913982E-17
24832.529317851  4.192591E-17
24842.6839036893  4.715886E-17
24852.8384895276  3.228624E-17
24862.9930753659  2.757076E-17
24873.1476612042  2.934116E-17
24883.3022470425  4.571664E-17
24893.4568328808  4.034069E-17
24903.6114187191  3.813089E-17
24913.7660045574  3.079013E-17
24923.9205903957  3.626504E-17
24934.075176234  2.831748E-17
24944.2297620723  4.234430E-17
24954.3843479106  5.170606E-17
24964.5389337489  7.206463E-17
24974.6935195872  3.501791E-17
24984.8481054255  3.298878E-17
24995.0026912638  2.961564E-17
25005.1572771021  2.349034E-17
25015.3118629404  2.604250E-17
25025.4664487787  2.341125E-17
25035.621034617  2.678351E-17
25045.7756204553  2.500036E-17
25055.9302062936  3.316488E-17
25066.0847921319  2.888145E-17
25076.2393779702  2.082894E-17
25086.3939638085  1.991586E-17
25096.5485496468  1.752075E-17
25106.7031354851  3.409775E-17
25116.8577213234  3.234787E-17
25127.0123071617  2.923423E-17
25137.166893  1.908252E-17
25147.3214788383  2.726575E-17
25157.4760646766  4.002374E-17
25167.6306505149  7.473742E-17
25177.7852363532  3.325713E-17
25187.9398221915  2.291898E-17
25198.0944080298  2.168314E-17
25208.2489938681  2.151643E-17
25218.4035797064  1.738634E-17
25228.5581655447  1.459039E-17
25238.712751383  1.023371E-17
25248.8673372213  3.118132E-17
25259.0219230596  2.120400E-17
25269.1765088979  1.823401E-17
25279.3310947362  1.040994E-17
25289.4856805745  -7.863336E-18
25299.6402664128  1.442506E-17
25309.7948522511  1.676245E-17
25319.9494380894  3.351482E-17
25330.1040239277  2.763761E-17
25340.258609766  -5.963497E-20
25350.4131956043  8.745991E-20
25360.5677814426  1.017519E-19
25370.7223672809  1.156978E-19
