6008.31933594001  4.258119E-15
6012.52617264044  4.289177E-15
6016.73300934089  4.242207E-15
6020.93984604132  4.229884E-15
6025.14668274177  4.262923E-15
6029.3535194422  4.247234E-15
6033.56035614265  4.276752E-15
6037.76719284308  4.246385E-15
6041.97402954352  4.219916E-15
6046.18086624397  4.220423E-15
6050.3877029444  4.192757E-15
6054.59453964484  4.163959E-15
6058.80137634528  4.120446E-15
6063.00821304572  4.117427E-15
6067.21504974616  4.134830E-15
6071.42188644661  4.094155E-15
6075.62872314704  4.056453E-15
6079.83555984749  4.077879E-15
6084.04239654792  4.073452E-15
6088.24923324836  4.103160E-15
6092.45606994881  4.100276E-15
6096.66290664925  4.159922E-15
6100.86974334968  4.164740E-15
6105.07658005013  4.163988E-15
6109.28341675056  4.190056E-15
6113.49025345101  4.160173E-15
6117.69709015144  4.182335E-15
6121.90392685189  4.198333E-15
6126.11076355233  4.224572E-15
6130.31760025276  4.206566E-15
6134.5244369532  4.193347E-15
6138.73127365365  4.181191E-15
6142.93811035409  4.163694E-15
6147.14494705452  4.183189E-15
6151.35178375497  4.175329E-15
6155.55862045541  4.143628E-15
6159.76545715584  4.056641E-15
6163.97229385628  4.033010E-15
6168.17913055673  3.992494E-15
6172.38596725717  3.988613E-15
6176.59280395761  3.978388E-15
6180.79964065804  3.948237E-15
6185.00647735849  3.997348E-15
6189.21331405893  4.036288E-15
6193.42015075936  4.034060E-15
6197.62698745981  4.062262E-15
6201.83382416024  4.072168E-15
6206.04066086069  4.112422E-15
6210.24749756112  4.114828E-15
6214.45433426157  4.106857E-15
6218.661170962  4.129946E-15
6222.86800766245  4.197019E-15
6227.07484436288  4.184392E-15
6231.28168106333  4.123915E-15
6235.48851776376  4.130199E-15
6239.69535446421  4.165736E-15
6243.90219116465  4.138172E-15
6248.10902786509  4.127575E-15
6252.31586456552  4.127212E-15
6256.52270126597  4.123585E-15
6260.72953796641  4.083392E-15
6264.93637466685  4.049278E-15
6269.14321136728  3.964157E-15
6273.35004806773  3.952763E-15
6277.55688476816  3.917037E-15
6281.76372146861  3.867403E-15
6285.97055816905  3.827503E-15
6290.17739486949  3.828114E-15
6294.38423156993  3.732521E-15
6298.59106827036  3.716049E-15
6302.79790497081  3.711704E-15
6307.00474167125  3.708165E-15
6311.21157837169  3.643357E-15
6315.41841507213  3.638567E-15
6319.62525177257  3.653813E-15
6323.83208847301  3.598371E-15
6328.03892517345  3.519207E-15
6332.24576187389  3.460336E-15
6336.45259857433  3.353489E-15
6340.65943527477  3.071341E-15
6344.86627197521  2.794808E-15
6349.07310867565  2.491763E-15
6353.27994537608  2.300280E-15
6357.48678207653  2.152981E-15
6361.69361877696  2.079743E-15
6365.90045547741  2.069099E-15
6370.10729217784  2.059530E-15
6374.31412887829  2.051709E-15
6378.52096557873  2.047495E-15
6382.72780227917  2.029823E-15
6386.9346389796  1.980976E-15
6391.14147568005  1.905732E-15
6395.34831238048  1.854615E-15
6399.55514908093  1.854725E-15
6403.76198578137  1.836470E-15
6407.96882248181  1.780914E-15
6412.17565918224  1.790738E-15
6416.38249588269  1.770788E-15
6420.58933258312  1.736215E-15
6424.79616928357  1.739907E-15
6429.00300598401  1.755949E-15
6433.20984268445  1.710635E-15
6437.41667938488  1.720534E-15
6441.62351608532  1.784283E-15
6445.83035278577  1.824388E-15
6450.0371894862  1.942202E-15
6454.24402618665  2.031348E-15
6458.45086288709  2.185801E-15
6462.65769958752  2.324244E-15
6466.86453628796  2.508775E-15
6471.07137298841  2.738285E-15
6475.27820968885  3.002735E-15
6479.48504638929  3.330125E-15
6483.69188308972  3.721162E-15
6487.89871979017  4.150402E-15
6492.1055564906  4.585166E-15
6496.31239319105  5.001209E-15
6500.51922989149  5.425953E-15
6504.72606659193  5.827174E-15
6508.93290329236  6.199754E-15
6513.13973999281  6.569907E-15
6517.34657669325  6.827263E-15
6521.55341339369  7.158069E-15
6525.76025009413  7.354044E-15
6529.96708679457  7.523818E-15
6534.173923495  7.725898E-15
6538.38076019544  7.838606E-15
6542.58759689589  7.967649E-15
6546.79443359633  8.038855E-15
6551.00127029677  8.109605E-15
6555.2081069972  8.112408E-15
6559.41494369765  8.145897E-15
6563.62178039809  8.126276E-15
6567.82861709853  8.066739E-15
6572.03545379897  8.094503E-15
6576.24229049941  8.099144E-15
6580.44912719985  7.970903E-15
6584.65596390028  7.796456E-15
6588.86280060073  7.606738E-15
6593.06963730117  7.405525E-15
6597.27647400161  7.357265E-15
6601.48331070205  7.325517E-15
6605.69014740249  7.362258E-15
6609.89698410292  7.195061E-15
6614.10382080337  7.056131E-15
6618.31065750381  6.874062E-15
6622.51749420425  6.846074E-15
6626.72433090468  6.756753E-15
6630.93116760513  6.598412E-15
6635.13800430557  6.540238E-15
6639.34484100601  6.441132E-15
6643.55167770645  6.307452E-15
6647.75851440689  6.155142E-15
6651.96535110732  6.033484E-15
6656.17218780777  5.947559E-15
6660.37902450821  5.921659E-15
6664.58586120865  5.768016E-15
6668.79269790909  5.621094E-15
6672.99953460953  5.503878E-15
6677.20637130996  5.420564E-15
6681.41320801041  5.364539E-15
6685.62004471085  5.262206E-15
6689.82688141129  5.166051E-15
6694.03371811173  5.128495E-15
6698.24055481217  4.987939E-15
6702.44739151261  4.939350E-15
6706.65422821305  4.882978E-15
6710.86106491349  4.789112E-15
6715.06790161393  4.763217E-15
6719.27473831437  4.696885E-15
6723.48157501481  4.560192E-15
6727.68841171525  4.547014E-15
6731.89524841569  4.490599E-15
6736.10208511612  4.422030E-15
6740.30892181657  4.320708E-15
6744.51575851701  4.312573E-15
6748.72259521745  4.224141E-15
6752.92943191788  4.170994E-15
6757.13626861833  4.156174E-15
6761.34310531877  4.141843E-15
6765.54994201921  4.027547E-15
6769.75677871964  4.020009E-15
6773.96361542009  4.031848E-15
6778.17045212053  3.971976E-15
6782.37728882097  3.915687E-15
6786.58412552141  3.905870E-15
6790.79096222185  3.890040E-15
6794.99779892228  3.860375E-15
6799.20463562273  3.826969E-15
6803.41147232317  3.830000E-15
6807.61830902361  3.806155E-15
6811.82514572405  3.736029E-15
6816.03198242449  3.754657E-15
6820.23881912493  3.717305E-15
6824.44565582536  3.656862E-15
6828.65249252581  3.630506E-15
6832.85932922625  3.633550E-15
6837.06616592669  3.598392E-15
6841.27300262712  3.598268E-15
6845.47983932757  3.548878E-15
6849.68667602801  3.612620E-15
6853.89351272845  3.536659E-15
6858.10034942889  3.470059E-15
6862.30718612933  3.373515E-15
6866.51402282976  3.417274E-15
6870.72085953021  3.501138E-15
6874.92769623065  3.519846E-15
6879.13453293109  3.538419E-15
6883.34136963153  3.555399E-15
6887.54820633197  3.526596E-15
6891.75504303241  3.509867E-15
6895.96187973285  3.502991E-15
6900.16871643329  3.504972E-15
6904.37555313373  3.482387E-15
6908.58238983417  3.483106E-15
6912.7892265346  3.480582E-15
6916.99606323505  3.493834E-15
6921.20289993549  3.460109E-15
6925.40973663593  3.434181E-15
6929.61657333637  3.443059E-15
6933.82341003681  3.427939E-15
6938.03024673725  3.407695E-15
6942.23708343769  3.443080E-15
6946.44392013813  3.459414E-15
6950.65075683857  3.438248E-15
6954.85759353901  3.457634E-15
6959.06443023945  3.460650E-15
6963.27126693988  3.444522E-15
6967.47810364033  3.419425E-15
6971.68494034077  3.390970E-15
6975.89177704121  3.418109E-15
6980.09861374165  3.401244E-15
6984.30545044208  3.421720E-15
6988.51228714253  3.427742E-15
6992.71912384297  3.371650E-15
6996.92596054341  3.401967E-15
7001.13279724385  3.365243E-15
7005.33963394429  3.408600E-15
7009.54647064472  3.382181E-15
7013.75330734517  3.371469E-15
7017.96014404561  3.397840E-15
7022.16698074605  3.371526E-15
7026.37381744649  3.367768E-15
7030.58065414693  3.375785E-15
7034.78749084737  3.305330E-15
7038.99432754781  3.377514E-15
7043.20116424825  3.343498E-15
7047.40800094869  3.327940E-15
7051.61483764913  3.314252E-15
7055.82167434957  3.296379E-15
7060.02851105001  3.318416E-15
7064.23534775045  3.312781E-15
7068.44218445089  3.275708E-15
7072.64902115133  3.263612E-15
7076.85585785177  3.270149E-15
7081.06269455221  3.244195E-15
7085.26953125265  3.261217E-15
7089.47636795309  3.243579E-15
7093.68320465353  3.273413E-15
7097.89004135397  3.249895E-15
7102.09687805441  3.237985E-15
7106.30371475485  3.242829E-15
7110.51055145528  3.248500E-15
7114.71738815573  3.215744E-15
7118.92422485617  3.235133E-15
7123.13106155661  3.248249E-15
7127.33789825704  3.235675E-15
7131.54473495749  3.259236E-15
7135.75157165793  3.208686E-15
7139.95840835837  3.175650E-15
7144.16524505881  3.248257E-15
7148.37208175925  3.225568E-15
7152.57891845968  3.203553E-15
7156.78575516013  3.206037E-15
7160.99259186057  3.199831E-15
7165.19942856101  3.172433E-15
7169.40626526145  3.206737E-15
7173.61310196189  3.212128E-15
7177.81993866233  3.239536E-15
7182.02677536277  3.284610E-15
7186.23361206321  3.260194E-15
7190.44044876365  3.269716E-15
7194.64728546409  3.255989E-15
7198.85412216452  3.279083E-15
7203.06095886497  3.299123E-15
7207.26779556541  3.299847E-15
7211.47463226585  3.264776E-15
7215.68146896629  3.268724E-15
7219.88830566673  3.258463E-15
7224.09514236717  3.209913E-15
7228.30197906761  3.204071E-15
7232.50881576805  3.237521E-15
7236.71565246849  3.264435E-15
7240.92248916893  3.283661E-15
7245.12932586937  3.302601E-15
7249.3361625698  3.286366E-15
7253.54299927025  3.293957E-15
7257.74983597069  3.254044E-15
7261.95667267113  3.228634E-15
7266.16350937157  3.287835E-15
7270.37034607201  3.298428E-15
7274.57718277245  3.290479E-15
7278.78401947289  3.274137E-15
7282.99085617333  3.279027E-15
7287.19769287377  3.261048E-15
7291.40452957421  3.259875E-15
7295.61136627465  3.284846E-15
7299.81820297509  3.284236E-15
7304.02503967553  3.296346E-15
7308.23187637597  3.331425E-15
7312.43871307641  3.260950E-15
7316.64554977685  3.295144E-15
7320.85238647729  3.282038E-15
7325.05922317773  3.230699E-15
7329.26605987817  3.253503E-15
7333.47289657861  3.231659E-15
7337.67973327905  3.233799E-15
7341.88656997948  3.236075E-15
7346.09340667993  3.200718E-15
7350.30024338037  3.170938E-15
7354.50708008081  3.154448E-15
7358.71391678125  3.181783E-15
7362.92075348169  3.140362E-15
7367.12759018213  3.155933E-15
7371.33442688257  3.135077E-15
7375.54126358301  3.104272E-15
7379.74810028345  3.076993E-15
7383.95493698389  3.092165E-15
7388.16177368433  3.140586E-15
7392.36861038477  3.141392E-15
7396.57544708521  3.153142E-15
7400.78228378565  3.080974E-15
7404.98912048609  3.089638E-15
7409.19595718653  3.164246E-15
7413.40279388697  3.157324E-15
7417.60963058741  3.148942E-15
7421.81646728785  3.175787E-15
7426.02330398829  3.175013E-15
7430.23014068873  3.156055E-15
7434.43697738917  3.134948E-15
7438.64381408961  3.124457E-15
7442.85065079005  3.143761E-15
7447.05748749049  3.126957E-15
7451.26432419093  3.165689E-15
7455.47116089137  3.183361E-15
7459.67799759181  3.127054E-15
7463.88483429225  3.122552E-15
7468.09167099269  3.128955E-15
7472.29850769313  3.109911E-15
7476.50534439357  3.177944E-15
7480.71218109401  3.173529E-15
7484.91901779445  3.140247E-15
7489.12585449489  3.140260E-15
7493.33269119533  3.086837E-15
7497.53952789577  3.101348E-15
7501.74636459621  3.115913E-15
7505.95320129665  3.124658E-15
7510.16003799709  3.144991E-15
7514.36687469753  3.094948E-15
7518.57371139797  3.081772E-15
7522.78054809841  3.017275E-15
7526.98738479885  3.021507E-15
7531.19422149929  3.052363E-15
7535.40105819973  3.064943E-15
7539.60789490017  3.069398E-15
7543.81473160061  3.056296E-15
7548.02156830105  3.059353E-15
7552.22840500149  2.998124E-15
7556.43524170193  2.989876E-15
7560.64207840237  2.976012E-15
7564.84891510281  2.981413E-15
7569.05575180325  2.961491E-15
7573.26258850369  3.051318E-15
7577.46942520413  3.002210E-15
7581.67626190456  2.922909E-15
7585.88309860501  2.771453E-15
7590.08993530545  2.596181E-15
7594.29677200589  2.499252E-15
7598.50360870633  2.510425E-15
7602.71044540677  2.796353E-15
7606.91728210721  3.303741E-15
7611.12411880765  3.410135E-15
7615.33095550809  3.216441E-15
7619.53779220853  3.065563E-15
7623.74462890897  3.009649E-15
7627.95146560941  2.900145E-15
7632.15830230985  2.900653E-15
7636.36513901029  2.971373E-15
7640.57197571073  3.066935E-15
7644.77881241117  3.075850E-15
7648.98564911161  3.054200E-15
7653.19248581205  2.998373E-15
7657.39932251249  2.920270E-15
7661.60615921293  2.832785E-15
7665.81299591337  2.791322E-15
7670.01983261381  2.709525E-15
7674.22666931425  2.597560E-15
7678.43350601469  2.516211E-15
7682.64034271513  2.466115E-15
7686.84717941557  2.400664E-15
7691.05401611601  2.362880E-15
7695.26085281645  2.341795E-15
7699.46768951689  2.288468E-15
7703.67452621733  2.348156E-15
7707.88136291777  2.424827E-15
7712.08819961821  2.476076E-15
7716.29503631865  2.537716E-15
7720.50187301909  2.575236E-15
7724.70870971953  2.597443E-15
7728.91554641997  2.629735E-15
7733.12238312041  2.674570E-15
7737.32921982085  2.671564E-15
7741.53605652129  2.679314E-15
7745.74289322173  2.751783E-15
7749.94972992217  2.814475E-15
7754.15656662261  2.821446E-15
7758.36340332305  2.833409E-15
7762.57024002349  2.885144E-15
7766.77707672393  2.846525E-15
7770.98391342437  2.872825E-15
7775.19075012481  2.887031E-15
7779.39758682525  2.918615E-15
7783.60442352569  2.939584E-15
7787.81126022613  2.946334E-15
7792.01809692657  2.966966E-15
7796.22493362701  2.919500E-15
7800.43177032745  2.854703E-15
7804.63860702789  2.857399E-15
7808.84544372833  2.910681E-15
7813.05228042877  2.856261E-15
7817.25911712921  2.863410E-15
7821.46595382965  2.822217E-15
7825.67279053009  2.858795E-15
7829.87962723053  2.868554E-15
7834.08646393097  2.865065E-15
7838.29330063141  2.789637E-15
7842.50013733185  2.745496E-15
7846.70697403229  2.775807E-15
7850.91381073273  2.836991E-15
7855.12064743317  2.797914E-15
7859.32748413361  2.802819E-15
7863.53432083405  2.773353E-15
7867.74115753449  2.783353E-15
7871.94799423493  2.733687E-15
7876.15483093537  2.760001E-15
7880.36166763581  2.742725E-15
7884.56850433625  2.761399E-15
7888.77534103669  2.781373E-15
7892.98217773713  2.773744E-15
7897.18901443757  2.747924E-15
7901.39585113801  2.738557E-15
7905.60268783845  2.717944E-15
7909.80952453889  2.743276E-15
7914.01636123933  2.737876E-15
7918.22319793977  2.729794E-15
7922.43003464021  2.702861E-15
7926.63687134065  2.675129E-15
7930.84370804109  2.683314E-15
7935.05054474153  2.724186E-15
7939.25738144197  2.704330E-15
7943.46421814241  2.685672E-15
7947.67105484285  2.693709E-15
7951.87789154329  2.649152E-15
7956.08472824373  2.647653E-15
7960.29156494417  2.631666E-15
7964.49840164461  2.650251E-15
7968.70523834505  2.676598E-15
7972.91207504549  2.653458E-15
7977.11891174593  2.696100E-15
7981.32574844637  2.686332E-15
7985.53258514681  2.617634E-15
7989.73942184725  2.604010E-15
7993.94625854769  2.608423E-15
7998.15309524813  2.615152E-15
8002.35993194857  2.654151E-15
8006.56676864901  2.654085E-15
8010.77360534945  2.636559E-15
8014.98044204989  2.658887E-15
8019.18727875033  2.641205E-15
8023.39411545077  2.645143E-15
8027.60095215121  2.627485E-15
8031.80778885165  2.630973E-15
8036.01462555209  2.644244E-15
8040.22146225253  2.681139E-15
8044.42829895297  2.656434E-15
8048.63513565341  2.638986E-15
8052.84197235385  2.619966E-15
8057.04880905429  2.609211E-15
8061.25564575473  2.621835E-15
8065.46248245517  2.608597E-15
8069.66931915561  2.623334E-15
8073.87615585605  2.602804E-15
8078.08299255649  2.585625E-15
8082.28982925693  2.594531E-15
8086.49666595737  2.581811E-15
8090.70350265781  2.605018E-15
8094.91033935825  2.539981E-15
8099.11717605869  2.597188E-15
8103.32401275913  2.587354E-15
8107.53084945957  2.573223E-15
8111.73768616001  2.533893E-15
8115.94452286045  2.486655E-15
8120.15135956089  2.478322E-15
8124.35819626133  2.481398E-15
8128.56503296177  2.445495E-15
8132.77186966221  2.507872E-15
8136.97870636265  2.526282E-15
8141.18554306309  2.483477E-15
8145.39237976353  2.504544E-15
8149.59921646397  2.509075E-15
8153.80605316441  2.509794E-15
8158.01288986485  2.510639E-15
8162.21972656529  2.466500E-15
8166.42656326573  2.476486E-15
8170.63339996617  2.520356E-15
8174.84023666661  2.515981E-15
8179.04707336705  2.556292E-15
8183.25391006749  2.584170E-15
8187.46074676793  2.565226E-15
8191.66758346837  2.567912E-15
8195.87442016881  2.547892E-15
8200.08125686925  2.487984E-15
8204.28809356969  2.476156E-15
8208.49493027013  2.519673E-15
8212.70176697057  2.493126E-15
8216.90860367101  2.491277E-15
8221.11544037145  2.533730E-15
8225.32227707189  2.582265E-15
8229.52911377233  2.590520E-15
8233.73595047277  2.561277E-15
8237.94278717321  2.507122E-15
8242.14962387365  2.495493E-15
8246.35646057409  2.500714E-15
8250.56329727453  2.457118E-15
8254.77013397497  2.443851E-15
8258.97697067541  2.477610E-15
8263.18380737585  2.475330E-15
8267.39064407629  2.470842E-15
8271.59748077673  2.462745E-15
8275.80431747717  2.467214E-15
8280.01115417761  2.451148E-15
8284.21799087805  2.398207E-15
8288.42482757849  2.363898E-15
8292.63166427893  2.298591E-15
8296.83850097937  2.273069E-15
8301.04533767981  2.210173E-15
8305.25217438025  2.116816E-15
8309.45901108069  2.087170E-15
8313.66584778113  1.973625E-15
8317.87268448157  1.852347E-15
8322.07952118201  1.732639E-15
8326.28635788245  1.613237E-15
8330.49319458289  1.447291E-15
8334.70003128333  1.291588E-15
8338.90686798377  1.192181E-15
8343.11370468421  1.066543E-15
8347.32054138465  1.004448E-15
8351.52737808509  9.028112E-16
8355.73421478553  8.168608E-16
8359.94105148597  7.533904E-16
8364.14788818641  6.916547E-16
8368.35472488685  6.880201E-16
8372.56156158729  6.258633E-16
8376.76839828773  5.997976E-16
8380.97523498817  6.252518E-16
8385.18207168861  5.827882E-16
8389.38890838905  6.320904E-16
8393.59574508949  6.292581E-16
8397.80258178993  6.637439E-16
8402.00941849037  6.951975E-16
8406.21625519081  7.309330E-16
8410.42309189125  7.507790E-16
8414.62992859169  8.170770E-16
8418.83676529213  8.441174E-16
8423.04360199257  8.969422E-16
8427.25043869301  9.653821E-16
8431.45727539345  1.027757E-15
8435.66411209389  1.129090E-15
8439.87094879433  1.194805E-15
8444.07778549477  1.270972E-15
8448.28462219521  1.373674E-15
8452.49145889565  1.463157E-15
8456.69829559609  1.491183E-15
8460.90513229653  1.527753E-15
8465.11196899697  1.607820E-15
8469.31880569741  1.654411E-15
8473.52564239785  1.652335E-15
8477.73247909829  1.662776E-15
8481.93931579873  1.687247E-15
8486.14615249917  1.704094E-15
8490.35298919961  1.698371E-15
8494.55982590005  1.637915E-15
8498.76666260049  1.622068E-15
8502.97349930093  1.604157E-15
8507.18033600137  1.570592E-15
8511.38717270181  1.545476E-15
8515.59400940225  1.504437E-15
8519.80084610269  1.478578E-15
8524.00768280313  1.460791E-15
8528.21451950357  1.470881E-15
8532.42135620401  1.502937E-15
8536.62819290445  1.467818E-15
8540.83502960489  1.524664E-15
8545.04186630533  1.543317E-15
8549.24870300577  1.535853E-15
8553.45553970621  1.577310E-15
8557.66237640665  1.676334E-15
8561.86921310709  1.741293E-15
8566.07604980753  1.834199E-15
8570.28288650797  1.960604E-15
8574.48972320841  2.063649E-15
8578.69655990885  2.194343E-15
8582.90339660929  2.297632E-15
8587.11023330973  2.380329E-15
8591.31707001017  2.563173E-15
8595.52390671061  2.595689E-15
8599.73074341105  2.659669E-15
8603.93758011149  2.720763E-15
8608.14441681193  2.828373E-15
8612.35125351237  2.957747E-15
8616.55809021281  3.088521E-15
8620.76492691325  3.147848E-15
8624.97176361369  3.223729E-15
8629.17860031413  3.339486E-15
8633.38543701457  3.331412E-15
8637.59227371501  3.318788E-15
8641.79911041545  3.355146E-15
8646.00594711589  3.367711E-15
8650.21278381633  3.352471E-15
8654.41962051677  3.383061E-15
8658.62645721721  3.432253E-15
8662.83329391765  3.456602E-15
8667.04013061809  3.489244E-15
8671.24696731853  3.508434E-15
8675.45380401897  3.562083E-15
8679.66064071941  3.482981E-15
8683.86747741985  3.474904E-15
8688.07431412029  3.446832E-15
8692.28115082073  3.435975E-15
8696.48798752117  3.423873E-15
8700.69482422161  3.445490E-15
8704.90166092205  3.507870E-15
8709.10849762249  3.466843E-15
8713.31533432293  3.518513E-15
8717.52217102337  3.416384E-15
8721.72900772381  3.361587E-15
8725.93584442425  3.295394E-15
8730.14268112469  3.270441E-15
8734.34951782513  3.245532E-15
8738.55635452557  3.288996E-15
8742.76319122601  3.216455E-15
8746.97002792645  3.230967E-15
8751.17686462689  3.213082E-15
8755.38370132733  3.212623E-15
8759.59053802777  3.143881E-15
8763.79737472821  3.049339E-15
8768.00421142865  2.936753E-15
8772.21104812909  2.882053E-15
8776.41788482953  2.847727E-15
8780.62472152997  2.841769E-15
8784.83155823041  2.857833E-15
8789.03839493085  2.852421E-15
8793.24523163129  2.811707E-15
8797.45206833173  2.763205E-15
8801.65890503217  2.742941E-15
8805.86574173261  2.669124E-15
8810.07257843305  2.615849E-15
8814.27941513349  2.560891E-15
8818.48625183393  2.492471E-15
8822.69308853437  2.489007E-15
8826.89992523481  2.444478E-15
8831.10676193525  2.403128E-15
8835.31359863569  2.364533E-15
8839.52043533613  2.412085E-15
8843.72727203657  2.410852E-15
8847.93410873701  2.367253E-15
8852.14094543745  2.316816E-15
8856.34778213789  2.323814E-15
8860.55461883833  2.290518E-15
8864.76145553877  2.269545E-15
8868.96829223921  2.263267E-15
8873.17512893965  2.297907E-15
8877.38196564009  2.265512E-15
8881.58880234053  2.301464E-15
8885.79563904097  2.253156E-15
8890.00247574141  2.261019E-15
8894.20931244185  2.222475E-15
8898.41614914229  2.221901E-15
8902.62298584273  2.176653E-15
8906.82982254317  2.139440E-15
8911.03665924361  2.168184E-15
8915.24349594405  2.132383E-15
8919.45033264449  2.064354E-15
8923.65716934493  2.051615E-15
8927.86400604537  2.071799E-15
8932.07084274581  2.102777E-15
8936.27767944625  2.126725E-15
8940.48451614669  2.163112E-15
8944.69135284713  2.150814E-15
8948.89818954757  2.134345E-15
8953.10502624801  2.142456E-15
8957.31186294845  2.098911E-15
8961.51869964889  2.104984E-15
8965.72553634933  2.080655E-15
8969.93237304977  2.089107E-15
8974.13920975021  2.078289E-15
8978.34604645065  2.032567E-15
8982.55288315109  2.026719E-15
8986.75971985153  2.051956E-15
8990.96655655197  2.071137E-15
8995.17339325241  2.081161E-15
8999.38022995285  2.062027E-15
9003.58706665329  2.050768E-15
9007.79390335373  1.981676E-15
9012.00074005417  2.051900E-15
9016.20757675461  2.011905E-15
9020.41441345505  1.983122E-15
9024.62125015549  2.012789E-15
9028.82808685593  2.014279E-15
9033.03492355637  2.027081E-15
9037.24176025681  2.047651E-15
9041.44859695725  2.092448E-15
9045.65543365769  2.082937E-15
9049.86227035813  2.109210E-15
9054.06910705857  2.152028E-15
9058.27594375901  2.101282E-15
9062.48278045945  2.086053E-15
9066.68961715989  2.104066E-15
9070.89645386033  2.069043E-15
9075.10329056077  2.083143E-15
9079.31012726121  2.081947E-15
9083.51696396165  2.063972E-15
9087.72380066209  2.080367E-15
9091.93063736253  2.080038E-15
9096.13747406297  2.097707E-15
9100.34431076341  2.114824E-15
9104.55114746385  2.079665E-15
9108.75798416429  2.018220E-15
9112.96482086473  2.005086E-15
9117.17165756517  1.946376E-15
9121.37849426561  1.943265E-15
9125.58533096605  1.890934E-15
9129.79216766649  1.875740E-15
9133.99900436693  1.930306E-15
9138.20584106737  1.939545E-15
9142.41267776781  1.940213E-15
9146.61951446825  1.934719E-15
9150.82635116869  1.939874E-15
9155.03318786913  1.953441E-15
9159.24002456957  1.949357E-15
9163.44686127001  1.912883E-15
9167.65369797045  1.916577E-15
9171.86053467089  1.965225E-15
9176.06737137133  1.937870E-15
9180.27420807177  1.931646E-15
9184.48104477221  1.944211E-15
9188.68788147265  1.956101E-15
9192.89471817309  1.941086E-15
9197.10155487353  2.024966E-15
9201.30839157397  2.031547E-15
9205.51522827441  2.006328E-15
9209.72206497485  2.054590E-15
9213.92890167529  2.065878E-15
9218.13573837573  2.032657E-15
9222.34257507617  2.042965E-15
9226.54941177661  2.095358E-15
9230.75624847705  2.061085E-15
9234.96308517749  2.054266E-15
9239.16992187793  1.984118E-15
9243.37675857837  2.026643E-15
9247.58359527881  2.094693E-15
9251.79043197925  2.113657E-15
9255.99726867969  2.057659E-15
9260.20410538013  2.080398E-15
9264.41094208057  2.097688E-15
9268.61777878101  2.058742E-15
9272.82461548145  2.067066E-15
9277.03145218189  1.992937E-15
9281.23828888233  2.076871E-15
9285.44512558277  2.021095E-15
9289.65196228321  2.031387E-15
9293.85879898365  2.024839E-15
9298.06563568409  1.999533E-15
9302.27247238453  1.969880E-15
9306.47930908497  1.942968E-15
9310.68614578541  1.914178E-15
9314.89298248585  1.872134E-15
9319.09981918629  1.905571E-15
9323.30665588673  1.925279E-15
9327.51349258717  1.907958E-15
9331.72032928761  1.901587E-15
9335.92716598805  1.936625E-15
9340.13400268849  1.958616E-15
9344.34083938893  1.953673E-15
9348.54767608937  1.980669E-15
9352.75451278981  2.016229E-15
9356.96134949025  1.979459E-15
9361.16818619069  2.061362E-15
9365.37502289113  2.121130E-15
9369.58185959157  2.022124E-15
9373.78869629201  2.094071E-15
9377.99553299245  2.123703E-15
9382.20236969289  2.034841E-15
9386.40920639333  2.093442E-15
9390.61604309377  1.990896E-15
9394.82287979421  2.061292E-15
9399.02971649465  1.992558E-15
9403.23655319509  2.011067E-15
9407.44338989553  1.976038E-15
9411.65022659597  2.045156E-15
9415.85706329641  1.992284E-15
9420.06389999685  2.001169E-15
9424.27073669729  2.020853E-15
9428.47757339773  1.961210E-15
9432.68441009817  1.846220E-15
9436.89124679861  1.778628E-15
9441.09808349905  1.888626E-15
9445.30492019949  1.891335E-15
9449.51175689993  1.843230E-15
9453.71859360037  1.913573E-15
9457.92543030081  1.964245E-15
9462.13226700125  1.958257E-15
9466.33910370169  1.971985E-15
9470.54594040213  1.983806E-15
9474.75277710257  1.967903E-15
9478.95961380301  1.969162E-15
9483.16645050345  1.951580E-15
9487.37328720389  1.885165E-15
9491.58012390433  1.856437E-15
9495.78696060477  1.974972E-15
9499.99379730521  2.007573E-15
9504.20063400565  2.006543E-15
9508.40747070609  1.970635E-15
9512.61430740653  1.956324E-15
9516.82114410697  1.962296E-15
9521.02798080741  2.046557E-15
9525.23481750785  1.952293E-15
9529.44165420829  2.029824E-15
9533.64849090873  1.949358E-15
9537.85532760917  2.025058E-15
9542.06216430961  1.871831E-15
9546.26900101005  1.932637E-15
9550.47583771049  1.943366E-15
9554.68267441093  1.962867E-15
9558.88951111137  2.007350E-15
9563.09634781181  1.979668E-15
9567.30318451225  1.968900E-15
9571.51002121269  1.910809E-15
9575.71685791313  1.783172E-15
9579.92369461357  1.784521E-15
9584.13053131401  1.892695E-15
9588.33736801445  1.915106E-15
9592.54420471489  1.857777E-15
9596.75104141533  1.861818E-15
9600.95787811577  1.925953E-15
9605.16471481621  1.958205E-15
9609.37155151665  1.945054E-15
9613.57838821709  1.912481E-15
9617.78522491753  1.906435E-15
9621.99206161797  1.846247E-15
9626.19889831841  1.835528E-15
9630.40573501885  1.889899E-15
9634.61257171929  1.808257E-15
9638.81940841973  1.812343E-15
9643.02624512017  1.790370E-15
9647.23308182061  1.766017E-15
9651.43991852105  1.782011E-15
9655.64675522149  1.795597E-15
9659.85359192193  1.879363E-15
9664.06042862237  1.876939E-15
9668.26726532281  1.812254E-15
9672.47410202325  1.824149E-15
9676.68093872369  1.784821E-15
9680.88777542413  1.737652E-15
9685.09461212457  1.699538E-15
9689.30144882501  1.692930E-15
9693.50828552545  1.718977E-15
9697.71512222589  1.747451E-15
9701.92195892633  1.697024E-15
9706.12879562677  1.625211E-15
9710.33563232721  1.708072E-15
9714.54246902765  1.781808E-15
9718.74930572809  1.741428E-15
9722.95614242853  1.712591E-15
9727.16297912897  1.701989E-15
9731.36981582941  1.684705E-15
9735.57665252985  1.625334E-15
9739.78348923029  1.672870E-15
9743.99032593073  1.681206E-15
9748.19716263117  1.680697E-15
9752.40399933161  1.661292E-15
9756.61083603205  1.737872E-15
9760.81767273249  1.742037E-15
9765.02450943293  1.716763E-15
9769.23134613337  1.653649E-15
9773.43818283381  1.761238E-15
9777.64501953425  1.711180E-15
9781.85185623469  1.614920E-15
9786.05869293513  1.687083E-15
9790.26552963557  1.632319E-15
9794.47236633601  1.661224E-15
9798.67920303645  1.629323E-15
9802.88603973689  1.656917E-15
9807.09287643733  1.680019E-15
9811.29971313777  1.656277E-15
9815.50654983821  1.697610E-15
9819.71338653865  1.647866E-15
9823.92022323909  1.656015E-15
9828.12705993953  1.677678E-15
9832.33389663997  1.657753E-15
9836.54073334041  1.647425E-15
9840.74757004085  1.630852E-15
9844.95440674129  1.585369E-15
9849.16124344173  1.539301E-15
9853.36808014217  1.618090E-15
9857.57491684261  1.579509E-15
9861.78175354305  1.688199E-15
9865.98859024349  1.651656E-15
9870.19542694393  1.617603E-15
9874.40226364437  1.637359E-15
9878.60910034481  1.515761E-15
9882.81593704525  1.515046E-15
9887.02277374569  1.511177E-15
9891.22961044613  1.559925E-15
9895.43644714657  1.599298E-15
9899.64328384701  1.596292E-15
9903.85012054745  1.594587E-15
9908.05695724789  1.510478E-15
9912.26379394833  1.575769E-15
9916.47063064877  1.494404E-15
9920.67746734921  1.372981E-15
9924.88430404965  1.369047E-15
9929.09114075009  1.335468E-15
9933.29797745053  1.403033E-15
9937.50481415097  1.395001E-15
9941.71165085141  1.315889E-15
9945.91848755185  1.370622E-15
9950.12532425229  1.381198E-15
9954.33216095273  1.349532E-15
9958.53899765317  1.325668E-15
9962.74583435361  1.327766E-15
9966.95267105405  1.388033E-15
9971.15950775449  1.398157E-15
9975.36634445493  1.341881E-15
9979.57318115537  1.426835E-15
9983.78001785581  1.373695E-15
9987.98685455625  1.395001E-15
9992.19369125669  1.343247E-15
9996.40052795713  1.438185E-15
10000.6073646576  1.437209E-15
