5997.03808594001  4.077204E-15
6001.2446756388  4.109227E-15
6005.45126533759  4.020842E-15
6009.65785503638  4.065029E-15
6013.86444473517  3.930171E-15
6018.07103443395  4.002406E-15
6022.27762413275  4.000338E-15
6026.48421383154  3.944547E-15
6030.69080353033  3.926985E-15
6034.89739322912  3.966455E-15
6039.10398292791  3.952952E-15
6043.31057262669  3.947798E-15
6047.51716232549  3.884291E-15
6051.72375202428  3.874197E-15
6055.93034172307  3.926885E-15
6060.13693142186  3.910855E-15
6064.34352112065  3.893536E-15
6068.55011081944  3.897437E-15
6072.75670051823  3.870246E-15
6076.96329021702  3.869809E-15
6081.1698799158  3.834224E-15
6085.3764696146  3.840662E-15
6089.58305931339  3.829419E-15
6093.78964901218  3.820166E-15
6097.99623871097  3.842783E-15
6102.20282840976  3.802630E-15
6106.40941810855  3.799988E-15
6110.61600780734  3.826114E-15
6114.82259750613  3.817195E-15
6119.02918720492  3.767583E-15
6123.23577690371  3.779932E-15
6127.4423666025  3.792578E-15
6131.64895630129  3.797643E-15
6135.85554600008  3.768709E-15
6140.06213569887  3.732147E-15
6144.26872539766  3.729011E-15
6148.47531509645  3.719172E-15
6152.68190479523  3.764034E-15
6156.88849449403  3.728489E-15
6161.09508419282  3.679572E-15
6165.30167389161  3.670687E-15
6169.5082635904  3.686956E-15
6173.71485328919  3.631074E-15
6177.92144298798  3.628581E-15
6182.12803268677  3.604207E-15
6186.33462238555  3.596820E-15
6190.54121208435  3.542198E-15
6194.74780178314  3.533367E-15
6198.95439148193  3.484648E-15
6203.16098118072  3.522876E-15
6207.36757087951  3.474723E-15
6211.5741605783  3.492774E-15
6215.78075027709  3.451628E-15
6219.98733997588  3.424923E-15
6224.19392967467  3.422279E-15
6228.40051937346  3.444848E-15
6232.60710907225  3.426864E-15
6236.81369877104  3.400916E-15
6241.02028846983  3.453679E-15
6245.22687816862  3.470748E-15
6249.43346786741  3.420625E-15
6253.6400575662  3.473794E-15
6257.84664726499  3.410546E-15
6262.05323696378  3.461773E-15
6266.25982666257  3.424572E-15
6270.46641636136  3.401995E-15
6274.67300606015  3.395263E-15
6278.87959575894  3.396606E-15
6283.08618545773  3.400402E-15
6287.29277515652  3.452233E-15
6291.49936485531  3.410612E-15
6295.7059545541  3.365820E-15
6299.91254425289  3.361303E-15
6304.11913395167  3.289582E-15
6308.32572365047  3.259387E-15
6312.53231334926  3.295491E-15
6316.73890304805  3.268051E-15
6320.94549274683  3.140173E-15
6325.15208244563  3.061278E-15
6329.35867214442  3.083604E-15
6333.56526184321  3.035713E-15
6337.771851542  2.997261E-15
6341.97844124079  2.951554E-15
6346.18503093958  2.987070E-15
6350.39162063837  2.925416E-15
6354.59821033716  2.905827E-15
6358.80480003595  2.884886E-15
6363.01138973474  2.919556E-15
6367.21797943352  2.925203E-15
6371.42456913232  2.887873E-15
6375.63115883111  2.935230E-15
6379.8377485299  2.984056E-15
6384.04433822869  3.035380E-15
6388.25092792748  3.088300E-15
6392.45751762627  3.172820E-15
6396.66410732506  3.247339E-15
6400.87069702385  3.338150E-15
6405.07728672264  3.450618E-15
6409.28387642142  3.562059E-15
6413.49046612022  3.691372E-15
6417.69705581901  3.896773E-15
6421.9036455178  4.088565E-15
6426.11023521659  4.199708E-15
6430.31682491538  4.440017E-15
6434.52341461417  4.588782E-15
6438.73000431296  4.778998E-15
6442.93659401175  5.012536E-15
6447.14318371054  5.179040E-15
6451.34977340933  5.320695E-15
6455.55636310812  5.453464E-15
6459.76295280691  5.623030E-15
6463.96954250569  5.691064E-15
6468.17613220449  5.821176E-15
6472.38272190328  5.925963E-15
6476.58931160207  6.029466E-15
6480.79590130086  6.095396E-15
6485.00249099965  6.182312E-15
6489.20908069844  6.255787E-15
6493.41567039723  6.310130E-15
6497.62226009602  6.298107E-15
6501.82884979481  6.340245E-15
6506.0354394936  6.443796E-15
6510.24202919239  6.395134E-15
6514.44861889118  6.442996E-15
6518.65520858997  6.543384E-15
6522.86179828876  6.470785E-15
6527.06838798755  6.484371E-15
6531.27497768634  6.527754E-15
6535.48156738512  6.497189E-15
6539.68815708392  6.512350E-15
6543.89474678271  6.447368E-15
6548.1013364815  6.365668E-15
6552.30792618029  6.330723E-15
6556.51451587908  6.325904E-15
6560.72110557787  6.270481E-15
6564.92769527666  6.265885E-15
6569.13428497545  6.263198E-15
6573.34087467424  6.189367E-15
6577.54746437303  6.216074E-15
6581.75405407182  6.324494E-15
6585.96064377061  6.208727E-15
6590.1672334694  6.055987E-15
6594.37382316819  6.057096E-15
6598.58041286698  5.981870E-15
6602.78700256577  5.901043E-15
6606.99359226456  5.856261E-15
6611.20018196335  5.758396E-15
6615.40677166214  5.650797E-15
6619.61336136092  5.616695E-15
6623.81995105972  5.594080E-15
6628.02654075851  5.478252E-15
6632.2331304573  5.441764E-15
6636.43972015609  5.399444E-15
6640.64630985488  5.374394E-15
6644.85289955367  5.276780E-15
6649.05948925246  5.249731E-15
6653.26607895125  5.183928E-15
6657.47266865004  5.098728E-15
6661.67925834883  5.066478E-15
6665.88584804762  5.040570E-15
6670.09243774641  4.967004E-15
6674.2990274452  4.899658E-15
6678.50561714399  4.834083E-15
6682.71220684278  4.797491E-15
6686.91879654156  4.730753E-15
6691.12538624036  4.656951E-15
6695.33197593915  4.613177E-15
6699.53856563794  4.564136E-15
6703.74515533673  4.551417E-15
6707.95174503552  4.427927E-15
6712.15833473431  4.422857E-15
6716.3649244331  4.333907E-15
6720.57151413189  4.315981E-15
6724.77810383068  4.286672E-15
6728.98469352947  4.207644E-15
6733.19128322826  4.114023E-15
6737.39787292705  4.149003E-15
6741.60446262584  4.104131E-15
6745.81105232463  4.046652E-15
6750.01764202342  4.005562E-15
6754.22423172221  3.950516E-15
6758.430821421  3.863728E-15
6762.63741111979  3.871036E-15
6766.84400081858  3.829121E-15
6771.05059051737  3.781433E-15
6775.25718021616  3.769647E-15
6779.46376991495  3.729473E-15
6783.67035961374  3.671885E-15
6787.87694931252  3.646758E-15
6792.08353901132  3.634700E-15
6796.29012871011  3.588673E-15
6800.4967184089  3.602250E-15
6804.70330810769  3.548517E-15
6808.90989780648  3.505526E-15
6813.11648750526  3.481976E-15
6817.32307720406  3.463117E-15
6821.52966690285  3.469865E-15
6825.73625660164  3.425270E-15
6829.94284630043  3.372702E-15
6834.14943599922  3.399117E-15
6838.35602569801  3.332761E-15
6842.5626153968  3.335830E-15
6846.76920509559  3.333682E-15
6850.97579479438  3.318343E-15
6855.18238449317  3.354965E-15
6859.38897419196  3.283929E-15
6863.59556389075  3.124320E-15
6867.80215358954  2.975439E-15
6872.00874328833  3.063255E-15
6876.21533298712  3.275355E-15
6880.42192268591  3.391708E-15
6884.6285123847  3.289835E-15
6888.83510208349  3.175333E-15
6893.04169178228  3.188570E-15
6897.24828148107  3.182591E-15
6901.45487117986  3.209445E-15
6905.66146087865  3.194395E-15
6909.86805057744  3.165015E-15
6914.07464027623  3.163934E-15
6918.28122997502  3.140633E-15
6922.48781967381  3.177863E-15
6926.6944093726  3.131660E-15
6930.90099907139  3.123739E-15
6935.10758877018  3.123115E-15
6939.31417846897  3.053546E-15
6943.52076816776  3.088658E-15
6947.72735786655  3.074244E-15
6951.93394756534  3.042303E-15
6956.14053726412  3.076263E-15
6960.34712696292  3.094013E-15
6964.55371666171  3.094697E-15
6968.7603063605  3.053661E-15
6972.96689605929  3.056013E-15
6977.17348575808  3.050023E-15
6981.38007545687  3.037832E-15
6985.58666515566  3.044358E-15
6989.79325485445  3.050807E-15
6993.99984455324  3.070968E-15
6998.20643425203  3.048161E-15
7002.41302395082  3.021472E-15
7006.61961364961  3.017897E-15
7010.8262033484  3.024396E-15
7015.03279304719  3.005348E-15
7019.23938274598  3.023266E-15
7023.44597244477  2.994098E-15
7027.65256214356  2.992771E-15
7031.85915184235  2.986390E-15
7036.06574154114  2.954480E-15
7040.27233123993  2.992134E-15
7044.47892093872  2.967950E-15
7048.68551063751  3.006814E-15
7052.8921003363  2.925112E-15
7057.09869003509  2.951193E-15
7061.30527973388  2.906665E-15
7065.51186943267  2.908993E-15
7069.71845913146  2.945197E-15
7073.92504883025  2.954626E-15
7078.13163852904  2.925838E-15
7082.33822822783  2.889317E-15
7086.54481792662  2.895144E-15
7090.75140762541  2.891995E-15
7094.9579973242  2.910307E-15
7099.16458702299  2.933744E-15
7103.37117672178  2.898047E-15
7107.57776642057  2.888120E-15
7111.78435611936  2.903557E-15
7115.99094581815  2.866881E-15
7120.19753551694  2.851154E-15
7124.40412521573  2.890872E-15
7128.61071491452  2.892670E-15
7132.81730461331  2.878201E-15
7137.0238943121  2.872791E-15
7141.23048401089  2.858773E-15
7145.43707370968  2.810535E-15
7149.64366340847  2.800879E-15
7153.85025310726  2.834534E-15
7158.05684280605  2.793704E-15
7162.26343250484  2.787939E-15
7166.47002220363  2.770216E-15
7170.67661190242  2.733645E-15
7174.88320160121  2.757639E-15
7179.0897913  2.771515E-15
7183.29638099879  2.759455E-15
7187.50297069758  2.799899E-15
7191.70956039637  2.794501E-15
7195.91615009516  2.784892E-15
7200.12273979395  2.762560E-15
7204.32932949274  2.797381E-15
7208.53591919153  2.855374E-15
7212.74250889032  2.858272E-15
7216.94909858911  2.823043E-15
7221.1556882879  2.761752E-15
7225.36227798669  2.744276E-15
7229.56886768548  2.705588E-15
7233.77545738427  2.704769E-15
7237.98204708306  2.715876E-15
7242.18863678185  2.765856E-15
7246.39522648064  2.765573E-15
7250.60181617943  2.742340E-15
7254.80840587822  2.722175E-15
7259.01499557701  2.743753E-15
7263.2215852758  2.687245E-15
7267.42817497459  2.703717E-15
7271.63476467338  2.681711E-15
7275.84135437217  2.717010E-15
7280.04794407096  2.755880E-15
7284.25453376975  2.737564E-15
7288.46112346854  2.679772E-15
7292.66771316733  2.717036E-15
7296.87430286612  2.720568E-15
7301.08089256491  2.688653E-15
7305.2874822637  2.720273E-15
7309.49407196249  2.709421E-15
7313.70066166128  2.694422E-15
7317.90725136007  2.723532E-15
7322.11384105886  2.693112E-15
7326.32043075765  2.668612E-15
7330.52702045644  2.702089E-15
7334.73361015523  2.702169E-15
7338.94019985402  2.744236E-15
7343.14678955281  2.684349E-15
7347.3533792516  2.674414E-15
7351.55996895039  2.650060E-15
7355.76655864918  2.643117E-15
7359.97314834797  2.604481E-15
7364.17973804676  2.656507E-15
7368.38632774555  2.664981E-15
7372.59291744434  2.645340E-15
7376.79950714313  2.655691E-15
7381.00609684192  2.650452E-15
7385.21268654071  2.628700E-15
7389.4192762395  2.592576E-15
7393.62586593829  2.654756E-15
7397.83245563708  2.703402E-15
7402.03904533587  2.640278E-15
7406.24563503466  2.602071E-15
7410.45222473345  2.605015E-15
7414.65881443224  2.599899E-15
7418.86540413103  2.594542E-15
7423.07199382982  2.607789E-15
7427.27858352861  2.623410E-15
7431.4851732274  2.605656E-15
7435.69176292619  2.585006E-15
7439.89835262498  2.527764E-15
7444.10494232377  2.546422E-15
7448.31153202256  2.574242E-15
7452.51812172135  2.579643E-15
7456.72471142014  2.545732E-15
7460.93130111893  2.564926E-15
7465.13789081772  2.520039E-15
7469.34448051651  2.512879E-15
7473.5510702153  2.514552E-15
7477.75765991409  2.521628E-15
7481.96424961288  2.507953E-15
7486.17083931167  2.500461E-15
7490.37742901046  2.508542E-15
7494.58401870925  2.454279E-15
7498.79060840804  2.446164E-15
7502.99719810683  2.469783E-15
7507.20378780562  2.427155E-15
7511.41037750441  2.477995E-15
7515.6169672032  2.516257E-15
7519.82355690199  2.485427E-15
7524.03014660078  2.430841E-15
7528.23673629957  2.419788E-15
7532.44332599836  2.446832E-15
7536.64991569715  2.434955E-15
7540.85650539594  2.462026E-15
7545.06309509473  2.453110E-15
7549.26968479352  2.446907E-15
7553.47627449231  2.429774E-15
7557.6828641911  2.380370E-15
7561.88945388989  2.345426E-15
7566.09604358868  2.329258E-15
7570.30263328747  2.338906E-15
7574.50922298626  2.357382E-15
7578.71581268505  2.383512E-15
7582.92240238384  2.415106E-15
7587.12899208263  2.314090E-15
7591.33558178142  2.111429E-15
7595.54217148021  1.862233E-15
7599.748761179  1.660640E-15
7603.95535087779  1.892513E-15
7608.16194057658  2.521173E-15
7612.36853027537  2.884331E-15
7616.57511997416  2.858279E-15
7620.78170967295  2.565483E-15
7624.98829937174  2.271353E-15
7629.19488907053  2.241935E-15
7633.40147876932  2.304220E-15
7637.60806846811  2.423003E-15
7641.8146581669  2.484735E-15
7646.02124786569  2.488571E-15
7650.22783756448  2.527913E-15
7654.43442726327  2.512793E-15
7658.64101696206  2.481307E-15
7662.84760666085  2.500355E-15
7667.05419635964  2.446484E-15
7671.26078605843  2.429936E-15
7675.46737575722  2.434289E-15
7679.67396545601  2.386615E-15
7683.8805551548  2.409751E-15
7688.08714485359  2.440392E-15
7692.29373455238  2.432872E-15
7696.50032425117  2.458636E-15
7700.70691394996  2.463890E-15
7704.91350364875  2.413868E-15
7709.12009334754  2.413138E-15
7713.32668304633  2.443508E-15
7717.53327274512  2.437173E-15
7721.73986244391  2.482600E-15
7725.9464521427  2.465577E-15
7730.15304184149  2.501835E-15
7734.35963154028  2.503930E-15
7738.56622123907  2.482885E-15
7742.77281093786  2.506623E-15
7746.97940063665  2.497707E-15
7751.18599033544  2.482620E-15
7755.39258003423  2.501284E-15
7759.59916973302  2.557190E-15
7763.80575943181  2.497461E-15
7768.0123491306  2.527734E-15
7772.21893882939  2.519507E-15
7776.42552852818  2.472517E-15
7780.63211822697  2.512263E-15
7784.83870792576  2.503018E-15
7789.04529762455  2.513246E-15
7793.25188732334  2.549630E-15
7797.45847702213  2.529128E-15
7801.66506672092  2.496175E-15
7805.87165641971  2.485349E-15
7810.0782461185  2.466674E-15
7814.28483581729  2.482639E-15
7818.49142551608  2.520235E-15
7822.69801521487  2.468104E-15
7826.90460491366  2.513882E-15
7831.11119461245  2.497995E-15
7835.31778431124  2.483230E-15
7839.52437401003  2.481339E-15
7843.73096370882  2.454105E-15
7847.93755340761  2.462362E-15
7852.1441431064  2.435126E-15
7856.35073280519  2.481509E-15
7860.55732250398  2.479213E-15
7864.76391220277  2.446894E-15
7868.97050190156  2.428350E-15
7873.17709160035  2.388513E-15
7877.38368129914  2.396529E-15
7881.59027099793  2.412402E-15
7885.79686069672  2.417908E-15
7890.00345039551  2.431596E-15
7894.2100400943  2.406997E-15
7898.41662979309  2.388976E-15
7902.62321949188  2.387449E-15
7906.82980919067  2.329573E-15
7911.03639888946  2.366501E-15
7915.24298858825  2.401247E-15
7919.44957828704  2.372053E-15
7923.65616798583  2.351593E-15
7927.86275768462  2.330289E-15
7932.06934738341  2.308769E-15
7936.2759370822  2.303227E-15
7940.48252678099  2.332215E-15
7944.68911647978  2.337522E-15
7948.89570617857  2.348963E-15
7953.10229587736  2.301814E-15
7957.30888557615  2.300938E-15
7961.51547527494  2.272790E-15
7965.72206497373  2.248170E-15
7969.92865467252  2.286193E-15
7974.13524437131  2.311563E-15
7978.3418340701  2.307109E-15
7982.54842376889  2.284068E-15
7986.75501346768  2.272568E-15
7990.96160316647  2.270504E-15
7995.16819286526  2.256016E-15
7999.37478256405  2.239575E-15
8003.58137226284  2.240098E-15
8007.78796196163  2.265720E-15
8011.99455166042  2.235571E-15
8016.20114135921  2.232363E-15
8020.407731058  2.259270E-15
8024.61432075679  2.224304E-15
8028.82091045558  2.227697E-15
8033.02750015437  2.211513E-15
8037.23408985316  2.219720E-15
8041.44067955195  2.257210E-15
8045.64726925074  2.235014E-15
8049.85385894953  2.234204E-15
8054.06044864832  2.223049E-15
8058.26703834711  2.229848E-15
8062.4736280459  2.214837E-15
8066.68021774469  2.230083E-15
8070.88680744348  2.205271E-15
8075.09339714227  2.206794E-15
8079.29998684106  2.197285E-15
8083.50657653985  2.208104E-15
8087.71316623864  2.204932E-15
8091.91975593743  2.167504E-15
8096.12634563622  2.148451E-15
8100.33293533501  2.154002E-15
8104.5395250338  2.207977E-15
8108.74611473259  2.201271E-15
8112.95270443138  2.213401E-15
8117.15929413017  2.237193E-15
8121.36588382896  2.199469E-15
8125.57247352775  2.144076E-15
8129.77906322654  2.135903E-15
8133.98565292533  2.145432E-15
8138.19224262412  2.127774E-15
8142.39883232291  2.168105E-15
8146.6054220217  2.148139E-15
8150.81201172049  2.156057E-15
8155.01860141928  2.117779E-15
8159.22519111807  2.133663E-15
8163.43178081686  2.148433E-15
8167.63837051565  2.144500E-15
8171.84496021444  2.156011E-15
8176.05154991323  2.091831E-15
8180.25813961202  2.107576E-15
8184.46472931081  2.125211E-15
8188.6713190096  2.156554E-15
8192.87790870839  2.100216E-15
8197.08449840718  2.133349E-15
8201.29108810597  2.156025E-15
8205.49767780476  2.144852E-15
8209.70426750355  2.123758E-15
8213.91085720234  2.085169E-15
8218.11744690113  2.035542E-15
8222.32403659992  2.029913E-15
8226.53062629871  2.040691E-15
8230.7372159975  2.116007E-15
8234.94380569629  2.134244E-15
8239.15039539508  2.138628E-15
8243.35698509387  2.130879E-15
8247.56357479266  2.115644E-15
8251.77016449145  2.059099E-15
8255.97675419024  2.028499E-15
8260.18334388903  2.060142E-15
8264.38993358782  2.073125E-15
8268.59652328661  2.060256E-15
8272.8031129854  2.065469E-15
8277.00970268419  2.060785E-15
8281.21629238298  2.065250E-15
8285.42288208177  2.085100E-15
8289.62947178056  2.060971E-15
8293.83606147935  2.050151E-15
8298.04265117814  2.035591E-15
8302.24924087693  1.999852E-15
8306.45583057572  2.031058E-15
8310.66242027451  2.001435E-15
8314.8690099733  2.023501E-15
8319.07559967209  2.052559E-15
8323.28218937088  2.075997E-15
8327.48877906967  2.087085E-15
8331.69536876846  2.010840E-15
8335.90195846725  2.023485E-15
8340.10854816604  2.007075E-15
8344.31513786483  2.038647E-15
8348.52172756362  1.981969E-15
8352.72831726241  1.964040E-15
8356.9349069612  2.000293E-15
8361.14149665999  2.034451E-15
8365.34808635878  2.046071E-15
8369.55467605757  2.047771E-15
8373.76126575636  2.028784E-15
8377.96785545515  2.030210E-15
8382.17444515394  2.032604E-15
8386.38103485273  1.956301E-15
8390.58762455152  2.029783E-15
8394.79421425031  2.010907E-15
8399.0008039491  2.025918E-15
8403.20739364789  2.043931E-15
8407.41398334668  1.980182E-15
8411.62057304547  2.017292E-15
8415.82716274426  2.021123E-15
8420.03375244305  2.017138E-15
8424.24034214184  1.981004E-15
8428.44693184063  1.977309E-15
8432.65352153942  1.981764E-15
8436.86011123821  1.999473E-15
8441.066700937  1.996283E-15
8445.27329063579  1.938950E-15
8449.47988033458  2.019463E-15
8453.68647003337  2.036372E-15
8457.89305973216  1.980620E-15
8462.09964943095  2.018863E-15
8466.30623912974  2.035525E-15
8470.51282882853  1.999387E-15
8474.71941852732  1.994003E-15
8478.92600822611  2.005698E-15
8483.1325979249  1.979874E-15
8487.33918762369  1.975279E-15
8491.54577732248  2.002747E-15
8495.75236702127  2.001134E-15
8499.95895672006  1.996525E-15
8504.16554641885  2.029602E-15
8508.37213611764  2.026046E-15
8512.57872581643  1.943064E-15
8516.78531551522  1.964495E-15
8520.99190521401  1.971071E-15
8525.1984949128  1.925931E-15
8529.40508461159  1.978688E-15
8533.61167431038  1.954379E-15
8537.81826400917  1.958900E-15
8542.02485370796  2.000793E-15
8546.23144340675  1.982529E-15
8550.43803310554  2.008373E-15
8554.64462280433  1.994317E-15
8558.85121250312  1.967696E-15
8563.05780220191  1.949634E-15
8567.2643919007  1.942273E-15
8571.47098159949  1.904767E-15
8575.67757129828  1.932841E-15
8579.88416099707  1.970390E-15
8584.09075069586  1.978711E-15
8588.29734039465  2.001297E-15
8592.50393009344  1.998422E-15
8596.71051979223  1.978107E-15
8600.91710949102  1.969821E-15
8605.12369918981  1.939329E-15
8609.3302888886  1.914913E-15
8613.53687858739  1.945062E-15
8617.74346828618  1.942136E-15
8621.95005798497  1.938790E-15
8626.15664768376  1.958747E-15
8630.36323738255  1.966621E-15
8634.56982708134  1.976827E-15
8638.77641678013  2.002696E-15
8642.98300647892  1.976588E-15
8647.18959617771  1.926272E-15
8651.3961858765  1.915901E-15
8655.60277557529  1.936602E-15
8659.80936527408  1.927899E-15
8664.01595497287  1.923070E-15
8668.22254467166  1.945068E-15
8672.42913437045  1.927432E-15
8676.63572406924  1.951869E-15
8680.84231376803  1.900939E-15
8685.04890346682  1.922958E-15
8689.25549316561  1.899517E-15
8693.4620828644  1.852884E-15
8697.66867256319  1.868363E-15
8701.87526226198  1.878278E-15
8706.08185196077  1.880473E-15
8710.28844165956  1.905798E-15
8714.49503135835  1.929336E-15
8718.70162105714  1.932817E-15
8722.90821075593  1.915411E-15
8727.11480045472  1.877007E-15
8731.32139015351  1.856420E-15
8735.5279798523  1.890040E-15
8739.73456955109  1.869745E-15
8743.94115924988  1.860710E-15
8748.14774894867  1.910910E-15
8752.35433864746  1.910050E-15
8756.56092834625  1.913001E-15
8760.76751804504  1.907782E-15
8764.97410774383  1.870724E-15
8769.18069744262  1.872783E-15
8773.38728714141  1.840530E-15
8777.5938768402  1.813889E-15
8781.80046653899  1.829525E-15
8786.00705623778  1.853615E-15
8790.21364593657  1.866662E-15
8794.42023563536  1.840963E-15
8798.62682533415  1.830542E-15
8802.83341503294  1.850753E-15
8807.04000473173  1.839581E-15
8811.24659443052  1.823205E-15
8815.45318412931  1.839659E-15
8819.6597738281  1.836649E-15
8823.86636352689  1.795272E-15
8828.07295322568  1.779080E-15
8832.27954292447  1.794284E-15
8836.48613262326  1.805511E-15
8840.69272232205  1.786967E-15
8844.89931202084  1.835027E-15
8849.10590171963  1.818738E-15
8853.31249141842  1.795910E-15
8857.51908111721  1.817908E-15
8861.725670816  1.783820E-15
8865.93226051479  1.730855E-15
8870.13885021358  1.784541E-15
8874.34543991237  1.746726E-15
8878.55202961116  1.753828E-15
8882.75861930995  1.796469E-15
8886.96520900874  1.808273E-15
8891.17179870753  1.800391E-15
8895.37838840632  1.799939E-15
8899.58497810511  1.788152E-15
8903.7915678039  1.744715E-15
8907.99815750269  1.775725E-15
8912.20474720148  1.771074E-15
8916.41133690027  1.736313E-15
8920.61792659906  1.741739E-15
8924.82451629785  1.739367E-15
8929.03110599664  1.700798E-15
8933.23769569543  1.738873E-15
8937.44428539422  1.748476E-15
8941.65087509301  1.729693E-15
8945.8574647918  1.749550E-15
8950.06405449059  1.733073E-15
8954.27064418938  1.725008E-15
8958.47723388817  1.756461E-15
8962.68382358696  1.737670E-15
8966.89041328575  1.672637E-15
8971.09700298454  1.712070E-15
8975.30359268333  1.712947E-15
8979.51018238212  1.679414E-15
8983.71677208091  1.641859E-15
8987.9233617797  1.616880E-15
8992.12995147849  1.681369E-15
8996.33654117728  1.694367E-15
9000.54313087607  1.702053E-15
9004.74972057486  1.704705E-15
9008.95631027365  1.712272E-15
9013.16289997244  1.718626E-15
9017.36948967123  1.695498E-15
9021.57607937002  1.653365E-15
9025.78266906881  1.646753E-15
9029.9892587676  1.664444E-15
9034.19584846639  1.701511E-15
9038.40243816518  1.647076E-15
9042.60902786397  1.643646E-15
9046.81561756276  1.700036E-15
9051.02220726155  1.709882E-15
9055.22879696034  1.708553E-15
9059.43538665913  1.722962E-15
9063.64197635792  1.715853E-15
9067.84856605671  1.657357E-15
9072.0551557555  1.657200E-15
9076.26174545429  1.695440E-15
9080.46833515308  1.683775E-15
9084.67492485187  1.655550E-15
9088.88151455066  1.672456E-15
9093.08810424945  1.701286E-15
9097.29469394824  1.714214E-15
9101.50128364703  1.709360E-15
9105.70787334582  1.706208E-15
9109.91446304461  1.763069E-15
9114.1210527434  1.777853E-15
9118.32764244219  1.763858E-15
9122.53423214098  1.713045E-15
9126.74082183977  1.699327E-15
9130.94741153856  1.682566E-15
9135.15400123735  1.712898E-15
9139.36059093614  1.785673E-15
9143.56718063493  1.768007E-15
9147.77377033372  1.703441E-15
9151.98036003251  1.696717E-15
9156.1869497313  1.776669E-15
9160.39353943009  1.767125E-15
9164.60012912888  1.751853E-15
9168.80671882767  1.720445E-15
9173.01330852646  1.708418E-15
9177.21989822525  1.769886E-15
9181.42648792404  1.822851E-15
9185.63307762283  1.774985E-15
9189.83966732162  1.735408E-15
9194.04625702041  1.703277E-15
9198.2528467192  1.681299E-15
9202.45943641799  1.734981E-15
9206.66602611678  1.745240E-15
9210.87261581557  1.687375E-15
9215.07920551436  1.701358E-15
9219.28579521315  1.694578E-15
9223.49238491194  1.693731E-15
9227.69897461073  1.741777E-15
9231.90556430952  1.707054E-15
9236.11215400831  1.710532E-15
9240.3187437071  1.712426E-15
9244.52533340589  1.673511E-15
9248.73192310468  1.703620E-15
9252.93851280347  1.735120E-15
9257.14510250226  1.732159E-15
9261.35169220105  1.704567E-15
9265.55828189984  1.756068E-15
9269.76487159863  1.725741E-15
9273.97146129742  1.682543E-15
9278.17805099621  1.618364E-15
9282.384640695  1.696029E-15
9286.59123039379  1.713423E-15
9290.79782009258  1.652986E-15
9295.00440979137  1.610756E-15
9299.21099949016  1.608407E-15
9303.41758918895  1.606559E-15
9307.62417888774  1.587947E-15
9311.83076858653  1.533562E-15
9316.03735828532  1.488285E-15
9320.24394798411  1.539385E-15
9324.4505376829  1.562151E-15
9328.65712738169  1.550125E-15
9332.86371708048  1.512063E-15
9337.07030677927  1.402027E-15
9341.27689647806  1.404369E-15
9345.48348617685  1.507296E-15
9349.69007587564  1.534414E-15
9353.89666557443  1.521931E-15
9358.10325527322  1.572516E-15
9362.30984497201  1.600390E-15
9366.5164346708  1.547168E-15
9370.72302436959  1.577144E-15
9374.92961406838  1.600787E-15
9379.13620376717  1.534081E-15
9383.34279346596  1.540290E-15
9387.54938316475  1.706852E-15
9391.75597286354  1.728984E-15
9395.96256256233  1.592465E-15
9400.16915226112  1.555004E-15
9404.37574195991  1.527559E-15
9408.5823316587  1.588498E-15
9412.78892135749  1.567158E-15
9416.99551105628  1.606026E-15
9421.20210075507  1.571124E-15
9425.40869045386  1.476065E-15
9429.61528015265  1.527770E-15
9433.82186985144  1.568228E-15
9438.02845955023  1.484689E-15
9442.23504924902  1.470951E-15
9446.44163894781  1.572434E-15
9450.6482286466  1.541414E-15
9454.85481834539  1.494776E-15
9459.06140804418  1.584862E-15
9463.26799774297  1.675532E-15
9467.47458744176  1.660853E-15
9471.68117714055  1.589673E-15
9475.88776683934  1.564830E-15
9480.09435653813  1.569072E-15
9484.30094623692  1.563893E-15
9488.50753593571  1.583238E-15
9492.7141256345  1.415083E-15
9496.92071533329  1.381056E-15
9501.12730503208  1.568429E-15
9505.33389473087  1.687982E-15
9509.54048442966  1.609582E-15
9513.74707412845  1.410164E-15
9517.95366382724  1.467649E-15
9522.16025352603  1.492166E-15
9526.36684322482  1.494030E-15
9530.57343292361  1.559601E-15
9534.7800226224  1.539777E-15
9538.98661232119  1.540480E-15
9543.19320201998  1.469185E-15
9547.39979171877  1.455686E-15
9551.60638141756  1.519037E-15
9555.81297111635  1.502578E-15
9560.01956081514  1.516086E-15
9564.22615051393  1.488923E-15
9568.43274021272  1.496315E-15
9572.63932991151  1.497556E-15
9576.8459196103  1.438602E-15
9581.05250930909  1.410871E-15
9585.25909900788  1.392354E-15
9589.46568870667  1.394199E-15
9593.67227840546  1.438880E-15
9597.87886810425  1.475952E-15
9602.08545780304  1.485031E-15
9606.29204750183  1.431275E-15
9610.49863720062  1.481535E-15
9614.70522689941  1.412254E-15
9618.9118165982  1.407984E-15
9623.11840629699  1.454985E-15
9627.32499599578  1.441334E-15
9631.53158569457  1.397828E-15
9635.73817539336  1.322445E-15
9639.94476509215  1.331304E-15
9644.15135479094  1.427937E-15
9648.35794448973  1.364560E-15
9652.56453418852  1.370429E-15
9656.77112388731  1.329523E-15
9660.9777135861  1.407922E-15
9665.18430328489  1.431195E-15
9669.39089298368  1.438916E-15
9673.59748268247  1.424243E-15
9677.80407238126  1.428595E-15
9682.01066208005  1.358026E-15
9686.21725177884  1.316975E-15
9690.42384147763  1.320173E-15
9694.63043117642  1.301239E-15
9698.83702087521  1.324445E-15
9703.043610574  1.326414E-15
9707.25020027279  1.342123E-15
9711.45678997158  1.359929E-15
9715.66337967037  1.307007E-15
9719.86996936916  1.311934E-15
9724.07655906795  1.330746E-15
9728.28314876674  1.236628E-15
9732.48973846553  1.206092E-15
9736.69632816432  1.267069E-15
9740.90291786311  1.303904E-15
9745.1095075619  1.289334E-15
9749.31609726069  1.300587E-15
9753.52268695948  1.223039E-15
9757.72927665827  1.213029E-15
9761.93586635706  1.326994E-15
9766.14245605585  1.254513E-15
9770.34904575464  1.311920E-15
9774.55563545343  1.287719E-15
9778.76222515222  1.266590E-15
9782.96881485101  1.229669E-15
9787.1754045498  1.224086E-15
9791.38199424859  1.291485E-15
9795.58858394738  1.210887E-15
9799.79517364617  1.268729E-15
9804.00176334496  1.285916E-15
9808.20835304375  1.205921E-15
9812.41494274254  1.251862E-15
9816.62153244133  1.248015E-15
9820.82812214012  1.213084E-15
9825.03471183891  1.251091E-15
9829.2413015377  1.170817E-15
9833.44789123649  1.188016E-15
9837.65448093528  1.264393E-15
9841.86107063407  1.239971E-15
9846.06766033286  1.268217E-15
9850.27425003165  1.260272E-15
9854.48083973044  1.194779E-15
9858.68742942923  1.187965E-15
9862.89401912802  1.258044E-15
9867.10060882681  1.231637E-15
9871.3071985256  1.271890E-15
9875.51378822439  1.223877E-15
9879.72037792318  1.224073E-15
9883.92696762197  1.193112E-15
9888.13355732076  1.210065E-15
9892.34014701955  1.255062E-15
9896.54673671834  1.173153E-15
9900.75332641713  1.231250E-15
9904.95991611592  1.205839E-15
9909.16650581471  1.316216E-15
9913.3730955135  1.310049E-15
9917.57968521229  1.217061E-15
9921.78627491108  1.225695E-15
9925.99286460987  1.197467E-15
9930.19945430866  1.183275E-15
9934.40604400745  1.185270E-15
9938.61263370624  1.198804E-15
9942.81922340503  1.152752E-15
9947.02581310382  1.269754E-15
9951.23240280261  1.283222E-15
9955.4389925014  1.245716E-15
9959.64558220019  1.236126E-15
9963.85217189898  1.131375E-15
9968.05876159777  1.140300E-15
9972.26535129656  1.173764E-15
9976.47194099535  1.173030E-15
9980.67853069414  1.186171E-15
9984.88512039293  1.242666E-15
9989.09171009172  1.252220E-15
