3.899999999999997272e+03 2.715003018999365035e-18
3.904846065998074664e+03 -9.148677959021202455e-18
3.909692131996152057e+03 1.679108918069993401e-18
3.914538197994229449e+03 5.770611138261423829e-17
3.919384263992306842e+03 6.983920984243184907e-17
3.924230329990384234e+03 4.393326301603070884e-17
3.929076395988461627e+03 2.833441013851392058e-17
3.933922461986538565e+03 3.402442675358858777e-17
3.938768527984615957e+03 5.785643987841717533e-17
3.943614593982693805e+03 9.281501162392924789e-17
3.948460659980771197e+03 9.032253114984976363e-17
3.953306725978848590e+03 7.133272745178819330e-17
3.958152791976925982e+03 4.074671845101513054e-17
3.962998857975003375e+03 6.715388378906420215e-17
3.967844923973080768e+03 5.163560822937742943e-17
3.972690989971158160e+03 6.067625226449614370e-17
3.977537055969235553e+03 8.132531409689008331e-17
3.982383121967312491e+03 6.497182103781871769e-17
3.987229187965389883e+03 6.298603831976471606e-17
3.992075253963467276e+03 8.428546263697234814e-17
3.996921319961544668e+03 8.624636376220075470e-17
4.001767385959622061e+03 9.701423039950164522e-17
4.006613451957699453e+03 1.091079947668311344e-16
4.011459517955776846e+03 1.082530936775902297e-16
4.016305583953854239e+03 1.084677437378252902e-16
4.021151649951931631e+03 8.630353186869551955e-17
4.025997715950009024e+03 9.611516448299530922e-17
4.030843781948086416e+03 7.271117431177106074e-17
4.035689847946163809e+03 5.121371633847333340e-17
4.040535913944241202e+03 4.042775098936978264e-17
4.045381979942318594e+03 3.717555806221954585e-17
4.050228045940395987e+03 6.283739727241138720e-17
4.055074111938473379e+03 7.277441723268441502e-17
4.059920177936550772e+03 6.631263448865287258e-17
4.064766243934628164e+03 5.939207752456471972e-17
4.069612309932705557e+03 7.572989385666698036e-17
4.074458375930782950e+03 9.339159621554811073e-17
4.079304441928860342e+03 7.843431123857235116e-17
4.084150507926937735e+03 8.023491799597778180e-17
4.088996573925015127e+03 1.079387518099302783e-16
4.093842639923092520e+03 8.593664087108129944e-17
4.098688705921170367e+03 6.925623279903917644e-17
4.103534771919247760e+03 9.482739647048295489e-17
4.108380837917325152e+03 1.316982708258747185e-16
4.113226903915402545e+03 1.251660718506577620e-16
4.118072969913479938e+03 1.053072189661581799e-16
4.122919035911557330e+03 9.201865506972239624e-17
4.127765101909634723e+03 9.592969735477111957e-17
4.132611167907712115e+03 1.028638664030194451e-16
4.137457233905789508e+03 9.529530938194705116e-17
4.142303299903866900e+03 1.227568851555399174e-16
4.147149365901944293e+03 8.299223523241714383e-17
4.151995431900021686e+03 3.377581265740209999e-17
4.156841497898099078e+03 5.569343536848491262e-17
4.161687563896176471e+03 5.090292473000245963e-17
4.166533629894253863e+03 4.410438352371077878e-17
4.171379695892331256e+03 4.196604884836729757e-17
4.176225761890408648e+03 3.863614395702892894e-17
4.181071827888486041e+03 4.640074278327639039e-17
4.185917893886563434e+03 4.899589291498595645e-17
4.190763959884639917e+03 4.532805496491762410e-17
4.195610025882717309e+03 4.308448968076759693e-17
4.200456091880794702e+03 3.744565238455281066e-17
4.205302157878872094e+03 4.807786801883990506e-17
4.210148223876949487e+03 5.530957062470110439e-17
4.214994289875026880e+03 5.169277964459464449e-17
4.219840355873104272e+03 6.099686746992169723e-17
4.224686421871181665e+03 6.107578711780415649e-17
4.229532487869259057e+03 5.614743841076831718e-17
4.234378553867336450e+03 8.240868908876303471e-17
4.239224619865413842e+03 8.960691404087298790e-17
4.244070685863491235e+03 8.588542184755201597e-17
4.248916751861568628e+03 6.038912794771163716e-17
4.253762817859646020e+03 6.684657626533340173e-17
4.258608883857723413e+03 7.894752717782475165e-17
4.263454949855800805e+03 6.846468712727493320e-17
4.268301015853878198e+03 6.068018964421189611e-17
4.273147081851955591e+03 5.885036025012619211e-17
4.277993147850032983e+03 6.137366478255185239e-17
4.282839213848110376e+03 5.800948814407418672e-17
4.287685279846187768e+03 6.649061066924978202e-17
4.292531345844265161e+03 6.025775181410351509e-17
4.297377411842342553e+03 4.848015242050404412e-17
4.302223477840419946e+03 5.551543271810840149e-17
4.307069543838497339e+03 5.244836281204753230e-17
4.311915609836574731e+03 4.272726346143044640e-17
4.316761675834652124e+03 5.804664509719006872e-17
4.321607741832729516e+03 7.022221431837860216e-17
4.326453807830806909e+03 5.133342260799955736e-17
4.331299873828884301e+03 5.131908260490033807e-17
4.336145939826961694e+03 5.266333050963781313e-17
4.340992005825039087e+03 3.925682720146421879e-17
4.345838071823116479e+03 4.265973243622161722e-17
4.350684137821193872e+03 3.272438338078594651e-17
4.355530203819271264e+03 4.587523494012145191e-17
4.360376269817348657e+03 7.524683361382581304e-17
4.365222335815426050e+03 6.656539441406947614e-17
4.370068401813503442e+03 5.575098728678390208e-17
4.374914467811580835e+03 4.659015059993878267e-17
4.379760533809658227e+03 6.818394202737443561e-17
4.384606599807735620e+03 8.000258612296878781e-17
4.389452665805813012e+03 7.981307573591043896e-17
4.394298731803890405e+03 5.947420001577898431e-17
4.399144797801967798e+03 5.041432568577963725e-17
4.403990863800045190e+03 6.656736641264980256e-17
4.408836929798122583e+03 7.297445597457933881e-17
4.413682995796199975e+03 6.223636122188545687e-17
4.418529061794277368e+03 5.231824730169294104e-17
4.423375127792354760e+03 6.716069313986673867e-17
4.428221193790432153e+03 6.833781085619909960e-17
4.433067259788509546e+03 6.480698048534915033e-17
4.437913325786586938e+03 5.553229396771468241e-17
4.442759391784664331e+03 4.905400731610148196e-17
4.447605457782741723e+03 5.227343396482726822e-17
4.452451523780819116e+03 5.661112277494104237e-17
4.457297589778896509e+03 4.865443275812406662e-17
4.462143655776973901e+03 4.789268213202398344e-17
4.466989721775051294e+03 4.796257889378471428e-17
4.471835787773128686e+03 5.078003546947913163e-17
4.476681853771206079e+03 5.090664042531404783e-17
4.481527919769283471e+03 5.988441542515628179e-17
4.486373985767360864e+03 4.734338126572956967e-17
4.491220051765438257e+03 4.032228215254682140e-17
4.496066117763515649e+03 4.110348144920925137e-17
4.500912183761593042e+03 4.781274339762685884e-17
4.505758249759670434e+03 3.421895978132635861e-17
4.510604315757747827e+03 4.543794756365651894e-17
4.515450381755825219e+03 5.185247844237658222e-17
4.520296447753902612e+03 4.976974023036401511e-17
4.525142513751980005e+03 5.507280837233127638e-17
4.529988579750057397e+03 5.949816178376342041e-17
4.534834645748134790e+03 4.126832200167881873e-17
4.539680711746212182e+03 5.717488275834288307e-17
4.544526777744289575e+03 5.948337179441097228e-17
4.549372843742366967e+03 6.603840757197929285e-17
4.554218909740444360e+03 6.708085366714312044e-17
4.559064975738521753e+03 8.182473266352509930e-17
4.563911041736599145e+03 9.370364182982761489e-17
4.568757107734676538e+03 8.638358971710085178e-17
4.573603173732753930e+03 8.625634286911059443e-17
4.578449239730831323e+03 8.674924986996359298e-17
4.583295305728908716e+03 8.968981739058550255e-17
4.588141371726986108e+03 1.022905309768466905e-16
4.592987437725063501e+03 1.041985388649860063e-16
4.597833503723140893e+03 9.471282202947700992e-17
4.602679569721218286e+03 1.046112821383152658e-16
4.607525635719295678e+03 1.028173722351490645e-16
4.612371701717373071e+03 1.031454055963079936e-16
4.617217767715450464e+03 1.250602721415897795e-16
4.622063833713527856e+03 1.269361324824028344e-16
4.626909899711605249e+03 1.221662781981770556e-16
4.631755965709682641e+03 1.157327453264254242e-16
4.636602031707760034e+03 1.128595301600000323e-16
4.641448097705837426e+03 1.255660699251088044e-16
4.646294163703914819e+03 1.209212853495010434e-16
4.651140229701992212e+03 1.344793049848372010e-16
4.655986295700069604e+03 1.363289734787343768e-16
4.660832361698146997e+03 1.302465887031788562e-16
4.665678427696224389e+03 1.305741257559702535e-16
4.670524493694301782e+03 1.116568095493479301e-16
4.675370559692379175e+03 1.145286747570136354e-16
4.680216625690456567e+03 1.145692264593634350e-16
4.685062691688533960e+03 1.221158929727052256e-16
4.689908757686611352e+03 1.347746944903023374e-16
4.694754823684688745e+03 1.527679109863600200e-16
4.699600889682766137e+03 1.467562799316798352e-16
4.704446955680843530e+03 1.334904204886974070e-16
4.709293021678920923e+03 1.460566571870273848e-16
4.714139087676998315e+03 1.454418568511085721e-16
4.718985153675075708e+03 1.184303467400833580e-16
4.723831219673153100e+03 1.166452248037449201e-16
4.728677285671230493e+03 1.275736835938893056e-16
4.733523351669307885e+03 1.224837170300504055e-16
4.738369417667385278e+03 1.141450879459156450e-16
4.743215483665462671e+03 1.066981397097783470e-16
4.748061549663540063e+03 1.094026960580266267e-16
4.752907615661617456e+03 1.181861100836985009e-16
4.757753681659694848e+03 1.061716028539413925e-16
4.762599747657772241e+03 1.036401059247290071e-16
4.767445813655849634e+03 1.121698600524778200e-16
4.772291879653927026e+03 1.037252459708178651e-16
4.777137945652004419e+03 1.044564868672045424e-16
4.781984011650081811e+03 1.218825883352958692e-16
4.786830077648159204e+03 1.314163147335574433e-16
4.791676143646236596e+03 1.233345219208979477e-16
4.796522209644313989e+03 1.117340218964460799e-16
4.801368275642391382e+03 1.064264406570567293e-16
4.806214341640468774e+03 9.979881150893075504e-17
4.811060407638546167e+03 1.059712663270259497e-16
4.815906473636623559e+03 1.104741133269645115e-16
4.820752539634700952e+03 1.031772355062790341e-16
4.825598605632778344e+03 1.032574852605864786e-16
4.830444671630855737e+03 1.026623188836872245e-16
4.835290737628933130e+03 1.063182388154898929e-16
4.840136803627010522e+03 9.437465736017553136e-17
4.844982869625087915e+03 8.927886744482425798e-17
4.849828935623165307e+03 9.094985830896507939e-17
4.854675001621242700e+03 9.587370053602372981e-17
4.859521067619320092e+03 9.495817703405003878e-17
4.864367133617397485e+03 8.823380084147986239e-17
4.869213199615474878e+03 8.661177245215727978e-17
4.874059265613552270e+03 8.423981550204922186e-17
4.878905331611629663e+03 8.497093728442769154e-17
4.883751397609707055e+03 7.929701429535085605e-17
4.888597463607784448e+03 7.050891511868948155e-17
4.893443529605861841e+03 8.495631934864265444e-17
4.898289595603939233e+03 8.627188062973679050e-17
4.903135661602016626e+03 7.959394566547779129e-17
4.907981727600094018e+03 8.187591859982988065e-17
4.912827793598171411e+03 8.280764822436471060e-17
4.917673859596248803e+03 7.188173053306208798e-17
4.922519925594326196e+03 7.197018591904605854e-17
4.927365991592403589e+03 8.758885804403961734e-17
4.932212057590480981e+03 9.103229843753456434e-17
4.937058123588558374e+03 8.703655285776041098e-17
4.941904189586635766e+03 8.451767539597313450e-17
4.946750255584713159e+03 7.136810431222586119e-17
4.951596321582790551e+03 7.014009182716433757e-17
4.956442387580867944e+03 9.298342559664504433e-17
4.961288453578945337e+03 1.035859487556639352e-16
4.966134519577022729e+03 1.030014761697237667e-16
4.970980585575100122e+03 1.031014657621691767e-16
4.975826651573177514e+03 1.059896165017348260e-16
4.980672717571254907e+03 1.011458718277509104e-16
4.985518783569332300e+03 1.185810656651354201e-16
4.990364849567409692e+03 1.289038032537643749e-16
4.995210915565487085e+03 1.216203654636716590e-16
5.000056981563564477e+03 1.168519670173239736e-16
5.004903047561641870e+03 1.229569040451001399e-16
5.009749113559719262e+03 1.314434462576491826e-16
5.014595179557796655e+03 1.262523254310623979e-16
5.019441245555874048e+03 1.237270025779421082e-16
5.024287311553951440e+03 1.262113237424593694e-16
5.029133377552028833e+03 1.198254761786601949e-16
5.033979443550106225e+03 1.321943012607207173e-16
5.038825509548183618e+03 1.416695823856217447e-16
5.043671575546261010e+03 1.370339695886459716e-16
5.048517641544338403e+03 1.297588300744583877e-16
5.053363707542415796e+03 1.232797559469020368e-16
5.058209773540493188e+03 1.251256127925365683e-16
5.063055839538570581e+03 1.263027371263138296e-16
5.067901905536647973e+03 1.191142993752116038e-16
5.072747971534725366e+03 1.150397135568937963e-16
5.077594037532802759e+03 1.186800626408457664e-16
5.082440103530880151e+03 1.136697965833875757e-16
5.087286169528957544e+03 1.127938056972490190e-16
5.092132235527034936e+03 1.047508506687101131e-16
5.096978301525112329e+03 9.047439489286959909e-17
5.101824367523189721e+03 9.127502631648212478e-17
5.106670433521267114e+03 9.271512129315734427e-17
5.111516499519344507e+03 8.521508791402884319e-17
5.116362565517421899e+03 7.994530551991071575e-17
5.121208631515499292e+03 8.910421322156736150e-17
5.126054697513576684e+03 9.506089963123932397e-17
5.130900763511654077e+03 9.195835691178973073e-17
5.135746829509731469e+03 8.781191225929821658e-17
5.140592895507808862e+03 8.701677993239794340e-17
5.145438961505886255e+03 8.604794629430643485e-17
5.150285027503963647e+03 9.285303546232708547e-17
5.155131093502041040e+03 1.003384509056705494e-16
5.159977159500118432e+03 1.054128201518791496e-16
5.164823225498195825e+03 1.032903144047374832e-16
5.169669291496273217e+03 1.004899705415555628e-16
5.174515357494350610e+03 9.846032739870154947e-17
5.179361423492428003e+03 8.938207311549127413e-17
5.184207489490505395e+03 8.836094842779661338e-17
5.189053555488582788e+03 1.077508626968725334e-16
5.193899621486660180e+03 9.888906503635513435e-17
5.198745687484737573e+03 9.037900442462998393e-17
5.203591753482814966e+03 9.568442837698179623e-17
5.208437819480892358e+03 1.206996141802266329e-16
5.213283885478969751e+03 1.131596974606832750e-16
5.218129951477047143e+03 1.091699208162093043e-16
5.222976017475124536e+03 1.157668251676626089e-16
5.227822083473201928e+03 1.120167059077024018e-16
5.232668149471279321e+03 1.132976711868571200e-16
5.237514215469356714e+03 1.104037037132239978e-16
5.242360281467434106e+03 1.172739614786240262e-16
5.247206347465511499e+03 1.213784846176713529e-16
5.252052413463588891e+03 1.061777769300334883e-16
5.256898479461666284e+03 1.111391930092367475e-16
5.261744545459743676e+03 1.152375486896368788e-16
5.266590611457821069e+03 1.119505976331471638e-16
5.271436677455898462e+03 1.146776334417221846e-16
5.276282743453975854e+03 1.199376021650529829e-16
5.281128809452053247e+03 1.248849495563979402e-16
5.285974875450130639e+03 1.207279897839596519e-16
5.290820941448208032e+03 1.257895807440655329e-16
5.295667007446285425e+03 1.231966937785119120e-16
5.300513073444362817e+03 1.284741854959390336e-16
5.305359139442440210e+03 1.373316487300466548e-16
5.310205205440517602e+03 1.406225437836970227e-16
5.315051271438594995e+03 1.408988221082897339e-16
5.319897337436672387e+03 1.365809790154323320e-16
5.324743403434749780e+03 1.396289476667881267e-16
5.329589469432827173e+03 1.539865399345527420e-16
5.334435535430904565e+03 1.587430005103000622e-16
5.339281601428981958e+03 1.484903681329462015e-16
5.344127667427059350e+03 1.409248683714178036e-16
5.348973733425136743e+03 1.381764185111450101e-16
5.353819799423214135e+03 1.366606530520334396e-16
5.358665865421291528e+03 1.482037136547496251e-16
5.363511931419368921e+03 1.594744663998133539e-16
5.368357997417446313e+03 1.579504820741354566e-16
5.373204063415523706e+03 1.673710766343793782e-16
5.378050129413601098e+03 1.706707464199677085e-16
5.382896195411678491e+03 1.815811660553135376e-16
5.387742261409755884e+03 1.831267232513668179e-16
5.392588327407833276e+03 1.752730205295351443e-16
5.397434393405910669e+03 1.804436802164898174e-16
5.402280459403988061e+03 1.754954593224180041e-16
5.407126525402065454e+03 1.769564323377540620e-16
5.411972591400142846e+03 1.820467694785073858e-16
5.416818657398220239e+03 1.781181115551337332e-16
5.421664723396297632e+03 1.711190783119714495e-16
5.426510789394375024e+03 1.673650018199607887e-16
5.431356855392452417e+03 1.677818611440181121e-16
5.436202921390529809e+03 1.749568522470826759e-16
5.441048987388607202e+03 1.738288425893563631e-16
5.445895053386684594e+03 1.644028217242940937e-16
5.450741119384761987e+03 1.519225059305512240e-16
5.455587185382839380e+03 1.598710763424753792e-16
5.460433251380916772e+03 1.760633419739928091e-16
5.465279317378994165e+03 1.835746713315663343e-16
5.470125383377071557e+03 2.084354192057250705e-16
5.474971449375148950e+03 1.836240507054132999e-16
5.479817515373226342e+03 1.702674528579562548e-16
5.484663581371303735e+03 1.732849150883210938e-16
5.489509647369381128e+03 1.771138216472657517e-16
5.494355713367458520e+03 1.765782321268050169e-16
5.499201779365535913e+03 1.889757636848435796e-16
5.504047845363613305e+03 1.861267418969741387e-16
5.508893911361690698e+03 1.776770588525204589e-16
5.513739977359768091e+03 1.770232817661381475e-16
5.518586043357845483e+03 1.826944585155813069e-16
5.523432109355922876e+03 1.842924126403561462e-16
5.528278175354000268e+03 1.867836424173494503e-16
5.533124241352077661e+03 1.978429148582854218e-16
5.537970307350155053e+03 1.947007799659965905e-16
5.542816373348232446e+03 1.887694582226279541e-16
5.547662439346309839e+03 1.932754352740044166e-16
5.552508505344387231e+03 1.962323611184201748e-16
5.557354571342464624e+03 1.979245608934668559e-16
5.562200637340542016e+03 1.944158460234741244e-16
5.567046703338619409e+03 1.783607732596322894e-16
5.571892769336696801e+03 1.877667167968666718e-16
5.576738835334774194e+03 2.213420572697328702e-16
5.581584901332851587e+03 2.192255601625607889e-16
5.586430967330928979e+03 1.961991415450200452e-16
5.591277033329006372e+03 1.917681401443653891e-16
5.596123099327083764e+03 1.944825895727398031e-16
5.600969165325161157e+03 1.928807179205839126e-16
5.605815231323238550e+03 1.865453349915953732e-16
5.610661297321315942e+03 1.890873735105341345e-16
5.615507363319393335e+03 1.941568392300715203e-16
5.620353429317470727e+03 1.881969168898432504e-16
5.625199495315548120e+03 1.771538571889133182e-16
5.630045561313625512e+03 1.745035837411832184e-16
5.634891627311702905e+03 1.864304826179036105e-16
5.639737693309780298e+03 1.968585699293473189e-16
5.644583759307857690e+03 1.868476595793161542e-16
5.649429825305935083e+03 1.773996290925150738e-16
5.654275891304012475e+03 1.852842220471419277e-16
5.659121957302089868e+03 1.803805894968091728e-16
5.663968023300167260e+03 1.782648732481353416e-16
5.668814089298244653e+03 1.771333298748322023e-16
5.673660155296322046e+03 1.729196188949278759e-16
5.678506221294399438e+03 1.616038939943208641e-16
5.683352287292476831e+03 1.444606485910532702e-16
5.688198353290554223e+03 1.618289930000536944e-16
5.693044419288631616e+03 1.521560090913075930e-16
5.697890485286709009e+03 1.481892082155278952e-16
5.702736551284786401e+03 1.535390021359370519e-16
5.707582617282863794e+03 1.609315483575479624e-16
5.712428683280941186e+03 1.475371384299298933e-16
5.717274749279018579e+03 1.232413350618101738e-16
5.722120815277095971e+03 1.260547947007847349e-16
5.726966881275173364e+03 1.264183306538344399e-16
5.731812947273250757e+03 1.168010921009295122e-16
5.736659013271328149e+03 1.096601212820980293e-16
5.741505079269405542e+03 1.098027735418164743e-16
5.746351145267482934e+03 1.123139747675192587e-16
5.751197211265560327e+03 1.018238555275789736e-16
5.756043277263637719e+03 1.032822675917385673e-16
5.760889343261715112e+03 1.138732036047368154e-16
5.765735409259792505e+03 1.317137159422723087e-16
5.770581475257869897e+03 1.056873316186834476e-16
5.775427541255947290e+03 1.015119952017566813e-16
5.780273607254024682e+03 1.013436474034898891e-16
5.785119673252102075e+03 1.171902110959642572e-16
5.789965739250179467e+03 1.324865673321928535e-16
5.794811805248256860e+03 1.155242031678334553e-16
5.799657871246334253e+03 1.132909213930586873e-16
5.804503937244411645e+03 1.137356930997060001e-16
5.809350003242489038e+03 1.174243495314310670e-16
5.814196069240566430e+03 1.295817340140332347e-16
5.819042135238643823e+03 1.290081868296236666e-16
5.823888201236721216e+03 1.151465191175866432e-16
5.828734267234798608e+03 1.249167397616995781e-16
5.833580333232876001e+03 1.326180824321438845e-16
5.838426399230953393e+03 1.282437925342858639e-16
5.843272465229030786e+03 1.344405135228309142e-16
5.848118531227108178e+03 1.352047225297115050e-16
5.852964597225185571e+03 1.401924892745082534e-16
5.857810663223262964e+03 1.577456589195775261e-16
5.862656729221340356e+03 1.571275498612085013e-16
5.867502795219417749e+03 1.546949903507023583e-16
5.872348861217495141e+03 1.580301958154059667e-16
5.877194927215572534e+03 1.509861242422513958e-16
5.882040993213649926e+03 1.495752849894809518e-16
5.886887059211727319e+03 1.395236508835325765e-16
5.891733125209804712e+03 1.482779878563119866e-16
5.896579191207882104e+03 1.754986754006396103e-16
5.901425257205959497e+03 1.867121210728656653e-16
5.906271323204036889e+03 1.890153095355685147e-16
5.911117389202114282e+03 2.138958700397591210e-16
5.915963455200191675e+03 2.138400188047995406e-16
5.920809521198269067e+03 2.024225837760730085e-16
5.925655587196346460e+03 1.935530106177976110e-16
5.930501653194423852e+03 2.093217333059082890e-16
5.935347719192501245e+03 2.228554007440108854e-16
5.940193785190578637e+03 2.122853427696734757e-16
5.945039851188656030e+03 2.136210740228241048e-16
5.949885917186733423e+03 2.204220868447860941e-16
5.954731983184810815e+03 2.290558936761491774e-16
5.959578049182888208e+03 2.318531405751176992e-16
5.964424115180965600e+03 2.175787163548616155e-16
5.969270181179042993e+03 1.991726904110256691e-16
5.974116247177120385e+03 2.075248058478674942e-16
5.978962313175197778e+03 2.234912313198232463e-16
5.983808379173275171e+03 2.155982342101728537e-16
5.988654445171352563e+03 2.078287186223643770e-16
5.993500511169429956e+03 1.892375895097737643e-16
5.998346577167507348e+03 1.982035920751381436e-16
6.003192643165584741e+03 2.131653967669808929e-16
6.008038709163662134e+03 2.035534918746657071e-16
6.012884775161739526e+03 2.006031173007013688e-16
6.017730841159816919e+03 2.029861518535727369e-16
6.022576907157894311e+03 2.050747498130446296e-16
6.027422973155971704e+03 2.078588015268817055e-16
6.032269039154049096e+03 2.128173985745573839e-16
6.037115105152126489e+03 2.227432482878384957e-16
6.041961171150203882e+03 2.154687175785817508e-16
6.046807237148281274e+03 2.137109124547922640e-16
6.051653303146358667e+03 2.283706175520408468e-16
6.056499369144436059e+03 2.346705309763631123e-16
6.061345435142513452e+03 2.173633317582426079e-16
6.066191501140590844e+03 2.012296966885429366e-16
6.071037567138668237e+03 2.041545411600814383e-16
6.075883633136745630e+03 2.054605203809597600e-16
6.080729699134823022e+03 1.962866771061628568e-16
6.085575765132900415e+03 1.917216592113848094e-16
6.090421831130977807e+03 1.959001918541984806e-16
6.095267897129055200e+03 1.992617082798261757e-16
6.100113963127132592e+03 1.852340088752375087e-16
6.104960029125209985e+03 1.723240753236692977e-16
6.109806095123287378e+03 1.879795073550847130e-16
6.114652161121364770e+03 1.798223153752297838e-16
6.119498227119442163e+03 1.714728866210175309e-16
6.124344293117519555e+03 1.706358063108934686e-16
6.129190359115596948e+03 1.695602994610071216e-16
6.134036425113674341e+03 1.809682053690770428e-16
6.138882491111751733e+03 1.807922342742849619e-16
6.143728557109829126e+03 1.734724931814685188e-16
6.148574623107906518e+03 1.606542244766609841e-16
6.153420689105983911e+03 1.530640284107642030e-16
6.158266755104061303e+03 1.771771505949628115e-16
6.163112821102138696e+03 1.904074081843809573e-16
6.167958887100216089e+03 1.848000897782268916e-16
6.172804953098293481e+03 1.763296808963450832e-16
6.177651019096370874e+03 1.709337501500901688e-16
6.182497085094448266e+03 1.845365698874021983e-16
6.187343151092525659e+03 1.928455131137136558e-16
6.192189217090603051e+03 1.839267591049383054e-16
6.197035283088680444e+03 1.794692349851227491e-16
6.201881349086757837e+03 1.839746561711275760e-16
6.206727415084835229e+03 1.763914348921558420e-16
6.211573481082912622e+03 1.810142098460247920e-16
6.216419547080990014e+03 1.797556644701927111e-16
6.221265613079067407e+03 1.668684022848533535e-16
6.226111679077144800e+03 1.639432137061800298e-16
6.230957745075222192e+03 1.713133267895785021e-16
6.235803811073299585e+03 1.840315661972712243e-16
6.240649877071376977e+03 1.754578590004937937e-16
6.245495943069454370e+03 1.718374019559124988e-16
6.250342009067531762e+03 1.788425497181627744e-16
6.255188075065609155e+03 1.728329038969527169e-16
6.260034141063686548e+03 1.794605131927439899e-16
6.264880207061763940e+03 1.891351514627151974e-16
6.269726273059841333e+03 1.847714891813672581e-16
6.274572339057918725e+03 1.772730109017903568e-16
6.279418405055996118e+03 1.618998128953780345e-16
6.284264471054073510e+03 1.639665468168989256e-16
6.289110537052150903e+03 1.694100172873184876e-16
6.293956603050228296e+03 1.426189872054856077e-16
6.298802669048305688e+03 1.359825370033073679e-16
6.303648735046383081e+03 1.471803258008990193e-16
6.308494801044460473e+03 1.539892266171823143e-16
6.313340867042537866e+03 1.443046092403012671e-16
6.318186933040615259e+03 1.418718776762277131e-16
6.323032999038692651e+03 1.448329592760409378e-16
6.327879065036770044e+03 1.523028898983174091e-16
6.332725131034847436e+03 1.444501268536615957e-16
6.337571197032924829e+03 1.329642806795544780e-16
6.342417263031002221e+03 1.343966663329207033e-16
6.347263329029079614e+03 1.424334340504777125e-16
6.352109395027157007e+03 1.434218023859152734e-16
6.356955461025234399e+03 1.396559336070920566e-16
6.361801527023310882e+03 1.360704696111442050e-16
6.366647593021388275e+03 1.315167410773662813e-16
6.371493659019465667e+03 1.350360835638690941e-16
6.376339725017543060e+03 1.394871093527924339e-16
6.381185791015620453e+03 1.358226330647335171e-16
6.386031857013697845e+03 1.362749751283469151e-16
6.390877923011775238e+03 1.308347604408183619e-16
6.395723989009852630e+03 1.344743948407210862e-16
6.400570055007930023e+03 1.323717678980602941e-16
6.405416121006007415e+03 1.333251564197542125e-16
6.410262187004084808e+03 1.423671934270244661e-16
6.415108253002162201e+03 1.593456512173816960e-16
6.419954319000239593e+03 1.666897577423215012e-16
6.424800384998316986e+03 1.546298085184331797e-16
6.429646450996394378e+03 1.551824181071778056e-16
6.434492516994471771e+03 1.628662113137461869e-16
6.439338582992549163e+03 1.544862761385429784e-16
6.444184648990626556e+03 1.559754262342650426e-16
6.449030714988703949e+03 1.654378298113898444e-16
6.453876780986781341e+03 1.636210235488681753e-16
6.458722846984858734e+03 1.615490353760963473e-16
6.463568912982936126e+03 1.608875555838499422e-16
6.468414978981013519e+03 1.649371671651135487e-16
6.473261044979090912e+03 1.662478580067609725e-16
6.478107110977168304e+03 1.650711836592369400e-16
6.482953176975245697e+03 1.678310949340772683e-16
6.487799242973323089e+03 1.606544230000079968e-16
6.492645308971400482e+03 1.635600768813352682e-16
6.497491374969477874e+03 1.691003076310888332e-16
6.502337440967555267e+03 1.683456674495342558e-16
6.507183506965632660e+03 1.628492574199113000e-16
6.512029572963710052e+03 1.670605596498718720e-16
6.516875638961787445e+03 1.602851298698949227e-16
6.521721704959864837e+03 1.483358375596314951e-16
6.526567770957942230e+03 1.484257951056078620e-16
6.531413836956019622e+03 1.538283962363224040e-16
6.536259902954097015e+03 1.607398012741132701e-16
6.541105968952174408e+03 1.596500272130216085e-16
6.545952034950251800e+03 1.473238184761198181e-16
6.550798100948329193e+03 1.456268012011856282e-16
6.555644166946406585e+03 1.491150814013258497e-16
6.560490232944483978e+03 1.485661511119458597e-16
6.565336298942561370e+03 1.575130292615480130e-16
6.570182364940638763e+03 1.500388899443148719e-16
6.575028430938716156e+03 1.416531314175992901e-16
6.579874496936793548e+03 1.494857377250884112e-16
6.584720562934870941e+03 1.588314360439493315e-16
6.589566628932948333e+03 1.609103592989768040e-16
6.594412694931025726e+03 1.588787640098771655e-16
6.599258760929103119e+03 1.658838058930090344e-16
6.604104826927180511e+03 1.831458609020188448e-16
6.608950892925257904e+03 1.761147727557589061e-16
6.613796958923335296e+03 1.606500422514839160e-16
6.618643024921412689e+03 1.634802043213871479e-16
6.623489090919490081e+03 1.680958324347636397e-16
6.628335156917567474e+03 1.726023653515117379e-16
6.633181222915644867e+03 1.747530878837088133e-16
6.638027288913722259e+03 1.714607899317395555e-16
6.642873354911799652e+03 1.724975582591788191e-16
6.647719420909877044e+03 1.676996857132446441e-16
6.652565486907954437e+03 1.766709689996395619e-16
6.657411552906031829e+03 1.819625426398147863e-16
6.662257618904109222e+03 1.802147563276045418e-16
6.667103684902186615e+03 1.795794419124944140e-16
6.671949750900264007e+03 1.815943480055551827e-16
6.676795816898341400e+03 1.735767047037603994e-16
6.681641882896418792e+03 1.615719846750110185e-16
6.686487948894496185e+03 1.756202775681298058e-16
6.691334014892573578e+03 1.885570514762141374e-16
6.696180080890650970e+03 1.813980745898086003e-16
6.701026146888728363e+03 1.801777780455009713e-16
6.705872212886805755e+03 1.899159570214060521e-16
6.710718278884883148e+03 2.069104952028713129e-16
6.715564344882960540e+03 2.170265699872600193e-16
6.720410410881037933e+03 2.034953907084399824e-16
6.725256476879115326e+03 1.944381468127885540e-16
6.730102542877192718e+03 1.925384769052237727e-16
6.734948608875270111e+03 2.065887417969228864e-16
6.739794674873347503e+03 2.249785947054221960e-16
6.744640740871424896e+03 2.244887714338927951e-16
6.749486806869502288e+03 2.086140240435875202e-16
6.754332872867579681e+03 1.978709728246632205e-16
6.759178938865657074e+03 2.120047234012260862e-16
6.764025004863734466e+03 2.087082696938593620e-16
6.768871070861811859e+03 2.032178550693161906e-16
6.773717136859889251e+03 2.112546889613222041e-16
6.778563202857966644e+03 2.190241780793510790e-16
6.783409268856044037e+03 2.179197132905804756e-16
6.788255334854121429e+03 2.066458503464135474e-16
6.793101400852198822e+03 1.993366839305479822e-16
6.797947466850276214e+03 1.920330099939497690e-16
6.802793532848353607e+03 1.827823249489691397e-16
6.807639598846430999e+03 1.905348734080529287e-16
6.812485664844508392e+03 1.956319603426046852e-16
6.817331730842585785e+03 1.907076813641826068e-16
6.822177796840663177e+03 1.979915691405285515e-16
6.827023862838740570e+03 1.870898051231124773e-16
6.831869928836817962e+03 1.851199241251541951e-16
6.836715994834895355e+03 2.025642368016114894e-16
6.841562060832972747e+03 1.928446396109867998e-16
6.846408126831050140e+03 1.861473353855042589e-16
6.851254192829127533e+03 1.904328721123577897e-16
6.856100258827204925e+03 1.811580730981600146e-16
6.860946324825282318e+03 1.639131837412219047e-16
6.865792390823359710e+03 1.484541045348918768e-16
6.870638456821437103e+03 1.387068067199140114e-16
6.875484522819514495e+03 1.438713915924500950e-16
6.880330588817591888e+03 1.642995101745086707e-16
6.885176654815669281e+03 1.636512652720631140e-16
6.890022720813746673e+03 1.401742648312524851e-16
6.894868786811824066e+03 1.430716733762338278e-16
6.899714852809901458e+03 1.532937728628171311e-16
6.904560918807978851e+03 1.575052868510145167e-16
6.909406984806056244e+03 1.553174933924852648e-16
6.914253050804133636e+03 1.578152347352605863e-16
6.919099116802211029e+03 1.626399608726006828e-16
6.923945182800288421e+03 1.594429276574179321e-16
6.928791248798365814e+03 1.448602231490306856e-16
6.933637314796443206e+03 1.375777382710036308e-16
6.938483380794520599e+03 1.450134699380347097e-16
6.943329446792597992e+03 1.462943028682914194e-16
6.948175512790675384e+03 1.451990760326018082e-16
6.953021578788752777e+03 1.565275990716462405e-16
6.957867644786830169e+03 1.554610654770448687e-16
6.962713710784907562e+03 1.523185203031722111e-16
6.967559776782984954e+03 1.752027300298028382e-16
6.972405842781062347e+03 1.699322792737497680e-16
6.977251908779139740e+03 1.581087184165944006e-16
6.982097974777217132e+03 1.517628137502141867e-16
6.986944040775294525e+03 1.402161664923619712e-16
6.991790106773371917e+03 1.461497249321069510e-16
6.996636172771449310e+03 1.680226831988343504e-16
7.001482238769526703e+03 1.626757744844017787e-16
7.006328304767604095e+03 1.523955076571437465e-16
7.011174370765681488e+03 1.502866073767173522e-16
7.016020436763758880e+03 1.547779201701944747e-16
7.020866502761836273e+03 1.684213048447461046e-16
7.025712568759913665e+03 1.685002112577387631e-16
7.030558634757991058e+03 1.641797476567007931e-16
7.035404700756068451e+03 1.632427968681395285e-16
7.040250766754145843e+03 1.599093648786692337e-16
7.045096832752223236e+03 1.613480106349112603e-16
7.049942898750300628e+03 1.591189904946523656e-16
7.054788964748378021e+03 1.729534605081486454e-16
7.059635030746455413e+03 1.954839148652923945e-16
7.064481096744532806e+03 1.825510320148095124e-16
7.069327162742610199e+03 1.666927488274164929e-16
7.074173228740687591e+03 1.630248579377889572e-16
7.079019294738764984e+03 1.568343176427809032e-16
7.083865360736842376e+03 1.674205751222345513e-16
7.088711426734919769e+03 1.811813532693197070e-16
7.093557492732997162e+03 1.813487084508514356e-16
7.098403558731074554e+03 1.880379790982248615e-16
7.103249624729151947e+03 1.957186091661308400e-16
7.108095690727229339e+03 2.019960232777916632e-16
7.112941756725306732e+03 2.057122876896413000e-16
7.117787822723384124e+03 1.850154346701764966e-16
7.122633888721461517e+03 1.684592228040255354e-16
7.127479954719538910e+03 1.784039719399422587e-16
7.132326020717616302e+03 1.897473312904534421e-16
7.137172086715693695e+03 1.845065002177746706e-16
7.142018152713771087e+03 1.869936668835991142e-16
7.146864218711848480e+03 1.885075000487997608e-16
7.151710284709925872e+03 1.774791178406589696e-16
7.156556350708003265e+03 1.615752669276816289e-16
7.161402416706080658e+03 1.384057791513937136e-16
7.166248482704158050e+03 1.298020287547683570e-16
7.171094548702235443e+03 1.432513502401701463e-16
7.175940614700312835e+03 1.456076767854234022e-16
7.180786680698390228e+03 1.412296811184211441e-16
7.185632746696467620e+03 1.364957463251148680e-16
7.190478812694544104e+03 1.236245380611039396e-16
7.195324878692621496e+03 1.228550748029724120e-16
7.200170944690698889e+03 1.267389590941497943e-16
7.205017010688776281e+03 1.391332083995177465e-16
7.209863076686853674e+03 1.511621747463822818e-16
7.214709142684931066e+03 1.568335897238418565e-16
7.219555208683008459e+03 1.534606780580956308e-16
7.224401274681085852e+03 1.447174319229693317e-16
7.229247340679163244e+03 1.349544507635774609e-16
7.234093406677240637e+03 1.361463981739316725e-16
7.238939472675318029e+03 1.369568101811070252e-16
7.243785538673395422e+03 1.287220882167987258e-16
7.248631604671472815e+03 1.245752134303886841e-16
7.253477670669550207e+03 1.223514740111603279e-16
7.258323736667627600e+03 1.238797332062438993e-16
7.263169802665704992e+03 1.306351518328419657e-16
7.268015868663782385e+03 1.404006476212959977e-16
7.272861934661859777e+03 1.455773821226692601e-16
7.277708000659937170e+03 1.537279301878441634e-16
7.282554066658014563e+03 1.406176336395809079e-16
7.287400132656091955e+03 1.527269490024263940e-16
7.292246198654169348e+03 1.550810256164135057e-16
7.297092264652246740e+03 1.408661319304816383e-16
7.301938330650324133e+03 1.222031770709418211e-16
7.306784396648401525e+03 1.171779026484494682e-16
7.311630462646478918e+03 1.230178242428534453e-16
7.316476528644556311e+03 1.430592193449312295e-16
7.321322594642633703e+03 1.744186951580005765e-16
7.326168660640711096e+03 1.707010146129422489e-16
7.331014726638788488e+03 1.676869405143664271e-16
7.335860792636865881e+03 1.977303918251986084e-16
7.340706858634943274e+03 1.977724655398755056e-16
7.345552924633020666e+03 1.675809952215106353e-16
7.350398990631098059e+03 1.441651399715799262e-16
7.355245056629175451e+03 1.365378200397917652e-16
7.360091122627252844e+03 1.272965714712391409e-16
7.364937188625330236e+03 1.324965199693230915e-16
7.369783254623407629e+03 1.344346239968695366e-16
7.374629320621485022e+03 1.385955410013582786e-16
7.379475386619562414e+03 1.570924641683464520e-16
7.384321452617639807e+03 1.823782372935696351e-16
7.389167518615717199e+03 1.889470836786451410e-16
7.394013584613794592e+03 1.731233170838527343e-16
7.398859650611871984e+03 1.621133578423147241e-16
7.403705716609949377e+03 1.512409355755871309e-16
7.408551782608026770e+03 1.545594386093620686e-16
7.413397848606104162e+03 1.516232253674846381e-16
7.418243914604181555e+03 1.387405027493469716e-16
7.423089980602258947e+03 1.407021516458491260e-16
7.427936046600336340e+03 1.505819042379538827e-16
7.432782112598413732e+03 1.478311250370761398e-16
7.437628178596491125e+03 1.418860522432044218e-16
7.442474244594568518e+03 1.480447890980210370e-16
7.447320310592645910e+03 1.445841433477849870e-16
7.452166376590723303e+03 1.443862288057030994e-16
7.457012442588800695e+03 1.572547636219742565e-16
7.461858508586878088e+03 1.566434043574036644e-16
7.466704574584955481e+03 1.543129784914906689e-16
7.471550640583032873e+03 1.653475546280582572e-16
7.476396706581110266e+03 1.646693327002137787e-16
7.481242772579187658e+03 1.564634098561121255e-16
7.486088838577265051e+03 1.708541025832686629e-16
7.490934904575342443e+03 1.620165181536419160e-16
7.495780970573419836e+03 1.545506241727547035e-16
7.500627036571497229e+03 1.550925929100994472e-16
7.505473102569574621e+03 1.522282318849508230e-16
7.510319168567652014e+03 1.482735276984491007e-16
7.515165234565729406e+03 1.518585020034743209e-16
7.520011300563806799e+03 1.484446283537944693e-16
7.524857366561885101e+03 1.602500309421430727e-16
7.529703432559962494e+03 1.709309575883421898e-16
7.534549498558039886e+03 1.459763081710464339e-16
7.539395564556117279e+03 1.392326421265915209e-16
7.544241630554194671e+03 1.526079938128963682e-16
7.549087696552272064e+03 1.458673850279854512e-16
7.553933762550349456e+03 1.358195228656303177e-16
7.558779828548426849e+03 1.452117021174718177e-16
7.563625894546504242e+03 1.601018266461531718e-16
7.568471960544581634e+03 1.719552321798094524e-16
7.573318026542659027e+03 1.864410440599646875e-16
7.578164092540736419e+03 1.750774220931684052e-16
7.583010158538813812e+03 1.420587410853258923e-16
7.587856224536891204e+03 1.017669256491006240e-16
7.592702290534968597e+03 6.304118148811995110e-17
7.597548356533045990e+03 4.407057499771451143e-17
7.602394422531122473e+03 5.490707777352260197e-17
7.607240488529199865e+03 7.197912608710653167e-17
7.612086554527277258e+03 6.892129744284910490e-17
7.616932620525354650e+03 5.751103572439463267e-17
7.621778686523432043e+03 4.774691967320233911e-17
7.626624752521509436e+03 6.131789295693107706e-17
7.631470818519586828e+03 8.315808163651157566e-17
7.636316884517664221e+03 9.794924227670708558e-17
7.641162950515741613e+03 1.001590916790894513e-16
7.646009016513819006e+03 1.029250182113442653e-16
7.650855082511896399e+03 9.887801390337142590e-17
7.655701148509973791e+03 9.262639459193245631e-17
7.660547214508051184e+03 9.928148613639519110e-17
7.665393280506128576e+03 1.130339395377956131e-16
7.670239346504205969e+03 1.143286029278942095e-16
7.675085412502283361e+03 9.693172409648315602e-17
7.679931478500360754e+03 8.858047554492328650e-17
7.684777544498438147e+03 9.965928930065021075e-17
7.689623610496515539e+03 9.386886619410140685e-17
7.694469676494592932e+03 8.126894008378336936e-17
7.699315742492670324e+03 7.196190749547562784e-17
7.704161808490747717e+03 1.002108268633209679e-16
7.709007874488825109e+03 1.172749673302488907e-16
7.713853940486902502e+03 1.160919005309510484e-16
7.718700006484979895e+03 1.394494163866396175e-16
7.723546072483057287e+03 1.471526384114356443e-16
7.728392138481134680e+03 1.326718557894047317e-16
7.733238204479212072e+03 1.296994318890321799e-16
7.738084270477289465e+03 1.169024184172448078e-16
7.742930336475366857e+03 1.069710232851371406e-16
7.747776402473444250e+03 1.175017736367660304e-16
7.752622468471521643e+03 1.002455485967134938e-16
7.757468534469599035e+03 8.510147961997836016e-17
7.762314600467676428e+03 8.432077332296101179e-17
7.767160666465753820e+03 8.651996202160879413e-17
7.772006732463831213e+03 8.136227914410385301e-17
7.776852798461908606e+03 9.509288174244307423e-17
7.781698864459985998e+03 1.193398218974180613e-16
7.786544930458063391e+03 1.473978412147759634e-16
7.791390996456140783e+03 1.491408364968783008e-16
7.796237062454218176e+03 1.467247808939538159e-16
7.801083128452295568e+03 1.508833156182784051e-16
7.805929194450372961e+03 1.512147966682304552e-16
7.810775260448450354e+03 1.715438918047990828e-16
7.815621326446527746e+03 1.885650188798742482e-16
7.820467392444605139e+03 1.658840970605846531e-16
7.825313458442682531e+03 1.320262049253601412e-16
7.830159524440759924e+03 1.086324651762866499e-16
7.835005590438837316e+03 1.006808308873735982e-16
7.839851656436914709e+03 9.593687728248807985e-17
7.844697722434992102e+03 6.333459237755986065e-17
7.849543788433069494e+03 2.909346746453953111e-17
7.854389854431146887e+03 3.284072798830275496e-17
7.859235920429224279e+03 7.836965880189520652e-17
7.864081986427301672e+03 1.166794766985495158e-16
7.868928052425379065e+03 1.445218864261617960e-16
7.873774118423456457e+03 1.710430571049553761e-16
7.878620184421533850e+03 1.714324805024555406e-16
7.883466250419611242e+03 1.627987530804312624e-16
7.888312316417688635e+03 1.533747703883983236e-16
7.893158382415766027e+03 1.190402501667758568e-16
7.898004448413843420e+03 7.885435355362677861e-17
7.902850514411920813e+03 8.850698881930407552e-17
7.907696580409998205e+03 1.189811696187048694e-16
7.912542646408075598e+03 1.621240251634942079e-16
7.917388712406152990e+03 1.738822850743721891e-16
7.922234778404230383e+03 1.549062191919238995e-16
7.927080844402307775e+03 1.324517463371268212e-16
7.931926910400385168e+03 1.167354205777377022e-16
7.936772976398462561e+03 9.832238014230730615e-17
7.941619042396539953e+03 9.674460922447876074e-17
7.946465108394617346e+03 1.353889521957393153e-16
7.951311174392694738e+03 1.716784112247349064e-16
7.956157240390772131e+03 1.775792133122227863e-16
7.961003306388849524e+03 1.621122461115714528e-16
7.965849372386926916e+03 1.329468106250173581e-16
7.970695438385004309e+03 1.137142922828980282e-16
7.975541504383081701e+03 9.161217851671383844e-17
7.980387570381159094e+03 8.963712929428832490e-17
7.985233636379236486e+03 9.884664721454341509e-17
7.990079702377313879e+03 1.239970605043284207e-16
7.994925768375391272e+03 1.437593185456165104e-16
7.999771834373468664e+03 1.395162525801339022e-16
8.004617900371546057e+03 1.288658985293747450e-16
8.009463966369623449e+03 1.114323855229949430e-16
8.014310032367700842e+03 9.243834666019710121e-17
8.019156098365778234e+03 9.307018029928960587e-17
8.024002164363855627e+03 9.965860770382546706e-17
8.028848230361933020e+03 1.114677094438734075e-16
8.033694296360010412e+03 1.113451808340971527e-16
8.038540362358087805e+03 1.095806987084031378e-16
8.043386428356165197e+03 1.008730147221717185e-16
8.048232494354242590e+03 9.536309187006209646e-17
8.053078560352319982e+03 8.270603735791869668e-17
8.057924626350397375e+03 7.950678729869430387e-17
8.062770692348474768e+03 7.993748370003841432e-17
8.067616758346552160e+03 8.872126830262471223e-17
8.072462824344629553e+03 1.204112524012457470e-16
8.077308890342706945e+03 1.454330424145012070e-16
8.082154956340784338e+03 1.449211962863431943e-16
8.087001022338861731e+03 1.331687067874183831e-16
8.091847088336939123e+03 1.203674449160049387e-16
8.096693154335016516e+03 9.465827443116281307e-17
8.101539220333093908e+03 1.040654421957037739e-16
8.106385286331171301e+03 1.135578161807825970e-16
8.111231352329248693e+03 9.955779093076750404e-17
8.116077418327326086e+03 9.652234910260821242e-17
8.120923484325403479e+03 1.115319515989667259e-16
8.125769550323480871e+03 1.195066609182475568e-16
8.130615616321558264e+03 1.124798344065034914e-16
8.135461682319635656e+03 1.076062185862390608e-16
8.140307748317713049e+03 1.065851468381036034e-16
8.145153814315790441e+03 9.873407785934229866e-17
8.149999880313867834e+03 8.526768336609741490e-17
