3651.14086914  1.409773E-17
3656.65808105406  2.333009E-17
3662.17529296812  7.686194E-18
3667.69250488218  1.809070E-17
3673.20971679624  1.952984E-17
3678.7269287103  1.967310E-17
3684.24414062436  2.504361E-17
3689.76135253842  2.868154E-17
3695.27856445248  3.213389E-17
3700.79577636654  1.953872E-17
3706.3129882806  5.237853E-17
3711.83020019466  3.588707E-17
3717.34741210872  4.509118E-17
3722.86462402278  3.411376E-17
3728.38183593684  3.529839E-17
3733.8990478509  2.563303E-17
3739.41625976496  3.493349E-17
3744.93347167902  3.433946E-17
3750.45068359308  5.526301E-17
3755.96789550714  8.133234E-17
3761.4851074212  8.085079E-17
3767.00231933526  3.355143E-17
3772.51953124932  3.815561E-17
3778.03674316338  3.581846E-17
3783.55395507744  3.565010E-17
3789.0711669915  3.160204E-17
3794.58837890556  5.163905E-17
3800.10559081962  4.697165E-17
3805.62280273368  1.931230E-17
3811.14001464774  3.033819E-17
3816.6572265618  2.833153E-17
3822.17443847586  3.355482E-17
3827.69165038992  3.246770E-17
3833.20886230398  4.140467E-17
3838.72607421804  8.471697E-18
3844.2432861321  2.660650E-17
3849.76049804616  1.880614E-17
3855.27770996022  2.462142E-17
3860.79492187428  2.978562E-17
3866.31213378834  1.973192E-17
3871.8293457024  3.010176E-17
3877.34655761646  3.001054E-17
3882.86376953052  4.711908E-17
3888.38098144458  3.659785E-17
3893.89819335864  4.198629E-17
3899.4154052727  3.806934E-17
3904.93261718676  4.963741E-17
3910.44982910082  5.498572E-17
3915.96704101488  4.326707E-17
3921.48425292894  4.845641E-17
3927.001464843  4.395190E-17
3932.51867675706  5.442568E-17
3938.03588867112  4.933244E-17
3943.55310058518  7.780798E-17
3949.07031249924  5.809831E-17
3954.5875244133  7.405715E-17
3960.10473632736  5.425847E-17
3965.62194824142  5.884673E-17
3971.13916015548  6.728689E-17
3976.65637206954  6.322493E-17
3982.1735839836  7.348557E-17
3987.69079589766  7.173060E-17
3993.20800781172  6.125771E-17
3998.72521972578  6.901455E-17
4004.24243163984  6.394072E-17
4009.7596435539  6.830824E-17
4015.27685546796  7.405976E-17
4020.79406738202  7.780238E-17
4026.31127929608  7.428603E-17
4031.82849121014  6.302961E-17
4037.3457031242  5.880223E-17
4042.86291503826  6.286025E-17
4048.38012695232  6.459481E-17
4053.89733886638  7.682363E-17
4059.41455078044  7.147179E-17
4064.9317626945  7.149812E-17
4070.44897460856  7.615559E-17
4075.96618652262  7.959661E-17
4081.48339843668  7.442061E-17
4087.00061035074  7.653909E-17
4092.5178222648  7.822527E-17
4098.03503417886  8.518054E-17
4103.55224609292  8.408208E-17
4109.06945800698  6.617164E-17
4114.58666992104  7.689583E-17
4120.1038818351  7.392276E-17
4125.62109374916  7.539894E-17
4131.13830566322  8.212746E-17
4136.65551757728  7.222082E-17
4142.17272949134  6.947848E-17
4147.6899414054  7.178820E-17
4153.20715331946  7.572318E-17
4158.72436523352  7.696536E-17
4164.24157714758  6.132282E-17
4169.75878906164  6.740281E-17
4175.2760009757  7.016389E-17
4180.79321288976  5.167359E-17
4186.31042480382  6.977006E-17
4191.82763671788  6.606069E-17
4197.34484863194  5.543252E-17
4202.862060546  5.119256E-17
4208.37927246006  5.293894E-17
4213.89648437412  5.088191E-17
4219.41369628818  6.113402E-17
4224.93090820224  5.032539E-17
4230.4481201163  4.443347E-17
4235.96533203036  4.849154E-17
4241.48254394442  4.439799E-17
4246.99975585848  3.430708E-17
4252.51696777254  4.045811E-17
4258.0341796866  4.433331E-17
4263.55139160066  4.381554E-17
4269.06860351472  4.317797E-17
4274.58581542878  5.206990E-17
4280.10302734284  4.375619E-17
4285.6202392569  4.841811E-17
4291.13745117096  5.492292E-17
4296.65466308502  5.833080E-17
4302.17187499908  5.936666E-17
4307.68908691314  7.132267E-17
4313.2062988272  7.549101E-17
4318.72351074126  6.598698E-17
4324.24072265532  6.131233E-17
4329.75793456938  7.194474E-17
4335.27514648344  6.761200E-17
4340.7923583975  6.789968E-17
4346.30957031156  6.826919E-17
4351.82678222562  5.722747E-17
4357.34399413968  7.450980E-17
4362.86120605374  6.958475E-17
4368.3784179678  6.391641E-17
4373.89562988186  8.472427E-17
4379.41284179592  8.470258E-17
4384.93005370998  8.521234E-17
4390.44726562404  7.589972E-17
4395.9644775381  7.603491E-17
4401.48168945216  6.783363E-17
4406.99890136622  6.784909E-17
4412.51611328028  6.990259E-17
4418.03332519434  7.377817E-17
4423.5505371084  7.853601E-17
4429.06774902246  6.871229E-17
4434.58496093652  7.108405E-17
4440.10217285058  6.604456E-17
4445.61938476464  6.814790E-17
4451.1365966787  5.431211E-17
4456.65380859276  5.872230E-17
4462.17102050682  7.140686E-17
4467.68823242088  6.680493E-17
4473.20544433494  7.960309E-17
4478.722656249  7.378591E-17
4484.23986816306  7.166218E-17
4489.75708007712  7.111846E-17
4495.27429199118  8.676667E-17
4500.79150390524  8.841358E-17
4506.3087158193  8.191658E-17
4511.82592773336  8.910892E-17
4517.34313964742  9.597781E-17
4522.86035156148  9.499987E-17
4528.37756347554  1.074742E-16
4533.8947753896  1.139814E-16
4539.41198730366  1.218015E-16
4544.92919921772  1.203174E-16
4550.44641113178  1.374292E-16
4555.96362304584  1.323161E-16
4561.4808349599  1.342921E-16
4566.99804687396  1.462055E-16
4572.51525878802  1.520524E-16
4578.03247070208  1.433174E-16
4583.54968261614  1.532843E-16
4589.0668945302  1.699310E-16
4594.58410644426  1.500548E-16
4600.10131835832  1.641405E-16
4605.61853027238  1.707212E-16
4611.13574218644  1.677520E-16
4616.6529541005  1.655709E-16
4622.17016601456  1.826712E-16
4627.68737792862  1.749697E-16
4633.20458984268  1.834548E-16
4638.72180175674  1.835107E-16
4644.2390136708  1.799224E-16
4649.75622558486  1.755900E-16
4655.27343749892  1.739604E-16
4660.79064941298  1.782632E-16
4666.30786132704  1.716714E-16
4671.8250732411  1.696927E-16
4677.34228515517  1.671347E-16
4682.85949706922  1.596380E-16
4688.37670898328  1.550743E-16
4693.89392089734  1.369647E-16
4699.4111328114  1.335496E-16
4704.92834472546  1.412887E-16
4710.44555663952  1.270022E-16
4715.96276855358  1.259381E-16
4721.47998046764  1.305094E-16
4726.9971923817  1.115737E-16
4732.51440429576  1.061430E-16
4738.03161620982  1.193407E-16
4743.54882812388  1.047862E-16
4749.06604003794  1.042347E-16
4754.583251952  1.054161E-16
4760.10046386606  1.105871E-16
4765.61767578012  9.996060E-17
4771.13488769418  1.053221E-16
4776.65209960824  1.020983E-16
4782.1693115223  9.647945E-17
4787.68652343636  1.042829E-16
4793.20373535042  1.190188E-16
4798.72094726448  1.243811E-16
4804.23815917854  1.335603E-16
4809.7553710926  1.398425E-16
4815.27258300666  1.521404E-16
4820.78979492072  1.624992E-16
4826.30700683478  1.656656E-16
4831.82421874884  1.728037E-16
4837.3414306629  1.780920E-16
4842.85864257696  1.628355E-16
4848.37585449102  1.674039E-16
4853.89306640508  1.879773E-16
4859.41027831914  1.785246E-16
4864.9274902332  1.880431E-16
4870.44470214726  1.843270E-16
4875.96191406132  1.924841E-16
4881.47912597538  1.992474E-16
4886.99633788944  2.083543E-16
4892.5135498035  2.065518E-16
4898.03076171756  2.202286E-16
4903.54797363162  2.262091E-16
4909.06518554568  2.282597E-16
4914.58239745974  2.156043E-16
4920.0996093738  1.972221E-16
4925.61682128786  1.895215E-16
4931.13403320192  1.792228E-16
4936.65124511598  1.782001E-16
4942.16845703004  1.810855E-16
4947.6856689441  1.800018E-16
4953.20288085816  1.891201E-16
4958.72009277222  1.881845E-16
4964.23730468628  2.002731E-16
4969.75451660034  2.098656E-16
4975.2717285144  2.137445E-16
4980.78894042846  2.216814E-16
4986.30615234252  2.260808E-16
4991.82336425659  2.235247E-16
4997.34057617064  2.355925E-16
5002.8577880847  2.260934E-16
5008.37499999876  2.245333E-16
5013.89221191282  2.345585E-16
5019.40942382688  2.097119E-16
5024.92663574094  2.077902E-16
5030.443847655  2.015275E-16
5035.96105956907  2.019519E-16
5041.47827148312  1.959448E-16
5046.99548339718  1.984260E-16
5052.51269531124  2.028984E-16
5058.0299072253  1.953309E-16
5063.54711913937  1.771235E-16
5069.06433105342  1.665242E-16
5074.58154296748  1.687561E-16
5080.09875488155  1.594762E-16
5085.61596679561  1.515477E-16
5091.13317870966  1.421538E-16
5096.65039062372  1.597346E-16
5102.16760253778  1.557119E-16
5107.68481445185  1.453332E-16
5113.2020263659  1.444253E-16
5118.71923827996  1.568139E-16
5124.23645019402  1.582415E-16
5129.75366210809  1.613508E-16
5135.27087402214  1.678434E-16
5140.7880859362  1.723822E-16
5146.30529785026  1.814556E-16
5151.82250976432  1.803965E-16
5157.33972167839  1.899172E-16
5162.85693359244  1.847659E-16
5168.3741455065  1.895486E-16
5173.89135742056  1.901558E-16
5179.40856933463  1.855208E-16
5184.92578124869  2.081566E-16
5190.44299316274  2.156019E-16
5195.96020507681  2.205551E-16
5201.47741699086  2.178437E-16
5206.99462890492  1.972320E-16
5212.51184081899  2.038519E-16
5218.02905273304  2.211467E-16
5223.54626464711  2.253672E-16
5229.06347656117  2.193807E-16
5234.58068847522  2.163210E-16
5240.09790038929  2.200927E-16
5245.61511230334  2.134375E-16
5251.1323242174  2.255897E-16
5256.64953613147  2.345761E-16
5262.16674804553  2.283812E-16
5267.68395995958  2.310802E-16
5273.20117187365  2.346690E-16
5278.7183837877  2.410279E-16
5284.23559570176  2.422844E-16
5289.75280761583  2.399609E-16
5295.27001952988  2.479663E-16
5300.78723144394  2.496497E-16
5306.304443358  2.598732E-16
5311.82165527206  2.535365E-16
5317.33886718613  2.596474E-16
5322.85607910019  2.577450E-16
5328.37329101424  2.595393E-16
5333.8905029283  2.558367E-16
5339.40771484236  2.710673E-16
5344.92492675643  2.703260E-16
5350.44213867049  2.788844E-16
5355.95935058454  2.736700E-16
5361.47656249861  2.809635E-16
5366.99377441267  2.870339E-16
5372.51098632672  2.929162E-16
5378.02819824079  2.914766E-16
5383.54541015485  2.894703E-16
5389.0626220689  2.931124E-16
5394.57983398297  2.877565E-16
5400.09704589702  2.944464E-16
5405.61425781109  3.042560E-16
5411.13146972515  2.883839E-16
5416.64868163921  2.960920E-16
5422.16589355327  2.812496E-16
5427.68310546733  2.788128E-16
5433.20031738138  2.892331E-16
5438.71752929544  2.912617E-16
5444.2347412095  2.913911E-16
5449.75195312357  2.919638E-16
5455.26916503763  3.038594E-16
5460.78637695169  2.930984E-16
5466.30358886575  3.096533E-16
5471.8208007798  3.155087E-16
5477.33801269387  3.227866E-16
5482.85522460792  3.210151E-16
5488.37243652198  3.410654E-16
5493.88964843605  3.305459E-16
5499.4068603501  3.387209E-16
5504.92407226417  3.334838E-16
5510.44128417823  3.396664E-16
5515.95849609229  3.443077E-16
5521.47570800634  3.529553E-16
5526.99291992041  3.394527E-16
5532.51013183447  3.296212E-16
5538.02734374852  3.312474E-16
5543.54455566259  3.382921E-16
5549.06176757664  3.386520E-16
5554.57897949071  3.368748E-16
5560.09619140477  3.395808E-16
5565.61340331882  3.146327E-16
5571.13061523288  3.122139E-16
5576.64782714695  3.162478E-16
5582.16503906101  3.055921E-16
5587.68225097507  2.986516E-16
5593.19946288912  3.056860E-16
5598.71667480319  3.154244E-16
5604.23388671725  3.078047E-16
5609.75109863131  3.267752E-16
5615.26831054537  3.166510E-16
5620.78552245943  3.321448E-16
5626.30273437349  3.226972E-16
5631.81994628754  3.249128E-16
5637.33715820161  3.303821E-16
5642.85437011567  3.194308E-16
5648.37158202973  3.204865E-16
5653.88879394379  3.209747E-16
5659.40600585784  3.173938E-16
5664.9232177719  3.132115E-16
5670.44042968597  3.167380E-16
5675.95764160003  3.180863E-16
5681.47485351409  2.972868E-16
5686.99206542815  3.060913E-16
5692.50927734221  3.016907E-16
5698.02648925627  3.008560E-16
5703.54370117033  2.824948E-16
5709.06091308438  2.838885E-16
5714.57812499845  2.862882E-16
5720.09533691251  3.017766E-16
5725.61254882656  3.005523E-16
5731.12976074063  2.994812E-16
5736.64697265468  2.967384E-16
5742.16418456875  2.855265E-16
5747.68139648281  2.768587E-16
5753.19860839687  2.693960E-16
5758.71582031092  2.826497E-16
5764.23303222499  2.748648E-16
5769.75024413905  2.739444E-16
5775.26745605311  2.740557E-16
5780.78466796717  2.785654E-16
5786.30187988122  2.748202E-16
5791.81909179529  2.676725E-16
5797.33630370935  2.795437E-16
5802.8535156234  2.757997E-16
5808.37072753747  2.825343E-16
5813.88793945153  2.862638E-16
5819.40515136559  2.964584E-16
5824.92236327965  2.963839E-16
5830.4395751937  2.949380E-16
5835.95678710777  3.108675E-16
5841.47399902183  3.163589E-16
5846.99121093589  3.025388E-16
5852.50842284995  3.369584E-16
5858.02563476401  3.353316E-16
5863.54284667807  3.378262E-16
5869.06005859213  3.408616E-16
5874.57727050619  3.422866E-16
5880.09448242025  3.508998E-16
5885.61169433431  3.455463E-16
5891.12890624836  3.481573E-16
5896.64611816243  3.426213E-16
5902.16333007649  3.520203E-16
5907.68054199055  3.527228E-16
5913.19775390461  3.576345E-16
5918.71496581866  3.729164E-16
5924.23217773273  3.813720E-16
5929.74938964679  3.701113E-16
5935.26660156085  3.543499E-16
5940.78381347491  3.372524E-16
5946.30102538897  3.335211E-16
5951.81823730303  3.501651E-16
5957.33544921709  3.522182E-16
5962.85266113115  3.522485E-16
5968.36987304521  3.591204E-16
5973.88708495927  3.570830E-16
5979.40429687333  3.563344E-16
5984.92150878739  3.593176E-16
5990.43872070145  3.671794E-16
5995.9559326155  3.682889E-16
6001.47314452957  3.573165E-16
6006.99035644363  3.535887E-16
6012.50756835769  3.504178E-16
6018.02478027175  3.473597E-16
6023.54199218581  3.519025E-16
6029.05920409987  3.434259E-16
6034.57641601393  3.442146E-16
6040.09362792799  3.455744E-16
6045.61083984205  3.438000E-16
6051.12805175611  3.443514E-16
6056.64526367016  3.457889E-16
6062.16247558423  3.393781E-16
6067.67968749829  3.453979E-16
6073.19689941235  3.521533E-16
6078.71411132641  3.469597E-16
6084.23132324046  3.515463E-16
6089.74853515453  3.526356E-16
6095.26574706859  3.543923E-16
6100.78295898265  3.485404E-16
6106.30017089671  3.512432E-16
6111.81738281077  3.492301E-16
6117.33459472483  3.570551E-16
6122.85180663889  3.543035E-16
6128.36901855295  3.470783E-16
6133.88623046701  3.439862E-16
6139.40344238107  3.467155E-16
6144.92065429513  3.382217E-16
6150.43786620919  3.479295E-16
6155.95507812325  3.419813E-16
6161.47229003731  3.508004E-16
6166.98950195137  3.475502E-16
6172.50671386543  3.456594E-16
6178.02392577949  3.563789E-16
6183.54113769355  3.625213E-16
6189.05834960761  3.573652E-16
6194.57556152167  3.621828E-16
6200.09277343573  3.621407E-16
6205.60998534979  3.758543E-16
6211.12719726385  3.752410E-16
6216.64440917791  3.723022E-16
6222.16162109197  3.786825E-16
6227.67883300603  3.717325E-16
6233.19604492009  3.707271E-16
6238.71325683415  3.648438E-16
6244.23046874821  3.625024E-16
6249.74768066227  3.735501E-16
6255.26489257633  3.578605E-16
6260.78210449039  3.524237E-16
6266.29931640445  3.632255E-16
6271.81652831851  3.547751E-16
6277.33374023257  3.428300E-16
6282.85095214663  3.367411E-16
6288.36816406069  3.356572E-16
6293.88537597475  3.346758E-16
6299.40258788881  3.285243E-16
6304.91979980287  3.240926E-16
6310.43701171693  3.053734E-16
6315.95422363099  2.977960E-16
6321.47143554505  2.873273E-16
6326.98864745911  2.708515E-16
6332.50585937317  2.583438E-16
6338.02307128723  2.542849E-16
6343.54028320129  2.452878E-16
6349.05749511535  2.453068E-16
6354.57470702941  2.400324E-16
6360.09191894347  2.310737E-16
6365.60913085753  2.321300E-16
6371.12634277159  2.250739E-16
6376.64355468564  2.141881E-16
6382.16076659971  2.133976E-16
6387.67797851377  2.156819E-16
6393.19519042783  2.143619E-16
6398.71240234189  2.192000E-16
6404.22961425595  2.114543E-16
6409.74682617001  2.174394E-16
6415.26403808407  2.322970E-16
6420.78124999813  2.517799E-16
6426.29846191219  2.502189E-16
6431.81567382625  2.639655E-16
6437.33288574031  2.762023E-16
6442.85009765437  2.900226E-16
6448.36730956843  3.146793E-16
6453.88452148249  3.297845E-16
6459.40173339655  3.536930E-16
6464.91894531061  3.818213E-16
6470.43615722467  4.038603E-16
6475.95336913873  4.430962E-16
6481.47058105279  4.739923E-16
6486.98779296685  4.992869E-16
6492.50500488091  5.313968E-16
6498.02221679497  5.574983E-16
6503.53942870903  5.702849E-16
6509.05664062309  5.804479E-16
6514.57385253715  6.016062E-16
6520.09106445121  6.134966E-16
6525.60827636527  6.161301E-16
6531.12548827933  6.250826E-16
6536.64270019339  6.399789E-16
6542.15991210745  6.453431E-16
6547.67712402151  6.601873E-16
6553.19433593557  6.705815E-16
6558.71154784963  6.811222E-16
6564.22875976369  6.683213E-16
6569.74597167775  6.642638E-16
6575.26318359181  6.700012E-16
6580.78039550587  6.609980E-16
6586.29760741993  6.495684E-16
6591.81481933399  6.700144E-16
6597.33203124805  6.765036E-16
6602.84924316211  6.724195E-16
6608.36645507617  6.955030E-16
6613.88366699022  7.876610E-16
6619.40087890429  8.098928E-16
6624.91809081835  7.788800E-16
6630.43530273241  7.129825E-16
6635.95251464647  6.716609E-16
6641.46972656053  6.653278E-16
6646.98693847459  6.419860E-16
6652.50415038865  6.033600E-16
6658.02136230271  5.991213E-16
6663.53857421677  5.882048E-16
6669.05578613083  5.746594E-16
6674.57299804489  5.632962E-16
6680.09020995895  5.595874E-16
6685.60742187301  5.501717E-16
6691.12463378707  5.460987E-16
6696.64184570113  5.391327E-16
6702.15905761519  5.261190E-16
6707.67626952924  5.154375E-16
6713.19348144331  5.120625E-16
6718.71069335737  5.146549E-16
6724.22790527143  5.057187E-16
6729.74511718549  5.045690E-16
6735.26232909955  4.939500E-16
6740.77954101361  4.868518E-16
6746.29675292767  4.835657E-16
6751.81396484173  4.832383E-16
6757.33117675579  4.714033E-16
6762.84838866985  4.628498E-16
6768.36560058391  4.804070E-16
6773.88281249797  4.912890E-16
6779.40002441203  4.769893E-16
6784.91723632609  4.804588E-16
6790.43444824015  4.706160E-16
6795.95166015421  4.694042E-16
6801.46887206827  4.591473E-16
6806.98608398233  4.476201E-16
6812.50329589639  4.383836E-16
6818.02050781045  4.373660E-16
6823.53771972451  4.398145E-16
6829.05493163857  4.370200E-16
6834.57214355263  4.268520E-16
6840.08935546669  4.227326E-16
6845.60656738075  4.112830E-16
6851.12377929481  4.148183E-16
6856.64099120887  4.173638E-16
6862.15820312293  3.937810E-16
6867.67541503699  3.759467E-16
6873.19262695105  3.736503E-16
6878.70983886511  3.892859E-16
6884.22705077917  3.937063E-16
6889.74426269323  3.804940E-16
6895.26147460729  3.738194E-16
6900.77868652135  3.680005E-16
6906.29589843541  3.733531E-16
6911.81311034947  3.769081E-16
6917.33032226353  3.838358E-16
6922.84753417759  3.861224E-16
6928.36474609165  3.862824E-16
6933.88195800571  3.897364E-16
6939.39916991977  4.000358E-16
6944.91638183383  3.959322E-16
6950.43359374789  3.944900E-16
6955.95080566195  4.033017E-16
6961.46801757601  4.245255E-16
6966.98522949007  4.204198E-16
6972.50244140413  4.080730E-16
6978.01965331819  4.106644E-16
6983.53686523225  4.057167E-16
6989.05407714631  4.159539E-16
6994.57128906037  4.114437E-16
7000.08850097443  4.172030E-16
7005.60571288849  4.217988E-16
7011.12292480255  4.202936E-16
7016.64013671661  4.240358E-16
7022.15734863067  4.235457E-16
7027.67456054473  4.228005E-16
7033.19177245879  4.267231E-16
7038.70898437285  4.296187E-16
7044.22619628691  4.264199E-16
7049.74340820097  4.192772E-16
7055.26062011503  4.202470E-16
7060.77783202909  4.206508E-16
7066.29504394315  4.221649E-16
7071.81225585721  4.173431E-16
7077.32946777127  4.076117E-16
7082.84667968533  4.155659E-16
7088.36389159939  4.074761E-16
7093.88110351345  4.067405E-16
7099.39831542751  4.006416E-16
7104.91552734157  3.983063E-16
7110.43273925563  4.048844E-16
7115.94995116969  3.962820E-16
7121.46716308375  3.974702E-16
7126.98437499781  4.018957E-16
7132.50158691187  4.045083E-16
7138.01879882593  3.970378E-16
7143.53601073999  4.036068E-16
7149.05322265405  4.072497E-16
7154.57043456811  4.147206E-16
7160.08764648217  4.170822E-16
7165.60485839623  4.077448E-16
7171.12207031029  4.080367E-16
7176.63928222435  4.134743E-16
7182.15649413841  4.161078E-16
7187.67370605247  4.191696E-16
7193.19091796653  4.204186E-16
7198.70812988059  4.202486E-16
7204.22534179465  4.207650E-16
7209.74255370871  4.149754E-16
7215.25976562277  4.116075E-16
7220.77697753683  4.205609E-16
7226.29418945089  4.200054E-16
7231.81140136495  4.218138E-16
7237.32861327901  4.170178E-16
7242.84582519307  4.119680E-16
7248.36303710713  4.149533E-16
7253.88024902119  4.120417E-16
7259.39746093525  4.148709E-16
7264.91467284931  4.198928E-16
7270.43188476337  4.285761E-16
7275.94909667743  4.306321E-16
7281.46630859149  4.269195E-16
7286.98352050555  4.482221E-16
7292.50073241961  4.375770E-16
7298.01794433367  4.403863E-16
7303.53515624773  4.372982E-16
7309.05236816179  4.377047E-16
7314.56958007585  4.323469E-16
7320.08679198991  4.419381E-16
7325.60400390397  4.408973E-16
7331.12121581803  4.499084E-16
7336.63842773209  4.574902E-16
7342.15563964615  4.397715E-16
7347.67285156021  4.343549E-16
7353.19006347427  4.376011E-16
7358.70727538833  4.411196E-16
7364.22448730239  4.455955E-16
7369.74169921645  4.409945E-16
7375.25891113051  4.379847E-16
7380.77612304457  4.416353E-16
7386.29333495863  4.415966E-16
7391.81054687269  4.473459E-16
7397.32775878675  4.422142E-16
7402.84497070081  4.300932E-16
7408.36218261487  4.338458E-16
7413.87939452893  4.185407E-16
7419.39660644299  4.369626E-16
7424.91381835705  4.463435E-16
7430.43103027111  4.355357E-16
7435.94824218517  4.353903E-16
7441.46545409923  4.401767E-16
7446.98266601329  4.364294E-16
7452.49987792735  4.464989E-16
7458.01708984141  4.435863E-16
7463.53430175547  4.377179E-16
7469.05151366953  4.333137E-16
7474.56872558359  4.378207E-16
7480.08593749765  4.407993E-16
7485.60314941171  4.391947E-16
7491.12036132577  4.419527E-16
7496.63757323983  4.397050E-16
7502.15478515389  4.317208E-16
7507.67199706795  4.374565E-16
7513.18920898201  4.505745E-16
7518.70642089607  4.490824E-16
7524.22363281013  4.469833E-16
7529.74084472419  4.451989E-16
7535.25805663825  4.387200E-16
7540.77526855231  4.294035E-16
7546.29248046637  4.261956E-16
7551.80969238043  4.286129E-16
7557.32690429449  4.250631E-16
7562.84411620855  4.136342E-16
7568.36132812261  4.218227E-16
7573.87854003667  4.140646E-16
7579.39575195073  4.275878E-16
7584.91296386479  4.414283E-16
7590.43017577885  4.427238E-16
7595.94738769291  4.017429E-16
7601.46459960697  3.289075E-16
7606.98181152103  3.287884E-16
7612.49902343509  3.683665E-16
7618.01623534915  3.718880E-16
7623.53344726321  3.702781E-16
7629.05065917727  3.468503E-16
7634.56787109133  3.186445E-16
7640.08508300539  3.353976E-16
7645.60229491945  3.353414E-16
7651.11950683351  3.308076E-16
7656.63671874757  3.327797E-16
7662.15393066163  3.322672E-16
7667.67114257569  3.362140E-16
7673.18835448975  3.361799E-16
7678.70556640381  3.522871E-16
7684.22277831787  3.638638E-16
7689.73999023193  3.724168E-16
7695.25720214599  3.760367E-16
7700.77441406005  3.779699E-16
7706.29162597411  3.918909E-16
7711.80883788817  3.980255E-16
7717.32604980223  4.164263E-16
7722.84326171629  4.183852E-16
7728.36047363035  4.101120E-16
7733.87768554441  4.209196E-16
7739.39489745847  4.176880E-16
7744.91210937253  4.287831E-16
7750.42932128659  4.336000E-16
7755.94653320065  4.353050E-16
7761.46374511471  4.365535E-16
7766.98095702877  4.220700E-16
7772.49816894283  4.360751E-16
7778.01538085689  4.515613E-16
7783.53259277095  4.347438E-16
7789.04980468501  4.363991E-16
7794.56701659907  4.491274E-16
7800.08422851313  4.423001E-16
7805.60144042719  4.467118E-16
7811.11865234125  4.514834E-16
7816.63586425531  4.561502E-16
7822.15307616937  4.522010E-16
7827.67028808343  4.547715E-16
7833.18749999749  4.514505E-16
7838.70471191155  4.441770E-16
7844.22192382561  4.378357E-16
7849.73913573967  4.494550E-16
7855.25634765373  4.548645E-16
7860.77355956779  4.740718E-16
7866.29077148185  4.678625E-16
7871.80798339591  4.594913E-16
7877.32519530997  4.564992E-16
7882.84240722403  4.609630E-16
7888.35961913809  4.601479E-16
7893.87683105215  4.620003E-16
7899.39404296621  4.632030E-16
7904.91125488027  4.630454E-16
7910.42846679433  4.574764E-16
7915.94567870839  4.490520E-16
7921.46289062245  4.538992E-16
7926.98010253651  4.517931E-16
7932.49731445057  4.441442E-16
7938.01452636463  4.515792E-16
7943.53173827869  4.457598E-16
7949.04895019275  4.481170E-16
7954.56616210681  4.554199E-16
7960.08337402087  4.419162E-16
7965.60058593493  4.549308E-16
7971.11779784899  4.681343E-16
7976.63500976305  4.457122E-16
7982.15222167711  4.494543E-16
7987.66943359117  4.355889E-16
7993.18664550523  4.451359E-16
7998.70385741929  4.448049E-16
8004.22106933335  4.384943E-16
8009.73828124741  4.447875E-16
8015.25549316147  4.556805E-16
8020.77270507553  4.455654E-16
8026.28991698959  4.369104E-16
8031.80712890365  4.413278E-16
8037.32434081771  4.395652E-16
8042.84155273177  4.356720E-16
8048.35876464583  4.303278E-16
8053.87597655989  4.367189E-16
8059.39318847395  4.369194E-16
8064.91040038801  4.279100E-16
8070.42761230207  4.368892E-16
8075.94482421613  4.249925E-16
8081.46203613019  4.324929E-16
8086.97924804425  4.382512E-16
8092.49645995831  4.317545E-16
8098.01367187237  4.222951E-16
8103.53088378643  4.161462E-16
8109.04809570049  4.256427E-16
8114.56530761455  4.409854E-16
8120.08251952861  4.177733E-16
8125.59973144267  4.174023E-16
8131.11694335673  4.084884E-16
8136.63415527079  4.079617E-16
8142.15136718485  4.159053E-16
8147.66857909891  4.030440E-16
8153.18579101297  4.007549E-16
8158.70300292703  4.091855E-16
8164.22021484109  4.018106E-16
8169.73742675515  4.037388E-16
8175.25463866921  4.129924E-16
8180.77185058327  4.109069E-16
8186.28906249733  4.103635E-16
8191.80627441139  4.021198E-16
8197.32348632545  3.923505E-16
8202.84069823951  3.937486E-16
8208.35791015357  3.921000E-16
8213.87512206763  3.955972E-16
8219.39233398169  3.933859E-16
8224.90954589575  3.746285E-16
8230.42675780981  3.679880E-16
8235.94396972387  3.633944E-16
8241.46118163793  3.684190E-16
8246.97839355199  3.492568E-16
8252.49560546605  3.448576E-16
8258.01281738011  3.401612E-16
8263.53002929417  3.347892E-16
8269.04724120823  3.136395E-16
8274.56445312229  3.103461E-16
8280.08166503635  2.813912E-16
8285.59887695041  2.698660E-16
8291.11608886447  2.741369E-16
8296.63330077853  2.672192E-16
8302.15051269259  2.498191E-16
8307.66772460665  2.339242E-16
8313.18493652071  2.331060E-16
8318.70214843477  2.235239E-16
8324.21936034883  2.065179E-16
8329.73657226289  2.058894E-16
8335.25378417695  2.017181E-16
8340.77099609101  1.862992E-16
8346.28820800507  1.915267E-16
8351.80541991913  1.963877E-16
8357.32263183319  1.898779E-16
8362.83984374725  1.981679E-16
8368.35705566131  1.969341E-16
8373.87426757537  2.040103E-16
8379.39147948943  2.125445E-16
8384.90869140349  2.213609E-16
8390.42590331755  2.656833E-16
8395.94311523161  2.608435E-16
8401.46032714567  2.583925E-16
8406.97753905973  2.450226E-16
8412.49475097379  2.643037E-16
8418.01196288785  2.574709E-16
8423.52917480191  2.711789E-16
8429.04638671597  2.749524E-16
8434.56359863003  2.885216E-16
8440.08081054409  2.900685E-16
8445.59802245815  3.051990E-16
8451.11523437221  3.106909E-16
8456.63244628627  2.978294E-16
8462.14965820033  3.029949E-16
8467.66687011439  3.149888E-16
8473.18408202845  3.265634E-16
8478.70129394251  3.348687E-16
8484.21850585657  3.309001E-16
8489.73571777063  3.372762E-16
8495.25292968469  3.419737E-16
8500.77014159875  3.452452E-16
8506.28735351281  3.561550E-16
8511.80456542687  3.494563E-16
8517.32177734093  3.809195E-16
8522.83898925499  4.038784E-16
8528.35620116905  4.144960E-16
8533.87341308311  4.298445E-16
8539.39062499717  4.374095E-16
8544.90783691123  4.768929E-16
8550.42504882529  4.966830E-16
8555.94226073935  5.188984E-16
8561.45947265341  5.382625E-16
8566.97668456747  5.283474E-16
8572.49389648153  5.482960E-16
8578.01110839559  5.870062E-16
8583.52832030965  5.841299E-16
8589.04553222371  6.063505E-16
8594.56274413777  6.287088E-16
8600.07995605183  6.196532E-16
8605.59716796589  6.413948E-16
8611.11437987995  6.613184E-16
8616.63159179401  6.527951E-16
8622.14880370807  6.737369E-16
8627.66601562213  6.877629E-16
8633.18322753619  6.991047E-16
8638.70043945025  7.002434E-16
8644.21765136431  6.848476E-16
8649.73486327837  7.065356E-16
8655.25207519243  7.075827E-16
8660.76928710649  7.143917E-16
8666.28649902055  7.363752E-16
8671.80371093461  7.330566E-16
8677.32092284867  7.175995E-16
8682.83813476273  7.085260E-16
8688.35534667679  7.097367E-16
8693.87255859085  7.019914E-16
8699.38977050491  7.134598E-16
8704.90698241897  7.240934E-16
8710.42419433303  7.164976E-16
8715.94140624709  7.093212E-16
8721.45861816115  7.287047E-16
8726.97583007521  6.974944E-16
8732.49304198927  7.107758E-16
8738.01025390333  6.845753E-16
8743.52746581739  7.157999E-16
8749.04467773145  7.275906E-16
8754.56188964551  7.054938E-16
8760.07910155957  6.772981E-16
8765.59631347363  6.995021E-16
8771.11352538769  6.808579E-16
8776.63073730175  6.554087E-16
8782.14794921581  6.456567E-16
8787.66516112987  6.292243E-16
8793.18237304393  6.180944E-16
8798.69958495799  5.987637E-16
8804.21679687205  5.749168E-16
8809.73400878611  5.907628E-16
8815.25122070017  5.896972E-16
8820.76843261423  5.743608E-16
8826.28564452829  5.725980E-16
8831.80285644235  5.732853E-16
8837.32006835641  5.596441E-16
8842.83728027047  5.409292E-16
8848.35449218453  5.346945E-16
8853.87170409859  5.469686E-16
8859.38891601265  5.495606E-16
8864.90612792671  5.364510E-16
8870.42333984077  5.364070E-16
8875.94055175483  5.119857E-16
8881.45776366889  5.145684E-16
8886.97497558295  5.099787E-16
8892.49218749701  5.115253E-16
8898.00939941107  5.090559E-16
8903.52661132513  5.254139E-16
8909.04382323919  4.892505E-16
8914.56103515325  5.217655E-16
8920.07824706731  4.992267E-16
8925.59545898137  4.750002E-16
8931.11267089543  4.773229E-16
8936.62988280949  4.792800E-16
8942.14709472355  5.024827E-16
8947.66430663761  4.788886E-16
8953.18151855167  4.783835E-16
8958.69873046573  4.740384E-16
8964.21594237979  4.528945E-16
8969.73315429385  4.620635E-16
8975.25036620791  4.806541E-16
8980.76757812197  4.704193E-16
8986.28479003603  4.698500E-16
8991.80200195009  4.764141E-16
8997.31921386415  4.763398E-16
9002.83642577821  4.786437E-16
9008.35363769227  4.526503E-16
9013.87084960633  4.605655E-16
9019.38806152039  4.649039E-16
9024.90527343445  4.751428E-16
9030.42248534851  4.773282E-16
9035.93969726257  4.868178E-16
9041.45690917663  4.788863E-16
9046.97412109069  4.591492E-16
9052.49133300475  4.488374E-16
9058.00854491881  4.501518E-16
9063.52575683287  4.513469E-16
9069.04296874693  4.625060E-16
9074.56018066099  4.320792E-16
9080.07739257505  4.250785E-16
9085.59460448911  4.242945E-16
9091.11181640317  4.391067E-16
9096.62902831723  4.243506E-16
9102.14624023129  4.084708E-16
9107.66345214535  4.258422E-16
9113.18066405941  3.989784E-16
9118.69787597347  3.950469E-16
9124.21508788753  3.883272E-16
9129.73229980159  4.094566E-16
9135.24951171565  4.135487E-16
9140.76672362971  4.187862E-16
9146.28393554377  4.280176E-16
9151.80114745783  4.445548E-16
9157.31835937189  4.465538E-16
9162.83557128595  4.180223E-16
9168.35278320001  4.147711E-16
9173.86999511407  4.388577E-16
9179.38720702813  4.549255E-16
9184.90441894219  4.454507E-16
9190.42163085625  4.523484E-16
9195.93884277031  4.593925E-16
9201.45605468437  4.549093E-16
9206.97326659843  4.598139E-16
9212.49047851249  4.677484E-16
9218.00769042655  4.802558E-16
9223.52490234061  4.775917E-16
9229.04211425467  4.685745E-16
9234.55932616873  4.744554E-16
9240.07653808279  4.471427E-16
9245.59374999685  4.576574E-16
