3244.9094238281  -1.409295E-16
3249.59057393203  8.691268E-16
3254.27172403596  3.899886E-16
3258.95287413989  -1.450235E-16
3263.63402424381  2.024390E-17
3268.31517434774  -5.765534E-16
3272.99632445167  -7.057460E-16
3277.6774745556  -6.673990E-16
3282.35862465953  -1.199183E-16
3287.03977476345  3.531286E-16
3291.72092486738  3.553751E-16
3296.40207497131  7.946481E-16
3301.08322507524  9.163972E-16
3305.76437517916  8.394280E-16
3310.44552528309  8.934030E-17
3315.12667538702  -4.497203E-16
3319.80782549095  -2.321312E-16
3324.48897559488  4.001859E-16
3329.1701256988  5.296900E-16
3333.85127580273  1.935549E-16
3338.53242590666  -4.866144E-16
3343.21357601059  -2.617498E-16
3347.89472611452  -1.562668E-17
3352.57587621844  -5.903648E-16
3357.25702632237  2.973315E-16
3361.9381764263  3.323632E-17
3366.61932653023  4.791515E-17
3371.30047663415  -5.245691E-17
3375.98162673808  -2.999396E-16
3380.66277684201  3.051836E-16
3385.34392694594  2.429161E-16
3390.02507704987  5.794649E-16
3394.70622715379  1.072146E-16
3399.38737725772  3.107499E-16
3404.06852736165  -5.050323E-17
3408.74967746558  5.419709E-16
3413.4308275695  6.992657E-16
3418.11197767343  1.090851E-15
3422.79312777736  1.183172E-15
3427.47427788129  1.086050E-15
3432.15542798522  1.094556E-15
3436.83657808914  1.243240E-15
3441.51772819307  1.155426E-15
3446.198878297  1.014127E-15
3450.88002840093  7.698614E-16
3455.56117850486  7.422868E-16
3460.24232860878  7.754518E-16
3464.92347871271  8.562526E-16
3469.60462881664  6.910373E-16
3474.28577892057  7.314775E-16
3478.96692902449  6.374118E-16
3483.64807912842  5.387206E-16
3488.32922923235  4.500408E-16
3493.01037933628  4.305236E-16
3497.6915294402  4.875893E-16
3502.37267954413  5.508523E-16
3507.05382964806  5.594722E-16
3511.73497975199  3.981783E-16
3516.41612985592  2.513484E-16
3521.09727995984  2.153085E-16
3525.77843006377  2.862367E-16
3530.4595801677  2.816608E-16
3535.14073027163  2.129463E-16
3539.82188037556  2.588279E-16
3544.50303047948  2.648956E-16
3549.18418058341  2.730510E-16
3553.86533068734  2.686058E-16
3558.54648079127  3.002277E-16
3563.22763089519  2.954577E-16
3567.90878099912  2.798631E-16
3572.58993110305  3.196018E-16
3577.27108120698  3.395376E-16
3581.95223131091  3.334435E-16
3586.63338141483  3.862623E-16
3591.31453151876  4.952238E-16
3595.99568162269  4.351640E-16
3600.67683172662  4.033827E-16
3605.35798183054  4.381215E-16
3610.03913193447  4.804891E-16
3614.7202820384  3.771725E-16
3619.40143214233  4.341791E-16
3624.08258224626  4.356543E-16
3628.76373235018  4.194788E-16
3633.44488245411  3.804506E-16
3638.12603255804  4.267370E-16
3642.80718266197  4.464568E-16
3647.48833276589  4.257993E-16
3652.16948286982  4.208022E-16
3656.85063297375  4.549380E-16
3661.53178307768  4.669731E-16
3666.21293318161  4.650327E-16
3670.89408328553  4.242783E-16
3675.57523338946  4.292483E-16
3680.25638349339  5.033299E-16
3684.93753359732  4.745151E-16
3689.61868370125  4.393959E-16
3694.29983380517  4.810305E-16
3698.9809839091  5.238564E-16
3703.66213401303  4.699699E-16
3708.34328411696  4.495050E-16
3713.02443422089  5.103804E-16
3717.70558432481  5.011445E-16
3722.38673442874  4.980572E-16
3727.06788453267  4.410374E-16
3731.7490346366  3.663169E-16
3736.43018474052  2.859886E-16
3741.11133484445  2.574443E-16
3745.79248494838  2.504359E-16
3750.47363505231  2.181741E-16
3755.15478515624  1.856196E-16
3759.83593526016  1.493319E-16
3764.51708536409  9.881920E-17
3769.19823546802  7.667662E-17
3773.87938557195  7.073707E-17
3778.56053567587  7.747532E-17
3783.2416857798  7.201223E-17
3787.92283588373  2.617238E-17
3792.60398598766  3.251246E-17
3797.28513609159  9.354984E-18
3801.96628619551  6.792036E-17
3806.64743629944  3.000473E-17
3811.32858640337  6.377719E-17
3816.0097365073  7.208730E-17
3820.69088661122  2.517559E-17
3825.37203671515  3.423963E-17
3830.05318681908  5.443536E-17
3834.73433692301  6.607812E-17
3839.41548702693  7.817252E-17
3844.09663713086  9.753692E-17
3848.77778723479  1.235125E-16
3853.45893733872  8.596944E-17
3858.14008744265  8.848023E-17
3862.82123754657  1.330571E-16
3867.5023876505  1.209006E-16
3872.18353775443  1.345752E-16
3876.86468785836  1.724565E-16
3881.54583796229  1.788507E-16
3886.22698806621  2.184281E-16
3890.90813817014  3.034869E-16
3895.58928827407  3.530384E-16
3900.270438378  4.548516E-16
3904.95158848192  5.302347E-16
3909.63273858585  6.432508E-16
3914.31388868978  7.461468E-16
3918.99503879371  8.451056E-16
3923.67618889764  8.641205E-16
3928.35733900156  8.606837E-16
3933.03848910549  8.729160E-16
3937.71963920942  8.461080E-16
3942.40078931335  7.556915E-16
3947.08193941728  7.523503E-16
3951.7630895212  7.440073E-16
3956.44423962513  7.494683E-16
3961.12538972906  8.009716E-16
3965.80653983299  8.349673E-16
3970.48768993691  9.271867E-16
3975.16884004084  9.680016E-16
3979.84999014477  9.620012E-16
3984.5311402487  9.923175E-16
3989.21229035262  9.986119E-16
3993.89344045655  1.103337E-15
3998.57459056048  1.159332E-15
4003.25574066441  1.154454E-15
4007.93689076834  1.238852E-15
4012.61804087226  1.335853E-15
4017.29919097619  1.359932E-15
4021.98034108012  1.394968E-15
4026.66149118405  1.422730E-15
4031.34264128798  1.402995E-15
4036.0237913919  1.374498E-15
4040.70494149583  1.337700E-15
4045.38609159976  1.356403E-15
4050.06724170369  1.308714E-15
4054.74839180761  1.240043E-15
4059.42954191154  1.182341E-15
4064.11069201547  1.176050E-15
4068.7918421194  1.219792E-15
4073.47299222332  1.216675E-15
4078.15414232725  1.173768E-15
4082.83529243118  1.207135E-15
4087.51644253511  1.252674E-15
4092.19759263904  1.280638E-15
4096.87874274296  1.311724E-15
4101.55989284689  1.323326E-15
4106.24104295082  1.319424E-15
4110.92219305475  1.336452E-15
4115.60334315868  1.285212E-15
4120.2844932626  1.259086E-15
4124.96564336653  1.315568E-15
4129.64679347046  1.390985E-15
4134.32794357439  1.459606E-15
4139.00909367831  1.479224E-15
4143.69024378224  1.411965E-15
4148.37139388617  1.419662E-15
4153.0525439901  1.429906E-15
4157.73369409403  1.404725E-15
4162.41484419795  1.434137E-15
4167.09599430188  1.416132E-15
4171.77714440581  1.394264E-15
4176.45829450974  1.345741E-15
4181.13944461367  1.325064E-15
4185.82059471759  1.303309E-15
4190.50174482152  1.289472E-15
4195.18289492545  1.338705E-15
4199.86404502938  1.349619E-15
4204.5451951333  1.339201E-15
4209.22634523723  1.310199E-15
4213.90749534116  1.322991E-15
4218.58864544509  1.348192E-15
4223.26979554901  1.362383E-15
4227.95094565294  1.337833E-15
4232.63209575687  1.288743E-15
4237.3132458608  1.306819E-15
4241.99439596473  1.314143E-15
4246.67554606865  1.265971E-15
4251.35669617258  1.206938E-15
4256.03784627651  1.213310E-15
4260.71899638044  1.245683E-15
4265.40014648437  1.228281E-15
4270.08129658829  1.241706E-15
4274.76244669222  1.204844E-15
4279.44359679615  1.169426E-15
4284.12474690008  1.189931E-15
4288.80589700401  1.181278E-15
4293.48704710793  1.222355E-15
4298.16819721186  1.233817E-15
4302.84934731579  1.163505E-15
4307.53049741971  1.108829E-15
4312.21164752364  1.102211E-15
4316.89279762757  1.065515E-15
4321.5739477315  1.111512E-15
4326.25509783543  1.112604E-15
4330.93624793936  1.126556E-15
4335.61739804328  1.149404E-15
4340.29854814721  1.148997E-15
4344.97969825114  1.091381E-15
4349.66084835507  1.076785E-15
4354.34199845899  9.886807E-16
4359.02314856292  9.513220E-16
4363.70429866685  9.211634E-16
4368.38544877078  8.259500E-16
4373.06659887471  7.155767E-16
4377.74774897863  7.069142E-16
4382.42889908256  6.559479E-16
4387.11004918649  6.062756E-16
4391.79119929042  5.974223E-16
4396.47234939434  6.216816E-16
4401.15349949827  7.122950E-16
4405.8346496022  8.246336E-16
4410.51579970613  9.211516E-16
4415.19694981005  9.735802E-16
4419.87809991398  1.021534E-15
4424.55925001791  1.100432E-15
4429.24040012184  1.076471E-15
4433.92155022577  1.130860E-15
4438.60270032969  1.181557E-15
4443.28385043362  1.248517E-15
4447.96500053755  1.351235E-15
4452.64615064148  1.426731E-15
4457.32730074541  1.447548E-15
4462.00845084933  1.456434E-15
4466.68960095326  1.464309E-15
4471.37075105719  1.498369E-15
4476.05190116112  1.486211E-15
4480.73305126504  1.490348E-15
4485.41420136897  1.446953E-15
4490.0953514729  1.426025E-15
4494.77650157683  1.410739E-15
4499.45765168075  1.423383E-15
4504.13880178468  1.426313E-15
4508.81995188861  1.391671E-15
4513.50110199254  1.373123E-15
4518.18225209647  1.412761E-15
4522.8634022004  1.495710E-15
4527.54455230432  1.507290E-15
4532.22570240825  1.581355E-15
4536.90685251218  1.654652E-15
4541.58800261611  1.655258E-15
4546.26915272003  1.717514E-15
4550.95030282396  1.724615E-15
4555.63145292789  1.737514E-15
4560.31260303182  1.786722E-15
4564.99375313574  1.853328E-15
4569.67490323967  1.884804E-15
4574.3560533436  1.982414E-15
4579.03720344753  2.029900E-15
4583.71835355146  2.018447E-15
4588.39950365538  1.971022E-15
4593.08065375931  1.951628E-15
4597.76180386324  1.884878E-15
4602.44295396717  1.871373E-15
4607.12410407109  1.863975E-15
4611.80525417502  1.847005E-15
4616.48640427895  1.834173E-15
4621.16755438288  1.770247E-15
4625.84870448681  1.737279E-15
4630.52985459074  1.647658E-15
4635.21100469466  1.614984E-15
4639.89215479859  1.635330E-15
4644.57330490252  1.731427E-15
4649.25445500645  1.761346E-15
4653.93560511037  1.745429E-15
4658.6167552143  1.783868E-15
4663.29790531823  1.747131E-15
4667.97905542216  1.733567E-15
4672.66020552608  1.797242E-15
4677.34135563001  1.854158E-15
4682.02250573394  1.995959E-15
4686.70365583787  2.087097E-15
4691.3848059418  2.127289E-15
4696.06595604572  2.194231E-15
4700.74710614965  2.228395E-15
4705.42825625358  2.284836E-15
4710.10940635751  2.288421E-15
4714.79055646144  2.286547E-15
4719.47170656536  2.305835E-15
4724.15285666929  2.315124E-15
4728.83400677322  2.320859E-15
4733.51515687715  2.297035E-15
4738.19630698107  2.188788E-15
4742.877457085  2.151432E-15
4747.55860718893  2.147004E-15
4752.23975729286  2.115984E-15
4756.92090739679  2.095634E-15
4761.60205750071  2.086178E-15
4766.28320760464  2.070829E-15
4770.96435770857  2.069515E-15
4775.6455078125  2.080569E-15
4780.32665791642  2.078046E-15
4785.00780802035  2.073124E-15
4789.68895812428  2.025621E-15
4794.37010822821  2.048490E-15
4799.05125833214  1.999573E-15
4803.73240843606  1.937889E-15
4808.41355853999  1.818061E-15
4813.09470864392  1.763300E-15
4817.77585874785  1.641964E-15
4822.45700885177  1.547002E-15
4827.1381589557  1.465389E-15
4831.81930905963  1.380567E-15
4836.50045916356  1.319896E-15
4841.18160926749  1.289345E-15
4845.86275937141  1.238089E-15
4850.54390947534  1.216988E-15
4855.22505957927  1.154245E-15
4859.9062096832  1.086074E-15
4864.58735978713  1.049590E-15
4869.26850989105  9.581387E-16
4873.94965999498  8.927618E-16
4878.63081009891  8.499043E-16
4883.31196020284  7.632836E-16
4887.99311030676  7.391041E-16
4892.67426041069  7.651244E-16
4897.35541051462  7.750081E-16
4902.03656061855  7.897474E-16
4906.71771072248  8.328070E-16
4911.3988608264  9.079799E-16
4916.08001093033  9.660998E-16
4920.76116103426  1.044387E-15
4925.44231113819  1.171507E-15
4930.12346124211  1.244250E-15
4934.80461134604  1.327902E-15
4939.48576144997  1.430918E-15
4944.1669115539  1.555961E-15
4948.84806165783  1.700859E-15
4953.52921176175  1.815005E-15
4958.21036186568  1.954961E-15
4962.89151196961  2.089053E-15
4967.57266207354  2.235331E-15
4972.25381217746  2.335663E-15
4976.93496228139  2.509683E-15
4981.61611238532  2.686099E-15
4986.29726248925  2.805793E-15
4990.97841259318  2.983752E-15
4995.6595626971  3.047773E-15
5000.34071280103  3.045689E-15
5005.02186290496  3.074488E-15
5009.70301300889  3.081461E-15
5014.38416311282  3.133755E-15
5019.06531321674  3.109353E-15
5023.74646332067  3.091344E-15
5028.4276134246  3.159144E-15
5033.10876352853  3.221576E-15
5037.78991363245  3.211900E-15
5042.47106373638  3.141389E-15
5047.15221384031  3.081153E-15
5051.83336394424  2.960721E-15
5056.51451404817  2.909968E-15
5061.19566415209  2.874683E-15
5065.87681425602  2.767023E-15
5070.55796435995  2.707438E-15
5075.23911446388  2.655448E-15
5079.9202645678  2.533132E-15
5084.60141467173  2.443244E-15
5089.28256477566  2.366782E-15
5093.96371487959  2.377908E-15
5098.64486498352  2.374213E-15
5103.32601508744  2.349453E-15
5108.00716519137  2.299748E-15
5112.6883152953  2.267394E-15
5117.36946539923  2.241664E-15
5122.05061550315  2.228342E-15
5126.73176560708  2.208672E-15
5131.41291571101  2.226054E-15
5136.09406581494  2.266587E-15
5140.77521591886  2.354824E-15
5145.45636602279  2.448698E-15
5150.13751612672  2.461536E-15
5154.81866623065  2.514146E-15
5159.49981633458  2.479118E-15
5164.18096643851  2.480220E-15
5168.86211654243  2.577522E-15
5173.54326664636  2.606890E-15
5178.22441675029  2.589425E-15
5182.90556685422  2.603495E-15
5187.58671695814  2.607315E-15
5192.26786706207  2.600436E-15
5196.949017166  2.560236E-15
5201.63016726993  2.506085E-15
5206.31131737386  2.517765E-15
5210.99246747778  2.518422E-15
5215.67361758171  2.521907E-15
5220.35476768564  2.575669E-15
5225.03591778957  2.606634E-15
5229.71706789349  2.580268E-15
5234.39821799742  2.517805E-15
5239.07936810135  2.487368E-15
5243.76051820528  2.447438E-15
5248.44166830921  2.416278E-15
5253.12281841313  2.417576E-15
5257.80396851706  2.467118E-15
5262.48511862099  2.486581E-15
5267.16626872492  2.589059E-15
5271.84741882884  2.615925E-15
5276.52856893277  2.626948E-15
5281.2097190367  2.593057E-15
5285.89086914063  2.616574E-15
5290.57201924456  2.585959E-15
5295.25316934848  2.572292E-15
5299.93431945241  2.644176E-15
5304.61546955634  2.672195E-15
5309.29661966027  2.652911E-15
5313.9777697642  2.759581E-15
5318.65891986812  2.860146E-15
5323.34006997205  2.863964E-15
5328.02122007598  2.883949E-15
5332.70237017991  2.843595E-15
5337.38352028383  2.799599E-15
5342.06467038776  2.765900E-15
5346.74582049169  2.790707E-15
5351.42697059562  2.780324E-15
5356.10812069954  2.838983E-15
5360.78927080347  2.827938E-15
5365.4704209074  2.900555E-15
5370.15157101133  2.995801E-15
5374.83272111526  3.043526E-15
5379.51387121918  3.049462E-15
5384.19502132311  3.083442E-15
5388.87617142704  3.137954E-15
5393.55732153097  3.168985E-15
5398.2384716349  3.205840E-15
5402.91962173882  3.205151E-15
5407.60077184275  3.169377E-15
5412.28192194668  3.154095E-15
5416.9630720506  3.159090E-15
5421.64422215453  3.107256E-15
5426.32537225846  3.062933E-15
5431.00652236239  3.090928E-15
5435.68767246632  3.065593E-15
5440.36882257024  3.061338E-15
5445.04997267417  3.019185E-15
5449.7311227781  2.883035E-15
5454.41227288203  2.849524E-15
5459.09342298596  2.874218E-15
5463.77457308988  2.894476E-15
5468.45572319381  2.902225E-15
5473.13687329774  3.022983E-15
5477.81802340167  3.120012E-15
5482.4991735056  3.240007E-15
5487.18032360952  3.366838E-15
5491.86147371345  3.386411E-15
5496.54262381738  3.491046E-15
5501.22377392131  3.586634E-15
5505.90492402523  3.626914E-15
5510.58607412916  3.684860E-15
5515.26722423309  3.749466E-15
5519.94837433702  3.833517E-15
5524.62952444095  3.869937E-15
5529.31067454487  3.901055E-15
5533.9918246488  3.890881E-15
5538.67297475273  3.921924E-15
5543.35412485666  3.958742E-15
5548.03527496058  3.926972E-15
5552.71642506451  3.857082E-15
5557.39757516844  3.776213E-15
5562.07872527237  3.667234E-15
5566.7598753763  3.563080E-15
5571.44102548022  3.418380E-15
5576.12217558415  3.312325E-15
5580.80332568808  3.271176E-15
5585.48447579201  3.219639E-15
5590.16562589594  3.144069E-15
5594.84677599986  3.124966E-15
5599.52792610379  3.099423E-15
5604.20907620772  3.024479E-15
5608.89022631165  2.973118E-15
5613.57137641557  2.982594E-15
5618.2525265195  3.012796E-15
5622.93367662343  3.001165E-15
5627.61482672736  2.997907E-15
5632.29597683129  2.985175E-15
5636.97712693521  3.018051E-15
5641.65827703914  3.006705E-15
5646.33942714307  3.010852E-15
5651.020577247  3.026417E-15
5655.70172735093  3.020109E-15
5660.38287745485  3.010344E-15
5665.06402755878  2.933784E-15
5669.74517766271  2.871970E-15
5674.42632776664  2.819410E-15
5679.10747787056  2.716889E-15
5683.78862797449  2.584935E-15
5688.46977807842  2.436076E-15
5693.15092818235  2.265884E-15
5697.83207828627  2.052929E-15
5702.5132283902  1.903703E-15
5707.19437849413  1.709009E-15
5711.87552859806  1.533985E-15
5716.55667870199  1.351882E-15
5721.23782880591  1.160235E-15
5725.91897890984  1.047391E-15
5730.60012901377  9.760575E-16
5735.2812791177  9.108699E-16
5739.96242922163  9.052342E-16
5744.64357932555  9.247237E-16
5749.32472942948  9.373597E-16
5754.00587953341  9.628750E-16
5758.68702963734  1.000369E-15
5763.36817974126  1.078528E-15
5768.04932984519  1.161829E-15
5772.73047994912  1.274797E-15
5777.41163005305  1.441408E-15
5782.09278015697  1.599034E-15
5786.7739302609  1.751522E-15
5791.45508036483  1.927612E-15
5796.13623046876  2.151430E-15
5800.81738057269  2.369500E-15
5805.49853067661  2.560055E-15
5810.17968078054  2.772580E-15
5814.86083088447  2.974618E-15
5819.5419809884  3.186334E-15
5824.22313109233  3.368566E-15
5828.90428119625  3.569934E-15
5833.58543130018  3.740482E-15
5838.26658140411  3.928022E-15
5842.94773150804  4.068316E-15
5847.62888161196  4.222243E-15
5852.31003171589  4.337453E-15
5856.99118181982  4.464836E-15
5861.67233192375  4.608557E-15
5866.35348202768  4.781109E-15
5871.0346321316  4.872016E-15
5875.71578223553  4.995626E-15
5880.39693233946  5.057214E-15
5885.07808244339  5.080309E-15
5889.75923254731  5.067162E-15
5894.44038265124  4.879512E-15
5899.12153275517  4.641806E-15
5903.8026828591  4.458152E-15
5908.48383296303  4.410569E-15
5913.16498306695  4.475548E-15
5917.84613317088  4.627911E-15
5922.52728327481  4.677819E-15
5927.20843337874  4.626142E-15
5931.88958348266  4.580527E-15
5936.57073358659  4.485288E-15
5941.25188369052  4.422953E-15
5945.93303379445  4.406244E-15
5950.61418389838  4.325867E-15
5955.2953340023  4.198063E-15
5959.97648410623  4.072797E-15
5964.65763421016  4.021762E-15
5969.33878431409  3.972993E-15
5974.01993441802  3.918128E-15
5978.70108452194  3.937378E-15
5983.38223462587  3.828327E-15
5988.0633847298  3.710007E-15
5992.74453483373  3.645006E-15
5997.42568493766  3.553138E-15
6002.10683504158  3.419856E-15
6006.78798514551  3.407441E-15
6011.46913524944  3.372068E-15
6016.15028535337  3.370396E-15
6020.83143545729  3.365134E-15
6025.51258556122  3.291296E-15
6030.19373566515  3.254351E-15
6034.87488576908  3.281585E-15
6039.556035873  3.249450E-15
6044.23718597693  3.184895E-15
6048.91833608086  3.114686E-15
6053.59948618479  3.048533E-15
6058.28063628872  2.971882E-15
6062.96178639264  2.922013E-15
6067.64293649657  2.879616E-15
6072.3240866005  2.885532E-15
6077.00523670443  2.873943E-15
6081.68638680836  2.889767E-15
6086.36753691228  2.913200E-15
6091.04868701621  2.974725E-15
6095.72983712014  3.034364E-15
6100.41098722407  3.029330E-15
6105.09213732799  3.026937E-15
6109.77328743192  3.085701E-15
6114.45443753585  3.102568E-15
6119.13558763978  3.076620E-15
6123.8167377437  3.077905E-15
6128.49788784763  3.085503E-15
6133.17903795156  3.135777E-15
6137.86018805549  3.151185E-15
6142.54133815942  3.066631E-15
6147.22248826334  2.983973E-15
6151.90363836727  2.926557E-15
6156.5847884712  2.866657E-15
6161.26593857513  2.856772E-15
6165.94708867906  2.846551E-15
6170.62823878298  2.868008E-15
6175.30938888691  2.898324E-15
6179.99053899084  2.892556E-15
6184.67168909477  2.927889E-15
6189.35283919869  2.951896E-15
6194.03398930262  2.922456E-15
6198.71513940655  2.992273E-15
6203.39628951048  3.006199E-15
6208.07743961441  3.055951E-15
6212.75858971833  3.086861E-15
6217.43973982226  3.084276E-15
6222.12088992619  3.153566E-15
6226.80204003012  3.157281E-15
6231.48319013404  3.213423E-15
6236.16434023797  3.239062E-15
6240.8454903419  3.213649E-15
6245.52664044583  3.200369E-15
6250.20779054976  3.211285E-15
6254.88894065369  3.164892E-15
6259.57009075761  3.127558E-15
6264.25124086154  3.183324E-15
6268.93239096547  3.146951E-15
6273.6135410694  3.083877E-15
6278.29469117332  3.094929E-15
6282.97584127725  3.020620E-15
6287.65699138118  2.954152E-15
6292.33814148511  2.956664E-15
6297.01929158903  2.904514E-15
6301.70044169296  2.925552E-15
6306.38159179689  3.030592E-15
6311.06274190082  3.066150E-15
6315.74389200475  3.053816E-15
6320.42504210867  2.982749E-15
6325.1061922126  2.993691E-15
6329.78734231653  2.970610E-15
6334.46849242046  3.013676E-15
6339.14964252439  3.095771E-15
6343.83079262831  3.087469E-15
6348.51194273224  3.146396E-15
6353.19309283617  3.119477E-15
6357.8742429401  3.111373E-15
6362.55539304402  3.165003E-15
6367.23654314795  3.134370E-15
6371.91769325188  3.084688E-15
6376.59884335581  3.171455E-15
6381.27999345973  3.147220E-15
6385.96114356366  3.196704E-15
6390.64229366759  3.189595E-15
6395.32344377152  3.205523E-15
6400.00459387544  3.260913E-15
6404.68574397937  3.213625E-15
6409.3668940833  3.257503E-15
6414.04804418723  3.229958E-15
6418.72919429116  3.175860E-15
6423.41034439508  3.178000E-15
6428.09149449901  3.204821E-15
6432.77264460294  3.252670E-15
6437.45379470687  3.262009E-15
6442.1349448108  3.298095E-15
6446.81609491472  3.312630E-15
6451.49724501865  3.370608E-15
6456.17839512258  3.406746E-15
6460.85954522651  3.360503E-15
6465.54069533044  3.303088E-15
6470.22184543436  3.278867E-15
6474.90299553829  3.291224E-15
6479.58414564222  3.239094E-15
6484.26529574615  3.231979E-15
6488.94644585007  3.205845E-15
6493.627595954  3.103672E-15
6498.30874605793  3.035797E-15
6502.98989616186  2.903989E-15
6507.67104626578  2.749409E-15
6512.35219636971  2.539937E-15
6517.03334647364  2.327947E-15
6521.71449657757  2.198307E-15
6526.3956466815  2.014064E-15
6531.07679678542  1.914164E-15
6535.75794688935  1.773020E-15
6540.43909699328  1.756362E-15
6545.12024709721  1.718622E-15
6549.80139720113  1.683631E-15
6554.48254730506  1.705329E-15
6559.16369740899  1.727584E-15
6563.84484751292  1.854497E-15
6568.52599761685  2.016301E-15
6573.20714772077  2.166504E-15
6577.8882978247  2.295347E-15
6582.56944792863  2.542251E-15
6587.25059803256  2.670809E-15
6591.93174813649  2.735190E-15
6596.61289824041  2.834233E-15
6601.29404834434  2.932029E-15
6605.97519844827  3.021196E-15
6610.6563485522  3.155241E-15
6615.33749865612  3.270465E-15
6620.01864876005  3.275075E-15
6624.69979886398  3.352119E-15
6629.38094896791  3.454591E-15
6634.06209907184  3.527956E-15
6638.74324917576  3.587390E-15
6643.42439927969  3.665757E-15
6648.10554938362  3.783310E-15
6652.78669948755  3.842384E-15
6657.46784959147  3.852413E-15
6662.1489996954  3.891238E-15
6666.83014979933  3.891573E-15
6671.51129990326  3.883757E-15
6676.19245000719  3.951996E-15
6680.87360011111  3.908616E-15
6685.55475021504  3.864014E-15
6690.23590031897  3.827272E-15
6694.9170504229  3.715559E-15
6699.59820052682  3.653948E-15
6704.27935063075  3.618999E-15
6708.96050073468  3.538909E-15
6713.64165083861  3.456866E-15
6718.32280094254  3.406400E-15
6723.00395104647  3.412251E-15
6727.68510115039  3.399437E-15
6732.36625125432  3.265880E-15
6737.04740135825  3.260231E-15
6741.72855146217  3.206653E-15
6746.4097015661  3.115502E-15
6751.09085167003  3.120683E-15
6755.77200177396  3.050872E-15
6760.45315187789  2.982583E-15
6765.13430198181  2.927858E-15
6769.81545208574  2.864478E-15
6774.49660218967  2.811245E-15
6779.1777522936  2.779915E-15
6783.85890239753  2.794896E-15
6788.54005250145  2.740812E-15
6793.22120260538  2.724890E-15
6797.90235270931  2.716178E-15
6802.58350281324  2.670147E-15
6807.26465291717  2.591697E-15
6811.94580302109  2.624144E-15
6816.62695312502  2.637118E-15
6821.30810322895  2.578954E-15
6825.98925333288  2.513996E-15
6830.6704034368  2.494322E-15
6835.35155354073  2.537502E-15
6840.03270364466  2.517504E-15
6844.71385374859  2.486312E-15
6849.39500385251  2.443985E-15
6854.07615395644  2.333301E-15
6858.75730406037  2.239325E-15
6863.4384541643  2.191234E-15
6868.11960426823  2.204004E-15
6872.80075437215  2.150822E-15
6877.48190447608  1.987106E-15
6882.16305458001  1.888036E-15
6886.84420468394  1.863020E-15
6891.52535478786  1.795883E-15
6896.20650489179  1.669877E-15
6900.88765499572  1.635083E-15
6905.56880509965  1.613744E-15
6910.24995520358  1.579123E-15
6914.9311053075  1.608744E-15
6919.61225541143  1.653727E-15
6924.29340551536  1.686655E-15
6928.97455561929  1.805882E-15
6933.65570572322  1.979254E-15
6938.33685582714  2.130978E-15
6943.01800593107  2.326854E-15
6947.699156035  2.516120E-15
6952.38030613893  2.713428E-15
6957.06145624285  2.872714E-15
6961.74260634678  3.041967E-15
6966.42375645071  3.161259E-15
6971.10490655464  3.345964E-15
6975.78605665857  3.440507E-15
6980.46720676249  3.534998E-15
6985.14835686642  3.663353E-15
6989.82950697035  3.778868E-15
6994.51065707428  3.984242E-15
6999.19180717821  4.098474E-15
7003.87295728213  4.245841E-15
7008.55410738606  4.313095E-15
7013.23525748999  4.372011E-15
7017.91640759392  4.499356E-15
7022.59755769784  4.579700E-15
7027.27870780177  4.739727E-15
7031.9598579057  4.843613E-15
7036.64100800963  4.879778E-15
7041.32215811356  4.893263E-15
7046.00330821748  4.833570E-15
7050.68445832141  4.834595E-15
7055.36560842534  4.805057E-15
7060.04675852927  4.778963E-15
7064.72790863319  4.804422E-15
7069.40905873712  4.767859E-15
7074.09020884105  4.700390E-15
7078.77135894498  4.595396E-15
7083.45250904891  4.437146E-15
7088.13365915283  4.324395E-15
7092.81480925676  4.194751E-15
7097.49595936069  4.103852E-15
7102.17710946462  4.098390E-15
7106.85825956855  3.931276E-15
7111.53940967247  3.795802E-15
7116.2205597764  3.732302E-15
7120.90170988033  3.601123E-15
7125.58285998425  3.558201E-15
7130.26401008818  3.414156E-15
7134.94516019211  3.308785E-15
7139.62631029604  3.275291E-15
7144.30746039997  3.247004E-15
7148.98861050389  3.171825E-15
7153.66976060782  3.064901E-15
7158.35091071175  3.044539E-15
7163.03206081568  3.143524E-15
7167.71321091961  3.215690E-15
7172.39436102353  3.318295E-15
7177.07551112746  3.382636E-15
7181.75666123139  3.377098E-15
7186.43781133532  3.464380E-15
7191.11896143925  3.424576E-15
7195.80011154317  3.393602E-15
7200.4812616471  3.412308E-15
7205.16241175103  3.500640E-15
7209.84356185496  3.472060E-15
7214.52471195889  3.514892E-15
7219.20586206281  3.583863E-15
7223.88701216674  3.683511E-15
7228.56816227067  3.728985E-15
7233.24931237459  3.962944E-15
7237.93046247852  4.096733E-15
7242.61161258245  4.137685E-15
7247.29276268638  4.180784E-15
7251.97391279031  4.308760E-15
7256.65506289423  4.379898E-15
7261.33621299816  4.380592E-15
7266.01736310209  4.373779E-15
7270.69851320602  4.553333E-15
7275.37966330995  4.628559E-15
7280.06081341387  4.579530E-15
7284.7419635178  4.566022E-15
7289.42311362173  4.656305E-15
7294.10426372566  4.649370E-15
7298.78541382959  4.559517E-15
7303.46656393351  4.621568E-15
7308.14771403744  4.554490E-15
7312.82886414137  4.492331E-15
7317.5100142453  4.347849E-15
7322.19116434922  4.252432E-15
7326.87231445315  4.222774E-15
7331.55346455708  4.113894E-15
7336.23461466101  4.042657E-15
7340.91576476493  3.998493E-15
7345.59691486886  3.931679E-15
7350.27806497279  3.812052E-15
7354.95921507672  3.697342E-15
7359.64036518065  3.570280E-15
7364.32151528457  3.489270E-15
7369.0026653885  3.523432E-15
7373.68381549243  3.461751E-15
7378.36496559636  3.373808E-15
7383.04611570029  3.381528E-15
7387.72726580421  3.365061E-15
7392.40841590814  3.318721E-15
7397.08956601207  3.325499E-15
7401.770716116  3.328442E-15
7406.45186621992  3.232080E-15
7411.13301632385  3.235707E-15
7415.81416642778  3.206785E-15
7420.49531653171  3.081428E-15
7425.17646663564  3.084072E-15
7429.85761673956  3.082818E-15
7434.53876684349  3.077977E-15
7439.21991694742  3.064885E-15
7443.90106705135  3.064726E-15
7448.58221715527  3.074477E-15
7453.2633672592  3.126203E-15
7457.94451736313  3.148629E-15
7462.62566746706  3.140125E-15
7467.30681757099  3.060731E-15
7471.98796767491  3.018805E-15
7476.66911777884  3.019813E-15
7481.35026788277  2.996922E-15
7486.0314179867  3.028927E-15
7490.71256809062  2.981719E-15
7495.39371819455  2.963784E-15
7500.07486829848  2.959186E-15
7504.75601840241  2.951629E-15
7509.43716850634  2.907424E-15
7514.11831861026  2.913538E-15
7518.79946871419  2.925797E-15
7523.48061881812  2.866215E-15
7528.16176892205  2.874764E-15
7532.84291902597  2.842586E-15
7537.5240691299  2.702593E-15
7542.20521923383  2.615715E-15
7546.88636933776  2.610209E-15
7551.56751944169  2.605069E-15
7556.24866954561  2.571214E-15
7560.92981964954  2.508556E-15
7565.61096975347  2.525921E-15
7570.2921198574  2.454711E-15
7574.97326996133  2.460639E-15
7579.65442006525  2.464997E-15
7584.33557016918  2.385502E-15
7589.01672027311  2.246926E-15
7593.69787037704  2.188972E-15
7598.37902048096  2.218358E-15
7603.06017058489  2.158633E-15
7607.74132068882  2.139959E-15
7612.42247079275  2.079623E-15
7617.10362089668  2.051666E-15
7621.7847710006  2.102830E-15
7626.46592110453  2.186480E-15
7631.14707120846  2.202228E-15
7635.82822131239  2.204187E-15
7640.50937141631  2.232975E-15
7645.19052152024  2.183997E-15
7649.87167162417  2.262285E-15
7654.5528217281  2.292322E-15
7659.23397183203  2.305166E-15
7663.91512193595  2.361621E-15
7668.59627203988  2.491167E-15
7673.27742214381  2.563361E-15
7677.95857224774  2.581379E-15
7682.63972235167  2.627661E-15
7687.32087245559  2.628418E-15
7692.00202255952  2.678071E-15
7696.68317266345  2.705068E-15
7701.36432276738  2.714558E-15
7706.0454728713  2.721437E-15
7710.72662297523  2.778653E-15
7715.40777307916  2.761024E-15
7720.08892318309  2.730774E-15
7724.77007328701  2.720831E-15
7729.45122339094  2.784066E-15
7734.13237349487  2.836576E-15
7738.8135235988  2.858376E-15
7743.49467370273  2.891808E-15
7748.17582380665  2.953107E-15
7752.85697391058  2.981885E-15
7757.53812401451  2.983323E-15
7762.21927411844  3.015389E-15
7766.90042422237  3.010573E-15
7771.58157432629  3.000606E-15
7776.26272443022  3.006352E-15
7780.94387453415  3.061592E-15
7785.62502463808  3.079492E-15
7790.306174742  3.023940E-15
7794.98732484593  3.060586E-15
7799.66847494986  3.030984E-15
7804.34962505379  3.020825E-15
7809.03077515771  2.998855E-15
7813.71192526164  2.989109E-15
7818.39307536557  2.939313E-15
7823.0742254695  2.846167E-15
7827.75537557343  2.824745E-15
7832.43652567735  2.786977E-15
7837.11767578128  2.733195E-15
7841.79882588521  2.648468E-15
7846.47997598914  2.628159E-15
7851.16112609307  2.605627E-15
7855.84227619699  2.586720E-15
7860.52342630092  2.534647E-15
7865.20457640485  2.462172E-15
7869.88572650878  2.480906E-15
7874.56687661271  2.481237E-15
7879.24802671663  2.441007E-15
7883.92917682056  2.360256E-15
7888.61032692449  2.367542E-15
7893.29147702842  2.366287E-15
7897.97262713234  2.321337E-15
7902.65377723627  2.338777E-15
7907.3349273402  2.333837E-15
7912.01607744413  2.340913E-15
7916.69722754805  2.287418E-15
7921.37837765198  2.275197E-15
7926.05952775591  2.255994E-15
7930.74067785984  2.248659E-15
7935.42182796377  2.200239E-15
7940.10297806769  2.184204E-15
7944.78412817162  2.251819E-15
7949.46527827555  2.239318E-15
7954.14642837948  2.230471E-15
7958.82757848341  2.196471E-15
7963.50872858733  2.163736E-15
7968.18987869126  2.187346E-15
7972.87102879519  2.163608E-15
7977.55217889912  2.147217E-15
7982.23332900304  2.120577E-15
7986.91447910697  2.094406E-15
7991.5956292109  2.078566E-15
7996.27677931483  2.016028E-15
8000.95792941876  2.060804E-15
8005.63907952268  2.067212E-15
8010.32022962661  2.008867E-15
8015.00137973054  2.043888E-15
8019.68252983447  2.027173E-15
8024.36367993839  2.006551E-15
8029.04483004232  2.052784E-15
8033.72598014625  2.029316E-15
8038.40713025018  1.939358E-15
8043.08828035411  1.911883E-15
8047.76943045803  1.968787E-15
8052.45058056196  1.992003E-15
8057.13173066589  1.926667E-15
8061.81288076982  1.928616E-15
8066.49403087375  1.895114E-15
8071.17518097767  1.862456E-15
8075.8563310816  1.885340E-15
8080.53748118553  1.869691E-15
8085.21863128946  1.838229E-15
8089.89978139338  1.848933E-15
8094.58093149731  1.811417E-15
8099.26208160124  1.874529E-15
8103.94323170517  1.848768E-15
8108.62438180909  1.772951E-15
8113.30553191302  1.784338E-15
8117.98668201695  1.790425E-15
8122.66783212088  1.779688E-15
8127.34898222481  1.756208E-15
8132.03013232873  1.748637E-15
8136.71128243266  1.709236E-15
8141.39243253659  1.669608E-15
8146.07358264052  1.725483E-15
8150.75473274444  1.677961E-15
8155.43588284837  1.646977E-15
8160.1170329523  1.699837E-15
8164.79818305623  1.752283E-15
8169.47933316016  1.676902E-15
8174.16048326408  1.694357E-15
8178.84163336801  1.796513E-15
8183.52278347194  1.795731E-15
8188.20393357587  1.805916E-15
8192.88508367979  1.765341E-15
8197.56623378372  1.745765E-15
8202.24738388765  1.790327E-15
8206.92853399158  1.839255E-15
8211.60968409551  1.807163E-15
8216.29083419943  1.811861E-15
8220.97198430336  1.784793E-15
8225.65313440729  1.894964E-15
8230.33428451122  1.922230E-15
8235.01543461515  1.878875E-15
8239.69658471907  1.839439E-15
8244.377734823  1.863402E-15
8249.05888492693  1.910674E-15
8253.74003503086  1.901454E-15
8258.42118513478  1.900583E-15
8263.10233523871  1.856145E-15
8267.78348534264  1.870742E-15
8272.46463544657  1.827680E-15
8277.1457855505  1.807441E-15
8281.82693565442  1.785804E-15
8286.50808575835  1.709534E-15
8291.18923586228  1.697738E-15
8295.87038596621  1.739960E-15
8300.55153607014  1.732418E-15
8305.23268617406  1.743269E-15
8309.91383627799  1.705796E-15
8314.59498638192  1.721107E-15
8319.27613648585  1.684306E-15
8323.95728658977  1.665054E-15
8328.6384366937  1.692782E-15
8333.31958679763  1.718752E-15
8338.00073690156  1.683098E-15
8342.68188700549  1.641588E-15
8347.36303710941  1.594412E-15
8352.04418721334  1.571644E-15
8356.72533731727  1.520937E-15
8361.4064874212  1.484848E-15
8366.08763752512  1.452173E-15
8370.76878762905  1.416088E-15
8375.44993773298  1.452770E-15
8380.13108783691  1.487890E-15
8384.81223794084  1.530611E-15
8389.49338804476  1.527417E-15
8394.17453814869  1.538146E-15
8398.85568825262  1.534257E-15
8403.53683835655  1.592953E-15
8408.21798846048  1.716793E-15
8412.8991385644  1.753825E-15
8417.58028866833  1.836213E-15
8422.26143877226  2.012843E-15
8426.94258887618  2.155341E-15
8431.62373898011  2.313752E-15
8436.30488908404  2.404472E-15
8440.98603918797  2.528285E-15
8445.6671892919  2.627493E-15
8450.34833939582  2.761978E-15
8455.02948949975  2.938752E-15
8459.71063960368  3.005029E-15
8464.39178970761  3.140735E-15
8469.07293981154  3.282526E-15
8473.75408991546  3.356885E-15
8478.43524001939  3.398897E-15
8483.11639012332  3.477054E-15
8487.79754022725  3.531439E-15
8492.47869033118  3.534121E-15
8497.1598404351  3.569770E-15
8501.84099053903  3.613343E-15
8506.52214064296  3.617828E-15
8511.20329074689  3.718125E-15
8515.88444085082  3.683506E-15
8520.56559095474  3.518724E-15
8525.24674105867  3.544217E-15
8529.9278911626  3.514134E-15
8534.60904126652  3.460739E-15
8539.29019137045  3.495642E-15
8543.97134147438  3.544335E-15
8548.65249157831  3.558146E-15
8553.33364168224  3.547997E-15
8558.01479178617  3.599003E-15
8562.69594189009  3.605148E-15
8567.37709199402  3.562295E-15
8572.05824209795  3.629566E-15
8576.73939220187  3.659199E-15
8581.4205423058  3.794355E-15
8586.10169240973  3.799690E-15
8590.78284251366  3.763489E-15
8595.46399261759  3.854374E-15
8600.14514272151  3.976324E-15
8604.82629282544  4.001786E-15
8609.50744292937  4.070200E-15
8614.1885930333  4.222838E-15
8618.86974313723  4.334243E-15
8623.55089324115  4.493921E-15
8628.23204334508  4.525064E-15
8632.91319344901  4.558809E-15
8637.59434355294  4.632999E-15
8642.27549365686  4.625193E-15
8646.95664376079  4.599825E-15
8651.63779386472  4.711736E-15
8656.31894396865  4.641874E-15
8661.00009407258  4.647041E-15
8665.6812441765  4.688577E-15
8670.36239428043  4.602125E-15
8675.04354438436  4.656634E-15
8679.72469448829  4.574165E-15
8684.40584459222  4.492472E-15
8689.08699469614  4.361044E-15
8693.76814480007  4.248373E-15
8698.449294904  4.220996E-15
8703.13044500793  4.197281E-15
8707.81159511185  4.061780E-15
8712.49274521578  3.888472E-15
8717.17389531971  3.916475E-15
8721.85504542364  3.791671E-15
8726.53619552757  3.710194E-15
8731.21734563149  3.598926E-15
8735.89849573542  3.483372E-15
8740.57964583935  3.398534E-15
8745.26079594328  3.351129E-15
8749.94194604721  3.325798E-15
8754.62309615113  3.281886E-15
8759.30424625506  3.247708E-15
8763.98539635899  3.191928E-15
8768.66654646292  3.109065E-15
8773.34769656684  3.037678E-15
8778.02884667077  2.955192E-15
8782.7099967747  2.947577E-15
8787.39114687863  2.927636E-15
8792.07229698256  2.816165E-15
8796.75344708648  2.829561E-15
8801.43459719041  2.774196E-15
8806.11574729434  2.743355E-15
8810.79689739827  2.673700E-15
8815.4780475022  2.649718E-15
8820.15919760612  2.572771E-15
8824.84034771005  2.571598E-15
8829.52149781398  2.473306E-15
8834.2026479179  2.330807E-15
8838.88379802183  2.337207E-15
8843.56494812576  2.310287E-15
8848.24609822969  2.270611E-15
8852.92724833361  2.158425E-15
8857.60839843755  2.107107E-15
