3.600000000000001364e+03 7.912303108100686259e-16
3.604835673809052878e+03 7.801802895571034475e-16
3.609671347618104392e+03 7.691302153645790656e-16
3.614507021427155905e+03 7.580801411720546838e-16
3.619342695236207419e+03 7.470300669795303019e-16
3.624178369045258933e+03 7.359800457265651234e-16
3.629014042854310446e+03 7.249299715340407416e-16
3.633849716663361960e+03 8.451157411177494336e-16
3.638685390472413474e+03 7.732481189772150501e-16
3.643521064281464987e+03 6.450758874920823737e-16
3.648356738090516501e+03 8.010165059661711849e-16
3.653192411899568015e+03 8.370744338329907334e-16
3.658028085708619528e+03 8.421244972040800754e-16
3.662863759517671042e+03 7.884258906008280443e-16
3.667699433326722556e+03 8.238842779596691583e-16
3.672535107135774069e+03 9.546738941913768262e-16
3.677370780944825583e+03 9.786405855548188475e-16
3.682206454753877097e+03 8.857303886034418976e-16
3.687042128562928610e+03 9.435664335166759654e-16
3.691877802371980124e+03 8.415306212289364041e-16
3.696713476181031638e+03 6.271988336238067379e-16
3.701549149990083151e+03 7.783469396823307178e-16
3.706384823799134665e+03 8.596810549809383653e-16
3.711220497608186179e+03 9.201074325259944904e-16
3.716056171417237692e+03 9.533561226836859484e-16
3.720891845226289206e+03 8.782929628705163101e-16
3.725727519035340720e+03 8.631613545425286752e-16
3.730563192844392233e+03 8.115158499243026614e-16
3.735398866653443747e+03 8.048122194214953149e-16
3.740234540462495261e+03 9.107537535685836586e-16
3.745070214271546774e+03 8.397077533868859463e-16
3.749905888080598288e+03 7.365819155751485072e-16
3.754741561889649802e+03 7.921608294421866783e-16
3.759577235698701315e+03 8.078121983624332331e-16
3.764412909507752829e+03 8.059585726364856036e-16
3.769248583316804343e+03 7.177694726353081069e-16
3.774084257125855856e+03 6.917904956869858849e-16
3.778919930934907370e+03 7.161511103104603593e-16
3.783755604743958884e+03 7.786610830266436564e-16
3.788591278553010397e+03 7.333455085628082324e-16
3.793426952362061911e+03 7.276945811947603711e-16
3.798262626171112970e+03 7.404776847973670514e-16
3.803098299980164484e+03 7.626392960106509553e-16
3.807933973789215997e+03 7.528135550038234612e-16
3.812769647598267511e+03 7.904649106631059588e-16
3.817605321407319025e+03 7.676742716073673301e-16
3.822440995216370538e+03 6.971478731992509278e-16
3.827276669025422052e+03 7.498051057334130000e-16
3.832112342834473566e+03 7.663760877365817081e-16
3.836948016643525079e+03 7.695698784037632509e-16
3.841783690452576593e+03 7.627191288659296731e-16
3.846619364261628107e+03 7.719032953547712381e-16
3.851455038070679620e+03 7.461096068636608944e-16
3.856290711879731134e+03 7.510435737814171939e-16
3.861126385688782648e+03 7.432167246509914418e-16
3.865962059497834161e+03 7.615379943605427547e-16
3.870797733306885675e+03 7.659127077748744024e-16
3.875633407115937189e+03 7.045986397010957705e-16
3.880469080924988702e+03 7.003356287566832837e-16
3.885304754734040216e+03 7.896048016447284202e-16
3.890140428543091730e+03 7.764920963465214102e-16
3.894976102352143243e+03 7.403498887014500589e-16
3.899811776161194757e+03 7.743443913691989283e-16
3.904647449970246271e+03 8.117981765935343604e-16
3.909483123779297784e+03 8.235004661554445535e-16
3.914318797588349298e+03 7.965108730219295444e-16
3.919154471397400812e+03 7.861363076048404671e-16
3.923990145206452326e+03 7.376607179125952655e-16
3.928825819015503839e+03 7.757060497714694195e-16
3.933661492824555353e+03 8.122847440821727525e-16
3.938497166633606867e+03 8.645585883285838470e-16
3.943332840442658380e+03 8.799457359088462636e-16
3.948168514251709894e+03 8.861343174401637920e-16
3.953004188060761408e+03 8.965962331299384691e-16
3.957839861869812921e+03 9.034602704971320987e-16
3.962675535678864435e+03 9.278385139938213032e-16
3.967511209487915949e+03 9.387799562108603210e-16
3.972346883296967462e+03 9.305458430514828606e-16
3.977182557106018976e+03 9.590393961224070833e-16
3.982018230915070490e+03 9.355194087595232987e-16
3.986853904724122003e+03 8.617612090807173168e-16
3.991689578533173517e+03 8.622106129987949265e-16
3.996525252342225031e+03 8.503378580562498054e-16
4.001360926151276544e+03 8.629095739989573344e-16
4.006196599960328058e+03 9.002452510667099950e-16
4.011032273769379572e+03 8.757115240846404230e-16
4.015867947578431085e+03 8.308160779626431319e-16
4.020703621387482599e+03 7.785574273697234114e-16
4.025539295196534113e+03 7.508616734559943329e-16
4.030374969005585626e+03 7.305199654694454967e-16
4.035210642814637140e+03 7.457262715154691201e-16
4.040046316623688654e+03 7.655087789381525079e-16
4.044881990432740167e+03 7.134666511423746679e-16
4.049717664241791681e+03 6.598811763771402893e-16
4.054553338050843195e+03 6.926885623693122569e-16
4.059389011859894708e+03 6.973866306112582337e-16
4.064224685668946222e+03 6.892167860767536933e-16
4.069060359477997736e+03 7.228980983122552852e-16
4.073896033287049249e+03 7.264467428447771765e-16
4.078731707096100763e+03 7.255486232228916012e-16
4.083567380905152277e+03 7.566833309024731391e-16
4.088403054714203790e+03 7.617933218545807229e-16
4.093238728523255304e+03 7.561719347605683553e-16
4.098074402332306818e+03 7.520877536471449326e-16
4.102910076141358331e+03 7.489506083083110211e-16
4.107745749950409845e+03 7.796711168766852062e-16
4.112581423759461359e+03 7.908105001055857133e-16
4.117417097568512872e+03 7.820192510251517369e-16
4.122252771377564386e+03 7.960511988293664763e-16
4.127088445186615900e+03 7.865139254806382749e-16
4.131924118995667413e+03 7.676240849052425128e-16
4.136759792804718927e+03 7.245166723953398464e-16
4.141595466613770441e+03 7.017766435581996622e-16
4.146431140422821954e+03 7.122893282852503938e-16
4.151266814231873468e+03 7.195686235548354442e-16
4.156102488040924982e+03 7.232359056395321409e-16
4.160938161849976495e+03 6.971301384469177909e-16
4.165773835659028009e+03 6.788431206321710737e-16
4.170609509468079523e+03 7.077637900667482773e-16
4.175445183277131036e+03 7.014204132643200255e-16
4.180280857086182550e+03 7.193046139730881194e-16
4.185116530895234064e+03 6.987666061010130991e-16
4.189952204704285577e+03 6.842158506166051007e-16
4.194787878513337091e+03 6.745764039186143493e-16
4.199623552322388605e+03 7.179683136196760539e-16
4.204459226131440118e+03 7.386143711320852009e-16
4.209294899940491632e+03 7.314717128648041099e-16
4.214130573749543146e+03 7.536944692689679336e-16
4.218966247558594659e+03 7.796054188837137945e-16
4.223801921367646173e+03 8.025314243923355011e-16
4.228637595176697687e+03 7.994479068269746275e-16
4.233473268985749201e+03 7.525309106972365419e-16
4.238308942794800714e+03 7.411841632149363413e-16
4.243144616603852228e+03 7.463942628734975427e-16
4.247980290412903742e+03 7.612973311244041266e-16
4.252815964221955255e+03 7.536078072105519780e-16
4.257651638031006769e+03 7.269039288780576851e-16
4.262487311840058283e+03 7.276170247405273992e-16
4.267322985649109796e+03 7.198522737130472280e-16
4.272158659458161310e+03 7.020856517652698716e-16
4.276994333267212824e+03 7.111564746578569705e-16
4.281830007076264337e+03 6.957845207310859280e-16
4.286665680885315851e+03 6.704022255545451572e-16
4.291501354694367365e+03 6.820003830035022748e-16
4.296337028503418878e+03 6.918591582952726866e-16
4.301172702312470392e+03 6.774136995941202385e-16
4.306008376121521906e+03 6.557503555120586768e-16
4.310844049930573419e+03 6.634622728594538610e-16
4.315679723739624933e+03 6.692991239594240412e-16
4.320515397548676447e+03 6.477534645174716239e-16
4.325351071357727960e+03 6.570711445746241480e-16
4.330186745166779474e+03 6.717814069509119718e-16
4.335022418975830988e+03 6.729214074187978532e-16
4.339858092784882501e+03 6.857827556899071496e-16
4.344693766593934015e+03 7.223934784339285358e-16
4.349529440402985529e+03 7.400938729931424466e-16
4.354365114212037042e+03 7.330777932119166701e-16
4.359200788021088556e+03 7.771789871271854444e-16
4.364036461830140070e+03 8.101618677581166623e-16
4.368872135639191583e+03 7.986021444291412086e-16
4.373707809448243097e+03 7.623753923080220374e-16
4.378543483257294611e+03 7.642458528137963461e-16
4.383379157066346124e+03 7.209039180566226453e-16
4.388214830875397638e+03 7.142772616728970334e-16
4.393050504684449152e+03 7.059137642308264786e-16
4.397886178493500665e+03 6.743888390603567252e-16
4.402721852302552179e+03 6.709676729863966061e-16
4.407557526111603693e+03 6.755121106275343342e-16
4.412393199920655206e+03 6.567443486756615982e-16
4.417228873729706720e+03 6.498570708419776788e-16
4.422064547538758234e+03 6.424907429370622491e-16
4.426900221347809747e+03 6.326794014903380781e-16
4.431735895156861261e+03 6.359135321016326069e-16
4.436571568965912775e+03 6.107218722777832572e-16
4.441407242774964288e+03 6.270715139839225759e-16
4.446242916584015802e+03 6.308924796089867247e-16
4.451078590393067316e+03 6.267913578366182160e-16
4.455914264202118829e+03 6.262498920250859046e-16
4.460749938011170343e+03 6.359940002316217655e-16
4.465585611820221857e+03 6.313042435004707215e-16
4.470421285629273370e+03 6.442968289388452310e-16
4.475256959438324884e+03 6.595235167151621610e-16
4.480092633247376398e+03 6.699331281204438850e-16
4.484928307056427911e+03 6.691320467105781305e-16
4.489763980865479425e+03 6.588795069774528758e-16
4.494599654674530939e+03 6.505654550836782908e-16
4.499435328483582452e+03 6.442545302310417193e-16
4.504271002292633966e+03 6.491556746220919147e-16
4.509106676101685480e+03 6.675091315836388910e-16
4.513942349910736993e+03 6.822702159367619729e-16
4.518778023719788507e+03 6.603270333447512717e-16
4.523613697528840021e+03 6.641626632277147606e-16
4.528449371337891534e+03 6.690226735812639190e-16
4.533285045146943048e+03 6.529169773639338387e-16
4.538120718955994562e+03 6.947292764974846799e-16
4.542956392765046076e+03 6.929100085454600530e-16
4.547792066574097589e+03 6.940796551664998350e-16
4.552627740383149103e+03 7.060378016180400302e-16
4.557463414192200617e+03 7.184289407243047831e-16
4.562299088001252130e+03 7.403440124103784822e-16
4.567134761810303644e+03 7.575524925854744580e-16
4.571970435619355158e+03 7.587658143428570399e-16
4.576806109428406671e+03 7.426422774940754160e-16
4.581641783237458185e+03 7.421289225884801066e-16
4.586477457046509699e+03 7.485341857356171257e-16
4.591313130855561212e+03 7.322183194682495722e-16
4.596148804664612726e+03 7.069245921742560793e-16
4.600984478473664240e+03 7.211090059089765927e-16
4.605820152282715753e+03 7.171724202866122319e-16
4.610655826091767267e+03 6.946346205656290119e-16
4.615491499900818781e+03 6.955878502686453201e-16
4.620327173709870294e+03 6.841406235029770782e-16
4.625162847518921808e+03 6.850203201582598725e-16
4.629998521327973322e+03 6.764393470069817761e-16
4.634834195137024835e+03 6.582732431454556103e-16
4.639669868946076349e+03 6.554117011518345668e-16
4.644505542755127863e+03 6.520353748845197223e-16
4.649341216564179376e+03 6.445764027509983535e-16
4.654176890373230890e+03 6.608245593221447663e-16
4.659012564182282404e+03 6.426555967244216173e-16
4.663848237991333917e+03 6.413429603539734687e-16
4.668683911800385431e+03 6.592526779302775985e-16
4.673519585609436945e+03 6.455691253651803935e-16
4.678355259418488458e+03 6.152395754415232714e-16
4.683190933227539972e+03 6.234416601675826786e-16
4.688026607036591486e+03 6.453768488861536673e-16
4.692862280845642999e+03 6.500808463587304242e-16
4.697697954654694513e+03 6.407809010539110370e-16
4.702533628463746027e+03 6.332061501044118461e-16
4.707369302272797540e+03 6.412258580490155617e-16
4.712204976081849054e+03 6.473256069999897954e-16
4.717040649890900568e+03 6.490818239370031804e-16
4.721876323699952081e+03 6.363511834375670632e-16
4.726711997509003595e+03 6.392680472705556532e-16
4.731547671318055109e+03 6.565055912636542923e-16
4.736383345127106622e+03 6.560625930322402932e-16
4.741219018936158136e+03 6.418053344640559099e-16
4.746054692745209650e+03 6.317093370074950906e-16
4.750890366554261163e+03 6.337377162183731229e-16
4.755726040363312677e+03 6.399879193966034018e-16
4.760561714172364191e+03 6.490617069045058907e-16
4.765397387981415704e+03 6.442917467411617052e-16
4.770233061790467218e+03 6.382179381741971344e-16
4.775068735599518732e+03 6.312505627874384802e-16
4.779904409408570245e+03 6.107572359033311242e-16
4.784740083217621759e+03 6.136324363032266433e-16
4.789575757026673273e+03 6.168570907334237647e-16
4.794411430835724786e+03 6.200645927464389865e-16
4.799247104644775391e+03 6.304670043716690490e-16
4.804082778453826904e+03 6.288372071020333683e-16
4.808918452262878418e+03 6.396717643490407341e-16
4.813754126071929932e+03 6.707061515639318409e-16
4.818589799880981445e+03 6.652633296031125205e-16
4.823425473690032959e+03 6.594700477603667333e-16
4.828261147499084473e+03 6.666903683609992030e-16
4.833096821308135986e+03 6.651649149625534115e-16
4.837932495117187500e+03 6.582567789425433549e-16
4.842768168926239014e+03 6.588587546702451454e-16
4.847603842735290527e+03 6.727693650047657063e-16
4.852439516544342041e+03 6.734650437522575039e-16
4.857275190353393555e+03 6.537040297906106939e-16
4.862110864162445068e+03 6.331776686215604202e-16
4.866946537971496582e+03 6.165812226904148798e-16
4.871782211780548096e+03 5.979723323557115285e-16
4.876617885589599609e+03 5.751537941522727113e-16
4.881453559398651123e+03 5.690801973435449541e-16
4.886289233207702637e+03 5.565938729098324992e-16
4.891124907016754150e+03 5.635572248900916955e-16
4.895960580825805664e+03 5.735116090257834365e-16
4.900796254634857178e+03 5.583588778136736475e-16
4.905631928443908691e+03 5.482316460171828259e-16
4.910467602252960205e+03 5.505073059090999105e-16
4.915303276062011719e+03 5.414414063955187272e-16
4.920138949871063232e+03 5.526238294860515935e-16
4.924974623680114746e+03 5.630337055891293345e-16
4.929810297489166260e+03 5.628459819121941002e-16
4.934645971298217773e+03 5.484209049413349586e-16
4.939481645107269287e+03 5.564389188200441656e-16
4.944317318916320801e+03 5.531029324968423071e-16
4.949152992725372314e+03 5.573674257489124890e-16
4.953988666534423828e+03 5.579965594704856206e-16
4.958824340343475342e+03 5.713146173188425950e-16
4.963660014152526855e+03 5.827170572174247658e-16
4.968495687961578369e+03 5.903489828908636220e-16
4.973331361770629883e+03 5.922515247695151874e-16
4.978167035579681396e+03 5.841944414961138757e-16
4.983002709388732910e+03 5.884298179906221910e-16
4.987838383197784424e+03 5.770649651790744298e-16
4.992674057006835938e+03 5.515510093187948187e-16
4.997509730815887451e+03 5.431556952016430243e-16
5.002345404624938965e+03 5.458038907716743909e-16
5.007181078433990479e+03 5.448491787610003877e-16
5.012016752243041992e+03 5.503206939629079475e-16
5.016852426052093506e+03 5.560788768779018846e-16
5.021688099861145020e+03 5.612909882397128149e-16
5.026523773670196533e+03 5.597523528910253784e-16
5.031359447479248047e+03 5.736673572089598210e-16
5.036195121288299561e+03 5.816862710601754857e-16
5.041030795097351074e+03 5.899006907035292836e-16
5.045866468906402588e+03 5.804796726268117348e-16
5.050702142715454102e+03 5.551156945377553383e-16
5.055537816524505615e+03 5.512127255354851325e-16
5.060373490333557129e+03 5.558486956744855285e-16
5.065209164142608643e+03 5.634333992611149575e-16
5.070044837951660156e+03 5.737044149004021966e-16
5.074880511760711670e+03 5.734162119400989209e-16
5.079716185569763184e+03 5.600997422785180483e-16
5.084551859378814697e+03 5.732425172463525859e-16
5.089387533187866211e+03 5.882885223071083330e-16
5.094223206996917725e+03 5.782424468548763141e-16
5.099058880805969238e+03 5.879793552813605134e-16
5.103894554615020752e+03 5.996493517121566363e-16
5.108730228424072266e+03 6.002577860660812410e-16
5.113565902233123779e+03 6.138093073705251819e-16
5.118401576042175293e+03 6.407229322365833209e-16
5.123237249851226807e+03 6.538185909967268380e-16
5.128072923660278320e+03 6.658760520613326000e-16
5.132908597469329834e+03 6.642112088035042727e-16
5.137744271278381348e+03 6.361600186892836083e-16
5.142579945087432861e+03 6.277681985830392379e-16
5.147415618896484375e+03 6.408745511341418406e-16
5.152251292705535889e+03 6.432223676452531510e-16
5.157086966514587402e+03 6.390309839244428559e-16
5.161922640323638916e+03 6.409838183843376454e-16
5.166758314132690430e+03 6.293099573657196747e-16
5.171593987941741943e+03 6.147157914427648934e-16
5.176429661750793457e+03 6.047685541475656106e-16
5.181265335559844971e+03 5.928394715140280786e-16
5.186101009368896484e+03 5.762954886860531013e-16
5.190936683177947998e+03 5.748826377300329284e-16
5.195772356986999512e+03 5.804102159251368822e-16
5.200608030796051025e+03 5.759639282267622461e-16
5.205443704605102539e+03 5.665871146819795312e-16
5.210279378414154053e+03 5.707950155452612851e-16
5.215115052223205566e+03 5.732679811743294183e-16
5.219950726032257080e+03 5.660452253539735926e-16
5.224786399841308594e+03 5.693353130793461087e-16
5.229622073650360107e+03 5.828556529834192507e-16
5.234457747459411621e+03 5.946409517741603652e-16
5.239293421268463135e+03 5.960857252843801846e-16
5.244129095077514648e+03 5.881537911289356959e-16
5.248964768886566162e+03 5.885239445268858251e-16
5.253800442695617676e+03 5.932265126313640904e-16
5.258636116504669189e+03 5.770031317739248659e-16
5.263471790313720703e+03 5.663021939743468659e-16
5.268307464122772217e+03 5.825384391446725152e-16
5.273143137931823730e+03 5.878679175092373695e-16
5.277978811740875244e+03 5.740827209904696485e-16
5.282814485549926758e+03 5.652750606466826200e-16
5.287650159358978271e+03 5.653665402049860844e-16
5.292485833168029785e+03 5.727843253614472128e-16
5.297321506977081299e+03 5.781031628746121850e-16
5.302157180786132812e+03 5.717106581612431838e-16
5.306992854595184326e+03 5.687784418560856096e-16
5.311828528404235840e+03 5.707067123605100243e-16
5.316664202213287354e+03 5.630281469354129781e-16
5.321499876022338867e+03 5.457041526421351971e-16
5.326335549831390381e+03 5.422305234650045148e-16
5.331171223640441895e+03 5.560399133623281868e-16
5.336006897449493408e+03 5.490153632516298673e-16
5.340842571258544922e+03 5.363991780791914875e-16
5.345678245067596436e+03 5.357330925452943871e-16
5.350513918876647949e+03 5.333488536174511418e-16
5.355349592685699463e+03 5.352887178853410997e-16
5.360185266494750977e+03 5.391896751843615766e-16
5.365020940303802490e+03 5.488248867176160565e-16
5.369856614112854004e+03 5.455571924257865760e-16
5.374692287921905518e+03 5.591521771083365032e-16
5.379527961730957031e+03 5.517072868975632371e-16
5.384363635540008545e+03 5.523887249036293218e-16
5.389199309349060059e+03 5.492805375036796667e-16
5.394034983158111572e+03 5.449169413967807317e-16
5.398870656967163086e+03 5.280599798947952905e-16
5.403706330776214600e+03 5.208206010528495990e-16
5.408542004585266113e+03 5.350477370118472513e-16
5.413377678394317627e+03 5.347918801222172492e-16
5.418213352203369141e+03 5.153254218679781222e-16
5.423049026012420654e+03 5.097621624099710810e-16
5.427884699821472168e+03 5.100502594911559499e-16
5.432720373630523682e+03 5.226673975756599907e-16
5.437556047439575195e+03 5.208147777013372257e-16
5.442391721248626709e+03 5.188996891471544561e-16
5.447227395057678223e+03 5.153824907127993807e-16
5.452063068866729736e+03 5.313269859723551269e-16
5.456898742675781250e+03 5.444899309122461575e-16
5.461734416484832764e+03 5.286727552925745734e-16
5.466570090293884277e+03 5.214693753508871897e-16
5.471405764102935791e+03 5.196378783606865788e-16
5.476241437911987305e+03 5.143969678786690022e-16
5.481077111721038818e+03 5.132292270817605424e-16
5.485912785530090332e+03 5.130466914816272407e-16
5.490748459339141846e+03 5.152725881878931352e-16
5.495584133148193359e+03 5.160711284989171269e-16
5.500419806957244873e+03 5.127972402786608493e-16
5.505255480766296387e+03 5.107271976346897460e-16
5.510091154575347900e+03 4.990729242529770310e-16
5.514926828384399414e+03 4.873864636192686527e-16
5.519762502193450928e+03 4.874900133970704909e-16
5.524598176002502441e+03 4.839182872167359199e-16
5.529433849811553955e+03 5.015072440038266868e-16
5.534269523620605469e+03 5.076803142442976209e-16
5.539105197429656982e+03 4.940880294792670668e-16
5.543940871238708496e+03 5.061407789231037267e-16
5.548776545047760010e+03 5.132325622739903562e-16
5.553612218856811523e+03 4.984445846247919504e-16
5.558447892665863037e+03 5.086246501013677590e-16
5.563283566474914551e+03 4.912467633368209231e-16
5.568119240283966064e+03 4.851957187803138116e-16
5.572954914093017578e+03 4.856391934677606412e-16
5.577790587902069092e+03 4.828689192742062486e-16
5.582626261711120605e+03 4.872597263145357280e-16
5.587461935520172119e+03 4.757686655938470760e-16
5.592297609329223633e+03 4.718778197506344474e-16
5.597133283138275146e+03 4.813393895297017958e-16
5.601968956947326660e+03 4.765727645585874240e-16
5.606804630756378174e+03 4.579789619982570399e-16
5.611640304565429688e+03 4.518084857961870721e-16
5.616475978374481201e+03 4.648914920016809782e-16
5.621311652183532715e+03 4.762683620931679098e-16
5.626147325992584229e+03 4.735816265240364725e-16
5.630982999801635742e+03 4.711186664716577807e-16
5.635818673610687256e+03 4.659043316483603078e-16
5.640654347419738770e+03 4.632658240176631623e-16
5.645490021228790283e+03 4.702646455025886324e-16
5.650325695037841797e+03 4.760955144323688291e-16
5.655161368846893311e+03 4.783400458634743183e-16
5.659997042655944824e+03 4.720766607350023944e-16
5.664832716464996338e+03 4.607561712740670772e-16
5.669668390274047852e+03 4.596110886084976699e-16
5.674504064083099365e+03 4.704046176971224055e-16
5.679339737892150879e+03 4.757395488362852094e-16
5.684175411701202393e+03 4.708711210928227114e-16
5.689011085510253906e+03 4.622957065952609714e-16
5.693846759319305420e+03 4.614618555982483161e-16
5.698682433128356934e+03 4.523441282562070103e-16
5.703518106937408447e+03 4.445233142355304451e-16
5.708353780746459961e+03 4.444469224515999479e-16
5.713189454555511475e+03 4.400594506035002823e-16
5.718025128364562988e+03 4.498272757325592636e-16
5.722860802173614502e+03 4.468886008011788754e-16
5.727696475982666016e+03 4.462765136176692366e-16
5.732532149791717529e+03 4.501161669071321834e-16
5.737367823600769043e+03 4.516961480515574705e-16
5.742203497409820557e+03 4.376127429957970324e-16
5.747039171218872070e+03 4.303373123140338298e-16
5.751874845027923584e+03 4.406712995589935058e-16
5.756710518836975098e+03 4.352612207155414845e-16
5.761546192646026611e+03 4.340362257853545543e-16
5.766381866455078125e+03 4.465451818806264600e-16
5.771217540264129639e+03 4.430767937198569137e-16
5.776053214073181152e+03 4.339439786034426406e-16
5.780888887882232666e+03 4.244468599103702134e-16
5.785724561691284180e+03 4.160927592400582610e-16
5.790560235500335693e+03 4.212790890365371386e-16
5.795395909309387207e+03 4.227556527520585960e-16
5.800231583118438721e+03 4.220330012991526693e-16
5.805067256927490234e+03 4.264330198227835392e-16
5.809902930736541748e+03 4.260156443380239827e-16
5.814738604545593262e+03 4.252631349737273419e-16
5.819574278354644775e+03 4.218672475392868434e-16
5.824409952163696289e+03 4.201349063434741890e-16
5.829245625972747803e+03 4.149210744459891484e-16
5.834081299781799316e+03 3.950146090454310140e-16
5.838916973590850830e+03 3.929106586137901371e-16
5.843752647399902344e+03 4.013758794188700130e-16
5.848588321208953857e+03 4.132101737716538685e-16
5.853423995018005371e+03 3.993791315946160084e-16
5.858259668827056885e+03 4.037527597479839865e-16
5.863095342636108398e+03 4.155579373432059754e-16
5.867931016445159912e+03 4.040854584077977147e-16
5.872766690254211426e+03 4.270406336135404912e-16
5.877602364063262939e+03 4.408309917393305431e-16
5.882438037872314453e+03 4.294560539417545354e-16
5.887273711681365967e+03 4.223452652891138874e-16
5.892109385490417480e+03 4.193836675285984297e-16
5.896945059299468994e+03 4.173990958029612057e-16
5.901780733108520508e+03 4.131018594335237248e-16
5.906616406917572021e+03 4.201321005468364091e-16
5.911452080726623535e+03 4.272182987742270807e-16
5.916287754535675049e+03 4.275220394951565524e-16
5.921123428344726562e+03 4.450611801570369258e-16
5.925959102153778076e+03 4.361300912309671847e-16
5.930794775962829590e+03 4.171400625397790000e-16
5.935630449771881104e+03 4.300953520586947186e-16
5.940466123580932617e+03 4.309302353771118400e-16
5.945301797389984131e+03 4.448072820310974493e-16
5.950137471199035645e+03 4.303238921357757695e-16
5.954973145008087158e+03 4.596912920406908114e-16
5.959808818817138672e+03 4.623302761274207875e-16
5.964644492626190186e+03 4.371399662623311243e-16
5.969480166435241699e+03 4.336797572634585023e-16
5.974315840244293213e+03 4.556959435076106835e-16
5.979151514053344727e+03 4.849554790606488107e-16
5.983987187862396240e+03 4.946328834225883955e-16
5.988822861671447754e+03 5.291618638800547284e-16
5.993658535480499268e+03 5.888728691615953935e-16
5.998494209289550781e+03 6.234299075854395251e-16
6.003329883098602295e+03 6.451835665555020766e-16
6.008165556907653809e+03 6.510277233146423252e-16
6.013001230716705322e+03 6.266560443232943416e-16
6.017836904525756836e+03 5.987864898367005213e-16
6.022672578334808350e+03 5.730926453542477782e-16
6.027508252143859863e+03 5.499004068023922043e-16
6.032343925952911377e+03 5.172985851186070148e-16
6.037179599761962891e+03 4.926032336622894817e-16
6.042015273571014404e+03 4.825650991439379717e-16
6.046850947380065918e+03 4.716151865974264109e-16
6.051686621189117432e+03 4.571064651230259072e-16
6.056522294998168945e+03 4.399076199477049490e-16
6.061357968807220459e+03 4.500951499021284361e-16
6.066193642616271973e+03 4.541069096985616161e-16
6.071029316425323486e+03 4.489286796546408578e-16
6.075864990234375000e+03 4.364646957149122351e-16
6.080700664043426514e+03 4.178186947492073047e-16
6.085536337852478027e+03 4.145504975315653920e-16
6.090372011661529541e+03 4.288756775542077295e-16
6.095207685470581055e+03 4.247143370332453604e-16
6.100043359279632568e+03 4.219242105049896951e-16
6.104879033088684082e+03 4.195106960009069730e-16
6.109714706897735596e+03 4.016415830665118463e-16
6.114550380706787109e+03 4.081683689718002559e-16
6.119386054515838623e+03 4.206234590655827084e-16
6.124221728324890137e+03 4.240111408683466809e-16
6.129057402133941650e+03 4.120929637840050480e-16
6.133893075942993164e+03 4.131827775497661122e-16
6.138728749752044678e+03 4.188578718265903228e-16
6.143564423561096191e+03 4.104075535074262022e-16
6.148400097370147705e+03 3.930256698061595100e-16
6.153235771179199219e+03 3.915382534810013570e-16
6.158071444988250732e+03 3.984749768629812462e-16
6.162907118797302246e+03 4.020233302279275188e-16
6.167742792606353760e+03 4.056085824656385569e-16
6.172578466415405273e+03 4.092345716941566064e-16
6.177414140224456787e+03 3.933378543867819231e-16
6.182249814033508301e+03 3.933556420786742634e-16
6.187085487842559814e+03 3.953865888581736604e-16
6.191921161651611328e+03 3.943868782221767724e-16
6.196756835460662842e+03 4.014173575635058720e-16
6.201592509269714355e+03 3.956143877814258638e-16
6.206428183078765869e+03 3.954337315356442825e-16
6.211263856887817383e+03 3.991902432473782994e-16
6.216099530696868896e+03 4.154111359455349645e-16
6.220935204505920410e+03 4.258012655930298396e-16
6.225770878314971924e+03 4.310453789183792215e-16
6.230606552124023438e+03 4.293716682843843257e-16
6.235442225933074951e+03 4.167625770128792007e-16
6.240277899742126465e+03 4.189721683349104499e-16
6.245113573551177979e+03 4.086514424495312240e-16
6.249949247360229492e+03 4.037065170430198221e-16
6.254784921169281006e+03 4.088259577064452116e-16
6.259620594978332520e+03 4.063652211155530623e-16
6.264456268787384033e+03 3.947717752873650468e-16
6.269291942596435547e+03 3.947162152199810850e-16
6.274127616405487061e+03 3.889099896550100681e-16
6.278963290214538574e+03 3.816259827646559157e-16
6.283798964023590088e+03 3.772170968648584774e-16
6.288634637832641602e+03 3.705854112230085430e-16
6.293470311641693115e+03 3.690654635387199045e-16
6.298305985450744629e+03 3.615350494700535558e-16
6.303141659259796143e+03 3.829948144771984668e-16
6.307977333068847656e+03 3.720613131940399580e-16
6.312813006877899170e+03 3.688727106036603478e-16
6.317648680686950684e+03 3.681382006894928609e-16
6.322484354496002197e+03 3.632817372864103299e-16
6.327320028305053711e+03 3.629051517320169883e-16
6.332155702114105225e+03 3.647518423757089732e-16
6.336991375923156738e+03 3.581082188632586736e-16
6.341827049732208252e+03 3.591761950608483378e-16
6.346662723541259766e+03 3.805918084756176184e-16
6.351498397350311279e+03 3.875562721866200860e-16
6.356334071159362793e+03 3.789988571391874998e-16
6.361169744968414307e+03 3.779608182623273548e-16
6.366005418777465820e+03 3.814869634821878037e-16
6.370841092586517334e+03 3.874300113379199918e-16
6.375676766395568848e+03 3.982888413728221137e-16
6.380512440204620361e+03 4.008818474523839423e-16
6.385348114013671875e+03 3.903033853230229938e-16
6.390183787822723389e+03 3.936297101766702330e-16
6.395019461631774902e+03 3.834491682440615938e-16
6.399855135440826416e+03 3.784191954356899397e-16
6.404690809249877930e+03 3.738138508316887071e-16
6.409526483058929443e+03 3.779409659276260821e-16
6.414362156867980957e+03 3.838686613111892861e-16
6.419197830677032471e+03 3.853960999431052048e-16
6.424033504486083984e+03 3.807373128540881462e-16
6.428869178295135498e+03 3.808694499938598170e-16
6.433704852104187012e+03 3.807504153949909861e-16
6.438540525913238525e+03 3.821192735773131389e-16
6.443376199722290039e+03 3.918478969627820071e-16
6.448211873531341553e+03 3.959956055472495023e-16
6.453047547340393066e+03 3.907460659170817726e-16
6.457883221149444580e+03 3.860419625653866088e-16
6.462718894958496094e+03 3.815354825881977141e-16
6.467554568767547607e+03 3.794571813729908814e-16
6.472390242576599121e+03 3.889819874555266836e-16
6.477225916385650635e+03 3.936071314546699855e-16
6.482061590194702148e+03 3.873873685229816581e-16
6.486897264003753662e+03 3.837452856684657769e-16
6.491732937812805176e+03 3.860137722501108017e-16
6.496568611621856689e+03 3.839144804996798234e-16
6.501404285430907294e+03 3.790463703935725457e-16
6.506239959239958807e+03 3.921773927792639300e-16
6.511075633049010321e+03 4.032331844441822783e-16
6.515911306858061835e+03 3.942483618655210926e-16
6.520746980667113348e+03 3.778601272207224998e-16
6.525582654476164862e+03 3.745127853620715134e-16
6.530418328285216376e+03 3.781000228332526787e-16
6.535254002094267889e+03 3.682805551641907867e-16
6.540089675903319403e+03 3.685457294162405861e-16
6.544925349712370917e+03 3.725888559015017769e-16
6.549761023521422430e+03 3.751624596326155617e-16
6.554596697330473944e+03 3.671422487621994139e-16
6.559432371139525458e+03 3.658160333948155948e-16
6.564268044948576971e+03 3.591519752125127852e-16
6.569103718757628485e+03 3.671776388575268826e-16
6.573939392566679999e+03 3.723125643420192648e-16
6.578775066375731512e+03 3.731340010123987243e-16
6.583610740184783026e+03 3.686958130665822075e-16
6.588446413993834540e+03 3.680419036313018876e-16
6.593282087802886053e+03 3.750968939885421585e-16
6.598117761611937567e+03 3.729515183518246259e-16
6.602953435420989081e+03 3.652153546863142874e-16
6.607789109230040594e+03 3.659907604099663959e-16
6.612624783039092108e+03 3.663554080937593722e-16
6.617460456848143622e+03 3.572964436624338335e-16
6.622296130657195135e+03 3.627810084656850299e-16
6.627131804466246649e+03 3.774262610632710862e-16
6.631967478275298163e+03 3.775026793169811851e-16
6.636803152084349676e+03 3.648855412324771442e-16
6.641638825893401190e+03 3.622326075718970738e-16
6.646474499702452704e+03 3.605427768421247446e-16
6.651310173511504217e+03 3.708216804757332894e-16
6.656145847320555731e+03 3.767214502418167032e-16
6.660981521129607245e+03 3.759187806451748468e-16
6.665817194938658758e+03 3.824552809595770791e-16
6.670652868747710272e+03 3.885652737152571696e-16
6.675488542556761786e+03 3.980102204727346523e-16
6.680324216365813299e+03 4.131574724404668900e-16
6.685159890174864813e+03 4.221167781515920399e-16
6.689995563983916327e+03 4.395845562876662385e-16
6.694831237792967841e+03 4.649647603516184752e-16
6.699666911602019354e+03 4.799480849742774041e-16
6.704502585411070868e+03 5.041765624579802076e-16
6.709338259220122382e+03 5.218484225947834891e-16
6.714173933029173895e+03 5.382296162782080305e-16
6.719009606838225409e+03 5.457681565692121001e-16
6.723845280647276923e+03 5.312863283908869205e-16
6.728680954456328436e+03 5.204241896335345865e-16
6.733516628265379950e+03 5.076222924874107013e-16
6.738352302074431464e+03 4.800287648625033762e-16
6.743187975883482977e+03 4.608622621507106783e-16
6.748023649692534491e+03 4.502681563816051270e-16
6.752859323501586005e+03 4.325228161366275349e-16
6.757694997310637518e+03 4.215356076706571831e-16
6.762530671119689032e+03 4.221180222312333197e-16
6.767366344928740546e+03 4.150176626717557403e-16
6.772202018737792059e+03 3.929158202208124680e-16
6.777037692546843573e+03 3.959166991342568439e-16
6.781873366355895087e+03 3.989786702990219362e-16
6.786709040164946600e+03 3.830627359316564210e-16
6.791544713973998114e+03 3.721242583299327932e-16
6.796380387783049628e+03 3.726023819588782440e-16
6.801216061592101141e+03 3.801446809585857546e-16
6.806051735401152655e+03 3.938290011472914088e-16
6.810887409210204169e+03 4.016828759226904935e-16
6.815723083019255682e+03 4.060129348188340785e-16
6.820558756828307196e+03 4.135533279944102669e-16
6.825394430637358710e+03 4.140721886141627292e-16
6.830230104446410223e+03 4.065708648332786454e-16
6.835065778255461737e+03 3.882641535025082658e-16
6.839901452064513251e+03 3.916495853740060941e-16
6.844737125873564764e+03 3.880330193870262486e-16
6.849572799682616278e+03 3.797541458303423188e-16
6.854408473491667792e+03 3.751898029149441146e-16
6.859244147300719305e+03 3.517864149312058047e-16
6.864079821109770819e+03 3.202016680588362163e-16
6.868915494918822333e+03 3.103165023968029127e-16
6.873751168727873846e+03 3.138771906790435761e-16
6.878586842536925360e+03 3.124511048332225547e-16
6.883422516345976874e+03 3.134444627221150354e-16
6.888258190155028387e+03 3.111135868699488110e-16
6.893093863964079901e+03 3.009641998679313691e-16
6.897929537773131415e+03 3.067542259277861475e-16
6.902765211582182928e+03 3.122243117615952157e-16
6.907600885391234442e+03 3.143899103099284447e-16
6.912436559200285956e+03 3.207413868649148158e-16
6.917272233009337469e+03 3.231889679753449218e-16
6.922107906818388983e+03 3.162477976703919474e-16
6.926943580627440497e+03 3.173464788123195801e-16
6.931779254436492010e+03 3.228167499345858601e-16
6.936614928245543524e+03 3.240402890268946970e-16
6.941450602054595038e+03 3.140677466223961919e-16
6.946286275863646551e+03 3.141608408372553599e-16
6.951121949672698065e+03 3.184258634849175757e-16
6.955957623481749579e+03 3.159515214273101542e-16
6.960793297290801092e+03 3.219648200781052459e-16
6.965628971099852606e+03 3.125099471532771268e-16
6.970464644908904120e+03 3.118707813852349521e-16
6.975300318717955633e+03 3.134072197422154479e-16
6.980135992527007147e+03 3.022384815277366589e-16
6.984971666336058661e+03 3.020692072871838073e-16
6.989807340145110174e+03 3.077819151208220291e-16
6.994643013954161688e+03 2.985599233169296393e-16
6.999478687763213202e+03 3.023494957833861756e-16
7.004314361572264716e+03 3.132550185095056908e-16
7.009150035381316229e+03 3.085753997039420967e-16
7.013985709190367743e+03 3.028023143030324042e-16
7.018821382999419257e+03 3.034743820071194881e-16
7.023657056808470770e+03 3.052900500691182843e-16
7.028492730617522284e+03 3.052050820765968373e-16
7.033328404426573798e+03 2.990814309146422713e-16
7.038164078235625311e+03 3.046171353320839461e-16
7.042999752044676825e+03 3.027937910340006578e-16
7.047835425853728339e+03 3.015586846480058794e-16
7.052671099662779852e+03 3.187988491492850865e-16
7.057506773471831366e+03 3.234199962117085322e-16
7.062342447280882880e+03 3.168665552383612138e-16
7.067178121089934393e+03 3.015187417505869188e-16
7.072013794898985907e+03 2.971438165780184576e-16
7.076849468708037421e+03 2.933463296474610139e-16
7.081685142517088934e+03 2.852315422545280031e-16
7.086520816326140448e+03 2.871525865091211546e-16
7.091356490135191962e+03 2.914288852828936932e-16
7.096192163944243475e+03 2.949476719040248704e-16
7.101027837753294989e+03 2.960475706558141811e-16
7.105863511562346503e+03 3.048979267540987467e-16
7.110699185371398016e+03 3.107643710676636240e-16
7.115534859180449530e+03 2.934022602917593994e-16
7.120370532989500134e+03 2.865064327192641319e-16
7.125206206798551648e+03 2.894080499592021445e-16
7.130041880607603161e+03 3.030700031841443648e-16
7.134877554416654675e+03 3.034406595079069263e-16
7.139713228225706189e+03 3.004838527774993757e-16
7.144548902034757702e+03 3.043983096641167179e-16
7.149384575843809216e+03 3.008886286471685245e-16
7.154220249652860730e+03 2.960995043633927104e-16
7.159055923461912244e+03 2.955674088538393996e-16
7.163891597270963757e+03 2.944366463390345103e-16
7.168727271080015271e+03 2.944095677545019744e-16
7.173562944889066785e+03 2.888361174313482799e-16
7.178398618698118298e+03 2.915648340709280084e-16
7.183234292507169812e+03 3.030391658909083880e-16
7.188069966316221326e+03 3.007763438420981263e-16
7.192905640125272839e+03 3.005762587780888995e-16
7.197741313934324353e+03 3.048913093091983224e-16
7.202576987743375867e+03 3.192049749777139218e-16
7.207412661552427380e+03 3.466861383882120437e-16
7.212248335361478894e+03 3.810369772289589566e-16
7.217084009170530408e+03 4.116487214729497692e-16
7.221919682979581921e+03 4.144708499647438860e-16
7.226755356788633435e+03 3.815403794974240280e-16
7.231591030597684949e+03 3.483294617152241915e-16
7.236426704406736462e+03 3.374316946345279735e-16
7.241262378215787976e+03 3.251118121749509886e-16
7.246098052024839490e+03 3.112679056850267039e-16
7.250933725833891003e+03 3.090418501600831992e-16
7.255769399642942517e+03 2.969023063089325752e-16
7.260605073451994031e+03 2.982899050952127293e-16
7.265440747261045544e+03 2.970109382844179392e-16
7.270276421070097058e+03 3.130058055345557146e-16
7.275112094879148572e+03 3.275088360063418535e-16
7.279947768688200085e+03 3.186898465968852987e-16
7.284783442497251599e+03 3.098520107043523358e-16
7.289619116306303113e+03 3.039701609790592708e-16
7.294454790115354626e+03 2.987043424344364975e-16
7.299290463924406140e+03 2.753704376221526419e-16
7.304126137733457654e+03 2.682174296710472874e-16
7.308961811542509167e+03 2.835474025273700387e-16
7.313797485351560681e+03 2.787863626797516250e-16
7.318633159160612195e+03 2.856730052387251037e-16
7.323468832969663708e+03 3.023759920327674742e-16
7.328304506778715222e+03 3.200367613319176447e-16
7.333140180587766736e+03 3.266509504494508574e-16
7.337975854396818249e+03 3.226029005851837510e-16
7.342811528205869763e+03 3.174048446763413217e-16
7.347647202014921277e+03 3.053510099715409922e-16
7.352482875823972790e+03 2.928921876388347004e-16
7.357318549633024304e+03 2.953484773067537646e-16
7.362154223442075818e+03 2.948119084044477671e-16
7.366989897251127331e+03 2.861668519167539625e-16
7.371825571060178845e+03 3.072145883346188598e-16
7.376661244869230359e+03 3.575990461828404323e-16
7.381496918678281872e+03 4.104095652106759312e-16
7.386332592487333386e+03 4.302405652695896277e-16
7.391168266296384900e+03 4.282599640108926582e-16
7.396003940105436413e+03 4.167483098016738861e-16
7.400839613914487927e+03 3.868103273276646660e-16
7.405675287723539441e+03 3.586496846747909851e-16
7.410510961532590954e+03 3.422811435460160548e-16
7.415346635341642468e+03 3.265186280212219747e-16
7.420182309150693982e+03 3.207131171403002036e-16
7.425017982959745495e+03 3.203790155821675855e-16
7.429853656768797009e+03 3.124856478956027691e-16
7.434689330577848523e+03 3.003007348422148367e-16
7.439525004386900036e+03 2.897679595524464170e-16
7.444360678195951550e+03 2.833405147300031759e-16
7.449196352005003064e+03 2.867446607356794038e-16
7.454032025814054577e+03 2.860517083754865811e-16
7.458867699623106091e+03 2.839848950446268849e-16
7.463703373432157605e+03 2.936855928126159629e-16
7.468539047241209119e+03 3.061942842100918516e-16
7.473374721050260632e+03 3.088346447253611160e-16
7.478210394859312146e+03 3.062981251554693085e-16
7.483046068668363660e+03 3.047121089012948345e-16
7.487881742477415173e+03 2.956439594564475070e-16
7.492717416286466687e+03 2.758158446035103954e-16
7.497553090095518201e+03 2.650904751973600293e-16
7.502388763904569714e+03 2.554300644339247339e-16
7.507224437713621228e+03 2.359343835430053335e-16
7.512060111522672742e+03 2.459459424026367398e-16
7.516895785331724255e+03 2.501182414123542114e-16
7.521731459140775769e+03 2.443255683745392632e-16
7.526567132949827283e+03 2.390244920834870297e-16
7.531402806758878796e+03 2.386087047855035750e-16
7.536238480567930310e+03 2.380184287003857344e-16
7.541074154376981824e+03 2.337281274132038981e-16
7.545909828186033337e+03 2.308954904189079076e-16
7.550745501995084851e+03 2.242048036383257909e-16
7.555581175804136365e+03 2.207786612458005528e-16
7.560416849613187878e+03 2.287017809646376765e-16
7.565252523422239392e+03 2.419052511370989051e-16
7.570088197231290906e+03 2.537680269727341864e-16
7.574923871040342419e+03 2.523803752468948289e-16
7.579759544849393933e+03 2.430266962894839971e-16
7.584595218658445447e+03 2.273147115739495563e-16
7.589430892467496960e+03 1.920835540380992092e-16
7.594266566276548474e+03 1.573772260573015071e-16
7.599102240085599988e+03 1.295695579154164541e-16
7.603937913894651501e+03 1.098912752499147478e-16
7.608773587703703015e+03 1.153704931576864014e-16
7.613609261512754529e+03 1.290348948372417788e-16
7.618444935321806042e+03 1.303604749299151571e-16
7.623280609130857556e+03 1.296868852135009756e-16
7.628116282939909070e+03 1.361092478382606909e-16
7.632951956748960583e+03 1.476849589141155696e-16
7.637787630558012097e+03 1.687583180786349094e-16
7.642623304367063611e+03 1.725970713955913985e-16
7.647458978176115124e+03 1.675601370351844982e-16
7.652294651985166638e+03 1.776072977483801867e-16
7.657130325794218152e+03 1.879933510498164005e-16
7.661965999603269665e+03 1.884107265345759570e-16
7.666801673412321179e+03 1.915910970234994395e-16
7.671637347221372693e+03 1.970321984486446496e-16
7.676473021030424206e+03 1.974067458300086605e-16
7.681308694839475720e+03 1.958538035654465068e-16
7.686144368648527234e+03 1.966931867463959168e-16
7.690980042457578747e+03 2.021506729651145772e-16
7.695815716266630261e+03 1.997604915717507510e-16
7.700651390075681775e+03 2.102954109136669081e-16
7.705487063884733288e+03 2.187449616092225794e-16
7.710322737693784802e+03 2.140919714019382924e-16
7.715158411502836316e+03 2.216800101807975352e-16
7.719994085311887829e+03 2.250631391814700158e-16
7.724829759120939343e+03 2.373322790735505478e-16
7.729665432929990857e+03 2.368998687539772274e-16
7.734501106739042370e+03 2.080528382462519445e-16
7.739336780548093884e+03 1.880332145378965560e-16
7.744172454357145398e+03 1.751010331365731188e-16
7.749008128166196911e+03 1.756145203910664367e-16
7.753843801975248425e+03 1.789838454016766324e-16
7.758679475784299939e+03 1.896503063133234222e-16
7.763515149593351452e+03 1.958950170122863489e-16
7.768350823402402966e+03 1.961537326381133342e-16
7.773186497211454480e+03 1.915858427722485027e-16
7.778022171020505994e+03 2.011667250828704998e-16
7.782857844829557507e+03 2.026832052260313160e-16
7.787693518638609021e+03 2.018058643811330728e-16
7.792529192447660535e+03 2.237315239790474506e-16
7.797364866256712048e+03 2.336079810835917960e-16
7.802200540065763562e+03 2.167974475750277311e-16
7.807036213874815076e+03 2.169270039112882365e-16
7.811871887683866589e+03 2.245133353893631698e-16
7.816707561492918103e+03 2.173068452485725868e-16
7.821543235301969617e+03 2.257627354563428645e-16
7.826378909111021130e+03 2.276698036673063200e-16
7.831214582920072644e+03 2.108083952423477937e-16
7.836050256729124158e+03 1.936836919196911885e-16
7.840885930538175671e+03 1.696848530089229063e-16
7.845721604347227185e+03 1.578343062114636089e-16
7.850557278156278699e+03 1.549170585666707943e-16
7.855392951965330212e+03 1.637604928175895162e-16
7.860228625774381726e+03 1.885472047182023062e-16
7.865064299583433240e+03 2.076541107212217835e-16
7.869899973392484753e+03 2.203522595661968177e-16
7.874735647201536267e+03 2.350602720112184973e-16
7.879571321010587781e+03 2.417800226098032771e-16
7.884406994819639294e+03 2.415927753889008734e-16
7.889242668628690808e+03 2.248921708750226556e-16
7.894078342437742322e+03 2.047897232262935576e-16
7.898914016246793835e+03 1.767623823834940221e-16
7.903749690055845349e+03 1.712171356105059356e-16
7.908585363864896863e+03 1.915160551983286288e-16
7.913421037673948376e+03 2.238268681251727628e-16
7.918256711482999890e+03 2.468056279045406512e-16
7.923092385292051404e+03 2.579626929462150919e-16
7.927928059101102917e+03 2.483262108635397305e-16
7.932763732910154431e+03 2.207782774339963282e-16
7.937599406719205945e+03 1.993738077964393621e-16
7.942435080528257458e+03 1.822224361708340472e-16
7.947270754337308972e+03 1.901989057304583910e-16
7.952106428146360486e+03 2.192520167072726850e-16
7.956942101955411999e+03 2.462242191955893791e-16
7.961777775764463513e+03 2.476842128290801743e-16
7.966613449573515027e+03 2.487061845497220893e-16
7.971449123382566540e+03 2.358323954821999954e-16
7.976284797191618054e+03 1.969360469742414857e-16
7.981120471000669568e+03 1.732789196832413094e-16
7.985956144809721081e+03 1.749695974459608929e-16
7.990791818618772595e+03 1.950282508443389835e-16
7.995627492427824109e+03 2.211938265039633676e-16
8.000463166236875622e+03 2.354444543923575259e-16
8.005298840045927136e+03 2.437096960125465818e-16
8.010134513854978650e+03 2.352512250012651386e-16
8.014970187664030163e+03 2.057049290909120282e-16
8.019805861473081677e+03 1.904072890703727497e-16
8.024641535282133191e+03 2.101409200450216042e-16
8.029477209091184704e+03 2.137659034219147893e-16
8.034312882900236218e+03 2.092942973793511302e-16
8.039148556709287732e+03 2.015021633648730035e-16
8.043984230518339245e+03 2.072870410525952519e-16
8.048819904327390759e+03 2.121937573322516045e-16
8.053655578136442273e+03 1.980191109462041171e-16
8.058491251945493786e+03 1.888847738174627465e-16
8.063326925754545300e+03 1.922316259851911016e-16
8.068162599563596814e+03 2.051622721392976404e-16
8.072998273372648327e+03 2.344811397033129711e-16
8.077833947181699841e+03 2.515305365030027487e-16
8.082669620990751355e+03 2.531028943509027471e-16
8.087505294799802869e+03 2.481930149325839918e-16
8.092340968608854382e+03 2.302437250357753252e-16
8.097176642417905896e+03 1.901875898996786655e-16
8.102012316226957410e+03 1.647265074241534440e-16
8.106847990036008923e+03 1.727857744543718956e-16
8.111683663845060437e+03 2.003764036384128350e-16
8.116519337654111951e+03 2.153004227198741620e-16
8.121355011463163464e+03 2.246451284220000186e-16
8.126190685272214978e+03 2.312776610967972072e-16
8.131026359081266492e+03 2.261298977691980020e-16
8.135862032890318005e+03 2.313002398187974547e-16
8.140697706699369519e+03 2.363216099487985573e-16
8.145533380508421033e+03 2.149649447332022557e-16
8.150369054317472546e+03 1.902811208659012615e-16
8.155204728126524060e+03 1.619224710267170870e-16
8.160040401935575574e+03 1.352127825776002217e-16
8.164876075744627087e+03 1.040990191111285264e-16
8.169711749553678601e+03 1.233755765490601795e-16
8.174547423362730115e+03 1.738630415446017555e-16
8.179383097171781628e+03 1.914346473911636101e-16
8.184218770980833142e+03 2.616970759222020902e-16
8.189054444789884656e+03 3.355969948009955572e-16
8.193890118598936169e+03 3.170703196017350765e-16
8.198725792407987683e+03 2.628055244128027490e-16
8.203561466217039197e+03 2.406845707809870515e-16
8.208397140026090710e+03 2.555512960245005056e-16
8.213232813835142224e+03 2.449932685649920672e-16
8.218068487644193738e+03 1.879817440514610564e-16
8.222904161453245251e+03 1.879817440514610564e-16
