3667.0168457  3.779000E-17
3672.5356082885  3.231072E-17
3678.054370877  4.093522E-17
3683.5731334655  3.924879E-17
3689.091896054  3.782367E-17
3694.6106586425  3.789422E-17
3700.129421231  4.320988E-17
3705.6481838195  3.516482E-17
3711.166946408  3.899559E-17
3716.6857089965  4.045071E-17
3722.204471585  4.421818E-17
3727.7232341735  4.652497E-17
3733.241996762  4.094833E-17
3738.7607593505  4.538592E-17
3744.279521939  4.621188E-17
3749.7982845275  3.754821E-17
3755.317047116  3.723457E-17
3760.8358097045  3.818639E-17
3766.354572293  3.797715E-17
3771.8733348815  3.249070E-17
3777.39209747  3.485242E-17
3782.9108600585  3.767044E-17
3788.429622647  2.823527E-17
3793.9483852355  3.326262E-17
3799.467147824  3.766183E-17
3804.9859104125  2.545481E-17
3810.504673001  2.809181E-17
3816.0234355895  2.850955E-17
3821.542198178  2.617972E-17
3827.0609607665  2.813105E-17
3832.579723355  2.562158E-17
3838.0984859435  3.035034E-17
3843.617248532  3.168554E-17
3849.1360111205  2.566821E-17
3854.654773709  3.109164E-17
3860.1735362975  2.786747E-17
3865.692298886  2.819267E-17
3871.2110614745  2.363544E-17
3876.729824063  2.752680E-17
3882.2485866515  3.004103E-17
3887.76734924  3.124502E-17
3893.2861118285  2.727985E-17
3898.804874417  2.211731E-17
3904.3236370055  2.644721E-17
3909.842399594  3.070065E-17
3915.3611621825  1.482342E-17
3920.879924771  2.299233E-17
3926.3986873595  2.090269E-17
3931.917449948  2.808201E-17
3937.4362125365  2.798474E-17
3942.954975125  2.927627E-17
3948.4737377135  2.638970E-17
3953.992500302  2.544902E-17
3959.5112628905  2.662377E-17
3965.030025479  3.258025E-17
3970.5487880675  3.381643E-17
3976.067550656  3.176486E-17
3981.5863132445  3.178415E-17
3987.105075833  3.380474E-17
3992.6238384215  3.155745E-17
3998.14260101  3.266043E-17
4003.6613635985  3.742074E-17
4009.180126187  3.619085E-17
4014.6988887755  4.124960E-17
4020.217651364  4.298727E-17
4025.7364139525  3.608818E-17
4031.255176541  4.218002E-17
4036.7739391295  4.856516E-17
4042.292701718  5.002152E-17
4047.8114643065  4.579902E-17
4053.330226895  5.259988E-17
4058.8489894835  5.134967E-17
4064.367752072  4.943904E-17
4069.8865146605  5.526092E-17
4075.405277249  4.821739E-17
4080.9240398375  5.244603E-17
4086.442802426  5.783293E-17
4091.9615650145  5.955604E-17
4097.480327603  5.442100E-17
4102.9990901915  5.488179E-17
4108.51785278  5.633068E-17
4114.0366153685  5.848287E-17
4119.555377957  5.625531E-17
4125.0741405455  5.105453E-17
4130.592903134  4.639185E-17
4136.1116657225  5.208771E-17
4141.630428311  4.742356E-17
4147.1491908995  5.215729E-17
4152.667953488  4.798660E-17
4158.1867160765  5.696305E-17
4163.705478665  5.417185E-17
4169.2242412535  5.156821E-17
4174.743003842  5.348395E-17
4180.2617664305  4.323771E-17
4185.780529019  5.455176E-17
4191.2992916075  4.681120E-17
4196.818054196  4.807684E-17
4202.3368167845  4.837209E-17
4207.855579373  4.890504E-17
4213.3743419615  5.229223E-17
4218.89310455  4.577468E-17
4224.4118671385  5.021866E-17
4229.930629727  4.472741E-17
4235.4493923155  4.879324E-17
4240.968154904  4.426634E-17
4246.4869174925  4.720844E-17
4252.005680081  4.342288E-17
4257.5244426695  4.132719E-17
4263.043205258  4.275693E-17
4268.5619678465  4.580297E-17
4274.080730435  4.662012E-17
4279.5994930235  4.164491E-17
4285.118255612  3.960668E-17
4290.6370182005  4.542689E-17
4296.155780789  3.763655E-17
4301.6745433775  3.962885E-17
4307.193305966  3.989339E-17
4312.7120685545  4.459166E-17
4318.230831143  4.088150E-17
4323.7495937315  3.688731E-17
4329.26835632  4.142254E-17
4334.7871189085  4.004715E-17
4340.305881497  3.758460E-17
4345.8246440855  3.864673E-17
4351.343406674  3.735762E-17
4356.8621692625  3.769541E-17
4362.380931851  3.894314E-17
4367.8996944395  3.965231E-17
4373.418457028  3.891332E-17
4378.9372196165  3.842990E-17
4384.455982205  4.105972E-17
4389.9747447935  4.086353E-17
4395.493507382  4.023370E-17
4401.0122699705  3.746345E-17
4406.531032559  4.069425E-17
4412.0497951475  3.926536E-17
4417.568557736  3.675763E-17
4423.0873203245  3.925859E-17
4428.606082913  3.964142E-17
4434.1248455015  3.490895E-17
4439.64360809  3.858497E-17
4445.1623706785  3.944628E-17
4450.681133267  3.999120E-17
4456.1998958555  4.596988E-17
4461.718658444  4.228512E-17
4467.2374210325  4.418084E-17
4472.756183621  4.430179E-17
4478.2749462095  4.534349E-17
4483.793708798  3.896570E-17
4489.3124713865  3.727551E-17
4494.831233975  4.084782E-17
4500.3499965635  3.829131E-17
4505.868759152  4.522730E-17
4511.3875217405  3.843195E-17
4516.906284329  3.819009E-17
4522.4250469175  3.529847E-17
4527.943809506  3.938039E-17
4533.4625720945  3.546859E-17
4538.981334683  3.564708E-17
4544.5000972715  3.729134E-17
4550.01885986  3.701987E-17
4555.5376224485  3.437951E-17
4561.056385037  3.487552E-17
4566.5751476255  3.646970E-17
4572.093910214  3.594073E-17
4577.6126728025  3.648902E-17
4583.131435391  3.546645E-17
4588.6501979795  3.825550E-17
4594.168960568  3.930245E-17
4599.6877231565  3.960564E-17
4605.206485745  3.708637E-17
4610.7252483335  4.066161E-17
4616.244010922  3.288420E-17
4621.7627735105  3.723926E-17
4627.281536099  4.357954E-17
4632.8002986875  4.052645E-17
4638.319061276  4.168603E-17
4643.8378238645  4.017672E-17
4649.356586453  4.579936E-17
4654.8753490415  4.234955E-17
4660.39411163  4.168300E-17
4665.9128742185  3.678042E-17
4671.431636807  4.592025E-17
4676.9503993955  4.521796E-17
4682.469161984  4.253153E-17
4687.9879245725  4.446440E-17
4693.506687161  4.614453E-17
4699.0254497495  4.753065E-17
4704.544212338  4.840895E-17
4710.0629749265  4.490465E-17
4715.581737515  4.970104E-17
4721.1005001035  4.738798E-17
4726.619262692  4.513108E-17
4732.1380252805  4.797167E-17
4737.656787869  4.798578E-17
4743.1755504575  4.497561E-17
4748.694313046  4.663674E-17
4754.2130756345  4.842823E-17
4759.731838223  4.601689E-17
4765.2506008115  4.212338E-17
4770.76936340001  4.273888E-17
4776.2881259885  4.497993E-17
4781.806888577  4.366173E-17
4787.3256511655  4.029270E-17
4792.844413754  3.954819E-17
4798.3631763425  4.220086E-17
4803.881938931  4.086022E-17
4809.4007015195  3.591976E-17
4814.919464108  4.007325E-17
4820.4382266965  3.828713E-17
4825.956989285  3.864993E-17
4831.4757518735  3.546427E-17
4836.994514462  3.707994E-17
4842.5132770505  3.681392E-17
4848.032039639  3.670303E-17
4853.5508022275  3.433477E-17
4859.069564816  3.368696E-17
4864.5883274045  2.779713E-17
4870.107089993  3.066094E-17
4875.6258525815  3.653705E-17
4881.14461517  3.373218E-17
4886.6633777585  3.067685E-17
4892.182140347  3.317877E-17
4897.7009029355  3.188977E-17
4903.219665524  3.269055E-17
4908.7384281125  3.301588E-17
4914.257190701  3.079419E-17
4919.7759532895  3.202142E-17
4925.294715878  3.027034E-17
4930.8134784665  2.765430E-17
4936.332241055  3.420659E-17
4941.8510036435  3.402783E-17
4947.369766232  3.246870E-17
4952.8885288205  3.097702E-17
4958.40729140901  3.337773E-17
4963.9260539975  3.059760E-17
4969.444816586  3.143561E-17
4974.9635791745  3.460867E-17
4980.482341763  3.428579E-17
4986.0011043515  3.142390E-17
4991.51986694  3.202550E-17
4997.0386295285  3.418896E-17
5002.557392117  3.773250E-17
5008.0761547055  3.466316E-17
5013.594917294  3.438574E-17
5019.11367988251  3.310844E-17
5024.632442471  3.599463E-17
5030.1512050595  3.572013E-17
5035.669967648  3.621290E-17
5041.1887302365  3.192063E-17
5046.707492825  3.204980E-17
5052.2262554135  3.525055E-17
5057.74501800201  3.506362E-17
5063.26378059051  3.267209E-17
5068.782543179  3.613564E-17
5074.3013057675  3.996498E-17
5079.82006835601  3.489683E-17
5085.3388309445  3.407778E-17
5090.857593533  4.060459E-17
5096.3763561215  3.758903E-17
5101.89511871001  3.721437E-17
5107.4138812985  3.660092E-17
5112.932643887  3.822490E-17
5118.4514064755  3.485407E-17
5123.970169064  3.604843E-17
5129.48893165251  3.954162E-17
5135.007694241  3.926330E-17
5140.5264568295  3.826340E-17
5146.045219418  3.767194E-17
5151.5639820065  3.532644E-17
5157.082744595  3.786599E-17
5162.6015071835  3.681630E-17
5168.120269772  3.909756E-17
5173.6390323605  3.437652E-17
5179.157794949  3.163627E-17
5184.6765575375  3.607609E-17
5190.19532012601  3.014297E-17
5195.7140827145  3.425529E-17
5201.232845303  3.533394E-17
5206.7516078915  3.081636E-17
5212.27037048  3.065528E-17
5217.7891330685  3.317727E-17
5223.30789565701  3.469238E-17
5228.82665824551  3.205745E-17
5234.34542083401  3.309265E-17
5239.8641834225  3.570550E-17
5245.382946011  3.491102E-17
5250.90170859951  3.634053E-17
5256.42047118801  3.775076E-17
5261.9392337765  3.315280E-17
5267.45799636501  3.300951E-17
5272.9767589535  3.539772E-17
5278.495521542  3.829724E-17
5284.01428413051  3.981723E-17
5289.53304671901  3.586316E-17
5295.0518093075  3.498152E-17
5300.57057189601  4.121924E-17
5306.0893344845  3.352876E-17
5311.608097073  3.517181E-17
5317.12685966151  3.663358E-17
5322.64562225  3.723476E-17
5328.1643848385  3.888599E-17
5333.683147427  3.544896E-17
5339.20191001551  3.663366E-17
5344.720672604  3.835262E-17
5350.2394351925  4.156363E-17
5355.75819778101  4.002869E-17
5361.27696036951  3.798411E-17
5366.795722958  4.007235E-17
5372.3144855465  3.809752E-17
5377.83324813501  3.891057E-17
5383.3520107235  4.222050E-17
5388.870773312  3.588894E-17
5394.38953590051  4.114118E-17
5399.90829848901  4.331556E-17
5405.42706107751  4.502795E-17
5410.945823666  4.477773E-17
5416.4645862545  3.960939E-17
5421.98334884301  3.806199E-17
5427.5021114315  3.841371E-17
5433.02087402  3.741511E-17
5438.53963660851  3.934611E-17
5444.058399197  4.088983E-17
5449.5771617855  3.971619E-17
5455.09592437401  4.215682E-17
5460.61468696251  4.161308E-17
5466.13344955101  3.851854E-17
5471.65221213951  3.604411E-17
5477.170974728  4.006450E-17
5482.6897373165  4.293620E-17
5488.20849990501  4.109091E-17
5493.72726249351  4.083108E-17
5499.246025082  3.916222E-17
5504.7647876705  3.993457E-17
5510.283550259  4.066695E-17
5515.8023128475  4.204248E-17
5521.321075436  3.890806E-17
5526.83983802451  3.999931E-17
5532.35860061301  4.274677E-17
5537.8773632015  3.696363E-17
5543.39612579  3.795977E-17
5548.91488837851  4.062013E-17
5554.43365096701  3.935683E-17
5559.9524135555  3.674484E-17
5565.47117614401  3.449913E-17
5570.98993873251  3.649007E-17
5576.50870132101  3.606402E-17
5582.0274639095  4.110377E-17
5587.546226498  3.958374E-17
5593.06498908651  3.873584E-17
5598.583751675  3.948997E-17
5604.1025142635  3.897314E-17
5609.62127685201  4.042512E-17
5615.14003944051  4.020045E-17
5620.658802029  3.610626E-17
5626.17756461751  3.804618E-17
5631.69632720601  3.611214E-17
5637.21508979451  3.673329E-17
5642.73385238301  3.928029E-17
5648.2526149715  3.863536E-17
5653.77137756  3.588406E-17
5659.29014014851  3.397888E-17
5664.808902737  3.183364E-17
5670.32766532551  3.409570E-17
5675.846427914  3.337890E-17
5681.3651905025  3.384766E-17
5686.883953091  3.648494E-17
5692.4027156795  3.829543E-17
5697.92147826801  3.638078E-17
5703.44024085651  3.652298E-17
5708.959003445  3.580204E-17
5714.4777660335  3.498905E-17
5719.99652862201  3.622161E-17
5725.51529121051  3.375937E-17
5731.03405379901  3.443991E-17
5736.55281638751  3.489449E-17
5742.07157897601  3.350628E-17
5747.59034156451  2.959123E-17
5753.10910415301  3.441930E-17
5758.6278667415  3.556701E-17
5764.14662933001  3.044084E-17
5769.6653919185  3.257126E-17
5775.184154507  3.448316E-17
5780.70291709551  3.042277E-17
5786.22167968401  3.025909E-17
5791.74044227251  3.459598E-17
5797.25920486101  3.517383E-17
5802.77796744951  3.250845E-17
5808.29673003801  3.320216E-17
5813.81549262651  3.128959E-17
5819.334255215  3.045561E-17
5824.8530178035  3.166919E-17
5830.37178039201  3.250699E-17
5835.89054298051  3.296997E-17
5841.409305569  3.197312E-17
5846.92806815751  2.860045E-17
5852.44683074601  2.949631E-17
5857.9655933345  3.276816E-17
5863.484355923  2.916872E-17
5869.00311851151  2.607016E-17
5874.52188110001  2.983079E-17
5880.04064368851  3.106344E-17
5885.55940627701  2.941348E-17
5891.07816886551  3.122238E-17
5896.59693145401  2.877827E-17
5902.1156940425  2.804058E-17
5907.63445663101  2.705610E-17
5913.15321921951  2.604923E-17
5918.67198180801  2.547062E-17
5924.19074439651  2.991725E-17
5929.70950698501  2.838672E-17
5935.22826957351  2.686862E-17
5940.74703216201  2.696881E-17
5946.2657947505  2.479014E-17
5951.78455733901  2.929032E-17
5957.30331992751  2.987861E-17
5962.82208251601  2.752046E-17
5968.34084510451  2.497451E-17
5973.85960769301  2.922421E-17
5979.37837028151  2.737875E-17
5984.89713287001  2.757831E-17
5990.41589545851  2.513331E-17
5995.934658047  2.433271E-17
6001.45342063551  2.828729E-17
6006.972183224  2.646714E-17
6012.49094581251  2.793180E-17
6018.00970840101  2.949426E-17
6023.52847098951  2.773983E-17
6029.04723357801  2.564193E-17
6034.5659961665  2.574657E-17
6040.08475875501  2.951391E-17
6045.60352134351  2.925836E-17
6051.12228393201  2.931819E-17
6056.64104652051  3.094244E-17
6062.15980910901  2.847071E-17
6067.6785716975  2.975229E-17
6073.19733428601  2.811657E-17
6078.71609687451  2.737065E-17
6084.23485946301  3.207103E-17
6089.75362205151  3.015626E-17
6095.27238464001  2.866250E-17
6100.7911472285  2.981537E-17
6106.30990981701  3.247111E-17
6111.82867240551  2.558139E-17
6117.34743499401  2.967690E-17
6122.86619758251  2.510682E-17
6128.38496017101  3.081634E-17
6133.90372275951  3.064579E-17
6139.42248534801  3.110702E-17
6144.94124793651  3.339457E-17
6150.46001052501  2.906027E-17
6155.97877311351  3.175476E-17
6161.497535702  3.124363E-17
6167.01629829051  2.837134E-17
6172.53506087901  3.125146E-17
6178.05382346751  2.994782E-17
6183.572586056  2.749786E-17
6189.09134864451  2.619120E-17
6194.61011123301  2.424852E-17
6200.12887382151  2.506603E-17
6205.64763641001  2.547395E-17
6211.16639899851  2.938186E-17
6216.68516158701  2.945172E-17
6222.2039241755  2.652832E-17
6227.72268676401  2.887842E-17
6233.24144935251  2.683770E-17
6238.76021194101  2.446575E-17
6244.2789745295  2.366388E-17
6249.79773711801  2.449234E-17
6255.31649970651  2.636664E-17
6260.83526229501  2.570635E-17
6266.35402488351  2.498171E-17
6271.872787472  2.454166E-17
6277.39155006051  2.277216E-17
6282.91031264901  2.789733E-17
6288.42907523751  2.289696E-17
6293.94783782601  2.113979E-17
6299.46660041451  1.924206E-17
6304.985363003  2.180267E-17
6310.50412559151  2.333007E-17
6316.02288818001  2.214300E-17
6321.54165076851  2.372135E-17
6327.06041335701  1.825540E-17
6332.57917594551  2.297799E-17
6338.097938534  1.964521E-17
6343.61670112251  2.133116E-17
6349.13546371101  2.034898E-17
6354.65422629951  2.123962E-17
6360.17298888801  1.815746E-17
6365.69175147651  1.971331E-17
6371.21051406501  1.751518E-17
6376.72927665351  1.745863E-17
6382.24803924201  1.463758E-17
6387.76680183051  1.407613E-17
6393.28556441901  1.490766E-17
6398.80432700751  1.316014E-17
6404.32308959601  1.306852E-17
6409.8418521845  1.756237E-17
6415.36061477301  1.971303E-17
6420.8793773615  1.576360E-17
6426.39813995001  1.601657E-17
6431.91690253851  1.609289E-17
6437.43566512701  1.461026E-17
6442.95442771551  1.444778E-17
6448.47319030401  1.558404E-17
6453.99195289251  1.589125E-17
6459.51071548101  1.448842E-17
6465.02947806951  1.141090E-17
6470.54824065801  1.187713E-17
6476.06700324651  1.138124E-17
6481.585765835  1.020030E-17
6487.10452842351  1.221877E-17
6492.62329101201  1.126325E-17
6498.14205360051  1.324418E-17
6503.66081618901  1.456604E-17
6509.17957877751  1.402543E-17
6514.69834136601  1.218455E-17
6520.21710395451  1.114380E-17
6525.73586654301  1.493130E-17
6531.25462913151  1.466778E-17
6536.77339172001  1.484207E-17
6542.29215430851  1.256813E-17
6547.81091689701  1.733962E-17
6553.32967948551  1.476324E-17
6558.84844207401  1.335257E-17
6564.36720466251  1.432021E-17
6569.88596725101  1.386777E-17
6575.40472983951  1.239390E-17
6580.92349242801  1.564870E-17
6586.44225501651  1.430448E-17
6591.96101760501  1.884657E-17
6597.47978019351  2.115124E-17
6602.99854278201  1.573961E-17
6608.51730537051  1.638977E-17
6614.03606795901  1.987331E-17
6619.55483054751  2.264278E-17
6625.07359313601  2.145809E-17
6630.59235572451  1.892958E-17
6636.11111831301  2.570917E-17
6641.62988090151  2.462382E-17
6647.14864349001  2.252194E-17
6652.66740607851  2.434640E-17
6658.18616866701  2.304922E-17
6663.70493125551  2.406475E-17
6669.22369384401  2.340968E-17
6674.74245643251  2.371262E-17
6680.26121902101  2.553281E-17
6685.77998160951  2.866802E-17
6691.29874419801  2.885242E-17
6696.81750678651  2.846110E-17
6702.33626937501  2.909774E-17
6707.85503196351  2.951530E-17
6713.37379455201  2.929349E-17
6718.89255714051  2.768889E-17
6724.41131972901  2.952943E-17
6729.93008231751  3.127319E-17
6735.44884490601  3.049501E-17
6740.96760749451  2.778934E-17
6746.48637008301  3.085172E-17
6752.0051326715  2.889036E-17
6757.52389526001  3.360065E-17
6763.04265784851  3.361166E-17
6768.56142043701  2.960353E-17
6774.08018302551  3.004774E-17
6779.59894561401  2.980291E-17
6785.11770820251  3.000306E-17
6790.63647079101  3.368567E-17
6796.15523337951  3.156777E-17
6801.67399596801  3.022414E-17
6807.19275855651  3.531503E-17
6812.71152114501  3.434333E-17
6818.23028373351  3.346355E-17
6823.74904632201  3.258069E-17
6829.26780891051  3.089772E-17
6834.78657149901  3.161913E-17
6840.30533408751  3.465857E-17
6845.82409667601  3.112527E-17
6851.34285926451  2.916370E-17
6856.86162185301  3.131746E-17
6862.38038444151  3.385470E-17
6867.89914703001  3.643942E-17
6873.41790961851  2.906607E-17
6878.93667220701  2.855744E-17
6884.45543479551  3.729339E-17
6889.97419738401  3.011933E-17
6895.49295997251  2.515942E-17
6901.01172256101  2.154616E-17
6906.53048514951  2.195831E-17
6912.04924773801  2.552911E-17
6917.56801032651  2.421300E-17
6923.086772915  2.696614E-17
6928.60553550351  2.691454E-17
6934.12429809201  2.164744E-17
6939.64306068051  2.674986E-17
6945.16182326901  3.094688E-17
6950.68058585751  2.902495E-17
6956.19934844601  2.646787E-17
6961.71811103451  3.211277E-17
6967.23687362301  2.921978E-17
6972.75563621151  3.163241E-17
6978.27439880001  3.011301E-17
6983.79316138851  2.832337E-17
6989.31192397701  3.118820E-17
6994.83068656551  3.001828E-17
7000.34944915401  2.894603E-17
7005.86821174251  2.484434E-17
7011.38697433101  2.559065E-17
7016.90573691951  2.812647E-17
7022.42449950801  2.735325E-17
7027.94326209651  2.837872E-17
7033.46202468501  2.732146E-17
7038.98078727351  2.450211E-17
7044.49954986201  2.782480E-17
7050.01831245051  3.080147E-17
7055.53707503901  2.765688E-17
7061.05583762751  2.421315E-17
7066.57460021601  2.508431E-17
7072.09336280451  2.893359E-17
7077.61212539301  2.387097E-17
7083.13088798151  2.307217E-17
7088.64965057001  2.385907E-17
7094.16841315851  2.830558E-17
7099.68717574701  2.622981E-17
7105.20593833551  2.322794E-17
7110.72470092401  2.288951E-17
7116.24346351251  2.289140E-17
7121.76222610101  2.102900E-17
7127.28098868951  2.259097E-17
7132.79975127801  2.512888E-17
7138.31851386651  2.158387E-17
7143.83727645501  1.939154E-17
7149.35603904351  2.318217E-17
7154.87480163201  2.239501E-17
7160.39356422051  2.488472E-17
7165.91232680901  2.289564E-17
7171.43108939751  2.305019E-17
7176.94985198601  2.454505E-17
7182.46861457451  2.399946E-17
7187.98737716301  2.473495E-17
7193.50613975151  2.437822E-17
7199.02490234001  2.331847E-17
7204.54366492851  2.068299E-17
7210.06242751701  2.286305E-17
7215.58119010551  2.536014E-17
7221.09995269401  2.399902E-17
7226.61871528251  1.961776E-17
7232.13747787101  2.034192E-17
7237.65624045951  2.472404E-17
7243.17500304801  2.481296E-17
7248.69376563651  2.277785E-17
7254.21252822501  2.426768E-17
7259.73129081351  2.127853E-17
7265.25005340201  2.543442E-17
7270.76881599051  1.992886E-17
7276.28757857901  2.460802E-17
7281.80634116751  2.234624E-17
7287.32510375601  2.274317E-17
7292.84386634451  2.081161E-17
7298.36262893301  2.086154E-17
7303.88139152151  2.248844E-17
7309.40015411001  1.818050E-17
7314.91891669851  2.011589E-17
7320.43767928701  2.254727E-17
7325.95644187551  2.154322E-17
7331.47520446401  2.487583E-17
7336.99396705251  2.778758E-17
7342.51272964101  2.227824E-17
7348.03149222951  1.959726E-17
7353.55025481801  2.284239E-17
7359.06901740651  2.198728E-17
7364.58777999501  2.521396E-17
7370.10654258351  2.033835E-17
7375.62530517201  1.771100E-17
7381.14406776051  2.012873E-17
7386.66283034901  1.396133E-17
7392.18159293751  1.928825E-17
7397.70035552601  2.304620E-17
7403.21911811451  1.661960E-17
7408.73788070301  1.797995E-17
7414.25664329151  1.520121E-17
7419.77540588001  2.045899E-17
7425.29416846851  2.215077E-17
7430.81293105701  1.991092E-17
7436.33169364551  1.686692E-17
7441.85045623401  2.023506E-17
7447.36921882251  2.108878E-17
7452.88798141101  2.645814E-17
7458.40674399951  2.052939E-17
7463.92550658801  1.852350E-17
7469.44426917651  2.308058E-17
7474.96303176501  2.079899E-17
7480.48179435351  1.947354E-17
7486.00055694201  1.890349E-17
7491.51931953051  2.186362E-17
7497.03808211901  1.996303E-17
7502.55684470751  1.584463E-17
7508.07560729601  2.109265E-17
7513.59436988451  1.852403E-17
7519.11313247301  1.755487E-17
7524.63189506151  2.239241E-17
7530.15065765001  2.157988E-17
7535.66942023851  1.755812E-17
7541.18818282701  2.051355E-17
7546.70694541551  1.943021E-17
7552.22570800401  1.578312E-17
7557.74447059251  1.639905E-17
7563.26323318101  1.726375E-17
7568.78199576951  2.150506E-17
7574.30075835801  1.693498E-17
7579.81952094651  2.033031E-17
7585.33828353501  2.181478E-17
7590.85704612351  1.592966E-17
7596.37580871201  1.711627E-17
7601.89457130051  2.057649E-17
7607.41333388901  2.057704E-17
7612.93209647751  1.473947E-17
7618.45085906601  1.699727E-17
7623.96962165451  1.931960E-17
7629.48838424301  1.530146E-17
7635.00714683151  1.748868E-17
7640.52590942001  2.043296E-17
7646.04467200851  1.956353E-17
7651.56343459701  1.834281E-17
7657.08219718551  1.620233E-17
7662.60095977401  1.655987E-17
7668.11972236251  1.541708E-17
7673.63848495101  1.480400E-17
7679.15724753951  1.689225E-17
7684.67601012801  2.201925E-17
7690.19477271651  1.488050E-17
7695.71353530501  1.496994E-17
7701.23229789351  1.280595E-17
7706.75106048201  1.601902E-17
7712.26982307051  1.707101E-17
7717.78858565901  2.105486E-17
7723.30734824751  2.340480E-17
7728.82611083601  1.890208E-17
7734.34487342451  1.577671E-17
7739.86363601301  1.426480E-17
7745.38239860151  1.785497E-17
7750.90116119001  1.982155E-17
7756.41992377851  1.926193E-17
7761.93868636701  2.159898E-17
7767.45744895551  1.949331E-17
7772.97621154401  1.628469E-17
7778.49497413251  1.717975E-17
7784.01373672101  1.713438E-17
7789.53249930951  1.840804E-17
7795.05126189801  2.137605E-17
7800.57002448651  1.700684E-17
7806.08878707501  1.510942E-17
7811.60754966351  1.505397E-17
7817.12631225201  1.798134E-17
7822.64507484051  2.197097E-17
7828.16383742901  1.609033E-17
7833.68260001751  1.611691E-17
7839.20136260601  1.700929E-17
7844.72012519451  1.254101E-17
7850.23888778301  1.638509E-17
7855.75765037151  1.923245E-17
7861.27641296001  1.755351E-17
7866.79517554851  1.814393E-17
7872.31393813701  1.594013E-17
7877.83270072551  1.424508E-17
7883.35146331401  1.603837E-17
7888.87022590251  1.633856E-17
7894.38898849101  1.491260E-17
7899.90775107951  1.825259E-17
7905.42651366801  1.675418E-17
7910.94527625651  1.422168E-17
7916.46403884501  1.665111E-17
7921.98280143351  1.860546E-17
7927.50156402201  1.745422E-17
7933.02032661051  1.431192E-17
7938.53908919901  1.273388E-17
7944.05785178751  1.685134E-17
7949.57661437601  1.521305E-17
7955.09537696451  1.406972E-17
7960.61413955301  1.759159E-17
7966.13290214151  1.377041E-17
7971.65166473001  1.095695E-17
7977.17042731851  9.741640E-18
7982.68918990701  1.206942E-17
7988.20795249551  1.363302E-17
7993.72671508401  1.602519E-17
7999.24547767251  1.298276E-17
8004.76424026101  1.689310E-17
8010.28300284951  1.902102E-17
8015.80176543801  1.334700E-17
8021.32052802651  1.543322E-17
8026.83929061501  1.733656E-17
8032.35805320351  1.483753E-17
8037.87681579201  1.330274E-17
8043.39557838051  1.693482E-17
8048.91434096901  1.372240E-17
8054.43310355751  1.205331E-17
8059.95186614601  1.845445E-17
8065.47062873451  1.446367E-17
8070.98939132301  1.479313E-17
8076.50815391151  1.808144E-17
8082.02691650001  1.633566E-17
8087.54567908851  1.127371E-17
8093.06444167701  1.794002E-17
8098.58320426551  1.907078E-17
8104.10196685401  1.606167E-17
8109.62072944251  1.714258E-17
8115.13949203101  1.402927E-17
8120.65825461951  1.031133E-17
8126.17701720801  1.474660E-17
8131.69577979651  1.410303E-17
8137.21454238501  1.625595E-17
8142.73330497351  1.476290E-17
8148.25206756201  1.580408E-17
8153.77083015051  1.718992E-17
8159.28959273901  1.389924E-17
8164.80835532751  1.827042E-17
8170.32711791601  1.770340E-17
8175.84588050451  1.453444E-17
8181.36464309301  1.600411E-17
8186.88340568151  2.048270E-17
8192.40216827001  2.280429E-17
8197.92093085851  1.670389E-17
8203.43969344701  1.153494E-17
8208.95845603551  1.386153E-17
8214.47721862401  1.474852E-17
8219.99598121251  1.700597E-17
8225.51474380101  1.701464E-17
8231.03350638951  1.415764E-17
8236.55226897801  4.588756E-18
8242.07103156651  1.728367E-17
8247.58979415501  1.372873E-17
8253.10855674351  1.165427E-17
8258.62731933201  1.136570E-17
8264.14608192051  1.622507E-17
8269.66484450901  1.439558E-17
8275.18360709751  1.090441E-17
8280.70236968601  1.822871E-17
8286.22113227451  7.338419E-18
8291.73989486301  1.335750E-17
8297.25865745151  1.439942E-17
8302.77742004001  1.416268E-17
8308.29618262851  8.524237E-18
8313.81494521701  6.089458E-18
8319.33370780551  9.212028E-18
8324.85247039401  9.819847E-18
8330.37123298251  1.004364E-17
8335.88999557101  1.264303E-17
8341.40875815951  1.519019E-17
8346.92752074801  1.660487E-17
8352.44628333651  9.776707E-18
8357.96504592501  1.798937E-18
8363.48380851351  3.432648E-18
8369.00257110201  9.888572E-18
8374.52133369051  1.108509E-17
8380.04009627901  5.042407E-18
8385.55885886751  4.422873E-18
8391.07762145601  3.358181E-18
8396.59638404451  3.906573E-18
8402.11514663301  8.714796E-18
8407.63390922151  5.555632E-18
8413.15267181001  9.593185E-18
8418.67143439851  1.182405E-17
8424.19019698701  1.550590E-17
8429.70895957551  1.676705E-18
8435.22772216401  9.245940E-18
8440.74648475251  4.567722E-18
8446.26524734101  1.672721E-17
8451.78400992951  1.059140E-17
8457.30277251801  -2.778486E-18
8462.82153510651  6.790941E-18
8468.34029769501  5.799575E-18
8473.85906028351  6.208136E-18
8479.37782287201  1.110304E-17
8484.89658546051  4.659596E-18
8490.41534804901  7.128964E-18
8495.93411063751  1.551494E-17
8501.45287322601  1.108589E-17
8506.97163581451  5.843743E-18
8512.49039840301  2.380415E-18
8518.00916099151  3.850194E-18
8523.52792358001  3.717451E-18
8529.04668616851  6.636128E-18
8534.56544875701  7.561669E-18
8540.08421134551  3.625536E-18
8545.60297393401  8.098451E-18
8551.12173652251  6.182061E-18
8556.64049911101  9.945406E-18
8562.15926169951  8.670712E-18
8567.67802428801  6.247102E-18
8573.19678687651  1.833507E-18
8578.71554946501  1.176458E-17
8584.23431205351  7.859242E-18
8589.75307464201  6.747895E-18
8595.27183723051  9.306114E-18
8600.79059981901  1.157491E-17
8606.30936240751  7.914834E-18
8611.82812499601  5.950030E-18
8617.34688758451  7.172321E-18
8622.86565017301  5.716008E-18
8628.38441276151  1.231583E-17
8633.90317535001  1.374068E-17
8639.42193793851  1.274686E-17
8644.94070052701  6.783379E-18
8650.45946311551  6.868053E-18
8655.97822570401  1.696843E-17
8661.49698829251  4.326120E-18
8667.01575088101  5.330570E-18
8672.53451346951  8.069509E-18
8678.05327605801  6.567256E-18
8683.57203864651  1.059206E-17
8689.09080123501  6.041543E-18
8694.60956382351  8.144004E-18
8700.12832641201  -2.011765E-19
8705.64708900051  7.232224E-18
8711.16585158901  1.214393E-17
8716.68461417751  8.204205E-18
8722.20337676601  5.305398E-18
8727.72213935451  7.605661E-18
8733.24090194301  7.344521E-18
8738.75966453151  5.917087E-18
8744.27842712001  1.742370E-17
8749.79718970851  1.088831E-17
8755.31595229701  2.221702E-17
8760.83471488551  1.444336E-17
8766.35347747401  1.111565E-18
8771.87224006251  1.269601E-17
8777.39100265101  6.201604E-18
8782.90976523951  1.345360E-17
8788.42852782801  1.101346E-17
8793.94729041651  8.589213E-18
8799.46605300501  1.544828E-17
8804.98481559351  1.305308E-17
8810.50357818201  9.567088E-18
8816.02234077051  7.237313E-18
8821.54110335901  1.230874E-17
8827.05986594751  1.488637E-17
8832.57862853601  1.034002E-17
8838.09739112451  1.510399E-17
8843.61615371301  1.409471E-17
8849.13491630151  1.391297E-17
8854.65367889001  9.665386E-18
8860.17244147851  1.096371E-17
8865.69120406701  1.575385E-17
8871.20996665551  8.602793E-18
8876.72872924401  1.374537E-17
8882.24749183251  1.350572E-17
8887.76625442101  1.681988E-17
8893.28501700951  1.190524E-17
8898.80377959801  1.087989E-17
8904.32254218651  1.457830E-17
8909.84130477501  9.929099E-18
8915.36006736351  1.143934E-17
8920.87882995201  1.729578E-17
8926.39759254051  9.653992E-18
8931.91635512901  1.205648E-17
8937.43511771751  1.457903E-17
8942.95388030601  1.552100E-17
8948.47264289451  1.103825E-17
8953.99140548301  8.963794E-18
8959.51016807151  1.781637E-17
8965.02893066001  1.265697E-17
8970.54769324851  1.295819E-17
8976.06645583701  1.508737E-17
8981.58521842551  1.550149E-17
8987.10398101401  8.259834E-18
8992.62274360251  5.374318E-18
8998.14150619101  1.359507E-17
9003.66026877951  9.347944E-18
9009.17903136801  1.415864E-17
9014.69779395651  1.280726E-17
9020.21655654501  1.498032E-17
9025.73531913351  1.407275E-17
9031.25408172201  1.616229E-17
9036.77284431051  2.073840E-17
9042.29160689901  1.525497E-17
9047.81036948751  5.261406E-18
9053.32913207601  1.515701E-17
9058.84789466451  1.643453E-17
9064.36665725301  8.241913E-18
9069.88541984151  1.747938E-17
9075.40418243001  1.375102E-17
9080.92294501851  1.584063E-17
9086.44170760701  3.086738E-18
9091.96047019551  3.247147E-18
9097.47923278401  7.538557E-18
9102.99799537251  1.314588E-17
9108.51675796101  1.231985E-17
9114.03552054951  1.147913E-17
9119.55428313801  1.701486E-17
9125.07304572651  9.753921E-18
9130.59180831501  3.894564E-18
9136.11057090351  1.024430E-17
9141.62933349201  1.729339E-17
9147.14809608051  1.645760E-17
9152.66685866901  3.714886E-18
9158.18562125751  2.063309E-18
9163.70438384601  1.590948E-17
9169.22314643451  1.577724E-17
9174.74190902301  9.397214E-18
9180.26067161151  1.620135E-17
9185.77943420001  1.629438E-17
9191.29819678851  7.750416E-18
9196.81695937701  3.580054E-18
9202.33572196551  1.448450E-17
9207.85448455401  2.534439E-17
9213.37324714251  -8.855437E-19
9218.89200973101  9.454971E-18
9224.41077231951  1.258591E-17
9229.92953490801  1.335347E-17
9235.44829749651  1.740815E-17
9240.96706008501  1.567089E-17
9246.48582267351  1.413822E-17
9252.00458526201  1.410529E-17
9257.52334785051  1.535414E-17
9263.04211043901  1.698405E-17
