3326.92932195401  3.793727E-17
3330.98436289647  1.530756E-17
3335.03940383892  -2.660006E-17
3339.09444478138  5.796863E-17
3343.14948572383  6.178210E-18
3347.20452666629  2.048046E-17
3351.25956760874  5.712914E-17
3355.3146085512  -1.131388E-17
3359.36964949365  6.983235E-17
3363.42469043611  2.525769E-17
3367.47973137856  1.233279E-17
3371.53477232102  -4.572379E-18
3375.58981326347  3.758975E-17
3379.64485420593  5.439765E-17
3383.69989514838  3.383120E-17
3387.75493609084  1.306937E-17
3391.80997703329  1.439299E-17
3395.86501797575  -4.363103E-18
3399.9200589182  1.656891E-17
3403.97509986066  4.120130E-18
3408.03014080311  2.372291E-17
3412.08518174557  5.940402E-17
3416.14022268802  6.252008E-17
3420.19526363048  3.675635E-17
3424.25030457293  3.511378E-17
3428.30534551538  -2.966888E-18
3432.36038645784  1.946237E-17
3436.4154274003  4.023165E-17
3440.47046834275  2.205554E-17
3444.52550928521  5.025970E-17
3448.58055022766  3.417949E-17
3452.63559117011  1.927335E-17
3456.69063211257  3.280855E-19
3460.74567305502  3.631965E-17
3464.80071399748  -1.325554E-17
3468.85575493993  5.614193E-17
3472.91079588239  9.451120E-18
3476.96583682484  3.237052E-18
3481.0208777673  2.954306E-17
3485.07591870975  1.819456E-17
3489.13095965221  3.237174E-17
3493.18600059466  3.949911E-17
3497.24104153712  4.212622E-17
3501.29608247957  1.198255E-17
3505.35112342203  2.852300E-17
3509.40616436448  -1.988471E-18
3513.46120530694  1.353935E-17
3517.51624624939  1.573268E-17
3521.57128719185  5.686685E-19
3525.6263281343  2.040929E-17
3529.68136907676  1.243325E-17
3533.73641001921  1.332656E-17
3537.79145096167  -3.308009E-19
3541.84649190412  9.124338E-18
3545.90153284658  3.566371E-17
3549.95657378903  1.898283E-17
3554.01161473149  1.784182E-18
3558.06665567394  1.354169E-17
3562.1216966164  1.455120E-17
3566.17673755885  2.416709E-17
3570.2317785013  3.892546E-17
3574.28681944376  5.156775E-17
3578.34186038622  1.881826E-17
3582.39690132867  9.345809E-18
3586.45194227112  2.018812E-17
3590.50698321358  3.448189E-17
3594.56202415604  2.479442E-17
3598.61706509849  3.114193E-17
3602.67210604094  2.611542E-17
3606.7271469834  2.862099E-17
3610.78218792585  1.830615E-17
3614.83722886831  1.647405E-17
3618.89226981076  -1.484905E-18
3622.94731075322  2.399741E-17
3627.00235169567  1.428278E-17
3631.05739263813  1.717259E-17
3635.11243358058  2.296513E-17
3639.16747452304  2.604470E-17
3643.22251546549  9.239021E-18
3647.27755640795  2.127558E-17
3651.3325973504  9.546552E-18
3655.38763829286  2.430287E-17
3659.44267923531  6.301478E-18
3663.49772017777  2.327751E-18
3667.55276112022  1.334536E-17
3671.60780206268  1.797652E-17
3675.66284300513  2.233464E-17
3679.71788394759  2.841443E-17
3683.77292489004  1.964851E-17
3687.8279658325  3.297043E-17
3691.88300677495  1.063313E-17
3695.93804771741  2.084456E-17
3699.99308865986  1.178394E-17
3704.04812960232  1.352481E-17
3708.10317054477  2.157348E-17
3712.15821148723  1.908323E-17
3716.21325242968  3.241848E-17
3720.26829337214  1.640707E-17
3724.32333431459  1.737090E-17
3728.37837525705  2.343259E-17
3732.4334161995  2.059378E-17
3736.48845714195  2.108244E-17
3740.54349808441  2.106613E-17
3744.59853902687  1.540338E-17
3748.65357996932  3.102841E-17
3752.70862091177  2.167871E-17
3756.76366185423  2.959374E-17
3760.81870279668  1.586449E-17
3764.87374373914  2.052838E-17
3768.92878468159  2.329811E-17
3772.98382562405  2.583958E-17
3777.0388665665  1.840771E-17
3781.09390750896  2.962174E-17
3785.14894845141  3.145074E-17
3789.20398939387  1.671737E-17
3793.25903033632  2.295306E-17
3797.31407127878  2.016800E-17
3801.36911222123  2.186900E-17
3805.42415316369  1.971284E-17
3809.47919410614  1.897470E-17
3813.5342350486  2.378469E-17
3817.58927599105  2.942522E-17
3821.64431693351  2.272779E-17
3825.69935787596  2.667998E-17
3829.75439881842  2.601557E-17
3833.80943976087  2.215716E-17
3837.86448070333  2.082972E-17
3841.91952164578  2.443200E-17
3845.97456258824  1.570993E-17
3850.02960353069  2.059106E-17
3854.08464447315  1.874016E-17
3858.1396854156  2.342169E-17
3862.19472635806  1.562519E-17
3866.24976730051  1.619648E-17
3870.30480824297  1.634697E-17
3874.35984918542  2.698213E-17
3878.41489012788  2.107046E-17
3882.46993107033  2.085241E-17
3886.52497201278  2.462325E-17
3890.58001295524  2.904386E-17
3894.63505389769  2.112751E-17
3898.69009484015  2.424929E-17
3902.7451357826  2.118647E-17
3906.80017672506  2.085334E-17
3910.85521766751  2.721150E-17
3914.91025860997  2.579828E-17
3918.96529955242  2.371981E-17
3923.02034049488  3.330598E-17
3927.07538143733  4.116074E-17
3931.13042237979  4.306270E-17
3935.18546332224  4.230223E-17
3939.2405042647  4.341451E-17
3943.29554520715  3.752108E-17
3947.35058614961  3.783560E-17
3951.40562709206  3.473440E-17
3955.46066803452  2.936613E-17
3959.51570897697  3.866678E-17
3963.57074991943  3.530787E-17
3967.62579086188  4.662873E-17
3971.68083180434  4.847165E-17
3975.73587274679  4.584880E-17
3979.79091368925  4.023262E-17
3983.8459546317  3.630903E-17
3987.90099557416  3.748401E-17
3991.95603651661  4.385579E-17
3996.01107745907  3.000094E-17
4000.06611840152  3.507766E-17
4004.12115934398  2.921256E-17
4008.17620028643  3.822836E-17
4012.23124122889  3.832612E-17
4016.28628217134  3.855393E-17
4020.34132311379  4.317176E-17
4024.39636405625  5.228205E-17
4028.45140499871  3.609149E-17
4032.50644594116  5.021339E-17
4036.56148688362  3.852733E-17
4040.61652782607  3.965984E-17
4044.67156876853  3.560772E-17
4048.72660971098  3.982727E-17
4052.78165065343  4.574769E-17
4056.83669159589  3.503365E-17
4060.89173253834  4.397417E-17
4064.9467734808  4.101690E-17
4069.00181442325  4.671716E-17
4073.05685536571  4.333204E-17
4077.11189630816  3.889305E-17
4081.16693725062  2.693067E-17
4085.22197819307  3.186378E-17
4089.27701913553  3.133839E-17
4093.33206007798  4.014556E-17
4097.38710102044  4.583672E-17
4101.44214196289  5.960259E-17
4105.49718290535  6.730260E-17
4109.5522238478  6.779140E-17
4113.60726479026  5.664295E-17
4117.66230573271  3.924312E-17
4121.71734667517  4.294611E-17
4125.77238761762  4.772233E-17
4129.82742856008  4.166161E-17
4133.88246950253  3.870529E-17
4137.93751044499  3.595513E-17
4141.99255138744  3.794170E-17
4146.0475923299  2.974037E-17
4150.10263327235  3.379471E-17
4154.15767421481  3.356736E-17
4158.21271515726  4.372425E-17
4162.26775609972  4.496446E-17
4166.32279704217  5.026128E-17
4170.37783798463  5.415561E-17
4174.43287892708  5.447633E-17
4178.48791986953  5.207903E-17
4182.54296081199  5.182778E-17
4186.59800175445  4.298146E-17
4190.6530426969  4.204593E-17
4194.70808363936  3.774660E-17
4198.76312458181  3.934267E-17
4202.81816552427  2.971556E-17
4206.87320646672  3.511384E-17
4210.92824740917  3.201835E-17
4214.98328835163  3.525080E-17
4219.03832929408  3.104515E-17
4223.09337023654  3.741137E-17
4227.14841117899  4.282557E-17
4231.20345212145  4.849175E-17
4235.2584930639  4.322831E-17
4239.31353400636  4.866650E-17
4243.36857494881  4.354395E-17
4247.42361589127  4.699404E-17
4251.47865683372  4.138304E-17
4255.53369777618  3.526205E-17
4259.58873871863  2.867224E-17
4263.64377966109  3.160402E-17
4267.69882060354  3.981672E-17
4271.753861546  3.613359E-17
4275.80890248845  2.912111E-17
4279.86394343091  3.491437E-17
4283.91898437336  3.884589E-17
4287.97402531582  3.207628E-17
4292.02906625827  3.665831E-17
4296.08410720072  3.749828E-17
4300.13914814318  3.808954E-17
4304.19418908564  3.989056E-17
4308.24923002809  3.829475E-17
4312.30427097055  4.324884E-17
4316.359311913  3.881090E-17
4320.41435285546  3.611817E-17
4324.46939379791  3.987886E-17
4328.52443474037  4.513780E-17
4332.57947568282  6.269939E-17
4336.63451662528  6.899041E-17
4340.68955756773  8.761647E-17
4344.74459851019  9.731396E-17
4348.79963945264  9.346122E-17
4352.8546803951  7.788394E-17
4356.90972133755  6.572117E-17
4360.96476228  5.069694E-17
4365.01980322246  4.592666E-17
4369.07484416491  3.693138E-17
4373.12988510737  3.573769E-17
4377.18492604982  3.501309E-17
4381.23996699228  3.912693E-17
4385.29500793473  4.668441E-17
4389.35004887719  4.694892E-17
4393.40508981964  5.259750E-17
4397.4601307621  5.024344E-17
4401.51517170455  4.309767E-17
4405.57021264701  4.817877E-17
4409.62525358946  4.563529E-17
4413.68029453192  4.836418E-17
4417.73533547437  4.385519E-17
4421.79037641683  4.559939E-17
4425.84541735928  4.090906E-17
4429.90045830174  4.861547E-17
4433.95549924419  3.908074E-17
4438.01054018665  4.193622E-17
4442.0655811291  3.164454E-17
4446.12062207156  3.852411E-17
4450.17566301401  5.150013E-17
4454.23070395647  4.676584E-17
4458.28574489892  4.749754E-17
4462.34078584138  4.845694E-17
4466.39582678383  5.061315E-17
4470.45086772629  5.071523E-17
4474.50590866874  4.790422E-17
4478.5609496112  4.805529E-17
4482.61599055365  4.083029E-17
4486.67103149611  4.410383E-17
4490.72607243856  4.032296E-17
4494.78111338102  3.666176E-17
4498.83615432347  4.048124E-17
4502.89119526592  4.292168E-17
4506.94623620838  3.908492E-17
4511.00127715083  3.980862E-17
4515.05631809329  4.691976E-17
4519.11135903574  4.857495E-17
4523.1663999782  4.565328E-17
4527.22144092065  4.212865E-17
4531.27648186311  4.691410E-17
4535.33152280556  4.307638E-17
4539.38656374802  5.069949E-17
4543.44160469047  5.297561E-17
4547.49664563293  5.756931E-17
4551.55168657538  5.348061E-17
4555.60672751784  5.787854E-17
4559.66176846029  5.968706E-17
4563.71680940275  6.748838E-17
4567.7718503452  7.024970E-17
4571.82689128766  7.013229E-17
4575.88193223011  8.119164E-17
4579.93697317257  8.035201E-17
4583.99201411502  7.850751E-17
4588.04705505748  7.891028E-17
4592.10209599993  6.626540E-17
4596.15713694239  6.612245E-17
4600.21217788484  5.775758E-17
4604.2672188273  4.993328E-17
4608.32225976975  4.994272E-17
4612.37730071221  4.995381E-17
4616.43234165466  5.767191E-17
4620.48738259711  6.277046E-17
4624.54242353957  6.385488E-17
4628.59746448203  5.705378E-17
4632.65250542448  5.742032E-17
4636.70754636693  4.483039E-17
4640.76258730939  4.431312E-17
4644.81762825185  5.159129E-17
4648.8726691943  4.622332E-17
4652.92771013676  5.016821E-17
4656.98275107921  5.301583E-17
4661.03779202166  5.535282E-17
4665.09283296412  5.633952E-17
4669.14787390657  5.667194E-17
4673.20291484903  5.161845E-17
4677.25795579148  4.945375E-17
4681.31299673394  4.238563E-17
4685.36803767639  4.389487E-17
4689.42307861885  4.371224E-17
4693.4781195613  3.969349E-17
4697.53316050376  3.782965E-17
4701.58820144621  4.026263E-17
4705.64324238867  4.798456E-17
4709.69828333112  5.146888E-17
4713.75332427358  4.522357E-17
4717.80836521603  3.956490E-17
4721.86340615849  4.018215E-17
4725.91844710094  3.698234E-17
4729.9734880434  4.056303E-17
4734.02852898585  3.958720E-17
4738.08356992831  4.085995E-17
4742.13861087076  3.273388E-17
4746.19365181322  2.660070E-17
4750.24869275567  3.494752E-17
4754.30373369813  3.422927E-17
4758.35877464058  4.128788E-17
4762.41381558304  4.456412E-17
4766.46885652549  4.140698E-17
4770.52389746795  3.852239E-17
4774.5789384104  3.970127E-17
4778.63397935285  3.965258E-17
4782.68902029531  3.951900E-17
4786.74406123777  4.388418E-17
4790.79910218022  3.623107E-17
4794.85414312268  3.057258E-17
4798.90918406513  4.178372E-17
4802.96422500758  4.141646E-17
4807.01926595004  3.104103E-17
4811.0743068925  3.796277E-17
4815.12934783495  3.457066E-17
4819.18438877741  2.645129E-17
4823.23942971986  3.240466E-17
4827.29447066231  3.227358E-17
4831.34951160477  3.464553E-17
4835.40455254722  4.076946E-17
4839.45959348968  5.703295E-17
4843.51463443213  1.040879E-16
4847.56967537459  1.613116E-16
4851.62471631704  2.346894E-16
4855.6797572595  3.211867E-16
4859.73479820195  3.945764E-16
4863.78983914441  4.278488E-16
4867.84488008686  3.855303E-16
4871.89992102932  2.960034E-16
4875.95496197177  2.232548E-16
4880.01000291423  1.537299E-16
4884.06504385668  1.016409E-16
4888.12008479914  8.179245E-17
4892.17512574159  7.332824E-17
4896.23016668405  5.961593E-17
4900.2852076265  5.949265E-17
4904.34024856896  5.803624E-17
4908.39528951141  5.924192E-17
4912.45033045387  6.818967E-17
4916.50537139632  6.927137E-17
4920.56041233878  7.698285E-17
4924.61545328123  7.301866E-17
4928.67049422368  7.900650E-17
4932.72553516614  6.517141E-17
4936.7805761086  6.641295E-17
4940.83561705105  5.699240E-17
4944.8906579935  4.324594E-17
4948.94569893596  4.631431E-17
4953.00073987842  3.870200E-17
4957.05578082087  3.371340E-17
4961.11082176332  3.486421E-17
4965.16586270578  3.461820E-17
4969.22090364823  2.785977E-17
4973.27594459069  2.783023E-17
4977.33098553314  2.713652E-17
4981.3860264756  2.852208E-17
4985.44106741805  3.508791E-17
4989.49610836051  3.657570E-17
4993.55114930296  3.833345E-17
4997.60619024542  5.390405E-17
5001.66123118787  5.190614E-17
5005.71627213033  6.539910E-17
5009.77131307278  7.033117E-17
5013.82635401524  8.003129E-17
5017.88139495769  8.745452E-17
5021.93643590015  7.644273E-17
5025.9914768426  7.729222E-17
5030.04651778506  7.143374E-17
5034.10155872751  6.315417E-17
5038.15659966997  6.590151E-17
5042.21164061242  5.731075E-17
5046.26668155488  5.598595E-17
5050.32172249733  5.664164E-17
5054.37676343979  4.935911E-17
5058.43180438224  5.099417E-17
5062.4868453247  4.382206E-17
5066.54188626715  3.915404E-17
5070.59692720961  4.165958E-17
5074.65196815206  3.985860E-17
5078.70700909452  3.749094E-17
5082.76205003697  4.216720E-17
5086.81709097943  4.384963E-17
5090.87213192188  3.509060E-17
5094.92717286434  3.477754E-17
5098.98221380679  4.312610E-17
5103.03725474924  3.941377E-17
5107.0922956917  3.925738E-17
5111.14733663415  3.928960E-17
5115.20237757661  3.844340E-17
5119.25741851906  4.066793E-17
5123.31245946152  3.759373E-17
5127.36750040398  4.370441E-17
5131.42254134643  4.109887E-17
5135.47758228888  3.912674E-17
5139.53262323134  4.442146E-17
5143.5876641738  4.993860E-17
5147.64270511625  4.359390E-17
5151.6977460587  4.484831E-17
5155.75278700116  6.427616E-17
5159.80782794361  5.588319E-17
5163.86286888607  6.362169E-17
5167.91790982852  7.247042E-17
5171.97295077098  7.208330E-17
5176.02799171343  7.135419E-17
5180.08303265589  7.597437E-17
5184.13807359834  7.091080E-17
5188.1931145408  6.132106E-17
5192.24815548325  6.219821E-17
5196.30319642571  6.365159E-17
5200.35823736816  6.405726E-17
5204.41327831062  5.959668E-17
5208.46831925307  7.002839E-17
5212.52336019553  6.360193E-17
5216.57840113798  6.803727E-17
5220.63344208044  7.047079E-17
5224.68848302289  6.788387E-17
5228.74352396535  7.303646E-17
5232.7985649078  7.207140E-17
5236.85360585026  6.830839E-17
5240.90864679271  6.282889E-17
5244.96368773517  5.907690E-17
5249.01872867762  6.283349E-17
5253.07376962008  6.341434E-17
5257.12881056253  6.484430E-17
5261.18385150499  6.992739E-17
5265.23889244744  7.393725E-17
5269.29393338989  7.897162E-17
5273.34897433235  7.678344E-17
5277.4040152748  7.630500E-17
5281.45905621726  7.172864E-17
5285.51409715971  6.976333E-17
5289.56913810217  4.941757E-17
5293.62417904462  5.743978E-17
5297.67921998708  5.501128E-17
5301.73426092953  5.934027E-17
5305.78930187199  6.703239E-17
5309.84434281444  6.570249E-17
5313.8993837569  6.236567E-17
5317.95442469935  6.426448E-17
5322.00946564181  6.854512E-17
5326.06450658426  6.702021E-17
5330.11954752672  5.992129E-17
5334.17458846917  6.121883E-17
5338.22962941163  6.663578E-17
5342.28467035408  6.334190E-17
5346.33971129654  5.559353E-17
5350.39475223899  5.533426E-17
5354.44979318145  5.336234E-17
5358.5048341239  5.189262E-17
5362.55987506636  5.649246E-17
5366.61491600881  5.553437E-17
5370.66995695127  5.399287E-17
5374.72499789372  5.142177E-17
5378.78003883618  4.743430E-17
5382.83507977863  5.128181E-17
5386.89012072109  4.376318E-17
5390.94516166354  4.827041E-17
5395.000202606  4.858868E-17
5399.05524354845  5.205594E-17
5403.11028449091  4.828497E-17
5407.16532543336  5.363439E-17
5411.22036637581  4.763558E-17
5415.27540731827  5.440494E-17
5419.33044826073  5.068157E-17
5423.38548920318  5.284171E-17
5427.44053014564  5.192258E-17
5431.49557108809  5.343700E-17
5435.55061203054  5.007313E-17
5439.605652973  4.780794E-17
5443.66069391545  5.049702E-17
5447.71573485791  4.602837E-17
5451.77077580036  4.420092E-17
5455.82581674282  4.223705E-17
5459.88085768527  4.144923E-17
5463.93589862773  4.577151E-17
5467.99093957019  4.126335E-17
5472.04598051264  4.311717E-17
5476.10102145509  4.042001E-17
5480.15606239755  4.107229E-17
5484.21110334  4.055117E-17
5488.26614428246  4.357579E-17
5492.32118522491  4.175521E-17
5496.37622616737  4.600322E-17
5500.43126710982  4.693883E-17
5504.48630805228  4.534617E-17
5508.54134899473  5.159365E-17
5512.59638993719  5.383829E-17
5516.65143087964  4.879252E-17
5520.7064718221  4.671285E-17
5524.76151276455  5.287345E-17
5528.816553707  6.204886E-17
5532.87159464946  4.576829E-17
5536.92663559192  4.794110E-17
5540.98167653437  6.872030E-17
5545.03671747683  7.181849E-17
5549.09175841928  3.900858E-17
5553.14679936174  2.746272E-17
5557.20184030419  4.049864E-17
5561.25688124665  4.173330E-17
5565.3119221891  3.911528E-17
5569.36696313156  3.703818E-17
5573.42200407401  4.479286E-17
5577.47704501647  4.054821E-17
5581.53208595892  3.844314E-17
5585.58712690137  3.893286E-17
5589.64216784383  3.723047E-17
5593.69720878628  3.820350E-17
5597.75224972874  3.378363E-17
5601.80729067119  2.711959E-17
5605.86233161365  3.144213E-17
5609.9173725561  3.924809E-17
5613.97241349856  3.715291E-17
5618.02745444101  3.476968E-17
5622.08249538347  3.202089E-17
5626.13753632592  3.159500E-17
5630.19257726838  3.414738E-17
5634.24761821083  3.255117E-17
5638.30265915329  3.198776E-17
5642.35770009574  3.056889E-17
5646.4127410382  3.269610E-17
5650.46778198065  3.572811E-17
5654.52282292311  3.863665E-17
5658.57786386556  3.783122E-17
5662.63290480802  3.355243E-17
5666.68794575047  3.834624E-17
5670.74298669293  4.297009E-17
5674.79802763538  4.109801E-17
5678.85306857784  3.980886E-17
5682.90810952029  4.222818E-17
5686.96315046275  3.893097E-17
5691.0181914052  3.900607E-17
5695.07323234766  4.126036E-17
5699.12827329011  3.845306E-17
5703.18331423257  3.281100E-17
5707.23835517502  2.969155E-17
5711.29339611747  3.265094E-17
5715.34843705993  3.405814E-17
5719.40347800238  4.007114E-17
5723.45851894484  3.611485E-17
5727.5135598873  3.482426E-17
5731.56860082975  3.092478E-17
5735.6236417722  3.958356E-17
5739.67868271466  3.740644E-17
5743.73372365711  3.873498E-17
5747.78876459957  4.438682E-17
5751.84380554202  3.520203E-17
5755.89884648448  2.897927E-17
5759.95388742693  3.087820E-17
5764.00892836939  3.038044E-17
5768.06396931184  3.224826E-17
5772.1190102543  3.116388E-17
5776.17405119675  3.119094E-17
5780.22909213921  2.831805E-17
5784.28413308166  2.787055E-17
5788.33917402412  2.431631E-17
5792.39421496657  3.099966E-17
5796.44925590903  2.331102E-17
5800.50429685148  2.132130E-17
5804.55933779394  1.822684E-17
5808.61437873639  2.387743E-17
5812.66941967885  2.460011E-17
5816.7244606213  2.488251E-17
5820.77950156376  2.532220E-17
5824.83454250621  2.588552E-17
5828.88958344867  2.196526E-17
5832.94462439112  2.032167E-17
5836.99966533358  2.437607E-17
5841.05470627603  2.633340E-17
5845.10974721849  2.347641E-17
5849.16478816094  2.668247E-17
5853.2198291034  2.890938E-17
5857.27487004585  3.239944E-17
5861.32991098831  4.072327E-17
5865.38495193076  4.529163E-17
5869.43999287322  6.106462E-17
5873.49503381567  7.293847E-17
5877.55007475812  7.465924E-17
5881.60511570058  7.774171E-17
5885.66015664303  8.669978E-17
5889.71519758549  1.014834E-16
5893.77023852795  1.012624E-16
5897.8252794704  9.614766E-17
5901.88032041285  9.319905E-17
5905.93536135531  8.259665E-17
5909.99040229776  7.243078E-17
5914.04544324022  7.172638E-17
5918.10048418267  6.122295E-17
5922.15552512513  5.785208E-17
5926.21056606758  5.253742E-17
5930.26560701004  4.673543E-17
5934.32064795249  4.730017E-17
5938.37568889495  4.630218E-17
5942.4307298374  4.470352E-17
5946.48577077986  4.216165E-17
5950.54081172231  3.849779E-17
5954.59585266477  3.911972E-17
5958.65089360722  3.877280E-17
5962.70593454968  4.138180E-17
5966.76097549213  3.859360E-17
5970.81601643459  3.446186E-17
5974.87105737704  4.154923E-17
5978.9260983195  4.265643E-17
5982.98113926195  4.125452E-17
5987.03618020441  3.988503E-17
5991.09122114686  4.182414E-17
5995.14626208932  4.152519E-17
5999.20130303177  4.413893E-17
6003.25634397423  4.027407E-17
6007.31138491668  3.830128E-17
6011.36642585914  3.656790E-17
6015.42146680159  3.752518E-17
6019.47650774404  3.667779E-17
6023.5315486865  3.286265E-17
6027.58658962896  3.532858E-17
6031.64163057141  3.780255E-17
6035.69667151386  3.943937E-17
6039.75171245632  3.920531E-17
6043.80675339877  4.044382E-17
6047.86179434123  3.614129E-17
6051.91683528368  3.182411E-17
6055.97187622614  3.015464E-17
6060.02691716859  3.640331E-17
6064.08195811105  3.409847E-17
6068.1369990535  3.246299E-17
6072.19203999596  3.774401E-17
6076.24708093841  3.816386E-17
6080.30212188087  3.595764E-17
6084.35716282332  3.946542E-17
6088.41220376578  3.847502E-17
6092.46724470823  3.139571E-17
6096.52228565069  3.422075E-17
6100.57732659314  4.044291E-17
6104.6323675356  3.640087E-17
6108.68740847805  3.823028E-17
6112.74244942051  4.116095E-17
6116.79749036296  4.101201E-17
6120.85253130542  4.622817E-17
6124.90757224787  4.863237E-17
6128.96261319033  4.518265E-17
6133.01765413278  4.004917E-17
6137.07269507524  5.192247E-17
6141.12773601769  5.409985E-17
6145.18277696015  5.199381E-17
6149.2378179026  5.801813E-17
6153.29285884506  5.290580E-17
6157.34789978751  4.955332E-17
6161.40294072997  4.902615E-17
6165.45798167242  4.065404E-17
6169.51302261487  3.685238E-17
6173.56806355733  4.275426E-17
6177.62310449978  3.606674E-17
6181.67814544224  4.344586E-17
6185.73318638469  3.996866E-17
6189.78822732715  3.598026E-17
6193.84326826961  3.760975E-17
6197.89830921206  4.074322E-17
6201.95335015452  3.485032E-17
6206.00839109697  3.450475E-17
6210.06343203942  3.819384E-17
6214.11847298188  3.302217E-17
6218.17351392433  3.773888E-17
6222.22855486679  3.777619E-17
6226.28359580924  3.925739E-17
6230.3386367517  3.482424E-17
6234.39367769415  4.521236E-17
6238.44871863661  3.627438E-17
6242.50375957906  5.059403E-17
6246.55880052152  4.820117E-17
6250.61384146397  4.986817E-17
6254.66888240643  4.574106E-17
6258.72392334888  5.069626E-17
6262.77896429134  4.959465E-17
6266.83400523379  3.532742E-17
6270.88904617625  4.149432E-17
6274.9440871187  4.407328E-17
6278.99912806116  3.726220E-17
6283.05416900361  3.927158E-17
6287.10920994607  4.098207E-17
6291.16425088852  3.704555E-17
6295.21929183098  4.501904E-17
6299.27433277343  4.582779E-17
6303.32937371588  5.276406E-17
6307.38441465834  4.956941E-17
6311.4394556008  3.975770E-17
6315.49449654325  4.135961E-17
6319.54953748571  4.047024E-17
6323.60457842816  4.059570E-17
6327.65961937061  4.854716E-17
6331.71466031307  4.361104E-17
6335.76970125552  4.296496E-17
6339.82474219798  4.194327E-17
6343.87978314043  3.024594E-17
6347.93482408289  4.030289E-17
6351.98986502534  4.035481E-17
6356.0449059678  4.031632E-17
6360.09994691025  4.071574E-17
6364.15498785271  4.108487E-17
6368.21002879516  4.384419E-17
6372.26506973762  4.677424E-17
6376.32011068007  4.685318E-17
6380.37515162253  4.222742E-17
6384.43019256498  4.288002E-17
6388.48523350744  4.222275E-17
6392.54027444989  3.897861E-17
6396.59531539235  3.847901E-17
6400.6503563348  3.844786E-17
6404.70539727726  4.478506E-17
6408.76043821971  4.236460E-17
6412.81547916217  4.224735E-17
6416.87052010462  4.515250E-17
6420.92556104708  4.513330E-17
6424.98060198953  4.566194E-17
6429.03564293199  4.711724E-17
6433.09068387444  4.678283E-17
6437.1457248169  4.129206E-17
6441.20076575935  4.664568E-17
6445.2558067018  3.898778E-17
6449.31084764426  4.178768E-17
6453.36588858672  4.177140E-17
6457.42092952917  4.861048E-17
6461.47597047163  4.417486E-17
6465.53101141408  4.886484E-17
6469.58605235654  4.307521E-17
6473.64109329899  3.332767E-17
6477.69613424145  4.205559E-17
6481.7511751839  5.031564E-17
6485.80621612635  4.584580E-17
6489.86125706881  4.309892E-17
6493.91629801126  5.184457E-17
6497.97133895372  4.573075E-17
6502.02637989617  5.833701E-17
6506.08142083863  6.400126E-17
6510.13646178108  8.191351E-17
6514.19150272354  9.310069E-17
6518.24654366599  1.232164E-16
6522.30158460845  1.577589E-16
6526.3566255509  2.364242E-16
6530.41166649336  3.494083E-16
6534.46670743581  5.008501E-16
6538.52174837827  6.965580E-16
6542.57678932072  9.135032E-16
6546.63183026318  1.168240E-15
6550.68687120563  1.477672E-15
6554.74191214809  1.904508E-15
6558.79695309054  2.353330E-15
6562.851994033  2.625108E-15
6566.90703497545  2.614418E-15
6570.96207591791  2.341932E-15
6575.01711686036  1.905108E-15
6579.07215780282  1.501646E-15
6583.12719874527  1.144626E-15
6587.18223968773  8.452380E-16
6591.23728063018  6.335133E-16
6595.29232157264  4.702727E-16
6599.34736251509  3.533032E-16
6603.40240345755  2.872859E-16
6607.4574444  2.394162E-16
6611.51248534245  2.037162E-16
6615.56752628491  1.768684E-16
6619.62256722737  1.650846E-16
6623.67760816982  1.357969E-16
6627.73264911228  1.217475E-16
6631.78769005473  1.102938E-16
6635.84273099719  9.842564E-17
6639.89777193964  8.770186E-17
6643.95281288209  7.986083E-17
6648.00785382455  7.580213E-17
6652.062894767  7.230550E-17
6656.11793570946  7.299501E-17
6660.17297665191  7.043010E-17
6664.22801759437  6.852491E-17
6668.28305853682  6.807634E-17
6672.33809947928  7.877068E-17
6676.39314042173  7.797928E-17
6680.44818136419  7.293551E-17
6684.50322230664  6.968207E-17
6688.5582632491  5.845095E-17
6692.61330419155  5.234640E-17
6696.66834513401  5.447395E-17
6700.72338607646  5.265094E-17
6704.77842701892  5.059495E-17
6708.83346796137  4.898460E-17
6712.88850890383  3.695228E-17
6716.94354984628  4.849108E-17
6720.99859078874  5.116962E-17
6725.05363173119  3.736900E-17
6729.10867267365  4.066314E-17
6733.1637136161  3.457050E-17
6737.21875455856  4.067294E-17
6741.27379550101  4.271765E-17
6745.32883644347  3.804544E-17
6749.38387738592  3.735584E-17
6753.43891832838  3.592711E-17
6757.49395927083  3.863487E-17
6761.54900021328  3.455448E-17
6765.60404115574  3.961078E-17
6769.65908209819  3.894984E-17
6773.71412304065  3.879011E-17
6777.76916398311  3.358613E-17
6781.82420492556  4.028599E-17
6785.87924586801  3.972583E-17
6789.93428681047  3.997496E-17
6793.98932775293  4.158558E-17
6798.04436869538  3.669748E-17
6802.09940963784  3.221064E-17
6806.15445058029  3.658375E-17
6810.20949152275  4.429471E-17
6814.2645324652  4.024357E-17
6818.31957340765  4.006198E-17
6822.37461435011  3.909655E-17
6826.42965529256  3.876565E-17
6830.48469623502  4.100778E-17
6834.53973717747  4.710449E-17
6838.59477811993  3.773755E-17
6842.64981906238  4.378508E-17
6846.70486000484  3.971283E-17
6850.75990094729  3.331279E-17
6854.81494188975  4.455888E-17
6858.8699828322  4.194857E-17
6862.92502377466  3.411114E-17
6866.98006471711  3.220751E-17
6871.03510565957  3.561619E-17
6875.09014660202  4.345321E-17
6879.14518754448  3.896342E-17
6883.20022848693  2.969869E-17
6887.25526942939  3.563796E-17
6891.31031037184  3.317501E-17
6895.3653513143  3.569898E-17
6899.42039225675  4.172975E-17
6903.47543319921  4.048594E-17
6907.53047414166  3.825997E-17
6911.58551508412  3.213421E-17
6915.64055602657  2.850801E-17
6919.69559696903  3.308168E-17
6923.75063791148  3.796668E-17
6927.80567885393  3.281201E-17
6931.86071979639  3.664403E-17
6935.91576073885  3.339331E-17
6939.9708016813  3.678945E-17
6944.02584262375  2.865245E-17
6948.08088356621  3.196138E-17
6952.13592450866  3.673694E-17
6956.19096545112  3.449323E-17
6960.24600639358  3.484924E-17
6964.30104733603  3.389746E-17
6968.35608827848  3.561936E-17
6972.41112922094  3.267030E-17
6976.46617016339  3.458430E-17
6980.52121110585  3.861097E-17
6984.5762520483  3.879256E-17
6988.63129299076  3.303987E-17
6992.68633393321  3.511511E-17
6996.74137487567  3.258812E-17
7000.79641581812  3.700690E-17
7004.85145676058  4.116454E-17
7008.90649770303  4.079855E-17
7012.96153864549  3.900800E-17
7017.01657958794  3.965621E-17
7021.0716205304  4.422258E-17
7025.12666147285  4.063665E-17
7029.18170241531  4.439086E-17
7033.23674335776  4.568319E-17
7037.29178430022  3.445414E-17
7041.34682524267  4.017334E-17
7045.40186618513  4.507979E-17
7049.45690712758  5.395872E-17
7053.51194807004  5.486180E-17
7057.56698901249  5.705664E-17
7061.62202995495  6.780869E-17
7065.6770708974  6.869952E-17
7069.73211183986  6.268987E-17
7073.78715278231  5.890185E-17
7077.84219372476  5.076270E-17
7081.89723466722  4.475233E-17
7085.95227560967  4.518685E-17
7090.00731655213  4.348441E-17
7094.06235749458  4.289163E-17
7098.11739843704  4.388406E-17
7102.17243937949  4.447250E-17
7106.22748032195  4.262114E-17
7110.2825212644  3.986266E-17
7114.33756220686  4.438641E-17
7118.39260314932  4.360825E-17
7122.44764409177  4.241103E-17
7126.50268503422  4.650381E-17
7130.55772597668  3.810889E-17
7134.61276691913  4.262076E-17
7138.66780786159  5.006222E-17
7142.72284880404  4.323324E-17
7146.7778897465  3.985721E-17
7150.83293068895  4.297873E-17
7154.88797163141  4.337381E-17
7158.94301257386  4.294488E-17
7162.99805351632  4.309576E-17
7167.05309445877  4.453457E-17
7171.10813540123  4.545023E-17
7175.16317634368  4.321731E-17
7179.21821728614  3.972916E-17
7183.27325822859  4.497507E-17
7187.32829917105  4.305788E-17
7191.3833401135  3.808095E-17
7195.43838105596  3.824878E-17
7199.49342199841  4.528739E-17
7203.54846294087  4.164980E-17
7207.60350388332  4.285353E-17
7211.65854482578  3.755460E-17
7215.71358576823  4.163489E-17
7219.76862671069  4.179898E-17
7223.82366765314  4.066344E-17
7227.87870859559  3.809451E-17
7231.93374953805  4.092696E-17
7235.98879048051  4.003566E-17
7240.04383142296  3.906812E-17
7244.09887236542  5.533193E-17
7248.15391330787  4.678133E-17
7252.20895425032  4.894483E-17
7256.26399519278  5.536969E-17
7260.31903613523  6.544627E-17
7264.37407707769  6.537271E-17
7268.42911802014  6.652752E-17
7272.4841589626  6.926907E-17
7276.53919990506  7.711367E-17
7280.59424084751  7.958715E-17
7284.64928178996  8.286199E-17
7288.70432273242  8.227289E-17
7292.75936367487  8.155426E-17
7296.81440461733  9.162580E-17
7300.86944555978  8.175040E-17
7304.92448650224  7.218693E-17
7308.97952744469  6.915430E-17
7313.03456838715  7.057063E-17
7317.0896093296  7.935339E-17
7321.14465027206  7.094023E-17
7325.19969121451  6.692953E-17
7329.25473215697  5.636459E-17
7333.30977309942  5.725364E-17
7337.36481404188  6.551395E-17
7341.41985498433  5.797089E-17
7345.47489592678  5.663868E-17
7349.52993686924  5.178064E-17
7353.5849778117  5.687232E-17
7357.64001875415  5.362877E-17
7361.69505969661  4.639634E-17
7365.75010063906  4.997905E-17
7369.80514158152  4.959066E-17
7373.86018252397  5.111625E-17
7377.91522346643  4.427875E-17
7381.97026440888  4.923859E-17
7386.02530535134  4.832939E-17
7390.08034629379  4.543798E-17
7394.13538723625  4.743027E-17
7398.1904281787  3.813214E-17
7402.24546912115  4.145028E-17
7406.30051006361  4.255907E-17
7410.35555100606  4.372268E-17
7414.41059194852  4.757576E-17
7418.46563289097  3.443139E-17
7422.52067383343  3.552245E-17
