3362.5888671875  5.067312E-17
3366.65996741195  -1.188882E-17
3370.7310676364  1.356587E-16
3374.80216786085  1.391330E-16
3378.87326808529  7.435619E-17
3382.94436830974  1.152031E-16
3387.01546853419  7.217889E-17
3391.08656875864  9.947407E-17
3395.15766898308  1.083995E-16
3399.22876920753  6.215938E-17
3403.29986943198  7.455330E-17
3407.37096965643  6.639260E-17
3411.44206988087  7.840403E-17
3415.51317010532  1.002620E-16
3419.58427032977  7.477354E-17
3423.65537055422  6.558135E-17
3427.72647077866  5.379220E-17
3431.79757100311  5.334412E-17
3435.86867122756  8.461880E-17
3439.93977145201  1.056743E-16
3444.01087167645  4.473298E-17
3448.0819719009  1.127511E-16
3452.15307212535  1.028383E-16
3456.2241723498  8.489385E-17
3460.29527257424  8.166957E-17
3464.36637279869  7.012428E-17
3468.43747302314  7.402320E-17
3472.50857324759  8.837415E-17
3476.57967347203  8.688393E-17
3480.65077369648  5.767596E-17
3484.72187392093  6.785625E-17
3488.79297414538  7.452081E-17
3492.86407436982  9.375479E-17
3496.93517459427  9.018637E-17
3501.00627481872  8.197308E-17
3505.07737504317  7.618079E-17
3509.14847526761  1.066355E-16
3513.21957549206  1.030415E-16
3517.29067571651  9.849941E-17
3521.36177594096  8.400316E-17
3525.4328761654  9.037545E-17
3529.50397638985  9.973365E-17
3533.5750766143  7.690099E-17
3537.64617683875  9.397491E-17
3541.71727706319  8.610777E-17
3545.78837728764  8.191080E-17
3549.85947751209  7.609649E-17
3553.93057773654  9.015985E-17
3558.00167796098  8.134445E-17
3562.07277818543  8.289497E-17
3566.14387840988  6.874629E-17
3570.21497863433  9.501415E-17
3574.28607885877  5.449645E-17
3578.35717908322  6.683342E-17
3582.42827930767  7.360119E-17
3586.49937953212  8.190404E-17
3590.57047975656  9.162520E-17
3594.64157998101  7.891452E-17
3598.71268020546  8.721661E-17
3602.78378042991  8.199982E-17
3606.85488065435  8.825730E-17
3610.9259808788  9.288514E-17
3614.99708110325  9.962865E-17
3619.0681813277  8.058713E-17
3623.13928155215  8.691120E-17
3627.21038177659  8.504076E-17
3631.28148200104  8.581723E-17
3635.35258222549  1.063183E-16
3639.42368244993  9.330987E-17
3643.49478267438  1.006871E-16
3647.56588289883  9.882237E-17
3651.63698312328  8.728763E-17
3655.70808334773  8.858059E-17
3659.77918357217  8.682102E-17
3663.85028379662  1.039539E-16
3667.92138402107  9.301711E-17
3671.99248424551  9.516082E-17
3676.06358446996  8.956064E-17
3680.13468469441  9.070245E-17
3684.20578491886  1.091694E-16
3688.2768851433  9.124028E-17
3692.34798536775  8.723784E-17
3696.4190855922  6.906892E-17
3700.49018581665  8.522830E-17
3704.56128604109  9.951756E-17
3708.63238626554  1.076760E-16
3712.70348648999  8.857069E-17
3716.77458671444  9.857651E-17
3720.84568693889  9.506715E-17
3724.91678716333  1.086854E-16
3728.98788738778  1.018003E-16
3733.05898761223  1.016601E-16
3737.13008783668  8.529032E-17
3741.20118806112  8.844924E-17
3745.27228828557  8.388472E-17
3749.34338851002  8.036019E-17
3753.41448873447  7.875293E-17
3757.48558895891  8.390577E-17
3761.55668918336  9.075315E-17
3765.62778940781  8.888049E-17
3769.69888963226  9.348713E-17
3773.7699898567  9.667307E-17
3777.84109008115  9.085645E-17
3781.9121903056  9.685981E-17
3785.98329053005  1.076939E-16
3790.05439075449  8.115439E-17
3794.12549097894  8.982502E-17
3798.19659120339  9.805161E-17
3802.26769142784  8.301590E-17
3806.33879165228  8.696289E-17
3810.40989187673  8.823177E-17
3814.48099210118  8.032331E-17
3818.55209232563  8.094498E-17
3822.62319255007  8.051054E-17
3826.69429277452  7.000559E-17
3830.76539299897  6.719942E-17
3834.83649322342  7.922654E-17
3838.90759344786  7.158782E-17
3842.97869367231  7.475137E-17
3847.04979389676  7.833763E-17
3851.12089412121  7.626114E-17
3855.19199434565  8.125801E-17
3859.2630945701  8.127079E-17
3863.33419479455  7.723319E-17
3867.405295019  8.250597E-17
3871.47639524344  7.893476E-17
3875.54749546789  7.155450E-17
3879.61859569234  7.547657E-17
3883.68969591679  8.251800E-17
3887.76079614123  7.312291E-17
3891.83189636568  8.500129E-17
3895.90299659013  8.611327E-17
3899.97409681458  8.200344E-17
3904.04519703902  8.800548E-17
3908.11629726347  9.623274E-17
3912.18739748792  1.087823E-16
3916.25849771237  9.754303E-17
3920.32959793681  1.072054E-16
3924.40069816126  1.000320E-16
3928.47179838571  1.020583E-16
3932.54289861016  1.049792E-16
3936.6139988346  1.002807E-16
3940.68509905905  1.067815E-16
3944.7561992835  1.166718E-16
3948.82729950795  1.219254E-16
3952.89839973239  1.197503E-16
3956.96949995684  1.385128E-16
3961.04060018129  1.393080E-16
3965.11170040574  1.452959E-16
3969.18280063018  1.346310E-16
3973.25390085463  1.277922E-16
3977.32500107908  1.294350E-16
3981.39610130353  1.246419E-16
3985.46720152797  1.306395E-16
3989.53830175242  1.397357E-16
3993.60940197687  1.601272E-16
3997.68050220132  1.683066E-16
4001.75160242576  1.603952E-16
4005.82270265021  1.503769E-16
4009.89380287466  1.506116E-16
4013.96490309911  1.352559E-16
4018.03600332355  1.417163E-16
4022.107103548  1.512400E-16
4026.17820377245  1.507867E-16
4030.2493039969  1.572962E-16
4034.32040422134  1.552719E-16
4038.39150444579  1.661460E-16
4042.46260467024  1.595013E-16
4046.53370489469  1.644572E-16
4050.60480511913  1.597363E-16
4054.67590534358  1.562373E-16
4058.74700556803  1.540521E-16
4062.81810579248  1.509448E-16
4066.88920601692  1.460958E-16
4070.96030624137  1.496832E-16
4075.03140646582  1.389810E-16
4079.10250669027  1.489299E-16
4083.17360691471  1.552133E-16
4087.24470713916  1.476605E-16
4091.31580736361  1.455945E-16
4095.38690758806  1.459428E-16
4099.4580078125  1.438310E-16
4103.52910803695  1.449496E-16
4107.6002082614  1.537678E-16
4111.67130848585  1.524865E-16
4115.7424087103  1.513334E-16
4119.81350893474  1.537255E-16
4123.88460915919  1.770596E-16
4127.95570938364  1.799007E-16
4132.02680960808  1.764960E-16
4136.09790983253  1.786933E-16
4140.16901005698  1.728957E-16
4144.24011028143  1.699996E-16
4148.31121050587  1.715811E-16
4152.38231073032  1.771364E-16
4156.45341095477  1.702129E-16
4160.52451117922  1.719898E-16
4164.59561140366  1.781600E-16
4168.66671162811  1.760972E-16
4172.73781185256  1.614898E-16
4176.80891207701  1.742610E-16
4180.88001230145  1.535788E-16
4184.9511125259  1.619865E-16
4189.02221275035  1.562919E-16
4193.0933129748  1.676565E-16
4197.16441319924  1.664258E-16
4201.23551342369  1.740268E-16
4205.30661364814  1.753424E-16
4209.37771387259  1.759825E-16
4213.44881409703  1.668568E-16
4217.51991432148  1.534234E-16
4221.59101454593  1.645723E-16
4225.66211477038  1.524110E-16
4229.73321499483  1.448636E-16
4233.80431521927  1.431803E-16
4237.87541544372  1.444297E-16
4241.94651566817  1.347458E-16
4246.01761589262  1.401100E-16
4250.08871611706  1.416653E-16
4254.15981634151  1.454388E-16
4258.23091656596  1.449227E-16
4262.30201679041  1.447721E-16
4266.37311701485  1.508591E-16
4270.4442172393  1.492260E-16
4274.51531746375  1.458580E-16
4278.5864176882  1.382460E-16
4282.65751791264  1.346149E-16
4286.72861813709  1.359625E-16
4290.79971836154  1.259881E-16
4294.87081858599  1.221036E-16
4298.94191881043  1.281105E-16
4303.01301903488  1.239452E-16
4307.08411925933  1.212300E-16
4311.15521948377  1.184471E-16
4315.22631970822  1.285988E-16
4319.29741993267  1.385124E-16
4323.36852015712  1.398586E-16
4327.43962038156  1.362013E-16
4331.51072060601  1.313082E-16
4335.58182083046  1.294067E-16
4339.65292105491  1.332464E-16
4343.72402127935  1.252882E-16
4347.7951215038  1.247308E-16
4351.86622172825  1.283594E-16
4355.9373219527  1.336428E-16
4360.00842217714  1.450430E-16
4364.07952240159  1.724676E-16
4368.15062262604  1.932688E-16
4372.22172285049  1.996068E-16
4376.29282307494  1.889621E-16
4380.36392329938  1.729703E-16
4384.43502352383  1.614426E-16
4388.50612374828  1.473403E-16
4392.57722397272  1.511011E-16
4396.64832419717  1.429039E-16
4400.71942442162  1.411240E-16
4404.79052464607  1.381682E-16
4408.86162487052  1.474214E-16
4412.93272509496  1.537061E-16
4417.00382531941  1.488547E-16
4421.07492554386  1.500767E-16
4425.14602576831  1.477002E-16
4429.21712599275  1.501088E-16
4433.2882262172  1.469863E-16
4437.35932644165  1.407080E-16
4441.4304266661  1.467240E-16
4445.50152689054  1.446061E-16
4449.57262711499  1.354077E-16
4453.64372733944  1.388452E-16
4457.71482756389  1.426128E-16
4461.78592778833  1.415949E-16
4465.85702801278  1.468214E-16
4469.92812823723  1.639340E-16
4473.99922846168  1.669489E-16
4478.07032868612  1.604243E-16
4482.14142891057  1.574029E-16
4486.21252913502  1.662036E-16
4490.28362935947  1.641815E-16
4494.35472958391  1.633160E-16
4498.42582980836  1.748391E-16
4502.49693003281  1.722616E-16
4506.56803025726  1.664401E-16
4510.6391304817  1.587981E-16
4514.71023070615  1.580619E-16
4518.7813309306  1.568496E-16
4522.85243115505  1.601626E-16
4526.92353137949  1.603505E-16
4530.99463160394  1.597437E-16
4535.06573182839  1.682813E-16
4539.13683205284  1.652779E-16
4543.20793227728  1.618330E-16
4547.27903250173  1.692561E-16
4551.35013272618  1.749639E-16
4555.42123295063  1.853933E-16
4559.49233317507  1.918589E-16
4563.56343339952  1.873674E-16
4567.63453362397  1.985118E-16
4571.70563384842  1.936193E-16
4575.77673407286  1.942596E-16
4579.84783429731  2.097893E-16
4583.91893452176  2.188957E-16
4587.99003474621  2.171197E-16
4592.06113497065  2.276302E-16
4596.1322351951  2.349350E-16
4600.20333541955  2.390501E-16
4604.274435644  2.541023E-16
4608.34553586844  2.602468E-16
4612.41663609289  2.616297E-16
4616.48773631734  2.678535E-16
4620.55883654179  2.679662E-16
4624.62993676623  2.595222E-16
4628.70103699068  2.607283E-16
4632.77213721513  2.595243E-16
4636.84323743958  2.452403E-16
4640.91433766402  2.445497E-16
4644.98543788847  2.469060E-16
4649.05653811292  2.501384E-16
4653.12763833737  2.558492E-16
4657.19873856181  2.602473E-16
4661.26983878626  2.624684E-16
4665.34093901071  2.592546E-16
4669.41203923516  2.481634E-16
4673.4831394596  2.471025E-16
4677.55423968405  2.324815E-16
4681.6253399085  2.228749E-16
4685.69644013295  2.331524E-16
4689.76754035739  2.393649E-16
4693.83864058184  2.436428E-16
4697.90974080629  2.516071E-16
4701.98084103074  2.531291E-16
4706.05194125518  2.437152E-16
4710.12304147963  2.309023E-16
4714.19414170408  2.151173E-16
4718.26524192853  2.007667E-16
4722.33634215297  1.972283E-16
4726.40744237742  1.997340E-16
4730.47854260187  2.091383E-16
4734.54964282632  2.072518E-16
4738.62074305076  2.023233E-16
4742.69184327521  2.075345E-16
4746.76294349966  2.058096E-16
4750.83404372411  2.080090E-16
4754.90514394855  2.001046E-16
4758.976244173  1.992379E-16
4763.04734439745  1.948888E-16
4767.1184446219  1.969012E-16
4771.18954484634  1.825086E-16
4775.26064507079  1.794029E-16
4779.33174529524  1.786976E-16
4783.40284551969  1.760350E-16
4787.47394574413  1.732454E-16
4791.54504596858  1.727510E-16
4795.61614619303  1.696408E-16
4799.68724641748  1.698370E-16
4803.75834664192  1.635673E-16
4807.82944686637  1.593657E-16
4811.90054709082  1.569592E-16
4815.97164731527  1.659900E-16
4820.04274753971  1.639920E-16
4824.11384776416  1.535581E-16
4828.18494798861  1.343454E-16
4832.25604821306  1.326441E-16
4836.32714843751  1.349543E-16
4840.39824866195  1.424878E-16
4844.4693488864  1.508863E-16
4848.54044911085  1.499016E-16
4852.6115493353  1.580270E-16
4856.68264955974  1.695670E-16
4860.75374978419  1.790347E-16
4864.82485000864  1.920392E-16
4868.89595023308  2.169306E-16
4872.96705045753  2.393232E-16
4877.03815068198  2.535605E-16
4881.10925090643  3.121749E-16
4885.18035113087  3.899946E-16
4889.25145135532  4.557068E-16
4893.32255157977  5.010479E-16
4897.39365180422  4.623813E-16
4901.46475202866  3.983805E-16
4905.53585225311  3.462666E-16
4909.60695247756  3.089492E-16
4913.67805270201  2.887434E-16
4917.74915292645  2.751916E-16
4921.8202531509  2.620467E-16
4925.89135337535  2.507945E-16
4929.9624535998  2.394791E-16
4934.03355382424  2.359808E-16
4938.10465404869  2.346660E-16
4942.17575427314  2.383621E-16
4946.24685449759  2.451096E-16
4950.31795472204  2.557992E-16
4954.38905494648  2.612165E-16
4958.46015517093  2.500458E-16
4962.53125539538  2.421734E-16
4966.60235561983  2.401216E-16
4970.67345584427  2.218179E-16
4974.74455606872  2.084571E-16
4978.81565629317  2.128501E-16
4982.88675651762  2.062352E-16
4986.95785674206  2.055458E-16
4991.02895696651  2.029055E-16
4995.10005719096  1.914680E-16
4999.17115741541  2.001651E-16
5003.24225763985  1.995286E-16
5007.3133578643  1.975851E-16
5011.38445808875  1.951532E-16
5015.4555583132  1.991910E-16
5019.52665853764  2.079553E-16
5023.59775876209  2.147465E-16
5027.66885898654  2.184194E-16
5031.73995921099  2.278556E-16
5035.81105943543  2.503816E-16
5039.88215965988  2.664621E-16
5043.95325988433  2.870142E-16
5048.02436010877  3.039078E-16
5052.09546033322  3.107713E-16
5056.16656055767  3.026135E-16
5060.23766078212  2.957992E-16
5064.30876100657  2.905503E-16
5068.37986123101  2.825481E-16
5072.45096145546  2.716918E-16
5076.52206167991  2.536344E-16
5080.59316190436  2.445605E-16
5084.6642621288  2.409191E-16
5088.73536235325  2.312445E-16
5092.8064625777  2.169120E-16
5096.87756280215  2.201865E-16
5100.94866302659  2.166011E-16
5105.01976325104  2.146171E-16
5109.09086347549  2.107122E-16
5113.16196369994  2.037629E-16
5117.23306392438  1.998653E-16
5121.30416414883  2.025696E-16
5125.37526437328  1.998040E-16
5129.44636459773  1.973284E-16
5133.51746482217  1.957966E-16
5137.58856504662  1.939789E-16
5141.65966527107  1.922569E-16
5145.73076549552  1.934191E-16
5149.80186571996  1.911147E-16
5153.87296594441  1.854481E-16
5157.94406616886  1.868621E-16
5162.01516639331  1.922647E-16
5166.08626661775  1.833698E-16
5170.1573668422  1.763483E-16
5174.22846706665  1.821664E-16
5178.2995672911  1.830592E-16
5182.37066751554  1.852807E-16
5186.44176773999  1.945077E-16
5190.51286796444  2.187436E-16
5194.58396818889  2.282204E-16
5198.65506841333  2.413204E-16
5202.72616863778  2.469024E-16
5206.79726886223  2.453231E-16
5210.86836908668  2.297445E-16
5214.93946931112  2.291732E-16
5219.01056953557  2.327570E-16
5223.08166976002  2.403886E-16
5227.15276998447  2.424646E-16
5231.22387020891  2.519915E-16
5235.29497043336  2.417530E-16
5239.36607065781  2.452564E-16
5243.43717088226  2.468553E-16
5247.5082711067  2.462642E-16
5251.57937133115  2.360780E-16
5255.6504715556  2.399297E-16
5259.72157178005  2.496648E-16
5263.79267200449  2.530802E-16
5267.86377222894  2.514202E-16
5271.93487245339  2.254246E-16
5276.00597267784  2.155703E-16
5280.07707290228  2.420232E-16
5284.14817312673  2.506558E-16
5288.21927335118  2.526826E-16
5292.29037357563  2.595420E-16
5296.36147380007  2.595014E-16
5300.43257402452  2.670062E-16
5304.50367424897  2.736440E-16
5308.57477447342  2.765256E-16
5312.64587469786  2.579287E-16
5316.71697492231  2.454913E-16
5320.78807514676  2.523133E-16
5324.85917537121  2.420298E-16
5328.93027559565  2.366393E-16
5333.0013758201  2.409949E-16
5337.07247604455  2.479325E-16
5341.143576269  2.613488E-16
5345.21467649345  2.722790E-16
5349.28577671789  2.869473E-16
5353.35687694234  2.786551E-16
5357.42797716679  2.863527E-16
5361.49907739123  2.928323E-16
5365.57017761568  2.870475E-16
5369.64127784013  2.781669E-16
5373.71237806458  2.734888E-16
5377.78347828902  2.738851E-16
5381.85457851347  2.703711E-16
5385.92567873792  2.640559E-16
5389.99677896237  2.650505E-16
5394.06787918681  2.715085E-16
5398.13897941126  2.807837E-16
5402.21007963571  2.826232E-16
5406.28117986016  2.795217E-16
5410.3522800846  2.731103E-16
5414.42338030905  2.685175E-16
5418.4944805335  2.706291E-16
5422.56558075795  2.688105E-16
5426.63668098239  2.639722E-16
5430.70778120684  2.568505E-16
5434.77888143129  2.665327E-16
5438.84998165574  2.618954E-16
5442.92108188018  2.635040E-16
5446.99218210463  2.720938E-16
5451.06328232908  2.802318E-16
5455.13438255353  2.873911E-16
5459.20548277797  2.887890E-16
5463.27658300242  2.873897E-16
5467.34768322687  2.948466E-16
5471.41878345132  2.954279E-16
5475.48988367576  2.910818E-16
5479.56098390021  2.931022E-16
5483.63208412466  2.910911E-16
5487.70318434911  2.896157E-16
5491.77428457356  2.858788E-16
5495.845384798  2.795944E-16
5499.91648502245  2.771003E-16
5503.9875852469  2.911470E-16
5508.05868547135  2.929131E-16
5512.12978569579  2.953910E-16
5516.20088592024  2.956314E-16
5520.27198614469  2.916814E-16
5524.34308636914  2.946013E-16
5528.41418659358  3.008571E-16
5532.48528681803  2.950315E-16
5536.55638704248  3.076454E-16
5540.62748726693  3.096382E-16
5544.69858749137  2.958579E-16
5548.76968771582  3.122796E-16
5552.84078794027  3.358495E-16
5556.91188816472  3.405301E-16
5560.98298838916  3.513930E-16
5565.05408861361  3.641327E-16
5569.12518883806  3.644346E-16
5573.19628906251  3.678420E-16
5577.26738928695  3.613906E-16
5581.3384895114  3.428574E-16
5585.40958973585  3.225855E-16
5589.4806899603  3.124824E-16
5593.55179018474  2.990489E-16
5597.62289040919  2.951299E-16
5601.69399063364  2.961099E-16
5605.76509085809  2.827979E-16
5609.83619108253  2.835246E-16
5613.90729130698  2.883901E-16
5617.97839153143  2.857373E-16
5622.04949175588  2.851145E-16
5626.12059198032  2.809589E-16
5630.19169220477  2.725838E-16
5634.26279242922  2.670778E-16
5638.33389265367  2.643067E-16
5642.40499287811  2.605578E-16
5646.47609310256  2.451817E-16
5650.54719332701  2.225210E-16
5654.61829355146  2.065282E-16
5658.6893937759  1.961404E-16
5662.76049400035  2.004436E-16
5666.8315942248  1.976431E-16
5670.90269444924  1.931336E-16
5674.97379467369  1.994164E-16
5679.04489489814  2.002944E-16
5683.11599512259  2.049748E-16
5687.18709534704  2.183781E-16
5691.25819557148  2.282728E-16
5695.32929579593  2.252825E-16
5699.40039602038  2.297924E-16
5703.47149624483  2.350980E-16
5707.54259646927  2.300764E-16
5711.61369669372  2.280399E-16
5715.68479691817  2.320273E-16
5719.75589714262  2.396117E-16
5723.82699736706  2.399639E-16
5727.89809759151  2.292081E-16
5731.96919781596  2.332763E-16
5736.04029804041  2.254945E-16
5740.11139826485  2.312660E-16
5744.1824984893  2.359658E-16
5748.25359871375  2.284737E-16
5752.32469893819  2.308503E-16
5756.39579916264  2.259798E-16
5760.46689938709  2.258849E-16
5764.53799961154  2.240577E-16
5768.60909983599  2.174937E-16
5772.68020006043  2.094770E-16
5776.75130028488  2.028423E-16
5780.82240050933  1.972473E-16
5784.89350073378  1.912693E-16
5788.96460095822  1.894820E-16
5793.03570118267  1.844378E-16
5797.10680140712  1.826324E-16
5801.17790163157  1.708677E-16
5805.24900185601  1.682016E-16
5809.32010208046  1.661473E-16
5813.39120230491  1.555348E-16
5817.46230252936  1.501225E-16
5821.5334027538  1.481058E-16
5825.60450297825  1.456795E-16
5829.6756032027  1.421675E-16
5833.74670342715  1.473753E-16
5837.81780365159  1.455271E-16
5841.88890387604  1.399262E-16
5845.96000410049  1.440675E-16
5850.03110432494  1.488612E-16
5854.10220454938  1.524227E-16
5858.17330477383  1.527951E-16
5862.24440499828  1.571796E-16
5866.31550522273  1.608014E-16
5870.38660544717  1.459982E-16
5874.45770567162  1.471568E-16
5878.52880589607  1.606711E-16
5882.59990612052  1.718514E-16
5886.67100634496  1.787442E-16
5890.74210656941  1.877555E-16
5894.81320679386  2.043361E-16
5898.88430701831  2.302644E-16
5902.95540724275  2.498440E-16
5907.0265074672  2.743091E-16
5911.09760769165  3.013347E-16
5915.1687079161  3.221978E-16
5919.23980814054  3.636666E-16
5923.31090836499  4.164070E-16
5927.38200858944  4.587516E-16
5931.45310881389  4.653436E-16
5935.52420903833  4.436884E-16
5939.59530926278  4.180067E-16
5943.66640948723  3.970489E-16
5947.73750971168  3.851870E-16
5951.80860993612  3.731706E-16
5955.87971016057  3.715391E-16
5959.95081038502  3.676534E-16
5964.02191060947  3.577066E-16
5968.09301083392  3.576229E-16
5972.16411105836  3.600376E-16
5976.23521128281  3.486265E-16
5980.30631150726  3.421137E-16
5984.37741173171  3.404384E-16
5988.44851195615  3.349224E-16
5992.5196121806  3.311979E-16
5996.59071240505  3.173177E-16
6000.66181262949  3.165775E-16
6004.73291285394  3.232591E-16
6008.80401307839  3.140547E-16
6012.87511330284  3.112165E-16
6016.94621352728  3.180066E-16
6021.01731375173  3.250362E-16
6025.08841397618  3.208678E-16
6029.15951420063  3.268959E-16
6033.23061442507  3.216260E-16
6037.30171464952  3.102312E-16
6041.37281487397  3.129784E-16
6045.44391509842  2.986812E-16
6049.51501532286  2.943812E-16
6053.58611554731  2.924678E-16
6057.65721577176  2.829185E-16
6061.72831599621  2.851895E-16
6065.79941622065  2.903334E-16
6069.8705164451  2.905478E-16
6073.94161666955  2.828336E-16
6078.012716894  2.683584E-16
6082.08381711844  2.706310E-16
6086.15491734289  2.782117E-16
6090.22601756734  2.803797E-16
6094.29711779179  2.819622E-16
6098.36821801624  2.744486E-16
6102.43931824068  2.673503E-16
6106.51041846513  2.700504E-16
6110.58151868958  2.727629E-16
6114.65261891402  2.698982E-16
6118.72371913847  2.748824E-16
6122.79481936292  2.777348E-16
6126.86591958737  2.736472E-16
6130.93701981182  2.669181E-16
6135.00812003626  2.690454E-16
6139.07922026071  2.713156E-16
6143.15032048516  2.651216E-16
6147.2214207096  2.610380E-16
6151.29252093405  2.616684E-16
6155.3636211585  2.540582E-16
6159.43472138295  2.462014E-16
6163.50582160739  2.512979E-16
6167.57692183184  2.643035E-16
6171.64802205629  2.806204E-16
6175.71912228074  2.828229E-16
6179.79022250518  2.925833E-16
6183.86132272963  2.958522E-16
6187.93242295408  3.051277E-16
6192.00352317853  3.060174E-16
6196.07462340298  3.062615E-16
6200.14572362742  3.083483E-16
6204.21682385187  3.045392E-16
6208.28792407632  2.940717E-16
6212.35902430077  2.848901E-16
6216.43012452521  2.829536E-16
6220.50122474966  2.794641E-16
6224.57232497411  2.834184E-16
6228.64342519856  2.736517E-16
6232.714525423  2.540598E-16
6236.78562564745  2.356447E-16
6240.8567258719  2.474240E-16
6244.92782609635  2.534382E-16
6248.99892632079  2.587920E-16
6253.07002654524  2.552734E-16
6257.14112676969  2.519974E-16
6261.21222699414  2.582159E-16
6265.28332721858  2.616192E-16
6269.35442744303  2.733349E-16
6273.42552766748  2.806190E-16
6277.49662789193  2.758139E-16
6281.56772811637  2.909881E-16
6285.63882834082  2.968328E-16
6289.70992856527  3.083911E-16
6293.78102878972  3.114190E-16
6297.85212901416  2.951755E-16
6301.92322923861  2.905791E-16
6305.99432946306  2.874728E-16
6310.06542968751  2.822436E-16
6314.13652991195  2.756337E-16
6318.2076301364  2.701426E-16
6322.27873036085  2.620387E-16
6326.3498305853  2.543682E-16
6330.42093080974  2.590905E-16
6334.49203103419  2.643440E-16
6338.56313125864  2.590744E-16
6342.63423148309  2.695980E-16
6346.70533170753  2.743831E-16
6350.77643193198  2.825985E-16
6354.84753215643  2.751460E-16
6358.91863238088  2.668428E-16
6362.98973260532  2.680861E-16
6367.06083282977  2.716230E-16
6371.13193305422  2.567691E-16
6375.20303327867  2.443773E-16
6379.27413350311  2.497848E-16
6383.34523372756  2.460131E-16
6387.41633395201  2.366512E-16
6391.48743417646  2.305626E-16
6395.5585344009  2.249253E-16
6399.62963462535  2.349030E-16
6403.7007348498  2.381067E-16
6407.77183507425  2.396576E-16
6411.84293529869  2.291905E-16
6415.91403552314  2.305157E-16
6419.98513574759  2.279424E-16
6424.05623597204  2.074314E-16
6428.12733619648  1.997778E-16
6432.19843642093  2.008175E-16
6436.26953664538  1.973713E-16
6440.34063686983  1.960130E-16
6444.41173709427  1.961005E-16
6448.48283731872  2.029356E-16
6452.55393754317  2.106289E-16
6456.62503776762  2.081005E-16
6460.69613799206  2.016646E-16
6464.76723821651  2.034456E-16
6468.83833844096  2.039910E-16
6472.90943866541  1.991448E-16
6476.98053888985  2.090338E-16
6481.0516391143  2.221954E-16
6485.12273933875  2.199473E-16
6489.1938395632  2.217435E-16
6493.26493978764  2.402020E-16
6497.33604001209  2.531966E-16
6501.40714023654  2.627903E-16
6505.47824046099  2.690969E-16
6509.54934068543  2.875771E-16
6513.62044090988  2.946335E-16
6517.69154113433  3.093068E-16
6521.76264135878  3.230803E-16
6525.83374158322  3.425956E-16
6529.90484180767  3.617637E-16
6533.97594203212  3.831649E-16
6538.04704225657  4.058282E-16
6542.11814248101  4.293752E-16
6546.18924270546  4.644753E-16
6550.26034292991  5.079383E-16
6554.33144315436  5.481994E-16
6558.4025433788  6.023708E-16
6562.47364360325  6.609052E-16
6566.5447438277  6.936103E-16
6570.61584405215  7.314852E-16
6574.68694427659  8.054183E-16
6578.75804450104  8.671905E-16
6582.82914472549  9.296505E-16
6586.90024494994  1.061990E-15
6590.97134517438  1.272296E-15
6595.04244539883  1.591332E-15
6599.11354562328  2.000898E-15
6603.18464584773  2.297393E-15
6607.25574607218  2.306858E-15
6611.32684629662  2.011974E-15
6615.39794652107  1.578775E-15
6619.46904674552  1.272410E-15
6623.54014696997  1.065780E-15
6627.61124719441  9.361169E-16
6631.68234741886  8.532086E-16
6635.75344764331  7.964841E-16
6639.82454786775  7.594509E-16
6643.8956480922  7.081117E-16
6647.96674831665  6.745686E-16
6652.0378485411  6.676116E-16
6656.10894876555  6.592636E-16
6660.18004898999  6.474085E-16
6664.25114921444  6.173076E-16
6668.32224943889  6.017083E-16
6672.39334966334  5.791559E-16
6676.46444988778  5.828674E-16
6680.53555011223  5.560872E-16
6684.60665033668  5.468246E-16
6688.67775056113  5.353582E-16
6692.74885078557  5.191745E-16
6696.81995101002  5.157589E-16
6700.89105123447  5.128238E-16
6704.96215145892  4.995224E-16
6709.03325168336  4.935771E-16
6713.10435190781  4.968272E-16
6717.17545213226  4.913067E-16
6721.2465523567  4.759415E-16
6725.31765258115  4.614499E-16
6729.3887528056  4.479857E-16
6733.45985303005  4.187199E-16
6737.5309532545  3.560533E-16
6741.60205347894  3.636470E-16
6745.67315370339  3.872224E-16
6749.74425392784  3.746918E-16
6753.81535415229  3.670794E-16
6757.88645437673  3.627577E-16
6761.95755460118  3.623132E-16
6766.02865482563  3.591255E-16
6770.09975505007  3.445443E-16
6774.17085527452  3.438758E-16
6778.24195549897  3.447685E-16
6782.31305572342  3.293001E-16
6786.38415594786  3.182437E-16
6790.45525617231  3.091373E-16
6794.52635639676  2.891869E-16
6798.59745662121  2.888693E-16
6802.66855684565  2.906294E-16
6806.7396570701  2.785267E-16
6810.81075729455  2.771416E-16
6814.881857519  2.805424E-16
6818.95295774344  2.796388E-16
6823.02405796789  2.849091E-16
6827.09515819234  2.777949E-16
6831.16625841679  2.684427E-16
6835.23735864124  2.743744E-16
6839.30845886568  2.670333E-16
6843.37955909013  2.653662E-16
6847.45065931458  2.650494E-16
6851.52175953903  2.598800E-16
6855.59285976347  2.648091E-16
6859.66395998792  2.703070E-16
6863.73506021237  2.768986E-16
6867.80616043681  2.625792E-16
6871.87726066126  2.314245E-16
6875.94836088571  2.323876E-16
6880.01946111016  2.466352E-16
6884.09056133461  2.564759E-16
6888.16166155905  2.607237E-16
6892.2327617835  2.684656E-16
6896.30386200795  2.563627E-16
6900.3749622324  2.559621E-16
6904.44606245684  2.489338E-16
6908.51716268129  2.526151E-16
6912.58826290574  2.525212E-16
6916.65936313019  2.474239E-16
6920.73046335463  2.456510E-16
6924.80156357908  2.449892E-16
6928.87266380353  2.518909E-16
6932.94376402798  2.538475E-16
6937.01486425242  2.446880E-16
6941.08596447687  2.493674E-16
6945.15706470132  2.407731E-16
6949.22816492577  2.349968E-16
6953.29926515021  2.313142E-16
6957.37036537466  2.402753E-16
6961.44146559911  2.416826E-16
6965.51256582356  2.366001E-16
6969.58366604801  2.382820E-16
6973.65476627245  2.388759E-16
6977.7258664969  2.378031E-16
6981.79696672135  2.386618E-16
6985.86806694579  2.373125E-16
6989.93916717024  2.364672E-16
6994.01026739469  2.374547E-16
6998.08136761914  2.354891E-16
7002.15246784359  2.345064E-16
7006.22356806803  2.287041E-16
7010.29466829248  2.280140E-16
7014.36576851692  2.274862E-16
7018.43686874137  2.272349E-16
7022.50796896582  2.257561E-16
7026.57906919027  2.348336E-16
7030.65016941472  2.406950E-16
7034.72126963916  2.430516E-16
7038.79236986361  2.523865E-16
7042.86347008806  2.596059E-16
7046.93457031251  2.669825E-16
7051.00567053695  2.631292E-16
7055.0767707614  2.658594E-16
7059.14787098585  2.617205E-16
7063.2189712103  2.646516E-16
7067.29007143474  2.699705E-16
7071.36117165919  2.660941E-16
7075.43227188364  2.752571E-16
7079.50337210809  2.818322E-16
7083.57447233253  2.798992E-16
7087.64557255698  2.815799E-16
7091.71667278143  2.893389E-16
7095.78777300588  2.946045E-16
7099.85887323032  2.937184E-16
7103.92997345477  2.958599E-16
7108.00107367922  3.038229E-16
7112.07217390367  3.053506E-16
7116.14327412811  2.995880E-16
7120.21437435256  2.975360E-16
7124.28547457701  2.918392E-16
7128.35657480146  2.866500E-16
7132.4276750259  2.850036E-16
7136.49877525035  2.815932E-16
7140.5698754748  2.785902E-16
7144.64097569925  2.742510E-16
7148.71207592369  2.673346E-16
7152.78317614814  2.674693E-16
7156.85427637259  2.713165E-16
7160.92537659704  2.659025E-16
7164.99647682148  2.622885E-16
7169.06757704593  2.621076E-16
7173.13867727038  2.513776E-16
7177.20977749483  2.509245E-16
7181.28087771927  2.542712E-16
7185.35197794372  2.500462E-16
7189.42307816817  2.502950E-16
7193.49417839262  2.531581E-16
7197.56527861706  2.482486E-16
7201.63637884151  2.440730E-16
7205.70747906596  2.421873E-16
7209.77857929041  2.445862E-16
7213.84967951486  2.496040E-16
7217.9207797393  2.519033E-16
7221.99187996375  2.499742E-16
7226.0629801882  2.483267E-16
7230.13408041265  2.467586E-16
7234.20518063709  2.356571E-16
7238.27628086154  2.433303E-16
7242.34738108599  2.514005E-16
7246.41848131043  2.540911E-16
7250.48958153488  2.626660E-16
7254.56068175933  2.676687E-16
7258.63178198378  2.706996E-16
7262.70288220822  2.781017E-16
7266.77398243267  2.868380E-16
7270.84508265712  2.752537E-16
7274.91618288157  2.513055E-16
7278.98728310601  2.610717E-16
7283.05838333046  2.622981E-16
7287.12948355491  2.611421E-16
7291.20058377936  2.661153E-16
7295.27168400381  2.631361E-16
7299.34278422825  2.668633E-16
7303.4138844527  2.753372E-16
7307.48498467715  2.734457E-16
7311.55608490159  2.763528E-16
7315.62718512604  2.844170E-16
7319.69828535049  2.902726E-16
7323.76938557494  2.908911E-16
7327.84048579939  2.929791E-16
7331.91158602383  3.020219E-16
7335.98268624828  3.062745E-16
7340.05378647273  3.115113E-16
7344.12488669718  3.116415E-16
7348.19598692162  3.073513E-16
7352.26708714607  3.050447E-16
7356.33818737052  3.074826E-16
7360.40928759496  3.057548E-16
7364.48038781941  2.995932E-16
7368.55148804386  3.028161E-16
7372.62258826831  3.009240E-16
7376.69368849276  2.973040E-16
7380.7647887172  2.984014E-16
7384.83588894165  2.904016E-16
7388.9069891661  2.867742E-16
7392.97808939054  2.941577E-16
7397.04918961499  2.971230E-16
7401.12028983944  2.952973E-16
7405.19139006389  2.870589E-16
7409.26249028833  2.846642E-16
7413.33359051278  2.777478E-16
7417.40469073723  2.719815E-16
7421.47579096168  2.729437E-16
7425.54689118612  2.781943E-16
7429.61799141057  2.761106E-16
7433.68909163502  2.680507E-16
7437.76019185947  2.659471E-16
7441.83129208391  2.625565E-16
7445.90239230836  2.531606E-16
7449.97349253281  2.553865E-16
7454.04459275726  2.652770E-16
7458.1156929817  2.613849E-16
7462.18679320615  2.618939E-16
7466.2578934306  2.593895E-16
7470.32899365505  2.575491E-16
7474.40009387949  2.540547E-16
7478.47119410394  2.536307E-16
7482.54229432839  2.609724E-16
7486.61339455284  2.685049E-16
7490.68449477729  2.712163E-16
7494.75559500173  2.702384E-16
7498.82669522618  2.723493E-16
7502.89779545063  2.740200E-16
7506.96889567508  2.704560E-16
7511.03999589952  2.670196E-16
7515.11109612397  2.736691E-16
7519.18219634842  2.845814E-16
7523.25329657286  2.775329E-16
7527.32439679731  2.640366E-16
7531.39549702176  2.552850E-16
7535.46659724621  2.466197E-16
7539.53769747066  2.446272E-16
7543.6087976951  2.521912E-16
7547.67989791955  2.555569E-16
7551.750998144  2.609922E-16
7555.82209836845  2.630214E-16
7559.89319859289  2.561228E-16
7563.96429881734  2.511723E-16
7568.03539904179  2.468276E-16
7572.10649926624  2.497902E-16
7576.17759949068  2.532522E-16
7580.24869971513  2.522602E-16
7584.31979993958  2.534498E-16
7588.39090016403  2.501467E-16
7592.46200038847  2.256523E-16
7596.53310061292  1.757543E-16
7600.60420083737  1.261601E-16
7604.67530106182  1.179971E-16
7608.74640128626  1.515361E-16
7612.81750151071  1.987852E-16
7616.88860173516  2.302748E-16
7620.95970195961  2.293451E-16
7625.03080218405  2.039004E-16
7629.1019024085  1.779435E-16
7633.17300263295  1.695325E-16
7637.2441028574  1.723532E-16
7641.31520308184  1.783590E-16
7645.38630330629  1.848646E-16
7649.45740353074  1.867589E-16
7653.52850375519  1.913777E-16
7657.59960397963  1.977535E-16
7661.67070420408  2.017588E-16
7665.74180442853  1.981737E-16
7669.81290465298  1.967840E-16
7673.88400487742  1.968799E-16
7677.95510510187  1.946577E-16
7682.02620532632  1.993930E-16
7686.09730555077  2.059329E-16
7690.16840577521  2.098261E-16
7694.23950599966  2.210544E-16
7698.31060622411  2.289198E-16
7702.38170644856  2.299975E-16
7706.452806673  2.306856E-16
7710.52390689745  2.312897E-16
7714.5950071219  2.277744E-16
7718.66610734635  2.269852E-16
7722.73720757079  2.333183E-16
7726.80830779524  2.430142E-16
7730.87940801969  2.492915E-16
7734.95050824414  2.519048E-16
7739.02160846858  2.562540E-16
7743.09270869303  2.670141E-16
7747.16380891748  2.668345E-16
7751.23490914193  2.638007E-16
7755.30600936637  2.748127E-16
7759.37710959082  2.831995E-16
7763.44820981527  2.811840E-16
7767.51931003972  2.739440E-16
7771.59041026416  2.656063E-16
7775.66151048861  2.530809E-16
7779.73261071306  2.437529E-16
7783.80371093751  2.446217E-16
7787.87481116195  2.472245E-16
7791.9459113864  2.442488E-16
7796.01701161085  2.397792E-16
7800.0881118353  2.380381E-16
7804.15921205974  2.441056E-16
7808.23031228419  2.486542E-16
7812.30141250864  2.532450E-16
7816.37251273309  2.545029E-16
7820.44361295753  2.524841E-16
7824.51471318198  2.558225E-16
7828.58581340643  2.554597E-16
7832.65691363088  2.611876E-16
7836.72801385533  2.632630E-16
7840.79911407977  2.561466E-16
7844.87021430422  2.489435E-16
7848.94131452867  2.403367E-16
7853.01241475312  2.423005E-16
7857.08351497756  2.445927E-16
7861.15461520201  2.451859E-16
7865.22571542646  2.500324E-16
7869.2968156509  2.486058E-16
7873.36791587535  2.406961E-16
7877.4390160998  2.343791E-16
7881.51011632425  2.331111E-16
7885.58121654869  2.370858E-16
7889.65231677314  2.383676E-16
7893.72341699759  2.363943E-16
7897.79451722204  2.368819E-16
7901.86561744649  2.372497E-16
7905.93671767093  2.371076E-16
7910.00781789538  2.327116E-16
7914.07891811983  2.269375E-16
7918.15001834428  2.272267E-16
7922.22111856872  2.364878E-16
7926.29221879317  2.393977E-16
7930.36331901762  2.306760E-16
7934.43441924206  2.251061E-16
7938.50551946651  2.267919E-16
7942.57661969096  2.310923E-16
7946.64771991541  2.347930E-16
7950.71882013986  2.377031E-16
7954.7899203643  2.371200E-16
7958.86102058875  2.327380E-16
7962.9321208132  2.256738E-16
7967.00322103765  2.201996E-16
7971.07432126209  2.255920E-16
7975.14542148654  2.293890E-16
7979.21652171099  2.271473E-16
7983.28762193543  2.294239E-16
7987.35872215988  2.340305E-16
7991.42982238433  2.475671E-16
7995.50092260878  2.383814E-16
7999.57202283323  2.110199E-16
8003.64312305767  2.267433E-16
8007.71422328212  2.431093E-16
8011.78532350657  2.350231E-16
8015.85642373101  2.356047E-16
8019.92752395546  2.303721E-16
8023.99862417991  2.294146E-16
8028.06972440436  2.314887E-16
8032.1408246288  2.285322E-16
8036.21192485325  2.259822E-16
8040.2830250777  2.271224E-16
8044.35412530215  2.330269E-16
8048.4252255266  2.397453E-16
8052.49632575104  2.383693E-16
8056.56742597549  2.324219E-16
8060.63852619994  2.327785E-16
8064.70962642439  2.287290E-16
8068.78072664883  2.227546E-16
8072.85182687328  2.279699E-16
8076.92292709773  2.303120E-16
8080.99402732217  2.264284E-16
8085.06512754662  2.197223E-16
8089.13622777107  2.195269E-16
8093.20732799552  2.216181E-16
8097.27842821996  2.263112E-16
8101.34952844441  2.230714E-16
8105.42062866886  2.269356E-16
8109.49172889331  2.314684E-16
8113.56282911775  2.278758E-16
8117.6339293422  2.238542E-16
8121.70502956665  2.253954E-16
8125.7761297911  2.257412E-16
8129.84723001555  2.178662E-16
8133.91833023999  2.096835E-16
8137.98943046444  2.057388E-16
8142.06053068889  2.039502E-16
8146.13163091333  2.048380E-16
8150.20273113778  2.092401E-16
8154.27383136223  2.137874E-16
8158.34493158668  2.108931E-16
8162.41603181112  2.050158E-16
8166.48713203557  1.994185E-16
8170.55823226002  1.952634E-16
8174.62933248447  1.930220E-16
8178.70043270891  1.884168E-16
8182.77153293336  1.889487E-16
8186.84263315781  1.915298E-16
8190.91373338226  1.926501E-16
8194.98483360671  1.924092E-16
8199.05593383115  1.961974E-16
8203.1270340556  2.025336E-16
8207.19813428005  2.048802E-16
8211.2692345045  1.991616E-16
8215.34033472894  1.917580E-16
8219.41143495339  1.904422E-16
8223.48253517784  1.886584E-16
8227.55363540229  1.879984E-16
8231.62473562673  2.001711E-16
8235.69583585118  2.221498E-16
8239.76693607563  2.355079E-16
8243.83803630008  2.348440E-16
8247.90913652452  2.314582E-16
8251.98023674897  2.298679E-16
8256.05133697342  2.284152E-16
8260.12243719787  2.280640E-16
8264.19353742231  2.305063E-16
8268.26463764676  2.342484E-16
8272.33573787121  2.345685E-16
8276.40683809566  2.356874E-16
8280.4779383201  2.392689E-16
8284.54903854455  2.356684E-16
8288.620138769  2.308968E-16
8292.69123899345  2.291382E-16
8296.76233921789  2.235269E-16
8300.83343944234  2.172280E-16
8304.90453966679  2.116127E-16
8308.97563989124  2.162033E-16
8313.04674011568  2.188776E-16
8317.11784034013  2.110612E-16
8321.18894056458  2.114714E-16
8325.26004078903  2.142830E-16
8329.33114101347  2.111528E-16
8333.40224123792  2.028471E-16
8337.47334146237  1.983267E-16
8341.54444168682  2.085463E-16
8345.61554191126  1.927027E-16
8349.68664213571  1.833989E-16
8353.75774236016  1.893304E-16
8357.82884258461  1.968013E-16
8361.89994280905  1.975176E-16
8365.9710430335  1.996501E-16
8370.04214325795  2.085769E-16
8374.11324348239  2.048119E-16
8378.18434370684  1.991966E-16
8382.25544393129  1.971992E-16
8386.32654415574  1.871391E-16
8390.39764438019  1.790688E-16
8394.46874460463  1.777263E-16
8398.53984482908  1.737696E-16
8402.61094505353  1.694753E-16
8406.68204527798  1.694265E-16
8410.75314550242  1.738299E-16
8414.82424572687  1.803127E-16
8418.89534595132  1.780324E-16
8422.96644617577  1.725223E-16
8427.03754640021  1.719034E-16
8431.10864662466  1.688328E-16
8435.17974684911  1.608837E-16
8439.25084707356  1.545869E-16
8443.321947298  1.514288E-16
8447.39304752245  1.527334E-16
8451.4641477469  1.578622E-16
8455.53524797134  1.643704E-16
8459.6063481958  1.638116E-16
8463.67744842024  1.609754E-16
8467.74854864469  1.586816E-16
8471.81964886913  1.559604E-16
8475.89074909358  1.533870E-16
8479.96184931803  1.501613E-16
8484.03294954248  1.521090E-16
8488.10404976693  1.578790E-16
8492.17514999137  1.684369E-16
8496.24625021582  1.845951E-16
8500.31735044027  1.924076E-16
8504.38845066472  1.900396E-16
8508.45955088916  1.885778E-16
8512.53065111361  1.905571E-16
8516.60175133806  1.920225E-16
8520.67285156251  1.964200E-16
8524.74395178695  2.028691E-16
8528.8150520114  2.050758E-16
8532.88615223585  2.106824E-16
8536.9572524603  2.246072E-16
8541.02835268474  2.391173E-16
8545.09945290919  2.546611E-16
8549.17055313364  2.730273E-16
8553.24165335809  2.810393E-16
8557.31275358253  2.761670E-16
8561.38385380698  2.775793E-16
8565.45495403143  2.820389E-16
8569.52605425588  2.846309E-16
8573.59715448033  2.876418E-16
8577.66825470477  2.926297E-16
8581.73935492922  3.007377E-16
8585.81045515367  3.242205E-16
8589.88155537812  3.479848E-16
8593.95265560256  3.588537E-16
8598.02375582701  3.345820E-16
8602.09485605146  3.150755E-16
8606.16595627591  3.055933E-16
8610.23705650035  2.931998E-16
8614.3081567248  2.860548E-16
8618.37925694925  2.799148E-16
8622.4503571737  2.705427E-16
8626.52145739814  2.615473E-16
8630.59255762259  2.562756E-16
8634.66365784704  2.554383E-16
8638.73475807148  2.505336E-16
8642.80585829593  2.394066E-16
8646.87695852038  2.271933E-16
8650.94805874483  2.200106E-16
8655.01915896927  2.163385E-16
8659.09025919372  2.113221E-16
8663.16135941817  2.153883E-16
8667.23245964262  2.298804E-16
8671.30355986707  2.467685E-16
8675.37466009151  2.614550E-16
8679.44576031596  2.695016E-16
8683.51686054041  2.803913E-16
8687.58796076486  2.792930E-16
8691.6590609893  2.763591E-16
8695.73016121375  2.751284E-16
8699.8012614382  2.932593E-16
8703.87236166265  3.011560E-16
8707.94346188709  3.214806E-16
8712.01456211154  3.385919E-16
8716.08566233599  3.421748E-16
8720.15676256043  3.432037E-16
8724.22786278488  3.436291E-16
8728.29896300933  3.362900E-16
8732.37006323378  3.324200E-16
8736.44116345822  3.193929E-16
8740.51226368267  3.054121E-16
8744.58336390712  2.971840E-16
8748.65446413157  2.969672E-16
8752.72556435602  2.875932E-16
8756.79666458046  2.855287E-16
8760.86776480491  2.973668E-16
8764.93886502936  2.999128E-16
8769.0099652538  2.950825E-16
8773.08106547825  2.865402E-16
8777.1521657027  2.726380E-16
8781.22326592715  2.609593E-16
8785.2943661516  2.508754E-16
8789.36546637604  2.423739E-16
8793.43656660049  2.425387E-16
8797.50766682494  2.492379E-16
8801.57876704938  2.519940E-16
8805.64986727383  2.483502E-16
8809.72096749828  2.429991E-16
8813.79206772273  2.368609E-16
8817.86316794718  2.288645E-16
8821.93426817162  2.143487E-16
8826.00536839607  1.968455E-16
8830.07646862052  1.854796E-16
8834.14756884497  1.875196E-16
8838.21866906941  2.006749E-16
8842.28976929386  2.044035E-16
8846.36086951831  2.077708E-16
8850.43196974275  2.059650E-16
8854.5030699672  2.084212E-16
8858.57417019165  2.138790E-16
8862.6452704161  1.891266E-16
8866.71637064054  1.406838E-16
8870.78747086499  1.711885E-16
8874.85857108944  1.976761E-16
8878.92967131389  2.008953E-16
8883.00077153834  2.076482E-16
8887.07187176278  2.114918E-16
8891.14297198723  2.069927E-16
8895.21407221168  2.076315E-16
8899.28517243613  2.172586E-16
8903.35627266057  2.253644E-16
8907.42737288502  2.272094E-16
8911.49847310947  2.245934E-16
8915.56957333392  2.171944E-16
8919.64067355836  2.050844E-16
8923.71177378281  1.944314E-16
8927.78287400726  1.874069E-16
8931.85397423171  1.881202E-16
8935.92507445615  1.905383E-16
8939.9961746806  1.896615E-16
8944.06727490505  1.868090E-16
8948.1383751295  1.710287E-16
8952.20947535394  1.633651E-16
8956.28057557839  1.696182E-16
8960.35167580284  1.680712E-16
8964.42277602729  1.683320E-16
8968.49387625174  1.695726E-16
8972.56497647618  1.709050E-16
8976.63607670063  1.762526E-16
8980.70717692508  1.693617E-16
8984.77827714952  1.553578E-16
8988.84937737397  1.509156E-16
8992.92047759842  1.638548E-16
8996.99157782287  1.789302E-16
9001.06267804731  1.866663E-16
9005.13377827176  1.795873E-16
9009.20487849621  1.700204E-16
9013.27597872066  1.740439E-16
9017.3470789451  1.833569E-16
9021.41817916955  1.842439E-16
9025.489279394  1.822338E-16
9029.56037961845  1.830731E-16
9033.63147984289  1.860728E-16
9037.70258006734  1.943298E-16
9041.77368029179  2.021966E-16
9045.84478051624  2.043076E-16
9049.91588074068  2.064521E-16
9053.98698096513  2.099360E-16
9058.05808118958  2.158425E-16
9062.12918141403  2.253260E-16
9066.20028163847  2.281466E-16
9070.27138186292  2.220721E-16
9074.34248208737  2.222513E-16
9078.41358231182  2.159133E-16
9082.48468253627  2.049305E-16
9086.55578276071  1.973949E-16
9090.62688298516  1.949263E-16
9094.6979832096  1.886805E-16
9098.76908343405  1.759242E-16
9102.8401836585  1.772641E-16
9106.91128388295  1.829439E-16
9110.9823841074  1.929356E-16
9115.05348433184  1.986682E-16
9119.12458455629  1.874173E-16
9123.19568478074  1.812681E-16
9127.26678500519  1.789078E-16
9131.33788522963  1.705170E-16
9135.40898545408  1.733602E-16
9139.48008567853  1.714890E-16
9143.55118590298  1.664193E-16
9147.62228612742  1.656531E-16
9151.69338635187  1.662981E-16
9155.76448657632  1.712666E-16
9159.83558680077  1.704818E-16
9163.90668702521  1.740298E-16
9167.97778724966  1.789784E-16
9172.04888747411  1.716350E-16
9176.11998769856  1.672995E-16
9180.191087923  1.706676E-16
9184.26218814745  1.735531E-16
9188.3332883719  1.642015E-16
9192.40438859635  1.603275E-16
9196.47548882079  1.620835E-16
9200.54658904524  1.610836E-16
9204.61768926969  1.591896E-16
9208.68878949414  1.586684E-16
9212.75988971858  1.607546E-16
9216.83098994303  1.617635E-16
9220.90209016748  1.610929E-16
9224.97319039193  1.644811E-16
9229.04429061637  1.699895E-16
9233.11539084082  1.586390E-16
9237.18649106527  1.496632E-16
9241.25759128972  1.512413E-16
9245.32869151417  1.591566E-16
9249.39979173861  1.570752E-16
9253.47089196306  1.579237E-16
9257.54199218751  1.724600E-16
9261.61309241196  1.830145E-16
9265.6841926364  1.904176E-16
9269.75529286085  1.960630E-16
9273.8263930853  2.075694E-16
9277.89749330974  2.161275E-16
9281.96859353419  2.136022E-16
9286.03969375864  2.160123E-16
9290.11079398309  2.175749E-16
9294.18189420754  2.138506E-16
9298.25299443198  2.103616E-16
9302.32409465643  2.009484E-16
9306.39519488088  2.008387E-16
9310.46629510533  1.962597E-16
9314.53739532977  1.715083E-16
9318.60849555422  1.734143E-16
9322.67959577867  1.796669E-16
9326.75069600312  1.595277E-16
9330.82179622756  1.421990E-16
9334.89289645201  1.362836E-16
9338.96399667646  1.397345E-16
9343.03509690091  1.363276E-16
9347.10619712535  1.441125E-16
9351.1772973498  1.581918E-16
9355.24839757425  1.455219E-16
9359.31949779869  1.419678E-16
9363.39059802314  1.466380E-16
9367.46169824759  1.455679E-16
9371.53279847204  1.791558E-16
9375.60389869649  1.805425E-16
9379.67499892093  1.384594E-16
9383.74609914538  1.296492E-16
9387.81719936983  1.507947E-16
9391.88829959427  1.587285E-16
9395.95939981872  1.540217E-16
9400.03050004317  1.478122E-16
9404.10160026762  1.499982E-16
9408.17270049207  1.472856E-16
9412.24380071651  1.495779E-16
9416.31490094096  1.640933E-16
9420.38600116541  1.690973E-16
9424.45710138986  1.526739E-16
9428.5282016143  1.309581E-16
9432.59930183875  1.406035E-16
9436.6704020632  1.726477E-16
9440.74150228765  1.702815E-16
9444.81260251209  1.447096E-16
9448.88370273654  1.464170E-16
9452.95480296099  1.438902E-16
9457.02590318544  1.453584E-16
9461.09700340988  1.619695E-16
9465.16810363433  1.657899E-16
9469.23920385878  1.675646E-16
9473.31030408322  1.708555E-16
9477.38140430767  1.690384E-16
9481.45250453212  1.635978E-16
9485.52360475657  1.519764E-16
9489.59470498101  1.634568E-16
9493.66580520546  1.640026E-16
9497.73690542991  1.443468E-16
9501.80800565436  1.581298E-16
9505.8791058788  1.677061E-16
9509.95020610325  1.631009E-16
9514.0213063277  1.597282E-16
9518.09240655215  1.364061E-16
9522.1635067766  1.346460E-16
9526.23460700104  1.457727E-16
9530.30570722549  1.487870E-16
9534.37680744994  1.544894E-16
9538.44790767439  1.490191E-16
9542.51900789883  1.102977E-16
9546.59010812328  1.047727E-16
9550.66120834773  1.388453E-16
9554.73230857218  1.417489E-16
9558.80340879662  1.402951E-16
9562.87450902107  1.505791E-16
9566.94560924552  1.521395E-16
9571.01670946997  1.601190E-16
9575.08780969441  1.636925E-16
9579.15890991886  1.589723E-16
9583.23001014331  1.616841E-16
9587.30111036776  1.605684E-16
9591.3722105922  1.582220E-16
9595.44331081665  1.698829E-16
9599.5144110411  1.962599E-16
9603.58551126555  2.092776E-16
9607.65661148999  1.917561E-16
9611.72771171444  1.822438E-16
9615.79881193889  1.847409E-16
9619.86991216334  1.700638E-16
9623.94101238778  1.618860E-16
9628.01211261223  1.648578E-16
9632.08321283668  1.691554E-16
9636.15431306113  1.558527E-16
9640.22541328557  1.421641E-16
9644.29651351002  1.476044E-16
9648.36761373447  1.459598E-16
9652.43871395892  1.397348E-16
9656.50981418336  1.364264E-16
9660.58091440781  1.259407E-16
9664.65201463226  1.369572E-16
9668.72311485671  1.408983E-16
9672.79421508115  1.412077E-16
9676.8653153056  1.491690E-16
9680.93641553005  1.483130E-16
9685.0075157545  1.509418E-16
9689.07861597894  1.461742E-16
9693.14971620339  1.360930E-16
9697.22081642784  1.361148E-16
9701.29191665229  1.435166E-16
9705.36301687674  1.401796E-16
9709.43411710118  1.374828E-16
9713.50521732563  1.482111E-16
9717.57631755008  1.583929E-16
9721.64741777452  1.564166E-16
9725.71851799897  1.479333E-16
9729.78961822342  1.319631E-16
9733.86071844787  1.252623E-16
9737.93181867231  1.508838E-16
9742.00291889676  1.554774E-16
9746.07401912121  1.320409E-16
9750.14511934566  1.177968E-16
9754.2162195701  1.163245E-16
9758.28731979455  1.271395E-16
9762.358420019  1.471836E-16
9766.42952024345  1.447561E-16
9770.50062046789  1.340949E-16
9774.57172069234  1.352714E-16
9778.64282091679  1.300837E-16
9782.71392114124  1.242388E-16
9786.78502136568  1.469826E-16
9790.85612159013  1.545636E-16
9794.92722181458  1.339759E-16
9798.99832203903  1.336853E-16
9803.06942226347  1.596274E-16
9807.14052248792  1.773418E-16
9811.21162271237  1.672931E-16
9815.28272293682  1.534431E-16
9819.35382316126  1.526492E-16
9823.42492338571  1.547737E-16
9827.49602361016  1.636187E-16
9831.56712383461  1.576273E-16
9835.63822405905  1.365677E-16
9839.7093242835  1.443349E-16
9843.78042450795  1.575945E-16
9847.8515247324  1.573166E-16
9851.92262495685  1.656006E-16
9855.99372518129  1.588027E-16
9860.06482540574  1.436009E-16
9864.13592563019  1.370527E-16
9868.20702585463  1.516987E-16
9872.27812607908  1.536606E-16
9876.34922630353  1.415142E-16
9880.42032652798  1.331685E-16
9884.49142675242  1.452236E-16
9888.56252697687  1.697768E-16
9892.63362720132  1.544938E-16
9896.70472742577  1.466737E-16
9900.77582765021  1.502627E-16
9904.84692787466  1.719935E-16
9908.91802809911  1.726461E-16
9912.98912832356  1.541228E-16
9917.06022854801  1.595794E-16
9921.13132877245  1.506193E-16
9925.2024289969  1.262514E-16
9929.27352922135  1.117387E-16
9933.3446294458  1.177174E-16
9937.41572967024  1.421401E-16
9941.48682989469  1.420482E-16
9945.55793011914  1.305424E-16
9949.62903034359  1.465697E-16
9953.70013056803  1.520920E-16
9957.77123079248  1.403545E-16
9961.84233101693  1.440806E-16
9965.91343124138  1.299391E-16
9969.98453146582  1.110387E-16
9974.05563169027  1.102150E-16
9978.12673191472  9.917899E-17
9982.19783213917  1.066597E-16
9986.26893236361  1.281801E-16
9990.34003258806  1.205799E-16
9994.41113281251  1.102494E-16
