9346.93261719001  1.342255E-17
9353.86633587135  2.471683E-17
9360.80005455269  1.094771E-17
9367.73377323403  1.443046E-17
9374.66749191537  5.976693E-18
9381.60121059671  1.142935E-17
9388.53492927806  9.919532E-18
9395.46864795939  6.725696E-18
9402.40236664073  -4.052850E-18
9409.33608532207  -5.896137E-18
9416.26980400342  7.106542E-18
9423.20352268475  -1.239988E-17
9430.13724136609  2.361107E-18
9437.07096004743  1.391933E-17
9444.00467872877  3.255648E-18
9450.93839741011  1.297660E-17
9457.87211609146  -2.684291E-18
9464.80583477279  8.482138E-17
9471.73955345413  2.348423E-17
9478.67327213547  4.010495E-17
9485.60699081681  1.249369E-17
9492.54070949815  -7.239506E-18
9499.47442817949  5.630047E-18
9506.40814686083  5.367315E-17
9513.34186554217  5.953589E-17
9520.27558422351  1.355749E-19
9527.20930290485  9.067034E-18
9534.14302158619  -9.014822E-18
9541.07674026753  1.547101E-17
9548.01045894887  1.183948E-17
9554.94417763021  -2.874116E-18
9561.87789631155  1.733880E-17
9568.81161499289  2.750329E-17
9575.74533367423  2.151089E-17
9582.67905235557  4.232121E-17
9589.61277103691  3.154328E-17
9596.54648971825  5.276538E-17
9603.48020839959  2.765244E-17
9610.41392708093  1.334738E-17
9617.34764576227  3.490633E-17
9624.28136444362  8.963172E-18
9631.21508312495  2.696490E-17
9638.14880180629  5.085740E-18
9645.08252048763  1.845005E-17
9652.01623916897  4.134749E-17
9658.94995785031  6.381898E-18
9665.88367653165  1.205241E-17
9672.81739521299  -2.806900E-19
9679.75111389433  3.760234E-19
9686.68483257567  3.143833E-19
9693.61855125701  2.049033E-18
9700.55226993835  -1.866863E-18
9707.4859886197  3.237185E-18
9714.41970730103  2.123099E-17
9721.35342598237  1.395646E-17
9728.28714466371  1.109876E-17
9735.22086334505  4.867589E-18
9742.15458202639  2.806774E-18
9749.08830070773  1.075227E-17
9756.02201938907  1.332594E-18
9762.95573807041  -1.156122E-18
9769.88945675175  5.447866E-18
9776.82317543309  7.556579E-20
9783.75689411443  7.672161E-18
9790.69061279578  2.240901E-17
9797.62433147711  8.588177E-18
9804.55805015845  1.535681E-17
9811.49176883979  1.119820E-18
9818.42548752113  9.529959E-18
9825.35920620247  1.799988E-17
9832.29292488381  1.541985E-17
9839.22664356515  5.738505E-18
9846.16036224649  -7.355765E-19
9853.09408092783  -2.853371E-18
9860.02779960917  4.681308E-18
9866.96151829051  3.561973E-18
9873.89523697185  5.223004E-18
9880.82895565319  2.621259E-17
9887.76267433453  1.807451E-17
9894.69639301587  1.749150E-17
9901.63011169721  2.612149E-20
9908.56383037855  5.885979E-19
9915.49754905989  1.647400E-17
9922.43126774124  -8.668492E-19
9929.36498642257  9.089645E-18
9936.29870510391  -2.436384E-18
9943.23242378525  2.257047E-19
9950.16614246659  1.409293E-17
9957.09986114793  1.677875E-17
9964.03357982927  2.789842E-18
9970.96729851061  1.041300E-17
9977.90101719196  1.727195E-17
9984.83473587329  2.401151E-18
9991.76845455463  1.994427E-17
9998.70217323597  5.536043E-18
10005.6358919173  4.061163E-18
10012.5696105987  1.661602E-17
10019.50332928  4.723595E-18
10026.4370479613  1.306547E-17
10033.3707666427  -4.067948E-18
10040.304485324  1.319031E-17
10047.2382040054  2.816757E-17
10054.1719226867  2.276439E-18
10061.105641368  1.723203E-17
10068.0393600494  6.491757E-18
10074.9730787307  3.203091E-17
10081.9067974121  1.932247E-17
10088.8405160934  3.359167E-17
10095.7742347747  3.549016E-17
10102.7079534561  4.151877E-17
10109.6416721374  2.455450E-17
10116.5753908188  2.976718E-17
10123.5091095001  1.579753E-17
10130.4428281814  7.644275E-18
10137.3765468628  -8.187507E-19
10144.3102655441  1.721069E-17
10151.2439842255  1.257601E-17
10158.1777029068  1.062559E-17
10165.1114215881  1.271453E-17
10172.0451402695  2.330667E-17
10178.9788589508  7.752157E-18
10185.9125776322  -3.148734E-18
10192.8462963135  1.515665E-17
10199.7800149948  1.054546E-17
10206.7137336762  1.112723E-17
10213.6474523575  8.122060E-18
10220.5811710389  -3.264545E-18
10227.5148897202  1.391892E-17
10234.4486084015  2.753224E-17
10241.3823270829  5.244176E-18
10248.3160457642  1.106425E-17
10255.2497644456  1.450963E-17
10262.1834831269  5.791566E-18
10269.1172018082  1.349829E-17
10276.0509204896  1.556762E-17
10282.9846391709  1.410008E-17
10289.9183578523  1.061141E-17
10296.8520765336  4.828149E-18
10303.7857952149  6.546632E-18
10310.7195138963  2.853511E-18
10317.6532325776  1.287492E-18
10324.586951259  4.217081E-18
10331.5206699403  8.348455E-18
10338.4543886216  8.727934E-18
10345.388107303  1.268012E-17
10352.3218259843  1.211218E-17
10359.2555446657  1.075491E-17
10366.189263347  -4.643569E-18
10373.1229820283  -1.527433E-19
10380.0567007097  1.414432E-17
10386.990419391  7.082193E-18
10393.9241380724  -1.611974E-18
10400.8578567537  1.471961E-17
10407.791575435  2.093269E-17
10414.7252941164  5.227402E-18
10421.6590127977  -1.954524E-18
10428.5927314791  1.985822E-17
10435.5264501604  4.391963E-18
10442.4601688417  1.046236E-18
10449.3938875231  2.724833E-18
10456.3276062044  1.016302E-17
10463.2613248858  5.746468E-18
10470.1950435671  3.161587E-18
10477.1287622484  5.120447E-18
10484.0624809298  1.036370E-17
10490.9961996111  9.728525E-18
10497.9299182925  9.980441E-18
10504.8636369738  7.133635E-18
10511.7973556551  3.518497E-18
10518.7310743365  1.203895E-17
10525.6647930178  1.646869E-18
10532.5985116992  1.890576E-18
10539.5322303805  1.109122E-17
10546.4659490618  1.397774E-17
10553.3996677432  -7.715124E-19
10560.3333864245  -8.998916E-19
10567.2671051059  6.440007E-18
10574.2008237872  1.072144E-17
10581.1345424685  4.370988E-18
10588.0682611499  -2.833701E-18
10595.0019798312  6.449357E-18
10601.9356985126  1.592636E-18
10608.8694171939  -3.972531E-18
10615.8031358752  -3.210681E-18
10622.7368545566  3.425158E-18
10629.6705732379  3.044731E-18
10636.6042919193  -3.150743E-18
10643.5380106006  1.904081E-18
10650.4717292819  2.310565E-18
10657.4054479633  4.233495E-18
10664.3391666446  5.128035E-19
10671.272885326  2.639010E-18
10678.2066040073  -2.123369E-18
10685.1403226886  9.587056E-18
10692.07404137  -2.005818E-18
10699.0077600513  -2.903718E-18
10705.9414787327  -1.420631E-18
10712.875197414  -5.565781E-18
10719.8089160953  -2.785398E-18
10726.7426347767  1.239678E-18
10733.676353458  -8.680992E-19
10740.6100721394  3.031211E-18
10747.5437908207  9.151472E-18
10754.477509502  9.930455E-18
10761.4112281834  4.673565E-18
10768.3449468647  9.274461E-19
10775.2786655461  2.768667E-18
10782.2123842274  6.067548E-18
10789.1461029087  4.278899E-18
10796.0798215901  5.590478E-18
10803.0135402714  7.012891E-18
10809.9472589528  6.218959E-18
10816.8809776341  9.941654E-18
10823.8146963154  4.137877E-18
10830.7484149968  1.084057E-17
10837.6821336781  1.117395E-17
10844.6158523595  9.824264E-18
10851.5495710408  2.271775E-17
10858.4832897221  2.782640E-17
10865.4170084035  3.132315E-17
10872.3507270848  4.843712E-17
10879.2844457662  6.679447E-17
10886.2181644475  7.730123E-17
10893.1518831288  8.346959E-17
10900.0856018102  7.227202E-17
10907.0193204915  6.434359E-17
10913.9530391729  4.949373E-17
10920.8867578542  4.321899E-17
10927.8204765355  3.527626E-17
10934.7541952169  2.444381E-17
10941.6879138982  3.048347E-17
10948.6216325796  2.489964E-17
10955.5553512609  1.821269E-17
10962.4890699422  1.832447E-17
10969.4227886236  3.911167E-17
10976.3565073049  3.416096E-17
10983.2902259863  4.295736E-17
10990.2239446676  4.698876E-17
10997.1576633489  4.757540E-17
11004.0913820303  4.338381E-17
11011.0251007116  4.563369E-17
11017.958819393  4.135408E-17
11024.8925380743  2.771470E-17
11031.8262567556  1.974483E-17
11038.759975437  9.794793E-18
11045.6936941183  6.873904E-18
11052.6274127997  9.325212E-18
11059.561131481  8.917910E-18
11066.4948501623  9.547872E-18
11073.4285688437  9.725881E-18
11080.362287525  -8.262136E-20
11087.2960062064  6.172380E-19
11094.2297248877  1.567300E-17
11101.163443569  9.170656E-18
11108.0971622504  3.384533E-18
11115.0308809317  1.193572E-17
11121.9645996131  1.272697E-17
11128.8983182944  6.026334E-18
11135.8320369757  -2.301654E-18
11142.7657556571  2.091207E-17
11149.6994743384  7.277978E-18
11156.6331930198  2.782887E-18
11163.5669117011  1.715521E-18
11170.5006303824  8.495978E-18
11177.4343490638  8.073134E-18
11184.3680677451  6.236323E-18
11191.3017864265  7.121646E-18
11198.2355051078  8.270291E-18
11205.1692237891  4.881613E-18
11212.1029424705  1.301571E-17
11219.0366611518  2.495595E-17
11225.9703798332  -4.137134E-21
11232.9040985145  3.215911E-18
11239.8378171958  9.137140E-18
11246.7715358772  2.282231E-18
11253.7052545585  2.948843E-18
11260.6389732399  2.206529E-18
11267.5726919212  -1.511426E-18
11274.5064106025  1.006263E-17
11281.4401292839  1.285828E-17
11288.3738479652  1.520836E-17
11295.3075666466  6.384651E-18
11302.2412853279  -1.759811E-18
11309.1750040092  -5.403806E-19
11316.1087226906  1.239166E-17
11323.0424413719  1.860070E-18
11329.9761600533  6.727656E-18
11336.9098787346  -1.068258E-17
11343.8435974159  8.924081E-18
11350.7773160973  5.446942E-18
11357.7110347786  9.476820E-18
11364.64475346  1.270599E-17
11371.5784721413  3.411374E-18
11378.5121908226  6.456620E-18
11385.445909504  1.870719E-17
11392.3796281853  9.200880E-18
11399.3133468667  7.741347E-18
11406.247065548  8.919216E-18
11413.1807842293  5.112331E-18
11420.1145029107  3.854222E-18
11427.048221592  9.163070E-18
11433.9819402734  1.570442E-17
11440.9156589547  1.399724E-17
11447.849377636  1.886963E-17
11454.7830963174  1.076928E-17
11461.7168149987  7.218106E-18
11468.6505336801  9.746811E-18
11475.5842523614  3.981516E-18
11482.5179710427  -3.417712E-18
11489.4516897241  7.784986E-18
11496.3854084054  9.117138E-18
11503.3191270868  1.074881E-17
11510.2528457681  -1.076793E-18
11517.1865644494  6.914524E-18
11524.1202831308  2.339297E-18
11531.0540018121  4.751385E-18
11537.9877204935  -1.317571E-19
11544.9214391748  7.746835E-18
11551.8551578561  8.441805E-18
11558.7888765375  5.091304E-18
11565.7225952188  5.791215E-18
11572.6563139002  1.245121E-17
11579.5900325815  4.806850E-18
11586.5237512628  1.267286E-17
11593.4574699442  7.113763E-18
11600.3911886255  -3.732836E-18
11607.3249073069  1.198232E-17
11614.2586259882  4.447715E-18
11621.1923446695  3.555538E-18
11628.1260633509  1.124004E-17
11635.0597820322  5.214947E-19
11641.9935007136  -9.472932E-19
11648.9272193949  1.007469E-17
11655.8609380762  1.442453E-17
11662.7946567576  5.226079E-18
11669.7283754389  1.290783E-18
11676.6620941203  7.946443E-18
11683.5958128016  -2.985008E-18
11690.5295314829  4.783927E-18
11697.4632501643  2.892851E-18
11704.3969688456  3.661644E-18
11711.330687527  1.882463E-18
11718.2644062083  3.623850E-18
11725.1981248896  -2.094889E-18
11732.131843571  5.040742E-18
11739.0655622523  6.707183E-18
11745.9992809337  5.841302E-18
11752.932999615  7.105424E-18
11759.8667182963  7.967803E-18
11766.8004369777  5.522355E-18
11773.734155659  3.512022E-18
11780.6678743404  7.946656E-18
11787.6015930217  8.044922E-19
11794.535311703  1.195615E-18
11801.4690303844  5.257144E-18
11808.4027490657  4.038181E-18
11815.3364677471  9.729168E-18
11822.2701864284  1.005000E-17
11829.2039051097  2.544349E-18
11836.1376237911  6.419716E-18
11843.0713424724  4.303328E-18
11850.0050611538  6.504534E-18
11856.9387798351  8.900084E-18
11863.8724985164  2.139048E-18
11870.8062171978  6.820392E-18
11877.7399358791  7.929420E-18
11884.6736545605  6.420451E-18
11891.6073732418  1.168550E-17
11898.5410919231  4.882211E-18
11905.4748106045  2.955491E-18
11912.4085292858  8.226250E-19
11919.3422479672  -1.079683E-19
11926.2759666485  6.523556E-19
11933.2096853298  2.868113E-19
11940.1434040112  1.256570E-17
11947.0771226925  -2.728065E-18
11954.0108413739  0.
11960.9445600552  0.
11967.8782787365  9.803578E-18
11974.8119974179  2.681798E-18
11981.7457160992  4.850194E-18
11988.6794347806  6.604978E-18
11995.6131534619  2.141060E-19
12002.5468721432  8.303143E-18
12009.4805908246  1.455764E-18
12016.4143095059  5.890053E-18
12023.3480281873  1.162103E-17
12030.2817468686  -1.250708E-18
12037.2154655499  -9.613184E-19
12044.1491842313  -1.048191E-18
12051.0829029126  8.503165E-18
12058.016621594  5.195050E-19
12064.9503402753  1.256305E-17
12071.8840589566  1.029824E-17
12078.817777638  2.626195E-18
12085.7514963193  2.621970E-18
12092.6852150007  4.239888E-18
12099.618933682  6.642269E-18
12106.5526523633  -3.396101E-18
12113.4863710447  9.119413E-18
12120.420089726  -5.471209E-19
12127.3538084074  9.919545E-20
12134.2875270887  8.618197E-19
12141.22124577  1.573015E-17
12148.1549644514  1.154298E-17
12155.0886831327  8.631089E-18
12162.0224018141  1.201359E-17
12168.9561204954  7.731091E-18
12175.8898391767  1.161453E-17
12182.8235578581  8.455269E-18
12189.7572765394  4.701079E-18
12196.6909952208  7.907458E-18
12203.6247139021  4.494091E-18
12210.5584325834  3.573010E-18
12217.4921512648  2.982489E-18
12224.4258699461  1.014225E-17
12231.3595886275  5.373015E-19
12238.2933073088  5.729459E-18
12245.2270259901  5.877593E-18
12252.1607446715  3.435042E-18
12259.0944633528  8.525478E-18
12266.0281820342  8.611608E-19
12272.9619007155  3.027337E-18
12279.8956193968  7.735438E-18
12286.8293380782  -1.000236E-18
12293.7630567595  1.087420E-17
12300.6967754409  6.141440E-18
12307.6304941222  6.790688E-18
12314.5642128035  3.983561E-18
12321.4979314849  2.702619E-19
12328.4316501662  3.213264E-18
12335.3653688476  2.828037E-18
12342.2990875289  4.989917E-18
12349.2328062102  5.614108E-19
12356.1665248916  2.007133E-18
12363.1002435729  5.496737E-17
12370.0339622543  1.709402E-17
12376.9676809356  5.557106E-18
12383.9013996169  7.203422E-18
12390.8351182983  8.173865E-18
12397.7688369796  9.294343E-18
12404.702555661  1.062822E-18
12411.6362743423  1.524052E-18
12418.5699930236  1.158116E-17
12425.503711705  5.672609E-18
12432.4374303863  4.536697E-18
12439.3711490677  4.752667E-18
12446.304867749  1.355165E-17
12453.2385864303  1.306094E-16
12460.1723051117  3.000859E-17
12467.106023793  -8.390105E-19
12474.0397424744  7.505006E-18
12480.9734611557  1.407808E-18
12487.907179837  9.660092E-19
12494.8408985184  2.067434E-18
12501.7746171997  4.974198E-19
12508.7083358811  8.916737E-18
12515.6420545624  -2.210340E-18
12522.5757732437  2.450097E-16
12529.5094919251  5.115907E-17
12536.4432106064  4.200189E-18
12543.3769292878  3.161251E-18
12550.3106479691  -6.792388E-21
12557.2443666504  3.186878E-18
12564.1780853318  4.520621E-18
12571.1118040131  3.927640E-18
12578.0455226945  5.091735E-18
12584.9792413758  2.910017E-18
12591.9129600571  2.382692E-18
12598.8466787385  7.271113E-18
12605.7803974198  7.700496E-18
12612.7141161012  -1.086840E-18
12619.6478347825  1.227218E-18
12626.5815534638  2.569962E-18
12633.5152721452  3.609326E-19
12640.4489908265  2.630936E-18
12647.3827095079  1.963953E-18
12654.3164281892  1.598603E-18
12661.2501468705  5.037291E-18
12668.1838655519  5.073362E-18
12675.1175842332  1.160004E-18
12682.0513029146  1.106964E-17
12688.9850215959  5.437911E-18
12695.9187402772  1.048779E-18
12702.8524589586  -9.962036E-19
12709.7861776399  4.853512E-18
12716.7198963213  6.542526E-18
12723.6536150026  1.288250E-17
12730.5873336839  6.227946E-18
12737.5210523653  0.
12744.4547710466  2.667414E-20
12751.388489728  5.568519E-18
12758.3222084093  1.797663E-17
12765.2559270906  9.044260E-18
12772.189645772  1.056099E-17
12779.1233644533  9.537415E-18
12786.0570831347  1.841086E-17
12792.990801816  9.341758E-18
12799.9245204973  6.818412E-20
12806.8582391787  9.285553E-18
12813.79195786  1.344307E-19
12820.7256765414  8.329001E-18
12827.6593952227  1.173251E-17
12834.593113904  1.516633E-17
12841.5268325854  1.767279E-17
12848.4605512667  2.855995E-17
12855.3942699481  3.941907E-17
12862.3279886294  4.561075E-17
12869.2617073107  4.728483E-17
12876.1954259921  6.046678E-17
12883.1291446734  7.193401E-17
12890.0628633548  6.143971E-17
12896.9965820361  5.709185E-17
12903.9303007174  3.008812E-17
12910.8640193988  4.998463E-17
12917.7977380801  3.947747E-17
12924.7314567615  2.828310E-17
12931.6651754428  2.533749E-17
12938.5988941241  1.909034E-17
12945.5326128055  9.655501E-18
12952.4663314868  1.026484E-17
12959.4000501682  1.555170E-17
12966.3337688495  1.242074E-17
12973.2674875308  1.525788E-17
12980.2012062122  7.152278E-18
12987.1349248935  4.100269E-18
12994.0686435749  7.377629E-19
13001.0023622562  3.520266E-18
13007.9360809375  4.370911E-18
13014.8697996189  9.060649E-18
13021.8035183002  3.377793E-18
13028.7372369816  4.642580E-20
13035.6709556629  1.504061E-18
13042.6046743442  3.376998E-18
13049.5383930256  5.051259E-18
13056.4721117069  1.101465E-17
13063.4058303883  1.672751E-20
13070.3395490696  -2.587422E-18
13077.2732677509  -1.162141E-18
13084.2069864323  -2.817623E-18
13091.1407051136  2.589442E-18
13098.074423795  8.086858E-18
13105.0081424763  7.773859E-19
13111.9418611576  -1.331414E-18
13118.875579839  5.683703E-18
13125.8092985203  3.656137E-18
13132.7430172017  4.714751E-18
13139.676735883  1.444295E-17
13146.6104545643  3.993537E-18
13153.5441732457  5.590805E-18
13160.477891927  1.069956E-17
13167.4116106084  6.303921E-18
13174.3453292897  8.700732E-20
13181.279047971  8.702983E-18
13188.2127666524  6.172321E-19
13195.1464853337  4.483394E-18
13202.0802040151  4.454692E-18
13209.0139226964  7.020724E-18
13215.9476413777  5.273859E-18
13222.8813600591  3.912020E-18
13229.8150787404  4.681412E-18
13236.7487974218  1.523305E-17
13243.6825161031  5.823655E-18
13250.6162347844  -1.696933E-18
13257.5499534658  7.673185E-18
13264.4836721471  1.163419E-17
13271.4173908285  8.136779E-18
13278.3511095098  3.429242E-18
13285.2848281911  2.457690E-18
13292.2185468725  1.583369E-18
13299.1522655538  9.796603E-19
13306.0859842352  1.471815E-17
13313.0197029165  1.055897E-17
13319.9534215978  1.225864E-17
13326.8871402792  9.154807E-18
13333.8208589605  3.112515E-18
13340.7545776419  2.147644E-18
13347.6882963232  1.729053E-18
13354.6220150045  4.449624E-18
13361.5557336859  3.774451E-18
13368.4894523672  4.174418E-18
13375.4231710486  1.790524E-18
13382.3568897299  1.286628E-18
13389.2906084112  1.074085E-17
13396.2243270926  1.791698E-18
13403.1580457739  2.607853E-18
13410.0917644553  4.644029E-18
13417.0254831366  4.525219E-18
13423.9592018179  1.161489E-17
13430.8929204993  1.122153E-17
13437.8266391806  9.359879E-18
13444.760357862  7.003025E-18
13451.6940765433  7.685444E-18
13458.6277952246  6.269383E-20
13465.561513906  3.409878E-18
13472.4952325873  2.320480E-17
13479.4289512687  2.831163E-18
13486.36266995  -3.794981E-18
13493.2963886313  3.654578E-18
13500.2301073127  3.026925E-18
13507.163825994  1.362886E-17
13514.0975446754  5.054113E-19
13521.0312633567  -1.232815E-17
13527.964982038  -2.890392E-18
13534.8987007194  3.792305E-17
13541.8324194007  3.970396E-17
13548.7661380821  4.565108E-17
13555.6998567634  4.339910E-17
13562.6335754447  1.655042E-17
13569.5672941261  -1.129060E-17
13576.5010128074  -2.228301E-17
13583.4347314888  8.553699E-17
13590.3684501701  3.957965E-18
13597.3021688514  4.224892E-17
13604.2358875328  1.010968E-16
13611.1696062141  -6.133379E-17
13618.1033248955  1.468760E-17
13625.0370435768  5.404691E-17
13631.9707622581  2.256959E-17
13638.9044809395  2.776060E-17
13645.8381996208  2.290343E-17
13652.7719183022  -1.453141E-17
13659.7056369835  5.799646E-17
13666.6393556648  -1.595656E-17
13673.5730743462  7.251586E-17
13680.5067930275  1.702970E-17
13687.4405117089  1.021684E-17
13694.3742303902  -1.704254E-17
13701.3079490715  -2.169530E-17
13708.2416677529  1.379232E-16
13715.1753864342  1.110809E-16
13722.1091051156  2.799296E-18
13729.0428237969  6.096865E-18
13735.9765424782  4.242127E-17
13742.9102611596  2.411010E-17
13749.8439798409  2.365123E-17
13756.7776985223  3.927905E-17
13763.7114172036  -1.072415E-18
13770.6451358849  1.562930E-17
13777.5788545663  -5.774934E-18
13784.5125732476  2.306337E-17
13791.446291929  5.484674E-17
13798.3800106103  2.868314E-17
13805.3137292916  6.179020E-17
13812.247447973  9.087834E-17
13819.1811666543  1.139393E-16
13826.1148853357  -3.905901E-18
13833.048604017  1.436337E-16
13839.9823226983  5.905852E-17
13846.9160413797  4.400294E-18
13853.849760061  2.466835E-17
13860.7834787424  5.693375E-18
13867.7171974237  7.771684E-18
13874.650916105  7.081480E-18
13881.5846347864  4.109697E-18
13888.5183534677  -6.695013E-18
13895.4520721491  -7.545804E-18
13902.3857908304  1.592262E-17
13909.3195095117  -1.024174E-17
13916.2532281931  -5.866568E-18
13923.1869468744  1.239535E-18
13930.1206655558  1.538954E-17
13937.0543842371  1.114943E-17
13943.9881029184  1.621874E-18
13950.9218215998  -1.855242E-17
13957.8555402811  6.372207E-17
13964.7892589625  2.285832E-17
13971.7229776438  1.667201E-17
13978.6566963251  -6.201507E-18
13985.5904150065  1.910369E-17
13992.5241336878  3.041989E-17
13999.4578523692  -4.651101E-18
14006.3915710505  3.362808E-17
14013.3252897318  3.025528E-18
14020.2590084132  1.339049E-17
14027.1927270945  4.619751E-17
14034.1264457759  2.435399E-17
14041.0601644572  -1.985324E-17
14047.9938831385  2.646197E-18
14054.9276018199  -9.377142E-18
14061.8613205012  -9.349085E-18
14068.7950391826  6.536904E-19
14075.7287578639  2.667953E-17
14082.6624765452  1.743994E-17
14089.5961952266  4.959367E-17
14096.5299139079  -7.585197E-18
14103.4636325893  3.260062E-17
14110.3973512706  5.928627E-18
14117.3310699519  -1.196528E-18
14124.2647886333  8.642793E-18
14131.1985073146  -9.515550E-18
14138.132225996  -6.583631E-18
14145.0659446773  3.500424E-18
14151.9996633586  2.295933E-18
14158.93338204  -1.381142E-18
14165.8671007213  4.433423E-18
14172.8008194027  1.407038E-17
14179.734538084  3.396532E-17
14186.6682567653  1.342852E-17
14193.6019754467  -3.542325E-18
14200.535694128  6.373734E-18
14207.4694128094  1.825668E-17
14214.4031314907  7.845911E-18
14221.336850172  2.631616E-18
14228.2705688534  2.417228E-18
14235.2042875347  4.584441E-18
14242.1380062161  1.266440E-17
14249.0717248974  3.191543E-18
14256.0054435787  9.219165E-18
14262.9391622601  8.784555E-18
14269.8728809414  1.942756E-18
14276.8065996228  3.078028E-18
14283.7403183041  -6.051799E-18
14290.6740369854  1.145347E-17
14297.6077556668  1.232615E-17
14304.5414743481  8.217362E-18
14311.4751930295  3.100318E-19
14318.4089117108  1.639899E-17
14325.3426303921  -2.699097E-18
14332.2763490735  -1.438711E-18
14339.2100677548  -7.631164E-19
14346.1437864362  8.355346E-18
14353.0775051175  7.357022E-19
14360.0112237988  4.526136E-19
14366.9449424802  4.848132E-18
14373.8786611615  7.133985E-18
14380.8123798429  1.667509E-17
14387.7460985242  2.354278E-18
14394.6798172055  8.897974E-19
14401.6135358869  -2.104764E-18
14408.5472545682  -4.751381E-18
14415.4809732496  6.414243E-18
14422.4146919309  1.319183E-17
14429.3484106122  3.667275E-18
14436.2821292936  -1.000309E-18
14443.2158479749  1.054231E-17
14450.1495666563  1.521769E-18
14457.0832853376  5.822248E-18
14464.0170040189  3.112140E-18
14470.9507227003  -1.418120E-18
14477.8844413816  2.899497E-18
14484.818160063  4.964377E-19
14491.7518787443  3.862452E-18
14498.6855974256  1.976589E-17
14505.619316107  1.343892E-17
14512.5530347883  -3.612617E-18
14519.4867534697  1.121613E-18
14526.420472151  1.444064E-18
14533.3541908323  3.699214E-18
14540.2879095137  -1.357518E-19
14547.221628195  2.068103E-17
14554.1553468764  1.827735E-18
14561.0890655577  -1.802746E-18
14568.022784239  7.108501E-18
14574.9565029204  5.387039E-18
14581.8902216017  6.103099E-18
14588.8239402831  1.355886E-17
14595.7576589644  4.461086E-18
14602.6913776457  3.679624E-18
14609.6250963271  7.969049E-18
14616.5588150084  4.410080E-18
14623.4925336898  5.944036E-18
14630.4262523711  5.895586E-18
14637.3599710524  9.519716E-18
14644.2936897338  7.478806E-18
14651.2274084151  9.991611E-18
14658.1611270965  -2.954553E-19
14665.0948457778  7.957774E-18
14672.0285644591  8.553793E-18
14678.9622831405  1.148597E-17
14685.8960018218  -5.961467E-19
14692.8297205032  6.529607E-18
14699.7634391845  1.770910E-17
14706.6971578658  2.620303E-18
14713.6308765472  7.643951E-19
14720.5645952285  2.159386E-18
14727.4983139099  2.312544E-18
14734.4320325912  7.786872E-18
14741.3657512725  3.264242E-18
14748.2994699539  2.399803E-18
14755.2331886352  3.368032E-18
14762.1669073166  -1.070856E-18
14769.1006259979  2.851141E-18
14776.0343446792  1.016981E-17
14782.9680633606  2.324869E-19
14789.9017820419  -4.445572E-18
14796.8355007233  1.010572E-17
14803.7692194046  6.990464E-18
14810.7029380859  4.219582E-18
14817.6366567673  8.443336E-18
14824.5703754486  0.
14831.50409413  -2.703833E-19
14838.4378128113  6.667146E-18
14845.3715314926  2.087200E-18
14852.305250174  1.221411E-18
14859.2389688553  -3.922358E-19
14866.1726875367  4.091215E-18
14873.106406218  7.557797E-18
14880.0401248993  -4.542627E-19
14886.9738435807  8.383006E-18
14893.907562262  1.014174E-18
14900.8412809434  8.143523E-18
14907.7749996247  1.021989E-17
14914.708718306  2.088752E-18
14921.6424369874  2.089986E-18
14928.5761556687  5.538727E-18
14935.5098743501  1.580445E-19
14942.4435930314  1.244118E-17
14949.3773117127  2.371905E-19
14956.3110303941  7.543158E-18
14963.2447490754  7.402766E-18
14970.1784677568  1.000772E-18
14977.1121864381  -6.503287E-20
14984.0459051194  1.257977E-17
14990.9796238008  8.182052E-18
14997.9133424821  4.977662E-18
15004.8470611635  4.175326E-18
15011.7807798448  8.477545E-18
15018.7144985261  3.885218E-18
15025.6482172075  -6.402558E-19
15032.5819358888  5.239607E-18
15039.5156545702  2.774446E-18
15046.4493732515  6.128403E-19
15053.3830919328  2.382913E-17
15060.3168106142  2.460389E-17
15067.2505292955  0.
15074.1842479769  8.215663E-18
15081.1179666582  -1.006794E-18
15088.0516853395  -1.569973E-18
15094.9854040209  5.346698E-18
15101.9191227022  -3.381411E-18
15108.8528413836  1.836897E-18
15115.7865600649  6.396774E-18
15122.7202787462  8.233533E-18
15129.6539974276  4.160573E-18
15136.5877161089  4.179527E-18
15143.5214347903  5.723820E-18
15150.4551534716  5.130351E-18
15157.3888721529  2.513162E-18
15164.3225908343  -1.678590E-18
15171.2563095156  9.411472E-19
15178.190028197  1.371244E-17
15185.1237468783  2.181692E-18
15192.0574655596  2.442947E-18
15198.991184241  1.072572E-18
15205.9249029223  1.809662E-18
15212.8586216037  3.524344E-18
15219.792340285  5.133472E-18
15226.7260589663  1.307733E-17
15233.6597776477  5.532255E-18
15240.593496329  6.621111E-18
15247.5272150104  1.725822E-17
15254.4609336917  6.978201E-18
15261.394652373  8.201703E-18
15268.3283710544  7.990356E-18
15275.2620897357  7.861469E-18
15282.1958084171  -6.347873E-19
15289.1295270984  -2.057597E-18
15296.0632457797  3.109815E-18
15302.9969644611  6.078118E-18
15309.9306831424  4.571534E-18
15316.8644018238  1.338460E-17
15323.7981205051  3.274186E-18
15330.7318391864  -2.865907E-20
15337.6655578678  8.605468E-18
15344.5992765491  1.329278E-17
15351.5329952305  5.010730E-18
15358.4667139118  -1.185454E-18
15365.4004325931  1.026240E-17
15372.3341512745  1.506024E-17
15379.2678699558  1.104214E-18
15386.2015886372  -5.370477E-19
15393.1353073185  -1.310618E-18
15400.0690259998  2.971846E-18
15407.0027446812  5.604338E-18
15413.9364633625  4.939992E-18
15420.8701820439  1.721241E-17
15427.8039007252  4.550768E-18
15434.7376194065  2.457956E-18
15441.6713380879  -2.060019E-19
15448.6050567692  2.589553E-18
15455.5387754506  5.791730E-18
15462.4724941319  4.431566E-18
15469.4062128132  4.286334E-18
15476.3399314946  2.761574E-18
15483.2736501759  -1.142521E-18
15490.2073688573  1.610589E-17
15497.1410875386  7.454598E-18
15504.0748062199  4.269079E-19
15511.0085249013  3.179922E-18
15517.9422435826  6.724933E-18
15524.875962264  4.482902E-18
15531.8096809453  6.344350E-20
15538.7433996266  8.259177E-18
15545.677118308  4.965888E-20
15552.6108369893  -6.747026E-19
15559.5445556707  4.013122E-18
15566.478274352  1.913941E-18
15573.4119930333  4.761479E-18
15580.3457117147  2.788377E-18
15587.279430396  5.582343E-18
15594.2131490774  -1.597823E-18
15601.1468677587  -9.412021E-19
15608.08058644  5.010248E-18
15615.0143051214  5.201868E-18
15621.9480238027  2.521827E-19
15628.8817424841  1.710670E-17
15635.8154611654  4.608238E-18
15642.7491798467  -9.425361E-19
15649.6828985281  4.440186E-18
15656.6166172094  1.244328E-17
15663.5503358908  9.932863E-18
15670.4840545721  4.624934E-18
15677.4177732534  1.031095E-17
15684.3514919348  2.929839E-18
15691.2852106161  6.307837E-18
15698.2189292975  9.119856E-18
15705.1526479788  5.508552E-18
15712.0863666601  2.810808E-19
15719.0200853415  2.387489E-18
15725.9538040228  2.674819E-18
15732.8875227042  8.115144E-19
15739.8212413855  8.973220E-19
15746.7549600668  3.261461E-18
15753.6886787482  -9.312301E-19
15760.6223974295  7.888797E-18
15767.5561161109  1.396277E-17
15774.4898347922  -1.378813E-18
15781.4235534735  3.921070E-18
15788.3572721549  5.184847E-18
15795.2909908362  3.329492E-18
15802.2247095176  5.887109E-18
15809.1584281989  3.301079E-18
15816.0921468802  1.066228E-17
15823.0258655616  1.608664E-17
15829.9595842429  0.
15836.8933029243  1.004125E-17
15843.8270216056  7.929281E-18
15850.7607402869  -1.784911E-18
15857.6944589683  2.658874E-18
15864.6281776496  -9.581488E-19
15871.561896331  -7.952882E-19
15878.4956150123  7.154458E-18
15885.4293336936  8.241476E-18
15892.363052375  -6.032556E-20
15899.2967710563  6.640666E-18
15906.2304897377  8.233504E-18
15913.164208419  3.100729E-18
15920.0979271003  6.674021E-18
15927.0316457817  4.516510E-18
15933.965364463  1.148097E-17
15940.8990831444  2.587934E-18
15947.8328018257  7.318648E-18
15954.766520507  9.757489E-19
15961.7002391884  7.078639E-18
15968.6339578697  7.581941E-18
15975.5676765511  1.680764E-18
15982.5013952324  4.069043E-18
15989.4351139137  5.171365E-18
15996.3688325951  2.740996E-18
16003.3025512764  6.120362E-18
16010.2362699578  9.486041E-18
16017.1699886391  1.527737E-17
16024.1037073204  1.570130E-17
16031.0374260018  2.028099E-19
16037.9711446831  1.499634E-18
16044.9048633645  4.831741E-18
16051.8385820458  3.796965E-18
16058.7723007271  1.435571E-17
16065.7060194085  8.415573E-18
16072.6397380898  2.760038E-18
16079.5734567712  -1.433929E-18
16086.5071754525  1.772569E-17
16093.4408941338  3.552391E-18
16100.3746128152  1.422148E-17
16107.3083314965  6.292206E-18
16114.2420501779  -7.361205E-19
16121.1757688592  -3.912205E-19
16128.1094875405  3.895892E-18
16135.0432062219  1.293218E-17
16141.9769249032  6.844030E-18
16148.9106435846  5.928066E-18
16155.8443622659  2.809890E-18
16162.7780809472  -1.927526E-19
16169.7117996286  4.556469E-18
16176.6455183099  5.538047E-18
16183.5792369913  2.506928E-18
16190.5129556726  -2.190270E-18
16197.4466743539  -1.704307E-19
16204.3803930353  5.122849E-18
16211.3141117166  7.297713E-18
16218.247830398  8.777730E-18
16225.1815490793  8.661817E-18
16232.1152677606  8.781358E-18
16239.048986442  1.043368E-17
16245.9827051233  1.600840E-17
16252.9164238047  4.443066E-18
16259.850142486  3.401765E-18
16266.7838611673  4.787711E-18
16273.7175798487  4.182770E-19
16280.65129853  8.956651E-18
16287.5850172114  9.543570E-19
16294.5187358927  4.422755E-18
16301.452454574  9.751204E-18
16308.3861732554  1.178685E-17
16315.3198919367  3.969296E-18
16322.2536106181  5.515322E-18
16329.1873292994  8.363322E-18
16336.1210479807  5.164573E-18
16343.0547666621  5.280965E-18
16349.9884853434  7.181674E-18
16356.9222040248  2.169997E-18
16363.8559227061  2.858504E-18
16370.7896413874  1.719492E-17
16377.7233600688  -9.832210E-19
16384.6570787501  5.882125E-18
16391.5907974315  5.779563E-18
16398.5245161128  8.205905E-18
16405.4582347941  -1.956387E-19
16412.3919534755  3.176729E-18
16419.3256721568  3.555862E-18
16426.2593908382  5.855909E-19
16433.1931095195  1.852756E-18
16440.1268282008  1.857277E-18
