3346.52075195  3.796204E-19
3350.59996890709  1.474027E-17
3354.67918586418  1.490139E-17
3358.75840282127  4.390399E-17
3362.83761977836  -5.342940E-17
3366.91683673545  -3.058431E-17
3370.99605369254  6.877095E-17
3375.07527064963  1.126330E-16
3379.15448760672  4.166722E-17
3383.23370456381  5.281927E-17
3387.3129215209  -2.421830E-18
3391.39213847799  7.932220E-17
3395.47135543508  3.132741E-17
3399.55057239217  -7.256312E-17
3403.62978934926  1.001766E-16
3407.70900630635  4.786116E-17
3411.78822326344  5.218584E-18
3415.86744022053  3.835643E-17
3419.94665717762  -2.330407E-18
3424.02587413471  7.050542E-17
3428.1050910918  4.127884E-17
3432.18430804889  7.121511E-17
3436.26352500598  2.149926E-17
3440.34274196307  9.660601E-17
3444.42195892016  -5.325059E-17
3448.50117587725  4.745292E-17
3452.58039283434  2.403864E-17
3456.65960979143  8.290084E-18
3460.73882674852  8.517880E-17
3464.81804370561  2.737474E-18
3468.8972606627  4.165607E-17
3472.97647761979  -1.461532E-17
3477.05569457688  -2.323482E-17
3481.13491153397  5.866241E-17
3485.21412849106  6.135295E-17
3489.29334544815  2.029941E-17
3493.37256240524  7.518892E-17
3497.45177936233  3.284086E-17
3501.53099631942  2.998292E-17
3505.61021327651  3.140937E-17
3509.6894302336  3.236911E-17
3513.76864719069  5.924320E-17
3517.84786414778  7.018503E-17
3521.92708110487  3.521640E-17
3526.00629806196  4.376885E-17
3530.08551501905  4.408772E-17
3534.16473197614  3.897618E-17
3538.24394893323  6.013189E-17
3542.32316589032  2.900053E-17
3546.40238284741  4.183651E-17
3550.4815998045  6.338547E-17
3554.56081676159  3.530550E-17
3558.64003371868  3.718507E-17
3562.71925067577  6.864859E-17
3566.79846763286  4.907404E-17
3570.87768458995  6.124237E-17
3574.95690154704  4.660460E-17
3579.03611850413  3.553289E-17
3583.11533546122  2.955707E-17
3587.19455241831  4.844312E-17
3591.2737693754  6.761205E-17
3595.35298633249  6.599471E-17
3599.43220328958  7.599955E-17
3603.51142024667  3.688977E-17
3607.59063720376  3.774887E-17
3611.66985416085  5.954858E-17
3615.74907111794  2.458604E-17
3619.82828807503  5.912436E-17
3623.90750503212  6.488908E-17
3627.98672198921  5.871791E-17
3632.0659389463  5.273434E-17
3636.14515590339  4.310066E-17
3640.22437286048  4.081314E-17
3644.30358981757  6.064881E-17
3648.38280677466  6.941666E-17
3652.46202373175  7.007427E-17
3656.54124068884  6.619690E-17
3660.62045764593  5.287876E-17
3664.69967460302  6.322364E-17
3668.77889156011  5.010032E-17
3672.8581085172  7.728650E-17
3676.93732547429  7.176125E-17
3681.01654243138  7.595562E-17
3685.09575938847  6.075495E-17
3689.17497634556  5.730664E-17
3693.25419330265  4.947659E-17
3697.33341025974  5.878117E-17
3701.41262721683  5.637814E-17
3705.49184417392  5.388154E-17
3709.57106113101  7.257859E-17
3713.6502780881  5.157990E-17
3717.72949504519  5.833556E-17
3721.80871200228  6.921023E-17
3725.88792895937  7.390223E-17
3729.96714591646  6.739361E-17
3734.04636287355  7.585553E-17
3738.12557983064  6.255809E-17
3742.20479678773  6.999051E-17
3746.28401374482  6.192487E-17
3750.36323070191  6.407484E-17
3754.442447659  8.268716E-17
3758.52166461609  8.569679E-17
3762.60088157318  6.286027E-17
3766.68009853027  7.781664E-17
3770.75931548736  8.238804E-17
3774.83853244445  9.185845E-17
3778.91774940154  9.652330E-17
3782.99696635863  9.586482E-17
3787.07618331572  1.043100E-16
3791.15540027281  1.220399E-16
3795.2346172299  1.207668E-16
3799.31383418699  1.044285E-16
3803.39305114408  1.313466E-16
3807.47226810117  1.288357E-16
3811.55148505826  1.274703E-16
3815.63070201535  1.360363E-16
3819.70991897244  1.359282E-16
3823.78913592953  1.353782E-16
3827.86835288662  1.474430E-16
3831.94756984371  1.402495E-16
3836.0267868008  1.509293E-16
3840.10600375789  1.393296E-16
3844.18522071498  1.548517E-16
3848.26443767207  1.457927E-16
3852.34365462916  1.404686E-16
3856.42287158625  1.254341E-16
3860.50208854334  1.323562E-16
3864.58130550043  1.294379E-16
3868.66052245752  1.416844E-16
3872.73973941461  1.133022E-16
3876.8189563717  1.129955E-16
3880.89817332879  1.260970E-16
3884.97739028588  1.245545E-16
3889.05660724297  1.323691E-16
3893.13582420006  1.360068E-16
3897.21504115715  1.227506E-16
3901.29425811424  1.302343E-16
3905.37347507133  1.357677E-16
3909.45269202842  1.440249E-16
3913.53190898551  1.268735E-16
3917.6111259426  1.253262E-16
3921.69034289969  1.300885E-16
3925.76955985678  1.179922E-16
3929.84877681387  1.163715E-16
3933.92799377096  1.296146E-16
3938.00721072805  1.363740E-16
3942.08642768514  1.306005E-16
3946.16564464223  1.319282E-16
3950.24486159932  1.432865E-16
3954.32407855641  1.346020E-16
3958.4032955135  1.184501E-16
3962.48251247059  1.314769E-16
3966.56172942768  1.258537E-16
3970.64094638477  1.338863E-16
3974.72016334186  1.330110E-16
3978.79938029895  1.318059E-16
3982.87859725604  1.287625E-16
3986.95781421313  1.430711E-16
3991.03703117022  1.446004E-16
3995.11624812731  1.521065E-16
3999.1954650844  1.512283E-16
4003.27468204149  1.515997E-16
4007.35389899858  1.605607E-16
4011.43311595567  1.698625E-16
4015.51233291276  1.741893E-16
4019.59154986985  1.849783E-16
4023.67076682694  2.033196E-16
4027.74998378403  2.116358E-16
4031.82920074112  2.108828E-16
4035.90841769821  2.106681E-16
4039.9876346553  2.206857E-16
4044.06685161239  2.280532E-16
4048.14606856948  2.320936E-16
4052.22528552657  2.256904E-16
4056.30450248366  2.336846E-16
4060.38371944075  2.193571E-16
4064.46293639784  2.270881E-16
4068.54215335493  2.259219E-16
4072.62137031202  2.271925E-16
4076.70058726911  2.347388E-16
4080.7798042262  2.395206E-16
4084.85902118329  2.393987E-16
4088.93823814038  2.478622E-16
4093.01745509747  2.414133E-16
4097.09667205456  2.384473E-16
4101.17588901165  2.499238E-16
4105.25510596874  2.565217E-16
4109.33432292583  2.405931E-16
4113.41353988292  2.507084E-16
4117.49275684001  2.389629E-16
4121.5719737971  2.424988E-16
4125.65119075419  2.441279E-16
4129.73040771128  2.332491E-16
4133.80962466837  2.317402E-16
4137.88884162546  2.364226E-16
4141.96805858255  2.227468E-16
4146.04727553964  2.219767E-16
4150.12649249673  2.299106E-16
4154.20570945382  2.228161E-16
4158.28492641091  2.321854E-16
4162.364143368  2.416599E-16
4166.44336032509  2.234057E-16
4170.52257728218  2.263189E-16
4174.60179423927  2.264220E-16
4178.68101119636  2.346591E-16
4182.76022815345  2.372471E-16
4186.83944511054  2.342995E-16
4190.91866206763  2.383996E-16
4194.99787902472  2.442944E-16
4199.07709598181  2.440730E-16
4203.1563129389  2.478751E-16
4207.23552989599  2.464016E-16
4211.31474685308  2.398224E-16
4215.39396381017  2.455988E-16
4219.47318076726  2.515532E-16
4223.55239772435  2.555381E-16
4227.63161468144  2.477269E-16
4231.71083163853  2.526668E-16
4235.79004859562  2.414641E-16
4239.86926555271  2.358295E-16
4243.9484825098  2.329557E-16
4248.02769946689  2.250724E-16
4252.10691642398  2.068709E-16
4256.18613338107  2.084640E-16
4260.26535033816  2.197085E-16
4264.34456729525  2.072813E-16
4268.42378425234  2.015586E-16
4272.50300120943  2.172668E-16
4276.58221816652  2.020443E-16
4280.66143512361  2.097668E-16
4284.7406520807  2.146983E-16
4288.81986903779  1.945680E-16
4292.89908599488  2.206113E-16
4296.97830295197  2.211028E-16
4301.05751990906  2.330564E-16
4305.13673686615  2.632030E-16
4309.21595382324  2.637347E-16
4313.29517078033  2.722054E-16
4317.37438773742  2.864480E-16
4321.45360469451  2.944357E-16
4325.5328216516  2.979901E-16
4329.61203860869  2.906129E-16
4333.69125556578  2.734115E-16
4337.77047252287  2.704359E-16
4341.84968947996  2.711716E-16
4345.92890643705  2.621143E-16
4350.00812339414  2.640262E-16
4354.08734035123  2.528294E-16
4358.16655730832  2.444387E-16
4362.24577426541  2.550991E-16
4366.3249912225  2.583157E-16
4370.4042081796  2.613466E-16
4374.48342513668  2.645145E-16
4378.56264209377  2.600179E-16
4382.64185905086  2.537599E-16
4386.72107600795  2.488398E-16
4390.80029296504  2.388961E-16
4394.87950992213  2.478345E-16
4398.95872687922  2.368420E-16
4403.03794383631  2.385592E-16
4407.1171607934  2.365378E-16
4411.19637775049  2.448763E-16
4415.27559470758  2.366666E-16
4419.35481166467  2.345334E-16
4423.43402862176  2.388690E-16
4427.51324557885  2.484708E-16
4431.59246253594  2.398946E-16
4435.67167949303  2.332506E-16
4439.75089645012  2.311077E-16
4443.83011340721  2.388810E-16
4447.9093303643  2.394536E-16
4451.98854732139  2.367829E-16
4456.06776427848  2.501521E-16
4460.14698123557  2.382142E-16
4464.22619819266  2.358962E-16
4468.30541514975  2.385867E-16
4472.38463210684  2.387885E-16
4476.46384906393  2.302347E-16
4480.54306602102  2.306089E-16
4484.62228297811  2.229858E-16
4488.7014999352  1.960704E-16
4492.78071689229  2.022618E-16
4496.85993384938  1.975126E-16
4500.93915080647  1.795450E-16
4505.01836776356  1.857490E-16
4509.09758472065  1.795420E-16
4513.17680167774  1.639370E-16
4517.25601863483  1.692854E-16
4521.33523559192  1.703493E-16
4525.41445254901  1.649603E-16
4529.4936695061  1.615007E-16
4533.57288646319  1.627732E-16
4537.65210342028  1.614200E-16
4541.73132037737  1.554852E-16
4545.81053733446  1.597308E-16
4549.88975429155  1.548840E-16
4553.96897124864  1.505091E-16
4558.04818820573  1.556473E-16
4562.12740516282  1.633607E-16
4566.20662211991  1.688446E-16
4570.285839077  1.633332E-16
4574.36505603409  1.618811E-16
4578.44427299118  1.676402E-16
4582.52348994827  1.574329E-16
4586.60270690536  1.652823E-16
4590.68192386245  1.909863E-16
4594.76114081954  1.700725E-16
4598.84035777663  1.767644E-16
4602.91957473372  1.862625E-16
4606.99879169081  1.807669E-16
4611.0780086479  1.949191E-16
4615.15722560499  2.000016E-16
4619.23644256208  2.039423E-16
4623.31565951917  2.147440E-16
4627.39487647627  2.144914E-16
4631.47409343335  2.174122E-16
4635.55331039044  2.305655E-16
4639.63252734753  2.402355E-16
4643.71174430463  2.385142E-16
4647.79096126171  2.560082E-16
4651.8701782188  2.372049E-16
4655.94939517589  2.522718E-16
4660.02861213299  2.696259E-16
4664.10782909007  2.754342E-16
4668.18704604716  2.760522E-16
4672.26626300425  2.740042E-16
4676.34547996134  2.921768E-16
4680.42469691843  2.864586E-16
4684.50391387552  3.027674E-16
4688.58313083261  2.915310E-16
4692.66234778971  2.868105E-16
4696.74156474679  3.029570E-16
4700.82078170388  3.089418E-16
4704.89999866097  3.082752E-16
4708.97921561807  3.115292E-16
4713.05843257515  2.968371E-16
4717.13764953224  3.021217E-16
4721.21686648933  3.099372E-16
4725.29608344642  3.028069E-16
4729.37530040351  3.018068E-16
4733.4545173606  3.011546E-16
4737.53373431769  2.966866E-16
4741.61295127478  2.956722E-16
4745.69216823188  2.895205E-16
4749.77138518896  2.769692E-16
4753.85060214606  2.832882E-16
4757.92981910314  2.829112E-16
4762.00903606023  2.765557E-16
4766.08825301732  2.834462E-16
4770.16746997441  2.697055E-16
4774.2466869315  2.636962E-16
4778.3259038886  2.750928E-16
4782.40512084568  2.689311E-16
4786.48433780277  2.641725E-16
4790.56355475986  2.734569E-16
4794.64277171696  2.859913E-16
4798.72198867404  2.784846E-16
4802.80120563113  2.591506E-16
4806.88042258822  2.742262E-16
4810.95963954531  2.681133E-16
4815.0388565024  2.572252E-16
4819.11807345949  2.650353E-16
4823.19729041658  2.635364E-16
4827.27650737368  2.614101E-16
4831.35572433076  2.549587E-16
4835.43494128786  2.548629E-16
4839.51415824494  2.720091E-16
4843.59337520203  2.767212E-16
4847.67259215912  2.679964E-16
4851.75180911621  2.714943E-16
4855.8310260733  2.874307E-16
4859.91024303039  2.935193E-16
4863.98945998748  2.781244E-16
4868.06867694458  2.754142E-16
4872.14789390166  2.921683E-16
4876.22711085875  2.873191E-16
4880.30632781584  2.951197E-16
4884.38554477293  2.858048E-16
4888.46476173003  2.903457E-16
4892.54397868711  3.008561E-16
4896.62319564421  2.907127E-16
4900.7024126013  2.986805E-16
4904.78162955838  3.062613E-16
4908.86084651547  2.890668E-16
4912.94006347256  3.008797E-16
4917.01928042965  3.149669E-16
4921.09849738674  3.004780E-16
4925.17771434383  3.057329E-16
4929.25693130093  3.079404E-16
4933.33614825801  3.158116E-16
4937.4153652151  3.173291E-16
4941.49458217219  2.939293E-16
4945.57379912928  2.966798E-16
4949.65301608637  2.961493E-16
4953.73223304346  2.781960E-16
4957.81145000055  2.910841E-16
4961.89066695765  2.914206E-16
4965.96988391473  2.748109E-16
4970.04910087182  2.731515E-16
4974.12831782891  2.737557E-16
4978.207534786  2.857969E-16
4982.28675174309  2.632594E-16
4986.36596870018  2.744354E-16
4990.44518565727  2.601904E-16
4994.52440261436  2.713431E-16
4998.60361957145  2.670121E-16
5002.68283652855  2.625369E-16
5006.76205348564  2.572635E-16
5010.84127044272  2.471763E-16
5014.92048739982  2.613813E-16
5018.99970435691  2.617370E-16
5023.07892131399  2.573123E-16
5027.15813827109  2.660464E-16
5031.23735522818  2.616024E-16
5035.31657218526  2.701814E-16
5039.39578914235  2.549325E-16
5043.47500609945  2.557568E-16
5047.55422305654  2.650872E-16
5051.63344001362  2.649199E-16
5055.71265697072  2.650206E-16
5059.79187392781  2.537841E-16
5063.87109088489  2.346719E-16
5067.95030784198  2.438536E-16
5072.02952479907  2.440145E-16
5076.10874175616  2.377680E-16
5080.18795871326  2.474566E-16
5084.26717567035  2.526457E-16
5088.34639262743  2.484470E-16
5092.42560958453  2.373728E-16
5096.50482654162  2.439046E-16
5100.5840434987  2.404512E-16
5104.66326045579  2.441529E-16
5108.74247741289  2.463526E-16
5112.82169436998  2.365549E-16
5116.90091132706  2.238210E-16
5120.98012828415  2.149386E-16
5125.05934524125  2.160518E-16
5129.13856219833  2.231252E-16
5133.21777915542  2.176140E-16
5137.29699611252  2.080313E-16
5141.3762130696  2.080859E-16
5145.45543002669  2.090356E-16
5149.53464698379  2.103212E-16
5153.61386394087  2.059986E-16
5157.69308089797  2.059022E-16
5161.77229785505  2.010877E-16
5165.85151481215  1.880979E-16
5169.93073176923  1.809538E-16
5174.00994872633  1.895816E-16
5178.08916568342  1.909515E-16
5182.16838264051  1.886117E-16
5186.24759959759  1.896742E-16
5190.32681655469  1.844327E-16
5194.40603351178  1.855252E-16
5198.48525046886  1.852874E-16
5202.56446742595  1.864684E-16
5206.64368438305  1.820295E-16
5210.72290134013  1.799080E-16
5214.80211829722  1.859579E-16
5218.88133525432  1.840868E-16
5222.96055221141  1.862119E-16
5227.03976916849  1.849535E-16
5231.11898612559  1.845033E-16
5235.19820308268  1.830292E-16
5239.27742003976  1.842547E-16
5243.35663699686  1.895654E-16
5247.43585395395  1.836232E-16
5251.51507091104  1.893013E-16
5255.59428786812  1.836342E-16
5259.67350482522  1.829359E-16
5263.75272178231  1.854956E-16
5267.8319387394  1.786060E-16
5271.91115569649  1.825003E-16
5275.99037265358  1.866510E-16
5280.06958961066  1.816646E-16
5284.14880656776  1.928982E-16
5288.22802352484  1.930366E-16
5292.30724048193  1.850294E-16
5296.38645743902  1.861356E-16
5300.46567439612  1.803452E-16
5304.5448913532  1.932303E-16
5308.6241083103  1.917625E-16
5312.70332526739  1.954669E-16
5316.78254222448  1.946064E-16
5320.86175918156  2.028297E-16
5324.94097613866  2.005759E-16
5329.02019309575  1.994005E-16
5333.09941005283  2.072596E-16
5337.17862700992  1.951606E-16
5341.25784396702  1.992813E-16
5345.3370609241  2.049828E-16
5349.4162778812  2.218187E-16
5353.49549483829  1.970453E-16
5357.57471179538  2.104707E-16
5361.65392875247  2.142199E-16
5365.73314570956  2.090611E-16
5369.81236266665  2.099832E-16
5373.89157962374  2.105642E-16
5377.97079658083  2.141817E-16
5382.05001353792  2.220570E-16
5386.12923049501  2.251978E-16
5390.20844745209  2.324679E-16
5394.28766440919  2.378934E-16
5398.36688136628  2.388136E-16
5402.44609832337  2.418230E-16
5406.52531528046  2.438281E-16
5410.60453223755  2.414755E-16
5414.68374919464  2.301826E-16
5418.76296615173  2.400609E-16
5422.84218310881  2.513866E-16
5426.92140006591  2.314702E-16
5431.000617023  2.493384E-16
5435.07983398009  2.477147E-16
5439.15905093717  2.517419E-16
5443.23826789426  2.532623E-16
5447.31748485136  2.563033E-16
5451.39670180845  2.398226E-16
5455.47591876553  2.573013E-16
5459.55513572263  2.613404E-16
5463.63435267972  2.549415E-16
5467.71356963681  2.484569E-16
5471.7927865939  2.457461E-16
5475.87200355099  2.600368E-16
5479.95122050808  2.657976E-16
5484.03043746516  2.650709E-16
5488.10965442226  2.568703E-16
5492.18887137935  2.506292E-16
5496.26808833644  2.583236E-16
5500.34730529353  2.610420E-16
5504.42652225062  2.540394E-16
5508.50573920771  2.625163E-16
5512.5849561648  2.636009E-16
5516.66417312189  2.625618E-16
5520.74339007898  2.620538E-16
5524.82260703606  2.532339E-16
5528.90182399316  2.670077E-16
5532.98104095025  2.578276E-16
5537.06025790734  2.581749E-16
5541.13947486443  2.556657E-16
5545.21869182152  2.542967E-16
5549.29790877861  2.689530E-16
5553.3771257357  2.626252E-16
5557.45634269279  2.610440E-16
5561.53555964988  2.640391E-16
5565.61477660697  2.405091E-16
5569.69399356406  2.125612E-16
5573.77321052115  2.519197E-16
5577.85242747824  2.849291E-16
5581.93164443532  2.350720E-16
5586.01086139242  2.261115E-16
5590.09007834951  2.432200E-16
5594.1692953066  2.150182E-16
5598.24851226369  2.174527E-16
5602.32772922078  2.183479E-16
5606.40694617787  2.287678E-16
5610.48616313496  2.013022E-16
5614.56538009204  2.048841E-16
5618.64459704914  2.087733E-16
5622.72381400623  2.127666E-16
5626.80303096331  2.084513E-16
5630.88224792041  1.987239E-16
5634.9614648775  2.024297E-16
5639.04068183459  1.999796E-16
5643.11989879168  2.002592E-16
5647.19911574877  2.012692E-16
5651.27833270586  1.924409E-16
5655.35754966295  1.834417E-16
5659.43676662004  1.875705E-16
5663.51598357712  1.882377E-16
5667.59520053422  1.818174E-16
5671.67441749131  1.887296E-16
5675.7536344484  1.918714E-16
5679.83285140548  1.884112E-16
5683.91206836258  1.848845E-16
5687.99128531967  1.879892E-16
5692.07050227675  1.836018E-16
5696.14971923385  1.852508E-16
5700.22893619094  1.823449E-16
5704.30815314803  1.897711E-16
5708.38737010512  1.975367E-16
5712.46658706221  1.935464E-16
5716.5458040193  1.809851E-16
5720.62502097639  1.865453E-16
5724.70423793348  1.953975E-16
5728.78345489057  1.851677E-16
5732.86267184766  1.726786E-16
5736.94188880475  1.842726E-16
5741.02110576184  1.906250E-16
5745.10032271892  1.938754E-16
5749.17953967602  1.889286E-16
5753.25875663311  1.931812E-16
5757.3379735902  1.825670E-16
5761.41719054728  1.935092E-16
5765.49640750438  1.811479E-16
5769.57562446147  1.904504E-16
5773.65484141856  1.993730E-16
5777.73405837564  2.011273E-16
5781.81327533274  1.886221E-16
5785.89249228983  1.837042E-16
5789.97170924692  1.776354E-16
5794.05092620401  1.762051E-16
5798.1301431611  1.798914E-16
5802.20936011819  1.759237E-16
5806.28857707528  1.774935E-16
5810.36779403237  1.738750E-16
5814.44701098946  1.680169E-16
5818.52622794655  1.680623E-16
5822.60544490364  1.783546E-16
5826.68466186072  1.757896E-16
5830.76387881782  1.740773E-16
5834.84309577491  1.784650E-16
5838.922312732  1.684199E-16
5843.00152968909  1.734816E-16
5847.08074664618  1.786594E-16
5851.15996360327  1.671837E-16
5855.23918056035  1.726132E-16
5859.31839751745  1.619078E-16
5863.39761447454  1.697134E-16
5867.47683143163  1.784114E-16
5871.55604838871  1.630178E-16
5875.63526534581  1.590997E-16
5879.7144823029  1.661191E-16
5883.79369925999  1.683675E-16
5887.87291621708  1.714469E-16
5891.95213317417  1.767197E-16
5896.03135013126  1.702013E-16
5900.11056708835  1.775316E-16
5904.18978404544  1.825616E-16
5908.26900100253  1.829637E-16
5912.34821795962  1.935495E-16
5916.42743491671  1.848449E-16
5920.5066518738  1.875880E-16
5924.58586883089  1.891761E-16
5928.66508578798  1.802107E-16
5932.74430274507  1.876033E-16
5936.82351970215  1.949570E-16
5940.90273665925  1.880162E-16
5944.98195361634  1.980502E-16
5949.06117057343  1.980858E-16
5953.14038753051  1.917621E-16
5957.21960448761  1.977855E-16
5961.2988214447  1.952289E-16
5965.37803840179  1.811965E-16
5969.45725535888  1.840098E-16
5973.53647231597  1.759543E-16
5977.61568927306  1.857225E-16
5981.69490623015  1.873849E-16
5985.77412318724  1.933045E-16
5989.85334014433  1.848673E-16
5993.93255710142  1.837026E-16
5998.01177405851  1.901130E-16
6002.0909910156  1.849345E-16
6006.17020797269  1.838354E-16
6010.24942492978  1.785084E-16
6014.32864188687  1.765415E-16
6018.40785884396  1.825681E-16
6022.48707580105  1.759953E-16
6026.56629275814  1.844804E-16
6030.64550971523  1.832302E-16
6034.72472667232  1.907368E-16
6038.80394362941  1.855225E-16
6042.8831605865  1.767771E-16
6046.96237754359  1.851452E-16
6051.04159450068  1.761775E-16
6055.12081145777  1.788525E-16
6059.20002841486  1.766617E-16
6063.27924537195  1.860828E-16
6067.35846232904  1.904503E-16
6071.43767928613  1.787031E-16
6075.51689624322  1.908014E-16
6079.59611320031  1.850116E-16
6083.6753301574  1.764263E-16
6087.75454711449  1.782980E-16
6091.83376407158  1.822325E-16
6095.91298102867  1.739611E-16
6099.99219798575  1.715555E-16
6104.07141494285  1.723590E-16
6108.15063189994  1.733974E-16
6112.22984885703  1.762693E-16
6116.30906581412  1.864676E-16
6120.38828277121  1.774802E-16
6124.4674997283  1.705448E-16
6128.54671668539  1.792191E-16
6132.62593364248  1.760510E-16
6136.70515059957  1.784933E-16
6140.78436755666  1.884566E-16
6144.86358451375  1.697647E-16
6148.94280147084  1.778495E-16
6153.02201842793  1.821683E-16
6157.10123538502  1.670325E-16
6161.18045234211  1.671249E-16
6165.2596692992  1.609207E-16
6169.33888625629  1.639847E-16
6173.41810321338  1.640961E-16
6177.49732017047  1.610181E-16
6181.57653712756  1.625995E-16
6185.65575408465  1.676338E-16
6189.73497104174  1.693035E-16
6193.81418799883  1.683867E-16
6197.89340495592  1.658588E-16
6201.97262191301  1.660973E-16
6206.0518388701  1.686760E-16
6210.13105582719  1.716995E-16
6214.21027278428  1.630091E-16
6218.28948974137  1.577929E-16
6222.36870669846  1.666759E-16
6226.44792365555  1.659243E-16
6230.52714061264  1.708740E-16
6234.60635756973  1.728178E-16
6238.68557452682  1.734524E-16
6242.76479148391  1.689245E-16
6246.844008441  1.584707E-16
6250.92322539809  1.636335E-16
6255.00244235518  1.647479E-16
6259.08165931227  1.650480E-16
6263.16087626936  1.595286E-16
6267.24009322645  1.570781E-16
6271.31931018354  1.587930E-16
6275.39852714063  1.473974E-16
6279.47774409772  1.625964E-16
6283.55696105481  1.604709E-16
6287.6361780119  1.577083E-16
6291.71539496898  1.618132E-16
6295.79461192608  1.630773E-16
6299.87382888317  1.687172E-16
6303.95304584026  1.686248E-16
6308.03226279735  1.490804E-16
6312.11147975444  1.425907E-16
6316.19069671153  1.553184E-16
6320.26991366862  1.418561E-16
6324.34913062571  1.581672E-16
6328.4283475828  1.614764E-16
6332.50756453989  1.636635E-16
6336.58678149698  1.615124E-16
6340.66599845407  1.578451E-16
6344.74521541116  1.544888E-16
6348.82443236825  1.553473E-16
6352.90364932534  1.540766E-16
6356.98286628243  1.498812E-16
6361.06208323952  1.535417E-16
6365.14130019661  1.561226E-16
6369.2205171537  1.707441E-16
6373.29973411079  1.571087E-16
6377.37895106788  1.617035E-16
6381.45816802497  1.531078E-16
6385.53738498206  1.575045E-16
6389.61660193915  1.466298E-16
6393.69581889624  1.548362E-16
6397.77503585333  1.618956E-16
6401.85425281042  1.552837E-16
6405.93346976751  1.493096E-16
6410.0126867246  1.447062E-16
6414.09190368169  1.465743E-16
6418.17112063877  1.496199E-16
6422.25033759587  1.514006E-16
6426.32955455296  1.520492E-16
6430.40877151005  1.475143E-16
6434.48798846714  1.461415E-16
6438.56720542423  1.489899E-16
6442.64642238132  1.553258E-16
6446.72563933841  1.486036E-16
6450.8048562955  1.436701E-16
6454.88407325259  1.463347E-16
6458.96329020968  1.425648E-16
6463.04250716677  1.299926E-16
6467.12172412386  1.302595E-16
6471.20094108095  1.383919E-16
6475.28015803804  1.289543E-16
6479.35937499513  1.307108E-16
6483.43859195222  1.317071E-16
6487.51780890931  1.247408E-16
6491.5970258664  1.264939E-16
6495.67624282349  1.241466E-16
6499.75545978058  1.203200E-16
6503.83467673767  1.144451E-16
6507.91389369476  1.141579E-16
6511.99311065185  1.134135E-16
6516.07232760894  9.640265E-17
6520.15154456603  9.862368E-17
6524.23076152312  9.804733E-17
6528.30997848021  7.377282E-17
6532.3891954373  8.026543E-17
6536.46841239439  9.635857E-17
6540.54762935148  8.611996E-17
6544.62684630857  8.726678E-17
6548.70606326566  8.468265E-17
6552.78528022275  9.163096E-17
6556.86449717984  9.108593E-17
6560.94371413693  8.807337E-17
6565.02293109402  8.660554E-17
6569.10214805111  8.145224E-17
6573.1813650082  7.937008E-17
6577.26058196529  8.797856E-17
6581.33979892238  8.627027E-17
6585.41901587947  8.785455E-17
6589.49823283656  8.681580E-17
6593.57744979365  9.078632E-17
6597.65666675074  8.887763E-17
6601.73588370783  7.315760E-17
6605.81510066492  9.440054E-17
6609.89431762201  9.757679E-17
6613.9735345791  8.663339E-17
6618.05275153619  8.428925E-17
6622.13196849328  9.280069E-17
6626.21118545037  9.168184E-17
6630.29040240746  9.045644E-17
6634.36961936455  9.593768E-17
6638.44883632164  9.730042E-17
6642.52805327873  1.037778E-16
6646.60727023582  9.723694E-17
6650.68648719291  9.509634E-17
6654.76570415  1.065140E-16
6658.84492110709  1.073135E-16
6662.92413806418  9.714654E-17
6667.00335502127  1.031013E-16
6671.08257197836  1.068500E-16
6675.16178893545  1.067696E-16
6679.24100589254  1.038332E-16
6683.32022284963  1.116456E-16
6687.39943980672  1.238022E-16
6691.47865676381  1.209218E-16
6695.5578737209  1.228137E-16
6699.63709067799  1.093087E-16
6703.71630763508  1.194056E-16
6707.79552459217  1.186599E-16
6711.87474154926  1.218419E-16
6715.95395850635  1.250012E-16
6720.03317546344  1.276691E-16
6724.11239242053  1.169620E-16
6728.19160937762  1.187436E-16
6732.27082633471  1.197544E-16
6736.3500432918  1.180135E-16
6740.42926024889  1.243176E-16
6744.50847720598  1.207258E-16
6748.58769416307  1.170848E-16
6752.66691112016  1.220230E-16
6756.74612807724  1.197715E-16
6760.82534503434  1.226614E-16
6764.90456199143  1.124181E-16
6768.98377894852  1.172436E-16
6773.06299590561  1.239648E-16
6777.1422128627  1.162714E-16
6781.22142981979  1.199713E-16
6785.30064677688  1.193656E-16
6789.37986373397  1.128133E-16
6793.45908069106  1.241337E-16
6797.53829764815  1.244926E-16
6801.61751460524  1.212120E-16
6805.69673156233  1.166523E-16
6809.77594851942  1.110809E-16
6813.85516547651  1.203652E-16
6817.9343824336  1.142485E-16
6822.01359939069  1.146249E-16
6826.09281634778  1.130456E-16
6830.17203330487  1.122616E-16
6834.25125026196  1.194810E-16
6838.33046721905  1.147575E-16
6842.40968417614  1.161296E-16
6846.48890113323  1.189758E-16
6850.56811809032  1.100539E-16
6854.64733504741  1.073672E-16
6858.7265520045  1.156494E-16
6862.80576896159  1.066658E-16
6866.88498591868  1.249615E-16
6870.96420287577  1.065076E-16
6875.04341983286  8.161941E-17
6879.12263678995  8.876444E-17
6883.20185374704  1.087679E-16
6887.28107070413  1.166817E-16
6891.36028766122  1.083762E-16
6895.43950461831  1.031389E-16
6899.5187215754  1.059753E-16
6903.59793853249  1.029103E-16
6907.67715548958  9.924859E-17
6911.75637244667  9.620551E-17
6915.83558940376  9.802841E-17
6919.91480636085  9.724763E-17
6923.99402331794  8.891497E-17
6928.07324027503  9.036723E-17
6932.15245723212  1.055627E-16
6936.23167418921  9.915329E-17
6940.3108911463  9.729091E-17
6944.39010810339  1.042815E-16
6948.46932506048  9.772876E-17
6952.54854201757  9.714513E-17
6956.62775897466  9.227949E-17
6960.70697593175  9.769285E-17
6964.78619288884  8.556826E-17
6968.86540984593  1.080999E-16
6972.94462680302  1.010341E-16
6977.02384376011  9.964219E-17
6981.1030607172  9.079539E-17
6985.18227767429  9.627487E-17
6989.26149463138  9.242231E-17
6993.34071158847  8.909998E-17
6997.41992854556  8.702063E-17
7001.49914550265  8.491647E-17
7005.57836245974  9.257973E-17
7009.65757941683  9.333921E-17
7013.73679637392  8.692786E-17
7017.81601333101  9.147009E-17
7021.8952302881  8.471852E-17
7025.97444724519  8.954249E-17
7030.05366420228  9.207999E-17
7034.13288115937  7.938767E-17
7038.21209811646  8.692907E-17
7042.29131507355  9.953204E-17
7046.37053203064  9.374396E-17
7050.44974898773  8.716660E-17
7054.52896594482  8.911268E-17
7058.60818290191  9.267083E-17
7062.687399859  8.627600E-17
7066.76661681609  9.089055E-17
7070.84583377318  7.759671E-17
7074.92505073027  8.772604E-17
7079.00426768736  8.785637E-17
7083.08348464445  7.412923E-17
7087.16270160154  8.335934E-17
7091.24191855863  8.542708E-17
7095.32113551572  6.977030E-17
7099.40035247281  7.304956E-17
7103.4795694299  7.785954E-17
7107.55878638699  7.697162E-17
7111.63800334408  7.726090E-17
7115.71722030117  7.692084E-17
7119.79643725826  8.039433E-17
7123.87565421535  8.330703E-17
7127.95487117244  8.444135E-17
7132.03408812953  8.388213E-17
7136.11330508662  8.000037E-17
7140.19252204371  7.174972E-17
7144.2717390008  7.277665E-17
7148.35095595789  6.958341E-17
7152.43017291498  7.077449E-17
7156.50938987207  7.695167E-17
7160.58860682916  8.452676E-17
7164.66782378625  8.735322E-17
7168.74704074334  8.057476E-17
7172.82625770043  7.091257E-17
7176.90547465752  7.771732E-17
7180.98469161461  7.088581E-17
7185.0639085717  7.563489E-17
7189.14312552879  7.646651E-17
7193.22234248588  8.307120E-17
7197.30155944297  7.398089E-17
7201.38077640006  6.985834E-17
7205.45999335715  6.635784E-17
7209.53921031424  6.759459E-17
7213.61842727133  7.694800E-17
7217.69764422842  8.610106E-17
7221.77686118551  8.493864E-17
7225.8560781426  7.161411E-17
7229.93529509969  8.166640E-17
7234.01451205678  7.071938E-17
7238.09372901387  6.849967E-17
7242.17294597096  6.350731E-17
7246.25216292805  6.396833E-17
7250.33137988514  6.957914E-17
7254.41059684223  7.071016E-17
7258.48981379932  6.385309E-17
7262.56903075641  6.711262E-17
7266.6482477135  6.968009E-17
7270.72746467059  6.397811E-17
7274.80668162768  7.212808E-17
7278.88589858477  6.359957E-17
7282.96511554186  6.706192E-17
7287.04433249895  5.975707E-17
7291.12354945604  5.855661E-17
7295.20276641313  7.634404E-17
7299.28198337022  7.748264E-17
7303.36120032731  6.672523E-17
7307.4404172844  5.696437E-17
7311.51963424149  5.782883E-17
7315.59885119858  6.260126E-17
7319.67806815567  5.740120E-17
7323.75728511276  5.541877E-17
7327.83650206985  6.263236E-17
7331.91571902694  5.200735E-17
7335.99493598403  6.365791E-17
7340.07415294112  5.890613E-17
7344.15336989821  4.638798E-17
7348.2325868553  6.625811E-17
7352.31180381239  5.464407E-17
7356.39102076948  6.685080E-17
7360.47023772657  5.826443E-17
7364.54945468366  5.149581E-17
7368.62867164075  5.976753E-17
7372.70788859784  6.236637E-17
7376.78710555493  6.164179E-17
7380.86632251202  6.135564E-17
7384.94553946911  6.172037E-17
7389.0247564262  5.434437E-17
7393.10397338329  5.063223E-17
7397.18319034038  6.480441E-17
7401.26240729747  6.178542E-17
7405.34162425456  8.335516E-17
7409.42084121165  7.820326E-17
7413.50005816874  9.588537E-17
7417.57927512583  6.816621E-17
7421.65849208292  5.538281E-17
7425.73770904001  5.741149E-17
7429.8169259971  4.921846E-17
7433.89614295419  5.510477E-17
7437.97535991128  5.677154E-17
7442.05457686837  5.241326E-17
7446.13379382546  5.050396E-17
7450.21301078255  5.780531E-17
7454.29222773964  6.182395E-17
7458.37144469673  6.316705E-17
7462.45066165382  6.116366E-17
7466.52987861091  5.238605E-17
