3346.83911133  7.505697E-17
3350.91816377827  -4.727634E-17
3354.99721622654  -2.526449E-19
3359.07626867481  -5.002580E-17
3363.15532112308  -3.466083E-17
3367.23437357135  3.225079E-17
3371.31342601962  4.187318E-17
3375.39247846789  -3.639757E-17
3379.47153091616  -9.020783E-18
3383.55058336443  1.633009E-17
3387.6296358127  -1.663293E-17
3391.70868826097  -5.330744E-17
3395.78774070924  3.679079E-17
3399.86679315751  9.914736E-18
3403.94584560578  -3.599727E-18
3408.02489805405  2.926624E-17
3412.10395050232  -4.434336E-17
3416.18300295059  -1.053184E-19
3420.26205539886  8.251767E-18
3424.34110784713  4.762171E-18
3428.4201602954  -1.132018E-17
3432.49921274367  2.296742E-17
3436.57826519194  1.393663E-17
3440.65731764021  9.740234E-18
3444.73637008848  -1.102016E-17
3448.81542253675  4.093013E-17
3452.89447498502  -8.133128E-18
3456.97352743329  5.586610E-18
3461.05257988156  -1.358388E-17
3465.13163232983  1.932873E-17
3469.2106847781  3.265935E-17
3473.28973722637  1.086369E-17
3477.36878967464  1.431980E-17
3481.44784212291  2.982151E-17
3485.52689457118  4.116692E-18
3489.60594701945  1.464060E-17
3493.68499946772  2.118441E-17
3497.76405191599  -1.506777E-18
3501.84310436426  1.616187E-17
3505.92215681253  1.039415E-17
3510.0012092608  2.623879E-17
3514.08026170907  8.751915E-18
3518.15931415734  2.559046E-17
3522.23836660561  4.005865E-17
3526.31741905388  -2.533004E-17
3530.39647150215  2.394177E-17
3534.47552395042  1.872085E-17
3538.55457639869  -2.210834E-18
3542.63362884696  2.035112E-17
3546.71268129523  1.466103E-17
3550.7917337435  4.011208E-18
3554.87078619177  4.891160E-18
3558.94983864004  5.835670E-19
3563.02889108831  4.499040E-19
3567.10794353658  2.381201E-17
3571.18699598485  1.522868E-17
3575.26604843312  -1.310622E-17
3579.34510088139  1.543229E-17
3583.42415332966  -6.561596E-18
3587.50320577793  2.896337E-17
3591.5822582262  5.938512E-18
3595.66131067447  1.460228E-17
3599.74036312274  -1.113745E-17
3603.81941557101  1.611709E-19
3607.89846801928  5.186464E-18
3611.97752046755  7.231266E-18
3616.05657291582  7.497189E-18
3620.13562536409  2.856745E-17
3624.21467781236  -5.276309E-19
3628.29373026063  1.012680E-17
3632.3727827089  -9.508602E-18
3636.45183515717  -8.280612E-18
3640.53088760544  -2.292815E-18
3644.60994005371  -3.473759E-18
3648.68899250198  -1.466667E-17
3652.76804495025  1.826648E-17
3656.84709739852  5.900365E-18
3660.92614984679  1.139937E-18
3665.00520229506  2.559441E-17
3669.08425474333  1.839762E-17
3673.1633071916  -1.234927E-18
3677.24235963987  3.107480E-18
3681.32141208814  3.137629E-17
3685.40046453641  2.304059E-18
3689.47951698468  1.821220E-17
3693.55856943295  1.337020E-17
3697.63762188122  2.170730E-17
3701.71667432949  2.007699E-17
3705.79572677776  4.036624E-18
3709.87477922603  -3.868116E-18
3713.9538316743  1.701216E-17
3718.03288412257  1.321865E-17
3722.11193657084  1.500042E-17
3726.19098901911  1.206887E-17
3730.27004146738  1.400554E-17
3734.34909391565  -9.486189E-18
3738.42814636392  2.732900E-17
3742.50719881219  1.905248E-17
3746.58625126046  1.032373E-17
3750.66530370873  -4.560243E-20
3754.744356157  5.713079E-18
3758.82340860527  1.095385E-17
3762.90246105354  -2.413507E-18
3766.98151350181  1.322228E-17
3771.06056595008  5.945984E-18
3775.13961839835  1.794765E-17
3779.21867084662  1.913464E-17
3783.29772329489  2.066856E-17
3787.37677574316  1.683840E-17
3791.45582819143  3.138562E-18
3795.5348806397  2.882680E-17
3799.61393308797  1.964741E-17
3803.69298553624  1.993505E-17
3807.77203798451  2.307017E-17
3811.85109043278  9.769526E-18
3815.93014288105  1.637947E-17
3820.00919532932  2.815650E-17
3824.08824777759  1.526383E-17
3828.16730022586  2.705869E-17
3832.24635267413  1.368888E-17
3836.3254051224  2.625445E-17
3840.40445757067  1.425581E-17
3844.48351001894  2.261933E-17
3848.56256246721  1.837770E-17
3852.64161491548  1.563001E-17
3856.72066736375  1.950928E-17
3860.79971981202  1.698087E-17
3864.87877226029  2.170811E-17
3868.95782470856  2.344239E-17
3873.03687715683  2.603127E-17
3877.1159296051  1.272383E-17
3881.19498205337  1.391426E-17
3885.27403450164  2.642440E-17
3889.35308694991  2.044857E-17
3893.43213939818  2.145497E-17
3897.51119184645  2.037177E-17
3901.59024429472  2.072098E-17
3905.66929674299  1.412337E-17
3909.74834919126  1.167153E-17
3913.82740163953  1.995319E-17
3917.9064540878  1.371266E-17
3921.98550653607  3.442936E-18
3926.06455898434  2.060796E-17
3930.14361143261  1.200505E-17
3934.22266388088  2.335068E-17
3938.30171632915  6.235896E-18
3942.38076877742  2.088870E-17
3946.45982122569  1.906636E-17
3950.53887367396  1.767219E-17
3954.61792612223  1.778346E-17
3958.6969785705  1.437153E-17
3962.77603101877  1.547974E-17
3966.85508346704  1.522681E-17
3970.93413591531  2.091388E-17
3975.01318836358  2.058025E-17
3979.09224081185  2.186309E-17
3983.17129326012  2.408257E-17
3987.25034570839  2.096331E-17
3991.32939815666  2.220739E-17
3995.40845060493  3.027908E-17
3999.4875030532  2.640374E-17
4003.56655550147  3.120415E-17
4007.64560794974  2.569762E-17
4011.72466039801  2.648635E-17
4015.80371284628  2.670947E-17
4019.88276529455  3.559130E-17
4023.96181774282  2.127366E-17
4028.04087019109  3.826658E-17
4032.11992263936  3.472179E-17
4036.19897508763  2.767431E-17
4040.2780275359  3.967711E-17
4044.35707998417  3.741242E-17
4048.43613243244  3.181086E-17
4052.51518488071  3.124020E-17
4056.59423732898  4.252896E-17
4060.67328977725  3.482863E-17
4064.75234222552  3.124164E-17
4068.83139467379  3.117169E-17
4072.91044712206  3.045215E-17
4076.98949957033  4.050702E-17
4081.0685520186  3.266401E-17
4085.14760446687  3.527741E-17
4089.22665691514  2.996987E-17
4093.30570936341  3.125545E-17
4097.38476181168  3.350072E-17
4101.46381425995  3.240495E-17
4105.54286670822  3.792691E-17
4109.62191915649  3.988276E-17
4113.70097160476  3.171067E-17
4117.78002405303  2.609744E-17
4121.8590765013  2.804085E-17
4125.93812894957  3.930998E-17
4130.01718139784  3.671087E-17
4134.09623384611  3.641977E-17
4138.17528629438  3.694039E-17
4142.25433874265  3.411242E-17
4146.33339119092  4.532357E-17
4150.41244363919  4.348940E-17
4154.49149608746  4.165249E-17
4158.57054853573  4.077464E-17
4162.649600984  4.084127E-17
4166.72865343227  4.777247E-17
4170.80770588054  4.461658E-17
4174.88675832881  5.032567E-17
4178.96581077708  3.866629E-17
4183.04486322535  3.297461E-17
4187.12391567362  3.844933E-17
4191.20296812189  4.180507E-17
4195.28202057016  4.747519E-17
4199.36107301843  3.758193E-17
4203.4401254667  4.236964E-17
4207.51917791497  3.142441E-17
4211.59823036324  3.226367E-17
4215.67728281151  4.443470E-17
4219.75633525978  4.531783E-17
4223.83538770805  3.446265E-17
4227.91444015632  3.557044E-17
4231.99349260459  4.049417E-17
4236.07254505286  3.299502E-17
4240.15159750113  3.733571E-17
4244.2306499494  3.546620E-17
4248.30970239767  3.347112E-17
4252.38875484594  3.806920E-17
4256.46780729421  3.371675E-17
4260.54685974248  3.878183E-17
4264.62591219075  3.379202E-17
4268.70496463902  2.370955E-17
4272.78401708729  2.833848E-17
4276.86306953556  3.249189E-17
4280.94212198383  3.269775E-17
4285.02117443211  2.771859E-17
4289.10022688037  2.819947E-17
4293.17927932864  3.462482E-17
4297.25833177691  3.550146E-17
4301.33738422518  2.973035E-17
4305.41643667345  3.765463E-17
4309.49548912172  3.092725E-17
4313.57454156999  3.309189E-17
4317.65359401826  3.651138E-17
4321.73264646653  4.159459E-17
4325.8116989148  3.752735E-17
4329.89075136307  3.080149E-17
4333.96980381134  3.383899E-17
4338.04885625961  4.054016E-17
4342.12790870788  3.329326E-17
4346.20696115615  3.841153E-17
4350.28601360442  3.785732E-17
4354.36506605269  3.547993E-17
4358.44411850096  4.234770E-17
4362.52317094923  3.859243E-17
4366.6022233975  3.169334E-17
4370.68127584577  3.960063E-17
4374.76032829404  3.468032E-17
4378.83938074231  3.652738E-17
4382.91843319058  4.186602E-17
4386.99748563885  3.893947E-17
4391.07653808712  3.797680E-17
4395.15559053539  3.219866E-17
4399.23464298366  3.309505E-17
4403.31369543193  4.000410E-17
4407.3927478802  3.614703E-17
4411.47180032847  3.900689E-17
4415.55085277674  4.646253E-17
4419.62990522501  3.777803E-17
4423.70895767328  4.175898E-17
4427.78801012156  3.808035E-17
4431.86706256982  4.455087E-17
4435.94611501809  3.648859E-17
4440.02516746636  3.734914E-17
4444.10421991463  4.205928E-17
4448.1832723629  3.809152E-17
4452.26232481117  3.880661E-17
4456.34137725944  3.529069E-17
4460.42042970771  4.735311E-17
4464.49948215598  4.044657E-17
4468.57853460425  3.577361E-17
4472.65758705252  3.999669E-17
4476.73663950079  3.697187E-17
4480.81569194906  3.879203E-17
4484.89474439733  4.862375E-17
4488.9737968456  4.355913E-17
4493.05284929387  3.157660E-17
4497.13190174214  3.530487E-17
4501.21095419041  3.814547E-17
4505.29000663868  3.622852E-17
4509.36905908695  3.159251E-17
4513.44811153522  3.249579E-17
4517.52716398349  3.860774E-17
4521.60621643176  4.279952E-17
4525.68526888003  3.397654E-17
4529.7643213283  3.677780E-17
4533.84337377657  3.459636E-17
4537.92242622484  3.071355E-17
4542.00147867311  3.655298E-17
4546.08053112138  3.499340E-17
4550.15958356965  3.133591E-17
4554.23863601792  3.241131E-17
4558.31768846619  2.740638E-17
4562.39674091446  3.220547E-17
4566.47579336273  3.096536E-17
4570.554845811  2.716795E-17
4574.63389825927  2.182156E-17
4578.71295070754  2.449949E-17
4582.79200315581  2.522951E-17
4586.87105560408  3.091804E-17
4590.95010805235  2.316362E-17
4595.02916050062  2.665573E-17
4599.10821294889  3.383718E-17
4603.18726539716  2.868840E-17
4607.26631784543  2.754234E-17
4611.3453702937  3.507477E-17
4615.42442274197  2.557033E-17
4619.50347519024  3.243590E-17
4623.58252763851  3.061976E-17
4627.66158008678  2.731209E-17
4631.74063253505  3.019803E-17
4635.81968498332  2.393341E-17
4639.89873743159  2.755249E-17
4643.97778987986  2.994665E-17
4648.05684232813  2.744011E-17
4652.1358947764  2.297212E-17
4656.21494722467  2.871096E-17
4660.29399967294  2.532674E-17
4664.37305212121  2.912450E-17
4668.45210456948  2.758438E-17
4672.53115701775  2.999261E-17
4676.61020946602  2.795598E-17
4680.68926191429  3.367154E-17
4684.76831436256  3.395389E-17
4688.84736681084  2.844269E-17
4692.9264192591  3.224162E-17
4697.00547170737  3.008187E-17
4701.08452415564  3.346593E-17
4705.16357660391  3.282680E-17
4709.24262905218  2.264275E-17
4713.32168150046  3.062179E-17
4717.40073394872  3.882120E-17
4721.47978639699  3.256603E-17
4725.55883884527  3.068744E-17
4729.63789129353  3.518491E-17
4733.7169437418  3.621482E-17
4737.79599619007  3.588463E-17
4741.87504863834  3.119020E-17
4745.95410108661  3.264665E-17
4750.03315353488  3.288761E-17
4754.11220598315  3.578067E-17
4758.19125843142  3.105252E-17
4762.27031087969  2.879623E-17
4766.34936332796  3.963558E-17
4770.42841577623  3.753002E-17
4774.5074682245  4.102428E-17
4778.58652067277  4.515979E-17
4782.66557312104  3.581181E-17
4786.74462556931  4.256606E-17
4790.82367801758  4.742610E-17
4794.90273046585  4.785310E-17
4798.98178291412  4.475520E-17
4803.06083536239  4.718968E-17
4807.13988781066  5.253798E-17
4811.21894025893  4.486031E-17
4815.2979927072  3.919406E-17
4819.37704515547  4.517159E-17
4823.45609760375  4.688387E-17
4827.53515005201  4.706152E-17
4831.61420250029  4.477389E-17
4835.69325494855  4.353240E-17
4839.77230739682  5.097910E-17
4843.8513598451  5.817971E-17
4847.93041229336  4.741138E-17
4852.00946474163  4.511082E-17
4856.08851718991  4.762821E-17
4860.16756963817  4.630534E-17
4864.24662208644  5.026222E-17
4868.32567453472  5.326593E-17
4872.40472698298  4.651454E-17
4876.48377943125  4.954494E-17
4880.56283187952  5.770839E-17
4884.64188432779  4.881225E-17
4888.72093677606  4.855363E-17
4892.79998922433  5.631526E-17
4896.8790416726  5.022220E-17
4900.95809412087  4.856039E-17
4905.03714656914  5.552232E-17
4909.11619901741  5.128070E-17
4913.19525146568  4.851956E-17
4917.27430391395  5.118911E-17
4921.35335636222  5.265169E-17
4925.43240881049  5.270097E-17
4929.51146125876  5.169038E-17
4933.59051370703  5.633156E-17
4937.6695661553  4.069980E-17
4941.74861860357  4.135575E-17
4945.82767105184  5.024586E-17
4949.90672350012  4.376875E-17
4953.98577594838  4.142480E-17
4958.06482839665  4.438551E-17
4962.14388084492  4.889393E-17
4966.22293329319  4.432122E-17
4970.30198574146  4.305497E-17
4974.38103818974  4.375320E-17
4978.46009063801  4.190412E-17
4982.53914308628  3.799759E-17
4986.61819553455  3.865883E-17
4990.69724798281  3.749449E-17
4994.77630043108  3.796945E-17
4998.85535287936  3.655156E-17
5002.93440532763  3.318399E-17
5007.01345777589  3.628544E-17
5011.09251022417  3.815119E-17
5015.17156267243  3.453269E-17
5019.2506151207  2.493367E-17
5023.32966756898  3.203965E-17
5027.40872001725  3.887027E-17
5031.48777246552  2.945689E-17
5035.56682491378  3.296994E-17
5039.64587736206  3.069780E-17
5043.72492981033  2.410654E-17
5047.80398225859  3.189455E-17
5051.88303470687  2.445492E-17
5055.96208715513  2.876555E-17
5060.0411396034  2.785438E-17
5064.12019205168  3.376755E-17
5068.19924449994  2.695968E-17
5072.27829694821  2.015785E-17
5076.35734939649  3.203863E-17
5080.43640184475  2.987002E-17
5084.51545429302  1.790001E-17
5088.5945067413  1.814730E-17
5092.67355918957  3.019395E-17
5096.75261163783  2.080530E-17
5100.83166408611  2.645876E-17
5104.91071653437  2.636555E-17
5108.98976898265  1.912701E-17
5113.06882143092  2.209813E-17
5117.14787387919  2.806197E-17
5121.22692632746  2.366103E-17
5125.30597877573  2.767365E-17
5129.38503122399  2.897362E-17
5133.46408367226  2.683084E-17
5137.54313612054  3.181345E-17
5141.62218856881  2.430165E-17
5145.70124101707  2.137880E-17
5149.78029346535  2.343837E-17
5153.85934591362  2.690576E-17
5157.93839836188  2.560515E-17
5162.01745081016  2.401152E-17
5166.09650325843  2.574764E-17
5170.17555570669  2.657233E-17
5174.25460815497  3.029015E-17
5178.33366060323  2.219843E-17
5182.4127130515  2.552398E-17
5186.49176549978  3.119024E-17
5190.57081794804  2.458545E-17
5194.64987039631  2.488793E-17
5198.72892284459  2.466307E-17
5202.80797529285  2.144772E-17
5206.88702774113  3.101557E-17
5210.96608018939  2.140088E-17
5215.04513263766  2.776556E-17
5219.12418508594  2.051609E-17
5223.2032375342  2.911917E-17
5227.28228998247  2.805723E-17
5231.36134243074  1.303306E-17
5235.44039487902  1.554293E-17
5239.51944732728  3.002131E-17
5243.59849977556  3.012764E-17
5247.67755222382  2.749129E-17
5251.75660467209  2.112543E-17
5255.83565712036  1.743032E-17
5259.91470956864  2.152744E-17
5263.99376201691  2.811830E-17
5268.07281446517  2.713502E-17
5272.15186691345  2.116343E-17
5276.23091936172  2.184984E-17
5280.30997180999  2.436138E-17
5284.38902425826  2.695890E-17
5288.46807670652  2.352785E-17
5292.54712915479  2.033381E-17
5296.62618160307  2.197046E-17
5300.70523405134  2.438327E-17
5304.78428649961  2.123210E-17
5308.86333894788  2.414703E-17
5312.94239139615  2.786042E-17
5317.02144384442  2.839701E-17
5321.10049629268  2.698854E-17
5325.17954874096  2.724508E-17
5329.25860118922  2.519403E-17
5333.33765363749  2.174527E-17
5337.41670608577  2.724640E-17
5341.49575853404  2.176342E-17
5345.5748109823  2.733999E-17
5349.65386343057  3.639596E-17
5353.73291587885  2.924182E-17
5357.81196832711  2.478043E-17
5361.89102077539  1.536719E-17
5365.97007322366  1.940576E-17
5370.04912567192  2.969476E-17
5374.1281781202  3.137903E-17
5378.20723056847  2.282696E-17
5382.28628301674  3.102830E-17
5386.36533546501  3.704046E-17
5390.44438791328  2.886406E-17
5394.52344036155  2.471116E-17
5398.60249280982  2.422490E-17
5402.68154525809  2.553945E-17
5406.76059770635  3.322216E-17
5410.83965015462  3.419762E-17
5414.9187026029  3.482637E-17
5418.99775505117  3.527187E-17
5423.07680749944  3.095380E-17
5427.15585994771  3.511661E-17
5431.23491239597  3.105176E-17
5435.31396484425  3.425415E-17
5439.39301729252  3.287197E-17
5443.47206974079  3.199063E-17
5447.55112218905  3.806026E-17
5451.63017463733  3.536629E-17
5455.70922708559  3.537896E-17
5459.78827953387  4.724319E-17
5463.86733198214  3.635203E-17
5467.9463844304  3.475126E-17
5472.02543687868  3.929034E-17
5476.10448932695  4.349982E-17
5480.18354177522  4.302729E-17
5484.26259422349  3.928067E-17
5488.34164667176  4.215819E-17
5492.42069912002  4.538622E-17
5496.4997515683  4.399782E-17
5500.57880401657  4.182169E-17
5504.65785646484  3.777863E-17
5508.7369089131  4.514655E-17
5512.81596136138  4.952305E-17
5516.89501380964  4.355506E-17
5520.97406625792  4.283029E-17
5525.05311870619  4.680339E-17
5529.13217115446  4.911323E-17
5533.21122360273  4.747383E-17
5537.290276051  3.919593E-17
5541.36932849927  4.455496E-17
5545.44838094754  4.412455E-17
5549.52743339581  4.621865E-17
5553.60648584408  4.284439E-17
5557.68553829235  4.233122E-17
5561.76459074062  4.185724E-17
5565.84364318888  4.561304E-17
5569.92269563716  6.062318E-17
5574.00174808543  6.278552E-17
5578.0808005337  5.429663E-17
5582.15985298197  6.472997E-17
5586.23890543023  5.920979E-17
5590.3179578785  3.892390E-17
5594.39701032678  4.821377E-17
5598.47606277504  4.764631E-17
5602.55511522332  4.685545E-17
5606.63416767159  4.844949E-17
5610.71322011985  4.678272E-17
5614.79227256813  5.280559E-17
5618.87132501639  4.365922E-17
5622.95037746467  4.600934E-17
5627.02942991293  4.678632E-17
5631.10848236121  5.136394E-17
5635.18753480947  4.678033E-17
5639.26658725775  3.966054E-17
5643.34563970601  4.050106E-17
5647.42469215429  4.291468E-17
5651.50374460256  3.996025E-17
5655.58279705083  3.668756E-17
5659.6618494991  4.695373E-17
5663.74090194737  4.784104E-17
5667.81995439564  4.133926E-17
5671.89900684391  4.576141E-17
5675.97805929218  4.706768E-17
5680.05711174045  4.853863E-17
5684.13616418872  3.680274E-17
5688.21521663699  4.908354E-17
5692.29426908526  4.348754E-17
5696.37332153353  3.779338E-17
5700.4523739818  3.980020E-17
5704.53142643006  3.822554E-17
5708.61047887833  3.146778E-17
5712.68953132661  3.776888E-17
5716.76858377488  3.779363E-17
5720.84763622315  3.233510E-17
5724.92668867142  3.528249E-17
5729.00574111969  4.101178E-17
5733.08479356796  3.827747E-17
5737.16384601623  2.823848E-17
5741.2428984645  2.847760E-17
5745.32195091276  3.423524E-17
5749.40100336104  2.754333E-17
5753.48005580931  3.544441E-17
5757.55910825758  3.035581E-17
5761.63816070584  3.568451E-17
5765.71721315412  3.521769E-17
5769.79626560239  4.062471E-17
5773.87531805066  3.649991E-17
5777.95437049893  3.942630E-17
5782.0334229472  3.470378E-17
5786.11247539546  2.938769E-17
5790.19152784374  3.648035E-17
5794.27058029201  3.447915E-17
5798.34963274028  3.024629E-17
5802.42868518855  3.138666E-17
5806.50773763682  3.396060E-17
5810.58679008509  3.489235E-17
5814.66584253336  3.194820E-17
5818.74489498163  3.071047E-17
5822.82394742989  3.393636E-17
5826.90299987817  3.727920E-17
5830.98205232644  2.549973E-17
5835.06110477471  3.107161E-17
5839.14015722298  2.733078E-17
5843.21920967125  2.182716E-17
5847.29826211952  2.651933E-17
5851.37731456779  2.973677E-17
5855.45636701606  3.293351E-17
5859.53541946433  2.646957E-17
5863.6144719126  2.968501E-17
5867.69352436087  3.173197E-17
5871.77257680913  2.787272E-17
5875.85162925741  3.068565E-17
5879.93068170568  2.465225E-17
5884.00973415395  2.049763E-17
5888.08878660222  3.637410E-17
5892.16783905049  3.566952E-17
5896.24689149876  3.236768E-17
5900.32594394703  2.933645E-17
5904.4049963953  3.401543E-17
5908.48404884357  1.764407E-17
5912.56310129184  2.929840E-17
5916.64215374011  3.132250E-17
5920.72120618838  2.187785E-17
5924.80025863665  2.480751E-17
5928.87931108491  2.200617E-17
5932.95836353319  1.889575E-17
5937.03741598146  2.455542E-17
5941.11646842972  2.500351E-17
5945.195520878  2.179680E-17
5949.27457332627  2.127291E-17
5953.35362577454  2.416435E-17
5957.43267822281  2.162869E-17
5961.51173067108  2.297930E-17
5965.59078311935  2.681958E-17
5969.66983556762  2.174698E-17
5973.74888801589  2.174025E-17
5977.82794046416  2.642271E-17
5981.90699291242  2.243747E-17
5985.9860453607  1.610228E-17
5990.06509780897  2.317489E-17
5994.14415025724  2.735040E-17
5998.22320270551  2.486806E-17
6002.30225515378  2.109647E-17
6006.38130760205  1.912606E-17
6010.46036005032  1.957266E-17
6014.53941249859  1.613278E-17
6018.61846494686  1.255483E-17
6022.69751739513  2.025992E-17
6026.7765698434  2.447337E-17
6030.85562229167  1.651302E-17
6034.93467473994  1.303541E-17
6039.01372718821  1.694904E-17
6043.09277963648  1.625035E-17
6047.17183208475  1.655893E-17
6051.25088453302  1.557990E-17
6055.32993698129  1.658857E-17
6059.40898942955  1.253728E-17
6063.48804187783  1.280258E-17
6067.5670943261  1.568621E-17
6071.64614677437  1.176615E-17
6075.72519922264  1.227925E-17
6079.80425167091  2.081018E-17
6083.88330411918  1.730758E-17
6087.96235656745  1.894278E-17
6092.04140901572  6.753156E-18
6096.12046146399  6.389648E-18
6100.19951391226  1.243284E-17
6104.27856636053  1.091237E-17
6108.3576188088  1.350383E-17
6112.43667125707  1.244145E-17
6116.51572370534  1.390360E-17
6120.59477615361  1.335306E-17
6124.67382860188  9.378700E-18
6128.75288105015  8.960706E-18
6132.83193349842  8.725716E-18
6136.91098594669  1.533996E-17
6140.99003839496  2.191746E-17
6145.06909084323  2.157882E-17
6149.1481432915  2.162254E-17
6153.22719573977  1.398693E-17
6157.30624818804  1.100690E-17
6161.38530063631  1.892612E-17
6165.46435308458  1.719310E-17
6169.54340553285  1.484344E-17
6173.62245798112  1.478506E-17
6177.70151042939  1.493763E-17
6181.78056287765  2.177404E-17
6185.85961532593  2.141610E-17
6189.9386677742  1.906988E-17
6194.01772022247  2.240817E-17
6198.09677267074  1.905888E-17
6202.17582511901  1.884439E-17
6206.25487756728  1.984875E-17
6210.33393001555  1.687374E-17
6214.41298246382  1.695118E-17
6218.49203491209  2.695410E-17
6222.57108736036  2.610969E-17
6226.65013980863  2.106433E-17
6230.7291922569  2.449910E-17
6234.80824470517  2.153381E-17
6238.88729715344  2.312221E-17
6242.96634960171  2.128487E-17
6247.04540204998  1.650583E-17
6251.12445449825  2.446368E-17
6255.20350694652  2.062528E-17
6259.28255939479  2.521509E-17
6263.36161184306  2.132951E-17
6267.44066429133  2.587161E-17
6271.5197167396  2.955995E-17
6275.59876918787  2.672372E-17
6279.67782163614  2.944956E-17
6283.75687408441  3.072374E-17
6287.83592653268  2.418791E-17
6291.91497898095  2.352064E-17
6295.99403142922  3.406423E-17
6300.07308387749  3.091222E-17
6304.15213632576  1.970313E-17
6308.23118877403  2.379191E-17
6312.3102412223  3.403890E-17
6316.38929367057  2.992498E-17
6320.46834611884  2.643253E-17
6324.5473985671  2.256962E-17
6328.62645101538  2.873454E-17
6332.70550346365  2.567607E-17
6336.78455591192  2.621872E-17
6340.86360836019  2.705920E-17
6344.94266080846  2.939212E-17
6349.02171325673  3.167149E-17
6353.100765705  2.583424E-17
6357.17981815327  2.274070E-17
6361.25887060154  3.325642E-17
6365.33792304981  2.971323E-17
6369.41697549808  2.235242E-17
6373.49602794635  2.056827E-17
6377.57508039462  2.734428E-17
6381.65413284289  1.941934E-17
6385.73318529116  2.387262E-17
6389.81223773943  1.368456E-17
6393.8912901877  1.540807E-17
6397.97034263597  2.632086E-17
6402.04939508424  2.615844E-17
6406.12844753251  2.547952E-17
6410.20749998078  2.309341E-17
6414.28655242905  2.057039E-17
6418.36560487731  2.606711E-17
6422.44465732559  2.101880E-17
6426.52370977386  1.862895E-17
6430.60276222213  2.641778E-17
6434.6818146704  1.706883E-17
6438.76086711867  1.568810E-17
6442.83991956694  2.410282E-17
6446.91897201521  2.006022E-17
6450.99802446348  2.253167E-17
6455.07707691175  1.756474E-17
6459.15612936002  1.981457E-17
6463.23518180829  2.596479E-17
6467.31423425656  2.288328E-17
6471.39328670483  2.062360E-17
6475.4723391531  1.762284E-17
6479.55139160137  2.501948E-17
6483.63044404964  1.740970E-17
6487.70949649791  1.526175E-17
6491.78854894618  1.564348E-17
6495.86760139445  1.830935E-17
6499.94665384272  2.111225E-17
6504.02570629099  1.512421E-17
6508.10475873926  1.190884E-17
6512.18381118753  1.437798E-17
6516.2628636358  1.298759E-17
6520.34191608407  1.734921E-17
6524.42096853234  1.408931E-17
6528.50002098061  6.115496E-18
6532.57907342888  1.206375E-17
6536.65812587714  1.065632E-17
6540.73717832542  6.675734E-18
6544.81623077369  8.427153E-18
6548.89528322196  1.213151E-17
6552.97433567023  1.164389E-17
6557.0533881185  8.923777E-18
6561.13244056677  8.301254E-18
6565.21149301504  1.342483E-17
6569.29054546331  1.029454E-17
6573.36959791158  5.592599E-18
6577.44865035985  1.017834E-17
6581.52770280812  9.287982E-18
6585.60675525639  7.596078E-18
6589.68580770466  1.255381E-17
6593.76486015293  1.062516E-17
6597.8439126012  1.094863E-17
6601.92296504947  1.192237E-17
6606.00201749774  8.817230E-18
6610.08106994601  1.106809E-17
6614.16012239428  9.326700E-18
6618.23917484255  1.722865E-17
6622.31822729082  1.766224E-17
6626.39727973909  8.199610E-18
6630.47633218736  9.647857E-18
6634.55538463563  9.485535E-18
6638.6344370839  5.862117E-18
6642.71348953217  1.351244E-17
6646.79254198044  1.026136E-17
6650.87159442871  1.604400E-17
6654.95064687697  9.640983E-18
6659.02969932525  1.632956E-17
6663.10875177352  1.980632E-17
6667.18780422179  1.507032E-17
6671.26685667006  1.438335E-17
6675.34590911833  1.182579E-17
6679.4249615666  1.406850E-17
6683.50401401487  1.280967E-17
6687.58306646314  1.137983E-17
6691.66211891141  2.178432E-17
6695.74117135968  2.371213E-17
6699.82022380795  2.356278E-17
6703.89927625622  1.254808E-17
6707.97832870449  1.688304E-17
6712.05738115276  1.270175E-17
6716.13643360103  1.630340E-17
6720.2154860493  2.178223E-17
6724.29453849757  2.015985E-17
6728.37359094584  1.703987E-17
6732.45264339411  1.630059E-17
6736.53169584238  1.829899E-17
6740.61074829065  1.796455E-17
6744.68980073892  1.551168E-17
6748.76885318719  1.648830E-17
6752.84790563546  1.185678E-17
6756.92695808373  1.597212E-17
6761.006010532  1.373835E-17
6765.08506298027  1.052645E-17
6769.16411542854  1.671604E-17
6773.24316787681  1.862117E-17
6777.32222032508  1.744759E-17
6781.40127277335  1.311424E-17
6785.48032522162  1.877742E-17
6789.55937766989  2.151937E-17
6793.63843011816  1.542238E-17
6797.71748256643  1.822628E-17
6801.7965350147  1.573808E-17
6805.87558746297  1.736696E-17
6809.95463991124  1.291048E-17
6814.03369235951  1.763411E-17
6818.11274480778  1.951015E-17
6822.19179725605  1.020994E-17
6826.27084970432  1.648358E-17
6830.34990215259  1.411064E-17
6834.42895460086  1.468413E-17
6838.50800704913  1.687492E-17
6842.5870594974  1.295955E-17
6846.66611194567  1.592457E-17
6850.74516439394  1.376347E-17
6854.82421684221  1.193710E-17
6858.90326929048  1.334210E-17
6862.98232173875  1.487276E-17
6867.06137418702  2.020422E-17
6871.14042663529  1.664857E-17
6875.21947908356  1.913062E-17
6879.29853153183  1.624953E-17
6883.3775839801  1.950374E-17
6887.45663642837  2.022803E-17
6891.53568887664  1.294945E-17
6895.61474132491  1.505253E-17
6899.69379377318  2.052182E-17
6903.77284622145  1.821243E-17
6907.85189866972  1.337500E-17
6911.93095111799  4.398829E-18
6916.01000356626  1.328884E-17
6920.08905601453  1.026291E-17
6924.1681084628  1.324250E-17
6928.24716091107  9.413669E-18
6932.32621335934  1.585944E-17
6936.40526580761  2.040136E-17
6940.48431825588  2.118823E-17
6944.56337070415  1.583187E-17
6948.64242315242  1.215345E-17
6952.72147560069  1.664222E-17
6956.80052804896  1.526556E-17
6960.87958049723  1.828231E-17
6964.9586329455  1.383422E-17
6969.03768539377  3.981014E-18
6973.11673784204  1.451823E-17
6977.19579029031  2.553743E-17
6981.27484273858  2.328447E-17
6985.35389518685  1.566134E-17
6989.43294763512  6.401769E-18
6993.51200008339  8.079454E-18
6997.59105253166  1.892794E-17
7001.67010497993  1.659687E-17
7005.7491574282  1.255868E-17
7009.82820987647  1.880452E-17
7013.90726232474  9.604023E-18
7017.98631477301  8.268751E-18
7022.06536722128  5.308899E-18
7026.14441966955  1.417611E-17
7030.22347211782  1.674008E-17
7034.30252456609  1.975893E-17
7038.38157701436  1.243423E-17
7042.46062946263  6.181033E-18
7046.5396819109  7.003940E-18
7050.61873435917  1.127645E-17
7054.69778680744  1.856509E-17
7058.77683925571  1.582711E-17
7062.85589170398  8.691645E-18
7066.93494415225  1.343912E-17
7071.01399660052  1.227230E-17
7075.09304904879  1.444799E-17
7079.17210149706  1.087109E-17
7083.25115394533  1.486312E-17
7087.3302063936  9.994287E-18
7091.40925884187  1.325053E-17
7095.48831129014  3.949335E-18
7099.56736373841  5.986927E-18
7103.64641618668  1.477707E-17
7107.72546863495  1.111538E-17
7111.80452108322  1.196484E-17
7115.88357353149  7.243569E-18
7119.96262597976  9.617457E-18
7124.04167842803  9.450484E-18
7128.1207308763  1.262839E-17
7132.19978332457  7.413597E-18
7136.27883577284  1.077918E-17
7140.35788822111  1.094188E-17
7144.43694066938  5.371061E-18
7148.51599311765  4.987409E-18
7152.59504556592  9.718401E-18
7156.67409801419  1.580882E-17
7160.75315046246  8.498358E-18
7164.83220291073  2.501709E-19
7168.911255359  8.451223E-18
7172.99030780727  4.645156E-18
7177.06936025554  1.320948E-17
7181.14841270381  5.908973E-18
7185.22746515208  2.881758E-18
7189.30651760035  1.376279E-17
7193.38557004862  9.361081E-18
7197.46462249689  9.478211E-18
7201.54367494516  1.344361E-17
7205.62272739343  8.220725E-18
7209.7017798417  7.519126E-18
7213.78083228997  8.013302E-18
7217.85988473824  4.734011E-18
7221.93893718651  9.005825E-18
7226.01798963478  7.957916E-18
7230.09704208305  4.095503E-18
7234.17609453132  1.043003E-17
7238.25514697959  1.011626E-17
7242.33419942786  2.992472E-18
7246.41325187613  1.042366E-18
7250.4923043244  5.786226E-18
7254.57135677267  4.473509E-18
7258.65040922094  5.160328E-18
7262.72946166921  1.090375E-17
7266.80851411748  6.266407E-18
7270.88756656575  4.846853E-20
7274.96661901402  7.234642E-18
7279.04567146229  1.360720E-17
7283.12472391056  1.242257E-17
7287.20377635883  1.137346E-18
7291.2828288071  1.156253E-18
7295.36188125537  2.019032E-17
7299.44093370364  7.907459E-18
7303.51998615191  1.291926E-17
7307.59903860018  6.466655E-18
7311.67809104845  -3.464089E-18
7315.75714349672  1.274663E-17
7319.83619594499  1.826292E-17
7323.91524839326  8.191580E-18
7327.99430084153  7.415314E-18
7332.0733532898  4.707572E-18
7336.15240573807  8.900482E-18
7340.23145818634  1.156492E-17
7344.31051063461  1.156560E-17
7348.38956308288  9.462582E-18
7352.46861553115  1.068882E-17
7356.54766797942  -9.263705E-19
7360.62672042769  1.140278E-17
7364.70577287596  6.090668E-18
7368.78482532423  4.271224E-18
7372.8638777725  1.274535E-17
7376.94293022077  9.113918E-18
7381.02198266904  3.419289E-18
7385.10103511731  8.917893E-18
7389.18008756558  6.469932E-18
7393.25914001385  8.203383E-18
7397.33819246212  1.244829E-17
7401.41724491039  -1.165197E-18
7405.49629735866  1.332218E-17
7409.57534980693  8.944286E-18
7413.6544022552  3.423121E-18
7417.73345470347  4.168297E-18
7421.81250715174  3.626775E-18
7425.89155960001  1.561552E-17
7429.97061204828  1.731588E-17
7434.04966449655  1.279113E-17
7438.12871694482  6.172866E-18
7442.20776939309  -4.701240E-19
7446.28682184136  1.052870E-17
7450.36587428963  1.055665E-17
7454.4449267379  7.480119E-18
7458.52397918617  7.828987E-18
7462.60303163444  2.074354E-18
7466.68208408271  -3.054686E-19
