3346.83911133  -1.877827E-17
3350.91816377827  -3.064203E-18
3354.99721622654  -6.294005E-17
3359.07626867481  -1.302776E-17
3363.15532112308  2.081599E-17
3367.23437357135  1.256203E-17
3371.31342601962  -6.280697E-18
3375.39247846789  -2.478703E-17
3379.47153091616  2.293457E-17
3383.55058336443  3.866929E-18
3387.6296358127  1.401674E-17
3391.70868826097  -3.795838E-18
3395.78774070924  1.487583E-17
3399.86679315751  3.542816E-18
3403.94584560578  9.280338E-18
3408.02489805405  -1.509955E-17
3412.10395050232  2.213765E-17
3416.18300295059  -1.222336E-19
3420.26205539886  -5.011429E-18
3424.34110784713  -6.002805E-19
3428.4201602954  -8.760619E-18
3432.49921274367  7.245031E-18
3436.57826519194  1.689400E-17
3440.65731764021  -1.653131E-18
3444.73637008848  -8.119299E-18
3448.81542253675  -1.346820E-17
3452.89447498502  1.589496E-17
3456.97352743329  -1.881801E-17
3461.05257988156  1.967122E-18
3465.13163232983  -2.742851E-18
3469.2106847781  -4.973586E-18
3473.28973722637  -3.358037E-18
3477.36878967464  -1.261543E-18
3481.44784212291  8.063328E-18
3485.52689457118  2.179811E-18
3489.60594701945  -1.120807E-18
3493.68499946772  -1.071231E-17
3497.76405191599  -2.433955E-18
3501.84310436426  -1.850384E-18
3505.92215681253  -9.162119E-18
3510.0012092608  7.921273E-18
3514.08026170907  -3.007850E-18
3518.15931415734  -4.629766E-18
3522.23836660561  -9.630945E-18
3526.31741905388  -8.697886E-18
3530.39647150215  9.421178E-19
3534.47552395042  -1.307701E-19
3538.55457639869  9.340262E-18
3542.63362884696  4.730189E-18
3546.71268129523  -3.189790E-19
3550.7917337435  5.076233E-18
3554.87078619177  1.844211E-18
3558.94983864004  -1.081539E-17
3563.02889108831  -1.344274E-17
3567.10794353658  -1.996848E-18
3571.18699598485  -8.537123E-18
3575.26604843312  3.457400E-18
3579.34510088139  9.853152E-18
3583.42415332966  3.985135E-18
3587.50320577793  1.087262E-17
3591.5822582262  -8.458225E-18
3595.66131067447  1.015321E-17
3599.74036312274  7.342417E-18
3603.81941557101  -4.296005E-18
3607.89846801928  3.569209E-18
3611.97752046755  -2.457465E-18
3616.05657291582  -4.641957E-19
3620.13562536409  -2.512848E-18
3624.21467781236  1.747819E-18
3628.29373026063  -3.684504E-18
3632.3727827089  2.811174E-18
3636.45183515717  -6.678800E-18
3640.53088760544  2.725209E-18
3644.60994005371  -9.456800E-20
3648.68899250198  -3.781587E-18
3652.76804495025  -2.448309E-18
3656.84709739852  1.065810E-17
3660.92614984679  7.605303E-19
3665.00520229506  9.252679E-18
3669.08425474333  2.004293E-18
3673.1633071916  1.297819E-18
3677.24235963987  1.578901E-19
3681.32141208814  3.143042E-18
3685.40046453641  5.209684E-18
3689.47951698468  8.670211E-18
3693.55856943295  3.319967E-18
3697.63762188122  5.614305E-18
3701.71667432949  -1.695923E-18
3705.79572677776  2.039308E-18
3709.87477922603  -8.278369E-19
3713.9538316743  9.947520E-20
3718.03288412257  -3.302323E-19
3722.11193657084  -3.745420E-18
3726.19098901911  3.175871E-18
3730.27004146738  7.209606E-18
3734.34909391565  4.312313E-19
3738.42814636392  2.360569E-18
3742.50719881219  3.590289E-18
3746.58625126046  1.641756E-18
3750.66530370873  1.715847E-18
3754.744356157  1.902175E-18
3758.82340860527  2.074888E-18
3762.90246105354  5.174283E-19
3766.98151350181  -1.704056E-18
3771.06056595008  5.327524E-18
3775.13961839835  -8.443317E-19
3779.21867084662  2.898619E-18
3783.29772329489  5.313712E-18
3787.37677574316  -7.363872E-19
3791.45582819143  -1.298248E-18
3795.5348806397  -4.487423E-19
3799.61393308797  -2.994792E-18
3803.69298553624  3.573383E-18
3807.77203798451  2.606663E-18
3811.85109043278  2.702118E-18
3815.93014288105  3.690810E-18
3820.00919532932  4.669074E-18
3824.08824777759  2.557620E-18
3828.16730022586  5.291303E-18
3832.24635267413  1.314781E-18
3836.3254051224  4.137987E-18
3840.40445757067  6.799913E-18
3844.48351001894  -5.554042E-19
3848.56256246721  2.044319E-20
3852.64161491548  2.262895E-18
3856.72066736375  2.889898E-18
3860.79971981202  4.321143E-18
3864.87877226029  1.007969E-17
3868.95782470856  8.869000E-19
3873.03687715683  -2.074601E-18
3877.1159296051  -1.195295E-18
3881.19498205337  -1.429034E-18
3885.27403450164  -4.706973E-18
3889.35308694991  7.537280E-19
3893.43213939818  2.909858E-18
3897.51119184645  2.929908E-19
3901.59024429472  -3.399804E-18
3905.66929674299  2.855397E-18
3909.74834919126  -1.404039E-18
3913.82740163953  -1.935862E-19
3917.9064540878  1.300896E-18
3921.98550653607  -1.047112E-18
3926.06455898434  1.815222E-18
3930.14361143261  1.884206E-18
3934.22266388088  -4.719053E-18
3938.30171632915  -4.272117E-18
3942.38076877742  -1.021895E-18
3946.45982122569  2.540358E-18
3950.53887367396  2.076454E-18
3954.61792612223  -1.883380E-18
3958.6969785705  3.657678E-18
3962.77603101877  -1.877853E-19
3966.85508346704  3.731463E-18
3970.93413591531  -1.687538E-19
3975.01318836358  4.493570E-18
3979.09224081185  8.409127E-19
3983.17129326012  1.099900E-20
3987.25034570839  -8.316598E-19
3991.32939815666  3.179763E-18
3995.40845060493  1.062315E-18
3999.4875030532  -2.932513E-18
4003.56655550147  2.154578E-18
4007.64560794974  3.809543E-18
4011.72466039801  6.008757E-19
4015.80371284628  -1.053613E-18
4019.88276529455  4.803025E-19
4023.96181774282  2.265625E-19
4028.04087019109  5.369474E-19
4032.11992263936  -4.390265E-19
4036.19897508763  2.443805E-18
4040.2780275359  -2.502196E-18
4044.35707998417  -9.556604E-19
4048.43613243244  1.690279E-18
4052.51518488071  4.592554E-19
4056.59423732898  5.236389E-18
4060.67328977725  2.550659E-18
4064.75234222552  3.487496E-18
4068.83139467379  2.202225E-18
4072.91044712206  3.926579E-18
4076.98949957033  -2.229473E-22
4081.0685520186  1.567736E-18
4085.14760446687  1.583887E-18
4089.22665691514  -1.492624E-18
4093.30570936341  4.108144E-18
4097.38476181168  3.082363E-18
4101.46381425995  -1.315123E-18
4105.54286670822  4.201877E-18
4109.62191915649  3.334229E-18
4113.70097160476  6.677404E-18
4117.78002405303  4.250291E-18
4121.8590765013  7.386613E-20
4125.93812894957  -1.856961E-18
4130.01718139784  1.847138E-19
4134.09623384611  3.708896E-18
4138.17528629438  4.561425E-18
4142.25433874265  -1.926856E-18
4146.33339119092  3.768225E-18
4150.41244363919  1.710879E-18
4154.49149608746  2.399933E-18
4158.57054853573  -2.097313E-18
4162.649600984  2.809001E-18
4166.72865343227  2.446460E-18
4170.80770588054  1.947235E-18
4174.88675832881  -1.085616E-18
4178.96581077708  9.600449E-19
4183.04486322535  1.206006E-18
4187.12391567362  1.754429E-18
4191.20296812189  9.343747E-19
4195.28202057016  3.510106E-18
4199.36107301843  5.005402E-18
4203.4401254667  3.427287E-18
4207.51917791497  -1.071536E-18
4211.59823036324  1.452910E-19
4215.67728281151  2.856914E-19
4219.75633525978  4.238709E-18
4223.83538770805  9.253796E-19
4227.91444015632  2.077951E-18
4231.99349260459  2.603543E-18
4236.07254505286  -9.051334E-19
4240.15159750113  1.292175E-20
4244.2306499494  5.171359E-18
4248.30970239767  -1.288100E-18
4252.38875484594  -8.162934E-19
4256.46780729421  4.486032E-18
4260.54685974248  2.606261E-18
4264.62591219075  -1.953051E-18
4268.70496463902  -1.303305E-18
4272.78401708729  7.250470E-19
4276.86306953556  -1.103916E-18
4280.94212198383  6.698090E-20
4285.02117443211  -7.049375E-19
4289.10022688037  -4.025389E-19
4293.17927932864  -7.307000E-19
4297.25833177691  -8.611880E-20
4301.33738422518  -2.160352E-18
4305.41643667345  -1.346515E-18
4309.49548912172  -3.620032E-19
4313.57454156999  2.225284E-18
4317.65359401826  2.953541E-18
4321.73264646653  3.294424E-18
4325.8116989148  1.175522E-18
4329.89075136307  -2.211113E-19
4333.96980381134  -2.090745E-19
4338.04885625961  4.291444E-18
4342.12790870788  3.569819E-18
4346.20696115615  1.822782E-18
4350.28601360442  6.250807E-19
4354.36506605269  1.630974E-18
4358.44411850096  1.011997E-18
4362.52317094923  -1.299652E-18
4366.6022233975  2.963912E-18
4370.68127584577  1.987455E-18
4374.76032829404  1.561955E-18
4378.83938074231  2.824454E-18
4382.91843319058  -3.533688E-18
4386.99748563885  -1.769399E-18
4391.07653808712  1.615707E-18
4395.15559053539  1.703467E-18
4399.23464298366  1.350656E-18
4403.31369543193  2.128141E-18
4407.3927478802  -2.123702E-19
4411.47180032847  3.038862E-18
4415.55085277674  4.137273E-18
4419.62990522501  1.864059E-18
4423.70895767328  3.121283E-18
4427.78801012156  1.315437E-18
4431.86706256982  9.129138E-20
4435.94611501809  -2.336927E-18
4440.02516746636  -4.079431E-19
4444.10421991463  3.071689E-18
4448.1832723629  1.255815E-18
4452.26232481117  5.353276E-18
4456.34137725944  2.891265E-18
4460.42042970771  3.228366E-18
4464.49948215598  2.059930E-18
4468.57853460425  9.824701E-20
4472.65758705252  6.436354E-18
4476.73663950079  1.296120E-18
4480.81569194906  -3.683251E-19
4484.89474439733  -1.995842E-19
4488.9737968456  7.012261E-20
4493.05284929387  3.203653E-19
4497.13190174214  3.139174E-18
4501.21095419041  2.038740E-18
4505.29000663868  4.540321E-18
4509.36905908695  1.673036E-18
4513.44811153522  -1.786567E-18
4517.52716398349  -9.133538E-19
4521.60621643176  3.858606E-18
4525.68526888003  1.346603E-18
4529.7643213283  2.005023E-19
4533.84337377657  -4.972519E-19
4537.92242622484  2.637888E-18
4542.00147867311  2.571455E-18
4546.08053112138  6.983238E-19
4550.15958356965  1.146713E-18
4554.23863601792  -3.853161E-19
4558.31768846619  2.043396E-18
4562.39674091446  -7.164850E-19
4566.47579336273  4.556279E-20
4570.554845811  1.000349E-18
4574.63389825927  3.659081E-18
4578.71295070754  1.461384E-18
4582.79200315581  2.657720E-18
4586.87105560408  2.484239E-18
4590.95010805235  -1.582740E-18
4595.02916050062  -1.303458E-18
4599.10821294889  -1.575683E-18
4603.18726539716  4.445089E-18
4607.26631784543  1.148258E-18
4611.3453702937  -1.515759E-18
4615.42442274197  4.457740E-18
4619.50347519024  5.992547E-19
4623.58252763851  -5.638081E-19
4627.66158008678  2.899935E-18
4631.74063253505  1.508634E-18
4635.81968498332  4.518566E-19
4639.89873743159  4.661691E-19
4643.97778987986  1.088354E-18
4648.05684232813  4.777701E-18
4652.1358947764  -2.369439E-18
4656.21494722467  1.495026E-19
4660.29399967294  6.078193E-19
4664.37305212121  1.089003E-18
4668.45210456948  2.860407E-18
4672.53115701775  -6.216384E-19
4676.61020946602  1.203335E-18
4680.68926191429  3.193626E-18
4684.76831436256  8.248668E-19
4688.84736681084  2.142757E-18
4692.9264192591  1.265297E-18
4697.00547170737  -6.530551E-19
4701.08452415564  -6.617061E-19
4705.16357660391  -1.699435E-18
4709.24262905218  1.356962E-18
4713.32168150046  2.525555E-18
4717.40073394872  2.411544E-18
4721.47978639699  2.108436E-18
4725.55883884527  9.744292E-20
4729.63789129353  2.188295E-18
4733.7169437418  2.913551E-18
4737.79599619007  9.575052E-19
4741.87504863834  3.137476E-18
4745.95410108661  1.148761E-18
4750.03315353488  2.854122E-18
4754.11220598315  2.559890E-18
4758.19125843142  -2.761714E-19
4762.27031087969  -2.083839E-19
4766.34936332796  2.205146E-18
4770.42841577623  7.696838E-19
4774.5074682245  -6.681936E-19
4778.58652067277  6.597760E-19
4782.66557312104  6.657969E-21
4786.74462556931  4.090446E-19
4790.82367801758  5.385243E-18
4794.90273046585  4.844151E-18
4798.98178291412  5.274985E-19
4803.06083536239  1.894529E-18
4807.13988781066  7.352511E-18
4811.21894025893  2.550185E-18
4815.2979927072  -6.977420E-20
4819.37704515547  4.789397E-18
4823.45609760375  4.757250E-18
4827.53515005201  1.586506E-19
4831.61420250029  -5.846754E-19
4835.69325494855  -2.633275E-19
4839.77230739682  2.783050E-19
4843.8513598451  2.707814E-18
4847.93041229336  2.320181E-18
4852.00946474163  4.776332E-19
4856.08851718991  4.373936E-18
4860.16756963817  1.698484E-18
4864.24662208644  1.543479E-18
4868.32567453472  1.255855E-18
4872.40472698298  3.554884E-18
4876.48377943125  2.627903E-18
4880.56283187952  -9.604313E-19
4884.64188432779  1.067149E-18
4888.72093677606  2.065149E-18
4892.79998922433  3.560496E-18
4896.8790416726  2.325806E-18
4900.95809412087  7.734600E-19
4905.03714656914  5.225557E-18
4909.11619901741  9.490195E-19
4913.19525146568  4.310938E-19
4917.27430391395  3.327116E-18
4921.35335636222  2.482582E-18
4925.43240881049  2.648352E-18
4929.51146125876  2.635227E-18
4933.59051370703  2.691498E-18
4937.6695661553  -2.874971E-18
4941.74861860357  4.994805E-18
4945.82767105184  3.550212E-18
4949.90672350012  2.941350E-18
4953.98577594838  5.458954E-18
4958.06482839665  3.194826E-18
4962.14388084492  1.656064E-19
4966.22293329319  6.340694E-19
4970.30198574146  2.671035E-18
4974.38103818974  1.663540E-18
4978.46009063801  -6.313406E-21
4982.53914308628  5.237940E-19
4986.61819553455  2.374735E-18
4990.69724798281  1.747833E-18
4994.77630043108  3.568140E-18
4998.85535287936  8.080407E-19
5002.93440532763  2.487891E-18
5007.01345777589  1.886895E-18
5011.09251022417  -3.514590E-19
5015.17156267243  7.821716E-19
5019.2506151207  1.131536E-19
5023.32966756898  4.519562E-19
5027.40872001725  2.784554E-18
5031.48777246552  -1.046707E-18
5035.56682491378  -3.097910E-19
5039.64587736206  2.057757E-18
5043.72492981033  2.867694E-18
5047.80398225859  2.258587E-18
5051.88303470687  2.944038E-18
5055.96208715513  -1.140641E-18
5060.0411396034  -2.043323E-18
5064.12019205168  4.728365E-18
5068.19924449994  1.905480E-18
5072.27829694821  2.190830E-18
5076.35734939649  4.560587E-18
5080.43640184475  2.111335E-18
5084.51545429302  3.611834E-18
5088.5945067413  -1.679236E-18
5092.67355918957  1.137115E-18
5096.75261163783  -7.978508E-19
5100.83166408611  8.438246E-19
5104.91071653437  4.624948E-18
5108.98976898265  -1.026432E-18
5113.06882143092  5.873895E-19
5117.14787387919  3.426101E-18
5121.22692632746  1.683334E-19
5125.30597877573  -8.374047E-19
5129.38503122399  1.324741E-18
5133.46408367226  3.185420E-18
5137.54313612054  2.596510E-18
5141.62218856881  -5.474900E-19
5145.70124101707  -1.707697E-18
5149.78029346535  -1.717509E-18
5153.85934591362  -2.951478E-18
5157.93839836188  2.131091E-21
5162.01745081016  9.299486E-19
5166.09650325843  3.343863E-18
5170.17555570669  -3.913126E-19
5174.25460815497  -2.895483E-18
5178.33366060323  4.308522E-18
5182.4127130515  2.667611E-18
5186.49176549978  2.805063E-18
5190.57081794804  2.107280E-18
5194.64987039631  -1.520863E-18
5198.72892284459  1.821581E-18
5202.80797529285  3.748180E-18
5206.88702774113  2.025754E-18
5210.96608018939  2.917235E-18
5215.04513263766  3.710310E-18
5219.12418508594  1.266347E-18
5223.2032375342  3.848063E-18
5227.28228998247  4.089351E-19
5231.36134243074  -1.279951E-18
5235.44039487902  9.304665E-19
5239.51944732728  4.191947E-18
5243.59849977556  3.897427E-18
5247.67755222382  -3.260796E-19
5251.75660467209  -1.915083E-18
5255.83565712036  3.974210E-18
5259.91470956864  8.813070E-19
5263.99376201691  1.067646E-21
5268.07281446517  2.687648E-18
5272.15186691345  2.331712E-18
5276.23091936172  -2.001620E-18
5280.30997180999  -2.938988E-18
5284.38902425826  4.115258E-18
5288.46807670652  3.864562E-18
5292.54712915479  1.693648E-18
5296.62618160307  -2.800385E-18
5300.70523405134  8.855091E-20
5304.78428649961  5.741523E-19
5308.86333894788  9.070159E-19
5312.94239139615  -1.481701E-18
5317.02144384442  3.492859E-18
5321.10049629268  2.159814E-18
5325.17954874096  -1.587610E-18
5329.25860118922  -3.755811E-18
5333.33765363749  1.872937E-18
5337.41670608577  8.926799E-19
5341.49575853404  1.098212E-18
5345.5748109823  2.682869E-18
5349.65386343057  3.177442E-18
5353.73291587885  2.758597E-19
5357.81196832711  7.430909E-19
5361.89102077539  2.434045E-18
5365.97007322366  1.076405E-18
5370.04912567192  -4.603188E-19
5374.1281781202  1.938848E-18
5378.20723056847  2.151884E-18
5382.28628301674  1.992796E-18
5386.36533546501  1.553326E-18
5390.44438791328  4.696694E-18
5394.52344036155  4.108240E-18
5398.60249280982  -8.587938E-20
5402.68154525809  1.533090E-18
5406.76059770635  3.477475E-19
5410.83965015462  2.488788E-18
5414.9187026029  2.490608E-18
5418.99775505117  9.743268E-19
5423.07680749944  -2.632059E-18
5427.15585994771  -1.437557E-18
5431.23491239597  4.008460E-18
5435.31396484425  1.145512E-18
5439.39301729252  2.892363E-18
5443.47206974079  2.053741E-18
5447.55112218905  -9.725271E-19
5451.63017463733  1.441302E-18
5455.70922708559  1.448367E-18
5459.78827953387  1.668672E-18
5463.86733198214  8.172175E-19
5467.9463844304  3.148426E-18
5472.02543687868  1.918874E-18
5476.10448932695  4.059946E-19
5480.18354177522  1.834126E-18
5484.26259422349  1.132523E-18
5488.34164667176  1.321703E-18
5492.42069912002  1.114174E-18
5496.4997515683  1.666413E-18
5500.57880401657  1.595249E-18
5504.65785646484  2.484174E-18
5508.7369089131  6.790710E-18
5512.81596136138  1.403017E-18
5516.89501380964  2.831990E-18
5520.97406625792  3.614409E-19
5525.05311870619  2.741741E-19
5529.13217115446  2.320600E-18
5533.21122360273  3.274666E-18
5537.290276051  1.904800E-18
5541.36932849927  -2.550095E-19
5545.44838094754  -4.928708E-20
5549.52743339581  3.974406E-18
5553.60648584408  4.239456E-18
5557.68553829235  4.892034E-18
5561.76459074062  4.438571E-18
5565.84364318888  4.581097E-18
5569.92269563716  5.439400E-18
5574.00174808543  9.246759E-18
5578.0808005337  7.115089E-18
5582.15985298197  7.974560E-18
5586.23890543023  7.361908E-18
5590.3179578785  -5.042111E-19
5594.39701032678  3.248775E-18
5598.47606277504  9.492592E-19
5602.55511522332  9.899606E-19
5606.63416767159  1.021967E-18
5610.71322011985  2.341005E-18
5614.79227256813  1.263272E-18
5618.87132501639  2.091823E-18
5622.95037746467  4.989554E-18
5627.02942991293  2.447580E-18
5631.10848236121  2.642957E-18
5635.18753480947  1.885124E-18
5639.26658725775  1.962364E-18
5643.34563970601  -2.048279E-20
5647.42469215429  8.456408E-20
5651.50374460256  2.793903E-18
5655.58279705083  3.208384E-18
5659.6618494991  2.305094E-18
5663.74090194737  3.712306E-18
5667.81995439564  4.525327E-18
5671.89900684391  2.950288E-18
5675.97805929218  5.124344E-18
5680.05711174045  -9.820683E-19
5684.13616418872  2.276161E-18
5688.21521663699  2.903146E-18
5692.29426908526  1.317916E-18
5696.37332153353  1.553600E-18
5700.4523739818  9.040675E-19
5704.53142643006  1.882644E-18
5708.61047887833  4.814473E-18
5712.68953132661  -8.941649E-19
5716.76858377488  3.627017E-19
5720.84763622315  9.732884E-19
5724.92668867142  2.001940E-18
5729.00574111969  2.200533E-18
5733.08479356796  1.151928E-18
5737.16384601623  1.865212E-18
5741.2428984645  7.023618E-19
5745.32195091276  3.719199E-18
5749.40100336104  1.704384E-18
5753.48005580931  6.047879E-18
5757.55910825758  6.472565E-18
5761.63816070584  4.743243E-20
5765.71721315412  5.214280E-19
5769.79626560239  8.722156E-19
5773.87531805066  1.359584E-18
5777.95437049893  -3.130981E-18
5782.0334229472  -6.496168E-21
5786.11247539546  1.558472E-18
5790.19152784374  2.406747E-18
5794.27058029201  2.608747E-18
5798.34963274028  2.946785E-18
5802.42868518855  5.166376E-18
5806.50773763682  2.865779E-18
5810.58679008509  3.485557E-19
5814.66584253336  2.711715E-18
5818.74489498163  1.517891E-18
5822.82394742989  2.742463E-18
5826.90299987817  3.112307E-18
5830.98205232644  3.358059E-18
5835.06110477471  -1.166143E-18
5839.14015722298  1.413106E-18
5843.21920967125  5.933625E-19
5847.29826211952  5.299055E-19
5851.37731456779  3.995685E-18
5855.45636701606  3.586862E-18
5859.53541946433  3.800295E-18
5863.6144719126  1.971902E-18
5867.69352436087  1.228221E-18
5871.77257680913  4.104033E-18
5875.85162925741  3.202529E-18
5879.93068170568  2.365764E-18
5884.00973415395  2.545921E-18
5888.08878660222  2.362316E-18
5892.16783905049  3.182612E-18
5896.24689149876  -4.096444E-18
5900.32594394703  -6.757917E-19
5904.4049963953  4.858144E-18
5908.48404884357  2.707814E-18
5912.56310129184  2.739723E-18
5916.64215374011  -1.834193E-18
5920.72120618838  5.566357E-19
5924.80025863665  3.993451E-18
5928.87931108491  2.891633E-18
5932.95836353319  6.075326E-19
5937.03741598146  4.867364E-19
5941.11646842972  2.255746E-18
5945.195520878  2.775689E-20
5949.27457332627  -4.818233E-19
5953.35362577454  3.910727E-18
5957.43267822281  5.033092E-18
5961.51173067108  1.607053E-18
5965.59078311935  -2.203276E-19
5969.66983556762  7.393939E-19
5973.74888801589  2.805596E-18
5977.82794046416  1.989281E-18
5981.90699291242  1.192439E-18
5985.9860453607  7.216813E-19
5990.06509780897  1.055176E-18
5994.14415025724  1.433270E-18
5998.22320270551  2.408209E-18
6002.30225515378  5.857247E-19
6006.38130760205  -7.555913E-19
6010.46036005032  6.637008E-19
6014.53941249859  -5.255670E-19
6018.61846494686  -1.469453E-18
6022.69751739513  -1.220593E-18
6026.7765698434  3.377701E-18
6030.85562229167  -3.754143E-19
6034.93467473994  -2.128260E-19
6039.01372718821  3.290100E-18
6043.09277963648  5.706513E-19
6047.17183208475  1.133615E-18
6051.25088453302  1.341055E-18
6055.32993698129  1.506323E-18
6059.40898942955  -2.964000E-19
6063.48804187783  -1.319867E-18
6067.5670943261  1.124130E-18
6071.64614677437  5.660063E-19
6075.72519922264  -6.347539E-19
6079.80425167091  -1.449714E-18
6083.88330411918  5.583832E-18
6087.96235656745  2.460105E-18
6092.04140901572  -1.993407E-20
6096.12046146399  2.969930E-18
6100.19951391226  2.484627E-18
6104.27856636053  -5.128325E-19
6108.3576188088  2.991521E-19
6112.43667125707  2.361161E-18
6116.51572370534  -1.030971E-18
6120.59477615361  6.979367E-19
6124.67382860188  3.333157E-18
6128.75288105015  8.954764E-19
6132.83193349842  2.850440E-18
6136.91098594669  9.116555E-19
6140.99003839496  4.178620E-20
6145.06909084323  3.087025E-18
6149.1481432915  -1.816173E-18
6153.22719573977  3.119373E-18
6157.30624818804  5.463100E-18
6161.38530063631  3.817305E-18
6165.46435308458  1.640430E-18
6169.54340553285  -1.712538E-18
6173.62245798112  3.120696E-18
6177.70151042939  4.670269E-18
6181.78056287765  -1.251501E-18
6185.85961532593  7.292291E-19
6189.9386677742  4.483236E-18
6194.01772022247  -5.328228E-19
6198.09677267074  2.915181E-19
6202.17582511901  4.370894E-18
6206.25487756728  -2.699640E-19
6210.33393001555  -9.286579E-19
6214.41298246382  4.755082E-20
6218.49203491209  5.167292E-19
6222.57108736036  4.448565E-18
6226.65013980863  2.921152E-18
6230.7291922569  2.253022E-18
6234.80824470517  1.340525E-20
6238.88729715344  -2.312648E-18
6242.96634960171  -4.601119E-19
6247.04540204998  6.317134E-19
6251.12445449825  -5.761672E-19
6255.20350694652  1.693087E-18
6259.28255939479  2.233880E-18
6263.36161184306  7.864717E-19
6267.44066429133  -3.448933E-18
6271.5197167396  1.977133E-19
6275.59876918787  -7.165355E-19
6279.67782163614  4.521472E-20
6283.75687408441  7.112299E-19
6287.83592653268  7.843604E-19
6291.91497898095  3.065669E-19
6295.99403142922  3.973721E-18
6300.07308387749  4.118657E-18
6304.15213632576  3.887481E-20
6308.23118877403  3.215034E-18
6312.3102412223  6.357546E-19
6316.38929367057  2.963156E-18
6320.46834611884  2.872858E-18
6324.5473985671  4.535839E-18
6328.62645101538  3.997401E-18
6332.70550346365  5.278206E-20
6336.78455591192  4.879734E-18
6340.86360836019  7.301872E-18
6344.94266080846  5.682142E-18
6349.02171325673  3.323233E-18
6353.100765705  -1.825619E-18
6357.17981815327  1.631903E-18
6361.25887060154  4.074187E-18
6365.33792304981  -1.659615E-18
6369.41697549808  1.895745E-18
6373.49602794635  3.246804E-19
6377.57508039462  1.981533E-18
6381.65413284289  -7.986177E-19
6385.73318529116  2.987012E-18
6389.81223773943  -2.464339E-18
6393.8912901877  -1.851064E-18
6397.97034263597  2.799348E-18
6402.04939508424  3.265347E-18
6406.12844753251  4.384506E-18
6410.20749998078  1.270123E-18
6414.28655242905  -1.360615E-18
6418.36560487731  1.439503E-18
6422.44465732559  1.310311E-18
6426.52370977386  7.327213E-20
6430.60276222213  -4.617257E-19
6434.6818146704  -6.918746E-19
6438.76086711867  8.045165E-19
6442.83991956694  2.686237E-18
6446.91897201521  2.079794E-18
6450.99802446348  2.476393E-18
6455.07707691175  8.855206E-19
6459.15612936002  -7.719704E-20
6463.23518180829  -4.200246E-21
6467.31423425656  1.789085E-18
6471.39328670483  1.841262E-18
6475.4723391531  -2.434597E-18
6479.55139160137  2.629647E-18
6483.63044404964  7.093508E-19
6487.70949649791  -1.743069E-18
6491.78854894618  -3.545736E-18
6495.86760139445  1.648123E-18
6499.94665384272  1.675864E-18
6504.02570629099  -1.146732E-18
6508.10475873926  -1.034628E-19
6512.18381118753  2.718100E-18
6516.2628636358  5.287597E-18
6520.34191608407  4.628711E-18
6524.42096853234  5.601339E-18
6528.50002098061  5.392179E-18
6532.57907342888  7.768089E-19
6536.65812587714  1.678945E-19
6540.73717832542  -3.979230E-18
6544.81623077369  1.782512E-18
6548.89528322196  2.603420E-18
6552.97433567023  -3.373867E-18
6557.0533881185  1.806804E-18
6561.13244056677  -1.144650E-18
6565.21149301504  1.289515E-18
6569.29054546331  3.988904E-18
6573.36959791158  2.691925E-19
6577.44865035985  -2.068994E-19
6581.52770280812  7.073654E-19
6585.60675525639  6.400807E-19
6589.68580770466  -1.399691E-18
6593.76486015293  -1.049878E-18
6597.8439126012  2.290108E-18
6601.92296504947  1.976997E-18
6606.00201749774  -6.602173E-19
6610.08106994601  -1.085638E-18
6614.16012239428  1.497506E-18
6618.23917484255  9.294762E-19
6622.31822729082  -1.982348E-18
6626.39727973909  -3.402104E-18
6630.47633218736  -2.927521E-19
6634.55538463563  3.746556E-19
6638.6344370839  -2.093130E-18
6642.71348953217  2.254975E-18
6646.79254198044  2.311536E-18
6650.87159442871  2.837506E-18
6654.95064687697  -4.091578E-19
6659.02969932525  -6.577115E-19
6663.10875177352  -6.257997E-19
6667.18780422179  4.136082E-18
6671.26685667006  -5.101045E-20
6675.34590911833  -2.142404E-18
6679.4249615666  -2.892114E-19
6683.50401401487  1.848204E-18
6687.58306646314  4.437876E-18
6691.66211891141  4.041788E-19
6695.74117135968  2.913642E-18
6699.82022380795  1.918332E-18
6703.89927625622  1.144890E-18
6707.97832870449  1.018618E-18
6712.05738115276  5.937836E-19
6716.13643360103  -1.481345E-18
6720.2154860493  -4.886390E-19
6724.29453849757  -9.581302E-19
6728.37359094584  -7.243564E-19
6732.45264339411  2.346527E-18
6736.53169584238  2.524345E-19
6740.61074829065  -2.119957E-18
6744.68980073892  6.113419E-19
6748.76885318719  2.118798E-18
6752.84790563546  3.727605E-18
6756.92695808373  -8.999142E-19
6761.006010532  2.028711E-18
6765.08506298027  1.436600E-18
6769.16411542854  6.706501E-19
6773.24316787681  -3.565810E-19
6777.32222032508  2.518867E-19
6781.40127277335  -1.963041E-18
6785.48032522162  4.431677E-21
6789.55937766989  2.265332E-18
6793.63843011816  -3.017311E-19
6797.71748256643  1.503217E-18
6801.7965350147  6.917173E-19
6805.87558746297  3.408506E-18
6809.95463991124  -1.335151E-19
6814.03369235951  9.191480E-20
6818.11274480778  9.224559E-19
6822.19179725605  1.609819E-18
6826.27084970432  -1.764285E-18
6830.34990215259  -1.344503E-18
6834.42895460086  1.935437E-19
6838.50800704913  1.224319E-18
6842.5870594974  1.200019E-18
6846.66611194567  7.591472E-19
6850.74516439394  1.546576E-18
6854.82421684221  -6.971095E-19
6858.90326929048  -1.739212E-19
6862.98232173875  2.226018E-18
6867.06137418702  3.205993E-19
6871.14042663529  -6.458347E-18
6875.21947908356  -5.402556E-18
6879.29853153183  4.144462E-19
6883.3775839801  -4.385523E-19
6887.45663642837  1.202409E-18
6891.53568887664  3.366137E-18
6895.61474132491  2.632176E-18
6899.69379377318  2.803002E-18
6903.77284622145  -3.554424E-19
6907.85189866972  -1.567107E-18
6911.93095111799  1.676067E-18
6916.01000356626  1.679066E-18
6920.08905601453  2.810045E-18
6924.1681084628  -2.247165E-19
6928.24716091107  -1.634092E-18
6932.32621335934  -1.290071E-18
6936.40526580761  2.738419E-18
6940.48431825588  2.393053E-18
6944.56337070415  2.243485E-18
6948.64242315242  2.017309E-18
6952.72147560069  1.403419E-18
6956.80052804896  5.008647E-18
6960.87958049723  1.887384E-18
6964.9586329455  2.202960E-18
6969.03768539377  1.819386E-18
6973.11673784204  1.341567E-18
6977.19579029031  -2.211410E-18
6981.27484273858  -2.130582E-18
6985.35389518685  1.838765E-18
6989.43294763512  3.330193E-18
6993.51200008339  -2.162309E-18
6997.59105253166  -9.941802E-19
7001.67010497993  2.499274E-18
7005.7491574282  1.445831E-19
7009.82820987647  2.496381E-18
7013.90726232474  2.191639E-18
7017.98631477301  -2.254002E-18
7022.06536722128  -8.582167E-20
7026.14441966955  3.518912E-18
7030.22347211782  -5.810366E-19
7034.30252456609  2.063043E-18
7038.38157701436  -1.801381E-19
7042.46062946263  -1.710149E-18
7046.5396819109  -2.225292E-18
7050.61873435917  2.953375E-18
7054.69778680744  4.422306E-18
7058.77683925571  -1.610616E-18
7062.85589170398  1.375352E-18
7066.93494415225  2.987565E-18
7071.01399660052  1.897991E-18
7075.09304904879  3.380220E-18
7079.17210149706  -3.246180E-20
7083.25115394533  1.263272E-18
7087.3302063936  -1.140104E-18
7091.40925884187  -1.991060E-18
7095.48831129014  -5.723233E-19
7099.56736373841  -2.287703E-18
7103.64641618668  -1.565637E-18
7107.72546863495  7.840948E-19
7111.80452108322  -1.068910E-18
7115.88357353149  -2.328484E-18
7119.96262597976  3.201899E-19
7124.04167842803  1.036141E-19
7128.1207308763  -5.635539E-19
7132.19978332457  1.110839E-18
7136.27883577284  3.915463E-18
7140.35788822111  1.893299E-18
7144.43694066938  -2.057805E-18
7148.51599311765  -7.787610E-19
7152.59504556592  2.107410E-19
7156.67409801419  -2.435755E-18
7160.75315046246  -7.281729E-19
7164.83220291073  2.748466E-18
7168.911255359  3.987822E-19
7172.99030780727  8.490459E-19
7177.06936025554  1.623577E-18
7181.14841270381  3.407226E-19
7185.22746515208  4.425832E-18
7189.30651760035  3.591257E-18
7193.38557004862  -7.950797E-19
7197.46462249689  -5.111539E-19
7201.54367494516  -2.500276E-18
7205.62272739343  -5.201506E-18
7209.7017798417  -3.121678E-18
7213.78083228997  1.301283E-18
7217.85988473824  -3.156446E-19
7221.93893718651  -2.104435E-18
7226.01798963478  1.063092E-18
7230.09704208305  -1.383507E-18
7234.17609453132  -1.744601E-18
7238.25514697959  5.914654E-18
7242.33419942786  -1.931053E-18
7246.41325187613  -1.248493E-18
7250.4923043244  4.971197E-18
7254.57135677267  3.292256E-18
7258.65040922094  -6.689386E-19
7262.72946166921  3.808763E-18
7266.80851411748  5.136381E-18
7270.88756656575  -1.832016E-18
7274.96661901402  -4.010683E-18
7279.04567146229  -1.775008E-20
7283.12472391056  -1.621718E-18
7287.20377635883  -9.498976E-19
7291.2828288071  -2.393437E-18
7295.36188125537  -1.461488E-18
7299.44093370364  3.679114E-18
7303.51998615191  4.126733E-18
7307.59903860018  1.777444E-18
7311.67809104845  -1.795789E-18
7315.75714349672  4.645185E-19
7319.83619594499  6.074638E-19
7323.91524839326  1.898137E-19
7327.99430084153  -1.529290E-18
7332.0733532898  -5.484287E-18
7336.15240573807  -2.411207E-18
7340.23145818634  2.720267E-18
7344.31051063461  3.078595E-18
7348.38956308288  2.339505E-19
7352.46861553115  2.993151E-18
7356.54766797942  1.069531E-18
7360.62672042769  -8.478991E-19
7364.70577287596  -1.577308E-18
7368.78482532423  -4.442532E-18
7372.8638777725  -1.447068E-18
7376.94293022077  2.450987E-18
7381.02198266904  4.855147E-18
7385.10103511731  8.479889E-18
7389.18008756558  5.133440E-18
7393.25914001385  1.871882E-17
7397.33819246212  3.089320E-18
7401.41724491039  -2.748263E-18
7405.49629735866  -1.317958E-18
7409.57534980693  -2.939144E-18
7413.6544022552  1.597933E-18
7417.73345470347  -6.533456E-19
7421.81250715174  -5.448691E-19
7425.89155960001  -6.059757E-19
7429.97061204828  -9.468118E-19
7434.04966449655  5.804923E-19
7438.12871694482  -1.532958E-18
7442.20776939309  -2.075509E-18
7446.28682184136  -1.801160E-18
7450.36587428963  -1.359619E-18
7454.4449267379  5.757181E-19
7458.52397918617  5.246030E-18
7462.60303163444  -1.854730E-18
7466.68208408271  8.109014E-19
