3671.13623047  2.413564E-18
3676.65673971301  8.798920E-18
3682.17724895602  5.598062E-18
3687.69775819903  5.041062E-19
3693.21826744204  1.108985E-17
3698.73877668505  9.863736E-18
3704.25928592806  6.718699E-18
3709.77979517107  1.202222E-17
3715.30030441408  9.895066E-18
3720.82081365709  1.357530E-17
3726.3413229001  8.071840E-18
3731.86183214311  2.511901E-18
3737.38234138612  1.585148E-17
3742.90285062913  6.061079E-18
3748.42335987214  8.290991E-18
3753.94386911515  4.119546E-18
3759.46437835816  1.325517E-17
3764.98488760117  9.196800E-18
3770.50539684418  6.132583E-18
3776.02590608719  4.057393E-18
3781.5464153302  1.031603E-17
3787.06692457321  6.500557E-18
3792.58743381622  7.123190E-18
3798.10794305923  1.476426E-17
3803.62845230224  1.105128E-17
3809.14896154525  1.115794E-17
3814.66947078826  8.689647E-18
3820.18998003127  1.568951E-17
3825.71048927428  1.128744E-17
3831.23099851729  1.606442E-17
3836.7515077603  1.293892E-17
3842.27201700331  1.261280E-17
3847.79252624632  1.362691E-17
3853.31303548933  1.014356E-17
3858.83354473234  9.302567E-18
3864.35405397535  1.243778E-17
3869.87456321836  1.158820E-17
3875.39507246137  1.096055E-17
3880.91558170438  1.565043E-17
3886.43609094739  1.434648E-17
3891.9566001904  1.109916E-17
3897.47710943341  1.522747E-17
3902.99761867642  9.424531E-18
3908.51812791943  1.300593E-17
3914.03863716244  1.709716E-17
3919.55914640545  1.761040E-17
3925.07965564846  1.302197E-17
3930.60016489147  1.538762E-17
3936.12067413448  1.257732E-17
3941.64118337749  1.076772E-17
3947.1616926205  8.882571E-18
3952.68220186351  1.318659E-17
3958.20271110652  1.384523E-17
3963.72322034953  1.170227E-17
3969.24372959254  1.092045E-17
3974.76423883555  7.720782E-18
3980.28474807856  1.061197E-17
3985.80525732157  8.882867E-18
3991.32576656458  3.287112E-18
3996.84627580759  1.019684E-17
4002.3667850506  9.370880E-18
4007.88729429361  1.147542E-17
4013.40780353662  8.206063E-18
4018.92831277963  1.504263E-17
4024.44882202264  1.580925E-17
4029.96933126565  1.424985E-17
4035.48984050866  1.658404E-17
4041.01034975167  1.881891E-17
4046.53085899468  1.736977E-17
4052.05136823769  2.081924E-17
4057.5718774807  1.874759E-17
4063.09238672371  1.613852E-17
4068.61289596672  1.743640E-17
4074.13340520973  1.697451E-17
4079.65391445274  1.632271E-17
4085.17442369575  1.662496E-17
4090.69493293876  1.983644E-17
4096.21544218178  2.069282E-17
4101.73595142478  1.635070E-17
4107.25646066779  1.680401E-17
4112.7769699108  1.826888E-17
4118.29747915381  2.264199E-17
4123.81798839682  2.541431E-17
4129.33849763983  2.144157E-17
4134.85900688284  2.495203E-17
4140.37951612585  2.176750E-17
4145.90002536886  2.030488E-17
4151.42053461187  2.395351E-17
4156.94104385488  2.473105E-17
4162.46155309789  2.042317E-17
4167.9820623409  1.868905E-17
4173.50257158391  1.782158E-17
4179.02308082692  1.779021E-17
4184.54359006993  1.667699E-17
4190.06409931294  1.644991E-17
4195.58460855595  1.572858E-17
4201.10511779896  1.169546E-17
4206.62562704197  1.696535E-17
4212.14613628498  1.425887E-17
4217.66664552799  1.789107E-17
4223.187154771  1.555869E-17
4228.70766401401  1.954913E-17
4234.22817325702  2.022608E-17
4239.74868250003  1.776756E-17
4245.26919174304  1.666203E-17
4250.78970098605  1.877893E-17
4256.31021022906  2.100202E-17
4261.83071947207  1.513726E-17
4267.35122871508  1.550387E-17
4272.87173795809  1.891067E-17
4278.3922472011  1.675672E-17
4283.91275644411  1.712893E-17
4289.43326568712  1.837586E-17
4294.95377493013  1.540572E-17
4300.47428417314  1.671356E-17
4305.99479341615  1.572748E-17
4311.51530265916  1.447649E-17
4317.03581190217  1.629653E-17
4322.55632114518  1.639011E-17
4328.07683038819  1.561195E-17
4333.5973396312  1.457017E-17
4339.11784887421  1.663584E-17
4344.63835811722  1.795473E-17
4350.15886736023  1.581153E-17
4355.67937660324  1.841176E-17
4361.19988584625  1.832425E-17
4366.72039508926  1.781345E-17
4372.24090433227  1.971909E-17
4377.76141357528  2.077611E-17
4383.28192281829  2.102392E-17
4388.8024320613  2.274298E-17
4394.32294130431  1.733649E-17
4399.84345054732  2.023395E-17
4405.36395979033  1.901763E-17
4410.88446903334  1.771061E-17
4416.40497827635  1.957400E-17
4421.92548751936  1.749887E-17
4427.44599676237  1.815599E-17
4432.96650600538  1.800919E-17
4438.48701524839  2.027525E-17
4444.0075244914  1.700340E-17
4449.52803373441  1.916631E-17
4455.04854297742  1.870226E-17
4460.56905222043  1.964632E-17
4466.08956146344  1.952680E-17
4471.61007070645  2.036324E-17
4477.13057994946  2.233345E-17
4482.65108919247  2.532359E-17
4488.17159843548  2.277308E-17
4493.69210767849  1.913496E-17
4499.2126169215  2.101685E-17
4504.73312616451  1.242648E-17
4510.25363540752  2.475411E-17
4515.77414465053  2.845286E-17
4521.29465389354  2.493774E-17
4526.81516313655  2.179055E-17
4532.33567237956  2.443641E-17
4537.85618162257  2.044071E-17
4543.37669086558  1.600154E-17
4548.89720010859  1.702717E-17
4554.4177093516  1.699166E-17
4559.93821859461  1.676180E-17
4565.45872783762  1.372589E-17
4570.97923708063  1.348819E-17
4576.49974632364  1.606022E-17
4582.02025556665  1.371754E-17
4587.54076480966  1.419691E-17
4593.06127405267  1.270663E-17
4598.58178329568  1.495841E-17
4604.10229253869  1.467093E-17
4609.6228017817  1.547799E-17
4615.14331102471  1.710981E-17
4620.66382026772  1.218458E-17
4626.18432951073  1.231677E-17
4631.70483875374  1.613927E-17
4637.22534799675  1.398468E-17
4642.74585723976  1.737140E-17
4648.26636648277  1.493833E-17
4653.78687572578  1.713364E-17
4659.30738496879  1.932735E-17
4664.8278942118  1.656717E-17
4670.34840345481  1.833889E-17
4675.86891269782  2.012533E-17
4681.38942194083  1.938672E-17
4686.90993118384  2.064054E-17
4692.43044042685  2.157742E-17
4697.95094966987  2.215556E-17
4703.47145891287  2.115771E-17
4708.99196815588  2.116993E-17
4714.51247739889  2.274867E-17
4720.0329866419  2.605427E-17
4725.55349588492  2.910484E-17
4731.07400512792  3.060389E-17
4736.59451437093  3.489699E-17
4742.11502361394  3.764017E-17
4747.63553285695  3.896915E-17
4753.15604209996  4.697548E-17
4758.67655134297  4.450023E-17
4764.19706058598  4.911536E-17
4769.71756982899  4.820281E-17
4775.238079072  4.620519E-17
4780.75858831501  4.660462E-17
4786.27909755802  4.461819E-17
4791.79960680103  4.493271E-17
4797.32011604404  4.177603E-17
4802.84062528706  4.194511E-17
4808.36113453006  4.857668E-17
4813.88164377307  4.363906E-17
4819.40215301608  4.468620E-17
4824.92266225909  4.611644E-17
4830.4431715021  4.852359E-17
4835.96368074511  5.143196E-17
4841.48418998812  5.060036E-17
4847.00469923113  4.838211E-17
4852.52520847414  4.294712E-17
4858.04571771715  4.122599E-17
4863.56622696016  3.688205E-17
4869.08673620317  3.685585E-17
4874.60724544618  3.423276E-17
4880.12775468919  2.825984E-17
4885.6482639322  2.843602E-17
4891.16877317522  2.981367E-17
4896.68928241822  2.655254E-17
4902.20979166123  2.513732E-17
4907.73030090424  2.532593E-17
4913.25081014725  2.180121E-17
4918.77131939027  2.181232E-17
4924.29182863327  2.154213E-17
4929.81233787628  2.359689E-17
4935.33284711929  2.500180E-17
4940.8533563623  2.212877E-17
4946.37386560531  2.525751E-17
4951.89437484832  2.101136E-17
4957.41488409133  2.009647E-17
4962.93539333434  2.001776E-17
4968.45590257735  2.253846E-17
4973.97641182037  2.313184E-17
4979.49692106337  2.211162E-17
4985.01743030639  2.427187E-17
4990.53793954939  2.356981E-17
4996.0584487924  2.373708E-17
5001.57895803542  2.949720E-17
5007.09946727842  3.394246E-17
5012.61997652144  3.419179E-17
5018.14048576444  3.332333E-17
5023.66099500746  3.813068E-17
5029.18150425046  4.095588E-17
5034.70201349347  3.800594E-17
5040.22252273648  3.401162E-17
5045.7430319795  3.483683E-17
5051.26354122251  3.469043E-17
5056.78405046551  3.331064E-17
5062.30455970852  2.923176E-17
5067.82506895154  3.154933E-17
5073.34557819455  3.231060E-17
5078.86608743755  3.077347E-17
5084.38659668056  3.130915E-17
5089.90710592358  3.480322E-17
5095.42761516659  3.606654E-17
5100.9481244096  3.629691E-17
5106.4686336526  4.141093E-17
5111.98914289562  4.759162E-17
5117.50965213863  5.112523E-17
5123.03016138163  5.523457E-17
5128.55067062465  5.690332E-17
5134.07117986765  5.800593E-17
5139.59168911067  6.121651E-17
5145.11219835367  6.269056E-17
5150.63270759669  6.216410E-17
5156.1532168397  5.527548E-17
5161.67372608271  5.256134E-17
5167.19423532572  5.217633E-17
5172.71474456872  4.892563E-17
5178.23525381173  4.181925E-17
5183.75576305474  3.624265E-17
5189.27627229776  3.377482E-17
5194.79678154077  3.412724E-17
5200.31729078377  3.054103E-17
5205.83780002679  2.768410E-17
5211.35830926979  2.713907E-17
5216.87881851281  2.508389E-17
5222.39932775582  2.688762E-17
5227.91983699883  2.103213E-17
5233.44034624184  2.269612E-17
5238.96085548485  2.239772E-17
5244.48136472786  2.287139E-17
5250.00187397087  2.252309E-17
5255.52238321387  2.387528E-17
5261.04289245689  1.563432E-17
5266.56340169989  2.083630E-17
5272.08391094291  2.203520E-17
5277.60442018592  2.222096E-17
5283.12492942893  2.392156E-17
5288.64543867193  2.060547E-17
5294.16594791495  2.055005E-17
5299.68645715796  2.073777E-17
5305.20696640097  2.020713E-17
5310.72747564397  2.133911E-17
5316.24798488698  2.173199E-17
5321.76849413  2.023158E-17
5327.28900337301  2.061264E-17
5332.80951261602  2.036796E-17
5338.33002185903  1.706515E-17
5343.85053110204  1.825141E-17
5349.37104034505  1.991889E-17
5354.89154958805  1.874251E-17
5360.41205883106  1.911976E-17
5365.93256807408  2.056077E-17
5371.45307731709  2.272275E-17
5376.9735865601  2.126907E-17
5382.49409580311  2.244366E-17
5388.01460504612  2.333140E-17
5393.53511428913  2.187821E-17
5399.05562353213  2.652751E-17
5404.57613277515  2.599453E-17
5410.09664201815  2.381074E-17
5415.61715126117  2.642152E-17
5421.13766050418  2.811076E-17
5426.65816974719  2.907857E-17
5432.17867899019  3.231477E-17
5437.69918823321  3.217654E-17
5443.21969747622  3.432920E-17
5448.74020671923  3.919256E-17
5454.26071596223  3.790472E-17
5459.78122520525  3.929034E-17
5465.30173444826  3.845229E-17
5470.82224369126  3.767450E-17
5476.34275293428  3.897673E-17
5481.86326217729  4.063150E-17
5487.38377142029  3.766718E-17
5492.90428066331  4.024071E-17
5498.42478990631  4.164849E-17
5503.94529914933  4.235024E-17
5509.46580839234  4.193861E-17
5514.98631763535  4.537135E-17
5520.50682687836  4.832871E-17
5526.02733612136  4.691929E-17
5531.54784536438  4.650162E-17
5537.06835460739  4.793876E-17
5542.58886385039  4.941448E-17
5548.10937309341  4.833658E-17
5553.62988233642  4.626992E-17
5559.15039157943  4.166459E-17
5564.67090082244  3.931012E-17
5570.19141006545  3.868446E-17
5575.71191930846  4.513527E-17
5581.23242855146  5.337700E-17
5586.75293779448  3.771767E-17
5592.27344703749  2.913660E-17
5597.7939562805  4.267546E-17
5603.31446552351  4.279039E-17
5608.83497476652  3.895926E-17
5614.35548400952  4.451863E-17
5619.87599325254  4.784506E-17
5625.39650249555  5.009069E-17
5630.91701173855  5.429619E-17
5636.43752098156  5.858225E-17
5641.95803022458  6.131881E-17
5647.47853946759  6.835514E-17
5652.9990487106  7.300365E-17
5658.51955795361  7.719746E-17
5664.04006719662  8.413605E-17
5669.56057643963  8.779377E-17
5675.08108568264  9.017493E-17
5680.60159492565  9.393906E-17
5686.12210416866  9.113407E-17
5691.64261341167  9.332114E-17
5697.16312265468  9.408381E-17
5702.68363189769  9.495767E-17
5708.2041411407  9.329672E-17
5713.72465038371  9.142090E-17
5719.24515962671  8.895885E-17
5724.76566886972  8.950718E-17
5730.28617811274  8.716798E-17
5735.80668735575  8.619035E-17
5741.32719659876  8.598501E-17
5746.84770584176  8.504578E-17
5752.36821508478  8.330925E-17
5757.88872432779  8.210658E-17
5763.4092335708  7.930690E-17
5768.92974281381  8.192052E-17
5774.45025205682  8.502147E-17
5779.97076129983  8.564935E-17
5785.49127054284  8.643705E-17
5791.01177978585  8.675829E-17
5796.53228902886  8.791121E-17
5802.05279827186  9.187207E-17
5807.57330751488  9.297673E-17
5813.09381675789  9.285881E-17
5818.6143260009  9.241166E-17
5824.13483524391  9.399063E-17
5829.65534448692  9.628620E-17
5835.17585372993  9.142058E-17
5840.69636297294  9.436533E-17
5846.21687221595  9.796825E-17
5851.73738145896  9.388321E-17
5857.25789070196  9.286945E-17
5862.77839994498  9.313693E-17
5868.29890918799  9.209699E-17
5873.819418431  9.357364E-17
5879.33992767401  8.873136E-17
5884.86043691702  8.858838E-17
5890.38094616002  8.777943E-17
5895.90145540304  8.220713E-17
5901.42196464605  7.835262E-17
5906.94247388906  7.528846E-17
5912.46298313207  7.124749E-17
5917.98349237508  6.650169E-17
5923.50400161809  6.767523E-17
5929.0245108611  6.552918E-17
5934.54502010411  6.752408E-17
5940.06552934712  6.537483E-17
5945.58603859013  6.574700E-17
5951.10654783314  6.790252E-17
5956.62705707615  6.865450E-17
5962.14756631916  7.129183E-17
5967.66807556217  7.140585E-17
5973.18858480518  7.463476E-17
5978.70909404818  6.832959E-17
5984.2296032912  7.554455E-17
5989.75011253421  7.614326E-17
5995.27062177722  7.295942E-17
6000.79113102023  7.831839E-17
6006.31164026324  8.183473E-17
6011.83214950625  7.660772E-17
6017.35265874926  7.282568E-17
6022.87316799227  7.156242E-17
6028.39367723528  7.154525E-17
6033.91418647828  6.835977E-17
6039.4346957213  6.831316E-17
6044.95520496431  6.960683E-17
6050.47571420732  6.588908E-17
6055.99622345033  6.698800E-17
6061.51673269334  6.598105E-17
6067.03724193635  6.479596E-17
6072.55775117936  6.263873E-17
6078.07826042237  6.257128E-17
6083.59876966538  6.286471E-17
6089.11927890839  5.969710E-17
6094.6397881514  5.812983E-17
6100.16029739441  6.211443E-17
6105.68080663742  6.289204E-17
6111.20131588043  6.410370E-17
6116.72182512344  6.283682E-17
6122.24233436645  6.504622E-17
6127.76284360946  6.242843E-17
6133.28335285247  6.337968E-17
6138.80386209548  6.000724E-17
6144.32437133849  6.120395E-17
6149.8448805815  5.977658E-17
6155.36538982451  5.927167E-17
6160.88589906752  5.604683E-17
6166.40640831053  4.861524E-17
6171.92691755354  5.300340E-17
6177.44742679655  5.180956E-17
6182.96793603956  4.645101E-17
6188.48844528257  4.652639E-17
6194.00895452558  4.600418E-17
6199.52946376859  4.318307E-17
6205.0499730116  3.781425E-17
6210.57048225461  3.723360E-17
6216.09099149762  3.629179E-17
6221.61150074063  3.507548E-17
6227.13200998364  3.727701E-17
6232.65251922665  3.823236E-17
6238.17302846966  3.836544E-17
6243.69353771267  3.944319E-17
6249.21404695568  3.971995E-17
6254.73455619869  4.365033E-17
6260.2550654417  4.789441E-17
6265.77557468471  4.338404E-17
6271.29608392772  5.142342E-17
6276.81659317073  4.588792E-17
6282.33710241374  4.855457E-17
6287.85761165675  4.232775E-17
6293.37812089976  3.831073E-17
6298.89863014277  3.965824E-17
6304.41913938578  4.165832E-17
6309.93964862879  3.868219E-17
6315.4601578718  3.426262E-17
6320.98066711481  3.447358E-17
6326.50117635782  3.593864E-17
6332.02168560083  3.670399E-17
6337.54219484384  3.713475E-17
6343.06270408685  3.786209E-17
6348.58321332986  4.115042E-17
6354.10372257287  4.241852E-17
6359.62423181588  4.756614E-17
6365.14474105889  5.154857E-17
6370.6652503019  5.415294E-17
6376.18575954491  5.199991E-17
6381.70626878792  5.671259E-17
6387.22677803093  5.750115E-17
6392.74728727394  6.087853E-17
6398.26779651695  5.702265E-17
6403.78830575996  6.073981E-17
6409.30881500297  6.137262E-17
6414.82932424598  6.363015E-17
6420.34983348899  6.166304E-17
6425.870342732  6.255185E-17
6431.39085197501  6.159656E-17
6436.91136121801  6.144578E-17
6442.43187046103  5.656421E-17
6447.95237970404  5.628637E-17
6453.47288894705  5.677134E-17
6458.99339819006  5.269025E-17
6464.51390743307  5.180205E-17
6470.03441667608  5.027296E-17
6475.55492591909  4.651003E-17
6481.0754351621  4.356073E-17
6486.59594440511  3.803793E-17
6492.11645364812  3.484405E-17
6497.63696289113  3.509213E-17
6503.15747213414  3.375618E-17
6508.67798137715  3.260925E-17
6514.19849062016  3.073684E-17
6519.71899986317  2.774187E-17
6525.23950910618  2.679358E-17
6530.76001834919  3.185483E-17
6536.2805275922  2.941162E-17
6541.80103683521  3.052734E-17
6547.32154607822  3.108155E-17
6552.84205532123  3.274706E-17
6558.36256456424  3.091815E-17
6563.88307380725  3.168972E-17
6569.40358305026  3.639025E-17
6574.92409229327  3.510126E-17
6580.44460153628  3.852707E-17
6585.96511077929  3.383293E-17
6591.4856200223  3.427546E-17
6597.00612926531  3.538941E-17
6602.52663850832  3.974670E-17
6608.04714775133  4.126971E-17
6613.56765699434  4.231570E-17
6619.08816623735  4.472796E-17
6624.60867548036  4.938918E-17
6630.12918472337  5.063534E-17
6635.64969396638  5.635182E-17
6641.17020320939  5.937541E-17
6646.6907124524  6.091347E-17
6652.21122169541  6.321081E-17
6657.73173093842  6.587896E-17
6663.25224018143  6.902703E-17
6668.77274942444  7.366602E-17
6674.29325866745  7.536493E-17
6679.81376791046  7.486216E-17
6685.33427715347  7.763915E-17
6690.85478639648  7.590950E-17
6696.37529563949  7.599897E-17
6701.8958048825  7.840549E-17
6707.41631412551  8.065245E-17
6712.93682336852  8.197600E-17
6718.45733261153  7.607913E-17
6723.97784185454  7.940989E-17
6729.49835109755  7.923949E-17
6735.01886034056  7.533340E-17
6740.53936958357  7.986737E-17
6746.05987882658  8.118720E-17
6751.58038806959  8.165491E-17
6757.1008973126  8.202279E-17
6762.62140655561  8.388401E-17
6768.14191579862  8.243488E-17
6773.66242504163  8.406805E-17
6779.18293428464  8.030636E-17
6784.70344352765  8.082858E-17
6790.22395277066  7.850038E-17
6795.74446201367  7.968008E-17
6801.26497125668  8.213065E-17
6806.78548049969  8.386267E-17
6812.3059897427  7.993105E-17
6817.82649898571  8.090664E-17
6823.34700822872  8.165590E-17
6828.86751747173  8.120911E-17
6834.38802671474  8.300454E-17
6839.90853595775  7.888719E-17
6845.42904520076  7.988050E-17
6850.94955444377  7.883376E-17
6856.47006368678  7.576806E-17
6861.99057292979  7.430573E-17
6867.5110821728  7.595836E-17
6873.03159141581  7.128212E-17
6878.55210065882  6.809494E-17
6884.07260990183  7.352133E-17
6889.59311914484  7.653471E-17
6895.11362838785  7.199669E-17
6900.63413763086  6.745203E-17
6906.15464687387  7.170057E-17
6911.67515611688  6.958816E-17
6917.19566535989  6.663925E-17
6922.7161746029  6.158818E-17
6928.23668384591  6.014655E-17
6933.75719308892  6.065474E-17
6939.27770233193  6.334992E-17
6944.79821157494  6.132683E-17
6950.31872081795  6.415843E-17
6955.83923006096  6.129767E-17
6961.35973930397  6.222428E-17
6966.88024854698  6.739891E-17
6972.40075778999  6.329724E-17
6977.921267033  6.311550E-17
6983.44177627601  6.543333E-17
6988.96228551902  6.757870E-17
6994.48279476203  7.103940E-17
7000.00330400504  7.188357E-17
7005.52381324805  7.291139E-17
7011.04432249106  7.531616E-17
7016.56483173407  7.296591E-17
7022.08534097708  7.189882E-17
7027.60585022009  7.498323E-17
7033.1263594631  7.420365E-17
7038.64686870611  7.012205E-17
7044.16737794912  7.208972E-17
7049.68788719213  6.808975E-17
7055.20839643514  6.439647E-17
7060.72890567815  6.953198E-17
7066.24941492116  6.831859E-17
7071.76992416417  6.904714E-17
7077.29043340718  6.566864E-17
7082.81094265019  6.609549E-17
7088.3314518932  6.417080E-17
7093.85196113621  6.318844E-17
7099.37247037922  6.013260E-17
7104.89297962223  6.203864E-17
7110.41348886524  5.546904E-17
7115.93399810825  5.875322E-17
7121.45450735126  5.513177E-17
7126.97501659427  5.798887E-17
7132.49552583728  5.820860E-17
7138.01603508029  5.580113E-17
7143.5365443233  5.389765E-17
7149.05705356631  5.597703E-17
7154.57756280932  5.550493E-17
7160.09807205233  5.878455E-17
7165.61858129534  6.224017E-17
7171.13909053835  6.111134E-17
7176.65959978136  6.272820E-17
7182.18010902437  6.918597E-17
7187.70061826738  6.635401E-17
7193.22112751039  6.776826E-17
7198.7416367534  7.238559E-17
7204.26214599641  7.009977E-17
7209.78265523942  7.291632E-17
7215.30316448243  7.166564E-17
7220.82367372544  6.790412E-17
7226.34418296845  7.346900E-17
7231.86469221146  7.447618E-17
7237.38520145447  6.957066E-17
7242.90571069748  7.352552E-17
7248.42621994049  6.895977E-17
7253.9467291835  7.201559E-17
7259.46723842651  6.453001E-17
7264.98774766952  5.966365E-17
7270.50825691253  5.409522E-17
7276.02876615554  5.021513E-17
7281.54927539855  5.557138E-17
7287.06978464156  5.166631E-17
7292.59029388457  4.545369E-17
7298.11080312758  4.433222E-17
7303.63131237059  4.223662E-17
7309.1518216136  4.025065E-17
7314.67233085661  4.089037E-17
7320.19284009962  3.816762E-17
7325.71334934263  3.718060E-17
7331.23385858564  3.410194E-17
7336.75436782865  3.558313E-17
7342.27487707166  3.805773E-17
7347.79538631467  3.792459E-17
7353.31589555768  3.674819E-17
7358.83640480069  3.380787E-17
7364.3569140437  3.496666E-17
7369.87742328671  3.906113E-17
7375.39793252972  3.750047E-17
7380.91844177273  3.332869E-17
7386.43895101574  3.198265E-17
7391.95946025875  3.633229E-17
7397.47996950176  3.039065E-17
7403.00047874477  3.219929E-17
7408.52098798778  3.572866E-17
7414.04149723079  3.292629E-17
7419.5620064738  3.212937E-17
7425.08251571681  3.249768E-17
7430.60302495982  3.283947E-17
7436.12353420283  3.590541E-17
7441.64404344584  3.604807E-17
7447.16455268885  3.602163E-17
7452.68506193186  4.047951E-17
7458.20557117487  3.855410E-17
7463.72608041788  3.989839E-17
7469.24658966089  3.951688E-17
7474.7670989039  4.392835E-17
7480.28760814691  4.788424E-17
7485.80811738992  4.573052E-17
7491.32862663293  4.538599E-17
7496.84913587594  4.450262E-17
7502.36964511895  4.334844E-17
7507.89015436196  4.316169E-17
7513.41066360497  4.202019E-17
7518.93117284798  4.241734E-17
7524.45168209099  3.950458E-17
7529.972191334  3.976638E-17
7535.49270057701  4.066743E-17
7541.01320982002  3.559381E-17
7546.53371906303  3.280620E-17
7552.05422830604  3.295991E-17
7557.57473754905  3.612916E-17
7563.09524679206  3.312775E-17
7568.61575603507  3.495689E-17
7574.13626527808  3.032076E-17
7579.65677452109  3.361115E-17
7585.1772837641  3.365266E-17
7590.69779300711  3.385900E-17
7596.21830225012  3.631094E-17
7601.73881149313  2.614169E-17
7607.25932073614  2.370739E-17
7612.77982997915  3.189811E-17
7618.30033922216  3.663849E-17
7623.82084846517  4.007216E-17
7629.34135770818  4.316384E-17
7634.86186695119  3.590050E-17
7640.3823761942  3.012877E-17
7645.90288543721  3.826855E-17
7651.42339468022  4.088605E-17
7656.94390392323  4.115098E-17
7662.46441316624  4.935183E-17
7667.98492240925  5.004855E-17
7673.50543165226  5.231776E-17
7679.02594089527  4.883652E-17
7684.54645013828  4.994446E-17
7690.06695938129  5.426027E-17
7695.5874686243  5.887543E-17
7701.10797786731  5.972950E-17
7706.62848711032  6.573056E-17
7712.14899635333  6.405795E-17
7717.66950559634  6.479928E-17
7723.19001483935  6.156596E-17
7728.71052408236  6.391664E-17
7734.23103332537  6.996589E-17
7739.75154256838  6.526633E-17
7745.27205181139  6.532899E-17
7750.7925610544  6.420799E-17
7756.31307029741  6.257671E-17
7761.83357954042  6.371500E-17
7767.35408878343  5.548240E-17
7772.87459802644  4.897251E-17
7778.39510726945  4.323105E-17
7783.91561651246  4.326845E-17
7789.43612575547  4.608214E-17
7794.95663499848  4.318885E-17
7800.47714424149  4.317585E-17
7805.9976534845  3.729803E-17
7811.51816272751  3.269948E-17
7817.03867197052  3.405918E-17
7822.55918121353  3.591951E-17
7828.07969045654  3.409782E-17
7833.60019969955  3.255294E-17
7839.12070894256  3.470641E-17
7844.64121818557  3.969319E-17
7850.16172742858  3.548513E-17
7855.68223667159  4.341507E-17
7861.2027459146  3.865794E-17
7866.72325515761  3.962750E-17
7872.24376440062  3.948752E-17
7877.76427364363  4.639240E-17
7883.28478288664  4.249953E-17
7888.80529212965  4.650588E-17
7894.32580137266  5.606003E-17
7899.84631061567  4.994135E-17
7905.36681985868  5.157571E-17
7910.88732910169  4.850604E-17
7916.4078383447  4.614105E-17
7921.92834758771  5.049344E-17
7927.44885683072  5.543645E-17
7932.96936607373  5.552771E-17
7938.48987531674  6.097424E-17
7944.01038455975  6.157170E-17
7949.53089380276  5.898113E-17
7955.05140304577  6.134111E-17
7960.57191228878  6.035257E-17
7966.09242153179  6.545118E-17
7971.6129307748  6.599407E-17
7977.13344001781  6.628010E-17
7982.65394926082  6.543499E-17
7988.17445850383  7.277393E-17
7993.69496774684  6.680205E-17
7999.21547698985  6.738082E-17
8004.73598623286  5.758819E-17
8010.25649547587  6.412420E-17
8015.77700471888  6.787628E-17
8021.29751396189  6.630609E-17
8026.8180232049  6.611362E-17
8032.33853244791  6.481328E-17
8037.85904169092  6.788336E-17
8043.37955093393  6.941589E-17
8048.90006017694  6.585968E-17
8054.42056941995  6.140787E-17
8059.94107866296  6.655886E-17
8065.46158790597  6.340682E-17
8070.98209714898  6.048151E-17
8076.50260639199  6.336839E-17
8082.023115635  6.457340E-17
8087.54362487801  7.146894E-17
8093.06413412102  7.759996E-17
8098.58464336403  7.237412E-17
8104.10515260704  6.942440E-17
8109.62566185005  6.741592E-17
8115.14617109306  5.726889E-17
8120.66668033607  6.086846E-17
8126.18718957908  6.330266E-17
8131.70769882209  6.681113E-17
8137.2282080651  5.588719E-17
8142.74871730811  5.951682E-17
8148.26922655112  5.976171E-17
8153.78973579413  6.185456E-17
8159.31024503714  5.525035E-17
8164.83075428015  5.524444E-17
8170.35126352316  5.759195E-17
8175.87177276617  5.600109E-17
8181.39228200918  5.352936E-17
8186.91279125219  5.823915E-17
8192.4333004952  5.729254E-17
8197.95380973821  6.024152E-17
8203.47431898122  5.616667E-17
8208.99482822423  5.106052E-17
8214.51533746724  5.938731E-17
8220.03584671025  6.036583E-17
8225.55635595326  5.570708E-17
8231.07686519627  5.423288E-17
8236.59737443928  5.752899E-17
8242.11788368229  6.104367E-17
8247.6383929253  6.060120E-17
8253.15890216831  6.106378E-17
8258.67941141132  5.848817E-17
8264.19992065433  5.783282E-17
8269.72042989734  5.777835E-17
8275.24093914035  5.530146E-17
8280.76144838336  5.095568E-17
8286.28195762637  7.124627E-17
8291.80246686938  5.947595E-17
8297.32297611239  6.686131E-17
8302.8434853554  5.768003E-17
8308.36399459841  6.410149E-17
8313.88450384142  5.995820E-17
8319.40501308443  5.953045E-17
8324.92552232744  5.896699E-17
8330.44603157045  6.173983E-17
8335.96654081346  5.427423E-17
8341.48705005647  5.589183E-17
8347.00755929948  5.630875E-17
8352.52806854249  6.142891E-17
8358.0485777855  5.963074E-17
8363.56908702851  4.650824E-17
8369.08959627152  5.459124E-17
8374.61010551453  6.327029E-17
8380.13061475754  5.481716E-17
8385.65112400055  5.143832E-17
8391.17163324356  4.893008E-17
8396.69214248657  4.912370E-17
8402.21265172958  5.220490E-17
8407.73316097259  4.716300E-17
8413.2536702156  5.647121E-17
8418.77417945861  5.284300E-17
8424.29468870162  3.815001E-17
8429.81519794463  4.738717E-17
8435.33570718764  4.809457E-17
8440.85621643065  5.325748E-17
8446.37672567366  4.514129E-17
8451.89723491667  4.799901E-17
8457.41774415968  4.002062E-17
8462.93825340269  3.632651E-17
8468.4587626457  4.346695E-17
8473.97927188871  4.662221E-17
8479.49978113172  4.022346E-17
8485.02029037473  4.322118E-17
8490.54079961774  4.619726E-17
8496.06130886075  4.618333E-17
8501.58181810376  3.966192E-17
8507.10232734677  3.660980E-17
8512.62283658978  4.489910E-17
8518.14334583279  4.217558E-17
8523.6638550758  3.602854E-17
8529.18436431881  3.989737E-17
8534.70487356182  3.592828E-17
8540.22538280483  3.415184E-17
8545.74589204784  3.171615E-17
8551.26640129085  2.635039E-17
8556.78691053386  3.141590E-17
8562.30741977687  2.634065E-17
8567.82792901988  1.563764E-17
8573.34843826289  1.838587E-17
8578.8689475059  1.421035E-17
8584.38945674891  1.609492E-17
8589.90996599192  1.525749E-17
8595.43047523493  8.490463E-18
8600.95098447794  1.112868E-17
8606.47149372095  1.218418E-17
8611.99200296396  1.629185E-17
8617.51251220697  1.032505E-17
8623.03302144998  1.163524E-17
8628.55353069299  1.962501E-17
8634.074039936  1.319472E-17
8639.59454917901  1.400366E-17
8645.11505842202  1.415300E-17
8650.63556766503  1.065670E-17
8656.15607690804  1.296423E-17
8661.67658615105  2.209162E-17
8667.19709539406  2.347473E-17
8672.71760463707  2.558377E-17
8678.23811388008  2.715226E-17
8683.75862312309  2.425586E-17
8689.2791323661  2.440569E-17
8694.79964160911  2.825501E-17
8700.32015085212  2.627488E-17
8705.84066009513  2.026315E-17
8711.36116933814  2.658162E-17
8716.88167858115  1.888535E-17
8722.40218782416  2.728094E-17
8727.92269706717  2.384066E-17
8733.44320631018  2.176295E-17
8738.96371555319  2.510093E-17
8744.4842247962  2.507427E-17
8750.00473403921  2.607898E-17
8755.52524328222  2.828101E-17
8761.04575252523  2.110852E-17
8766.56626176824  2.881782E-17
8772.08677101125  3.809597E-17
8777.60728025426  2.338862E-17
8783.12778949727  3.034787E-17
8788.64829874028  2.757576E-17
8794.16880798329  2.389005E-17
8799.6893172263  2.658371E-17
8805.20982646931  2.041828E-17
8810.73033571232  2.997310E-17
8816.25084495533  3.318819E-17
8821.77135419834  3.569541E-17
8827.29186344135  3.665131E-17
8832.81237268436  3.516791E-17
8838.33288192737  4.062398E-17
8843.85339117038  3.793870E-17
8849.37390041339  4.494619E-17
8854.8944096564  5.173902E-17
8860.41491889941  4.790168E-17
8865.93542814242  4.972774E-17
8871.45593738543  5.513090E-17
8876.97644662844  5.578670E-17
8882.49695587145  5.013927E-17
8888.01746511446  5.836787E-17
8893.53797435747  5.554197E-17
8899.05848360048  5.893153E-17
8904.57899284349  5.624149E-17
8910.0995020865  6.327971E-17
8915.62001132951  5.837873E-17
8921.14052057252  4.610802E-17
8926.66102981553  6.548404E-17
8932.18153905854  5.584308E-17
8937.70204830155  5.287876E-17
8943.22255754456  5.607764E-17
8948.74306678757  5.490348E-17
8954.26357603058  5.236480E-17
8959.78408527359  6.038773E-17
8965.3045945166  6.425811E-17
8970.82510375961  5.299503E-17
8976.34561300262  6.046389E-17
8981.86612224563  6.487689E-17
8987.38663148864  5.809350E-17
8992.90714073165  5.927498E-17
8998.42764997466  5.536679E-17
9003.94815921767  4.761990E-17
9009.46866846068  4.472889E-17
9014.98917770369  5.390028E-17
9020.5096869467  5.504929E-17
9026.03019618971  5.479292E-17
9031.55070543272  6.028310E-17
9037.07121467573  5.647629E-17
9042.59172391874  5.617285E-17
9048.11223316175  5.711051E-17
9053.63274240476  5.490849E-17
9059.15325164777  5.902952E-17
9064.67376089078  5.066248E-17
9070.19427013379  4.894670E-17
9075.7147793768  5.323900E-17
9081.23528861981  5.063519E-17
9086.75579786282  5.300449E-17
9092.27630710583  5.034780E-17
9097.79681634884  4.972130E-17
9103.31732559185  5.094151E-17
9108.83783483486  5.509958E-17
9114.35834407787  5.097107E-17
9119.87885332088  4.986941E-17
9125.39936256389  4.901699E-17
9130.9198718069  4.679245E-17
9136.44038104991  4.755109E-17
9141.96089029292  4.247863E-17
9147.48139953593  4.512475E-17
9153.00190877894  4.231870E-17
9158.52241802195  3.802099E-17
9164.04292726496  3.646998E-17
9169.56343650797  4.580230E-17
9175.08394575098  4.670947E-17
9180.60445499399  4.315782E-17
9186.124964237  4.150355E-17
9191.64547348001  4.512369E-17
9197.16598272302  3.969006E-17
9202.68649196603  4.353014E-17
9208.20700120904  4.048742E-17
9213.72751045205  4.029648E-17
9219.24801969506  4.413304E-17
9224.76852893807  3.728279E-17
9230.28903818108  4.071834E-17
9235.80954742409  4.248991E-17
9241.3300566671  4.680125E-17
9246.85056591011  4.573035E-17
9252.37107515312  5.342755E-17
9257.89158439613  4.239934E-17
9263.41209363914  3.893344E-17
9268.93260288215  0.
