3190.1000976562  6.810808E-15
3194.37947553509  4.427430E-15
3198.65885341397  4.019414E-15
3202.93823129285  3.027627E-15
3207.21760917174  5.506682E-15
3211.49698705062  6.266200E-15
3215.77636492951  6.277861E-15
3220.05574280839  5.881413E-15
3224.33512068727  5.939000E-15
3228.61449856616  3.356475E-15
3232.89387644504  1.838863E-15
3237.17325432393  2.466817E-15
3241.45263220281  4.057606E-15
3245.73201008169  4.240837E-15
3250.01138796058  3.852583E-15
3254.29076583946  3.560630E-15
3258.57014371834  3.747357E-15
3262.84952159723  4.201927E-15
3267.12889947611  3.915326E-15
3271.40827735499  3.984532E-15
3275.68765523388  4.197230E-15
3279.96703311276  3.705396E-15
3284.24641099164  3.630866E-15
3288.52578887053  3.916577E-15
3292.80516674941  3.875655E-15
3297.0845446283  3.641948E-15
3301.36392250718  3.564356E-15
3305.64330038606  3.577040E-15
3309.92267826495  4.179859E-15
3314.20205614383  4.083812E-15
3318.48143402271  3.898524E-15
3322.7608119016  3.618288E-15
3327.04018978048  3.548640E-15
3331.31956765937  3.443563E-15
3335.59894553825  3.398563E-15
3339.87832341713  3.291624E-15
3344.15770129602  3.049965E-15
3348.4370791749  3.098086E-15
3352.71645705378  3.075273E-15
3356.99583493267  2.909050E-15
3361.27521281155  2.642340E-15
3365.55459069044  2.619333E-15
3369.83396856932  2.745267E-15
3374.1133464482  2.685733E-15
3378.39272432709  2.666596E-15
3382.67210220597  2.772740E-15
3386.95148008485  2.866994E-15
3391.23085796374  2.898654E-15
3395.51023584262  2.753728E-15
3399.78961372151  2.611840E-15
3404.06899160039  2.703402E-15
3408.34836947927  2.927474E-15
3412.62774735816  2.959938E-15
3416.90712523704  2.984690E-15
3421.18650311592  2.947200E-15
3425.46588099481  2.952321E-15
3429.74525887369  3.053906E-15
3434.02463675257  3.073908E-15
3438.30401463146  3.033058E-15
3442.58339251034  3.198609E-15
3446.86277038923  3.400299E-15
3451.14214826811  3.300968E-15
3455.42152614699  3.192660E-15
3459.70090402588  3.126997E-15
3463.98028190476  3.208294E-15
3468.25965978365  3.361544E-15
3472.53903766253  3.390854E-15
3476.81841554141  3.226783E-15
3481.0977934203  3.079011E-15
3485.37717129918  3.100277E-15
3489.65654917806  3.185684E-15
3493.93592705695  3.212443E-15
3498.21530493583  3.218985E-15
3502.49468281471  3.204482E-15
3506.7740606936  3.090918E-15
3511.05343857248  3.005286E-15
3515.33281645137  3.026842E-15
3519.61219433025  3.015817E-15
3523.89157220913  3.033336E-15
3528.17095008802  3.084034E-15
3532.4503279669  3.085514E-15
3536.72970584578  3.142131E-15
3541.00908372467  3.323227E-15
3545.28846160355  3.436047E-15
3549.56783948243  3.413874E-15
3553.84721736132  3.405086E-15
3558.1265952402  3.396734E-15
3562.40597311909  3.335056E-15
3566.68535099797  3.300857E-15
3570.96472887685  3.283396E-15
3575.24410675574  3.218665E-15
3579.52348463462  3.147820E-15
3583.8028625135  3.171764E-15
3588.08224039239  3.190167E-15
3592.36161827127  3.228323E-15
3596.64099615016  3.246953E-15
3600.92037402904  3.297787E-15
3605.19975190792  3.367839E-15
3609.47912978681  3.314847E-15
3613.75850766569  3.305746E-15
3618.03788554457  3.398189E-15
3622.31726342346  3.472825E-15
3626.59664130234  3.529739E-15
3630.87601918123  3.558449E-15
3635.15539706011  3.594168E-15
3639.43477493899  3.687254E-15
3643.71415281788  3.788562E-15
3647.99353069676  3.821285E-15
3652.27290857564  3.808696E-15
3656.55228645453  3.800171E-15
3660.83166433341  3.887276E-15
3665.1110422123  4.086988E-15
3669.39042009118  4.183914E-15
3673.66979797006  4.185255E-15
3677.94917584895  4.269858E-15
3682.22855372783  4.271196E-15
3686.50793160671  4.239595E-15
3690.7873094856  4.241210E-15
3695.06668736448  4.185132E-15
3699.34606524336  4.100916E-15
3703.62544312225  4.088769E-15
3707.90482100113  4.086244E-15
3712.18419888002  4.088000E-15
3716.4635767589  4.158646E-15
3720.74295463778  4.202844E-15
3725.02233251667  4.238547E-15
3729.30171039555  4.374314E-15
3733.58108827443  4.472325E-15
3737.86046615332  4.484497E-15
3742.1398440322  4.465554E-15
3746.41922191109  4.369341E-15
3750.69859978997  4.267168E-15
3754.97797766885  4.256295E-15
3759.25735554774  4.287103E-15
3763.53673342662  4.249543E-15
3767.8161113055  4.115704E-15
3772.09548918439  3.994702E-15
3776.37486706327  3.979750E-15
3780.65424494216  3.986815E-15
3784.93362282104  4.041790E-15
3789.21300069992  4.196786E-15
3793.49237857881  4.202201E-15
3797.77175645769  4.135129E-15
3802.05113433657  4.052786E-15
3806.33051221546  3.979019E-15
3810.60989009434  3.875509E-15
3814.88926797322  3.799404E-15
3819.16864585211  3.758904E-15
3823.44802373099  3.661490E-15
3827.72740160988  3.566697E-15
3832.00677948876  3.535637E-15
3836.28615736764  3.526164E-15
3840.56553524653  3.553529E-15
3844.84491312541  3.529537E-15
3849.12429100429  3.447286E-15
3853.40366888318  3.360089E-15
3857.68304676206  3.252735E-15
3861.96242464095  3.214127E-15
3866.24180251983  3.256134E-15
3870.52118039871  3.339654E-15
3874.8005582776  3.502889E-15
3879.07993615648  3.709145E-15
3883.35931403536  3.874887E-15
3887.63869191425  4.026491E-15
3891.91806979313  4.153905E-15
3896.19744767202  4.274849E-15
3900.4768255509  4.287969E-15
3904.75620342978  4.283557E-15
3909.03558130867  4.180817E-15
3913.31495918755  4.059606E-15
3917.59433706643  3.896829E-15
3921.87371494532  3.693838E-15
3926.1530928242  3.502897E-15
3930.43247070308  3.310084E-15
3934.71184858197  3.172622E-15
3938.99122646085  3.138094E-15
3943.27060433974  3.129491E-15
3947.54998221862  3.146313E-15
3951.8293600975  3.234979E-15
3956.10873797639  3.319012E-15
3960.38811585527  3.405106E-15
3964.66749373415  3.486873E-15
3968.94687161304  3.559663E-15
3973.22624949192  3.659075E-15
3977.50562737081  3.735617E-15
3981.78500524969  3.823293E-15
3986.06438312857  3.976535E-15
3990.34376100746  4.143074E-15
3994.62313888634  4.397671E-15
3998.90251676522  4.707740E-15
4003.18189464411  4.970826E-15
4007.46127252299  5.126964E-15
4011.74065040187  5.029206E-15
4016.02002828076  4.661659E-15
4020.29940615964  4.581824E-15
4024.57878403853  4.907335E-15
4028.85816191741  5.146209E-15
4033.13753979629  5.111716E-15
4037.41691767518  5.005032E-15
4041.69629555406  4.920018E-15
4045.97567343294  4.803577E-15
4050.25505131183  4.594010E-15
4054.53442919071  4.439172E-15
4058.8138070696  4.590410E-15
4063.09318494848  4.794810E-15
4067.37256282736  4.892988E-15
4071.65194070625  4.829538E-15
4075.93131858513  4.759542E-15
4080.21069646401  4.745164E-15
4084.4900743429  4.719578E-15
4088.76945222178  4.706113E-15
4093.04883010067  4.637300E-15
4097.32820797955  4.485817E-15
4101.60758585843  4.423130E-15
4105.88696373732  4.312215E-15
4110.1663416162  4.171405E-15
4114.44571949508  4.049902E-15
4118.72509737397  3.996590E-15
4123.00447525285  3.937649E-15
4127.28385313174  3.901401E-15
4131.56323101062  3.830698E-15
4135.8426088895  3.754668E-15
4140.12198676839  3.755770E-15
4144.40136464727  3.785691E-15
4148.68074252616  3.798442E-15
4152.96012040504  3.826380E-15
4157.23949828392  3.879185E-15
4161.5188761628  3.970216E-15
4165.79825404169  4.037252E-15
4170.07763192057  4.084611E-15
4174.35700979946  4.107647E-15
4178.63638767834  4.151731E-15
4182.91576555722  4.217272E-15
4187.19514343611  4.255933E-15
4191.47452131499  4.321478E-15
4195.75389919388  4.396038E-15
4200.03327707276  4.404650E-15
4204.31265495164  4.408892E-15
4208.59203283053  4.462102E-15
4212.87141070941  4.509622E-15
4217.15078858829  4.512640E-15
4221.43016646718  4.523279E-15
4225.70954434606  4.561961E-15
4229.98892222494  4.534397E-15
4234.26830010383  4.439550E-15
4238.54767798271  4.341782E-15
4242.82705586159  4.272254E-15
4247.10643374048  4.186697E-15
4251.38581161936  4.109846E-15
4255.66518949825  4.090213E-15
4259.94456737713  4.063211E-15
4264.22394525601  4.022496E-15
4268.5033231349  4.021692E-15
4272.78270101378  3.990368E-15
4277.06207889267  3.944279E-15
4281.34145677155  3.956203E-15
4285.62083465043  4.017252E-15
4289.90021252932  4.055892E-15
4294.1795904082  4.081668E-15
4298.45896828708  4.177773E-15
4302.73834616597  4.278964E-15
4307.01772404485  4.318136E-15
4311.29710192374  4.391523E-15
4315.57647980262  4.520406E-15
4319.8558576815  4.603757E-15
4324.13523556039  4.619312E-15
4328.41461343927  4.604232E-15
4332.69399131815  4.527317E-15
4336.97336919704  4.378539E-15
4341.25274707592  4.274567E-15
4345.5321249548  4.192556E-15
4349.81150283369  4.068989E-15
4354.09088071257  3.972471E-15
4358.37025859146  3.929829E-15
4362.64963647034  3.861875E-15
4366.92901434922  3.780410E-15
4371.20839222811  3.744829E-15
4375.48777010699  3.713229E-15
4379.76714798588  3.697918E-15
4384.04652586476  3.666573E-15
4388.32590374364  3.604178E-15
4392.60528162253  3.521824E-15
4396.88465950141  3.498302E-15
4401.16403738029  3.483428E-15
4405.44341525918  3.463986E-15
4409.72279313806  3.426794E-15
4414.00217101694  3.363552E-15
4418.28154889583  3.287192E-15
4422.56092677471  3.194927E-15
4426.8403046536  3.144769E-15
4431.11968253248  3.118390E-15
4435.39906041136  3.054816E-15
4439.67843829025  2.990273E-15
4443.95781616913  2.953840E-15
4448.23719404801  2.904472E-15
4452.5165719269  2.863899E-15
4456.79594980578  2.865789E-15
4461.07532768466  2.884734E-15
4465.35470556355  2.894567E-15
4469.63408344243  2.910693E-15
4473.91346132132  2.963213E-15
4478.1928392002  3.042180E-15
4482.47221707908  3.112993E-15
4486.75159495797  3.185311E-15
4491.03097283685  3.192738E-15
4495.31035071573  3.159112E-15
4499.58972859462  3.183901E-15
4503.8691064735  3.216342E-15
4508.14848435238  3.226824E-15
4512.42786223127  3.262870E-15
4516.70724011015  3.331406E-15
4520.98661798904  3.336065E-15
4525.26599586792  3.296356E-15
4529.5453737468  3.318062E-15
4533.82475162569  3.327657E-15
4538.10412950457  3.318395E-15
4542.38350738345  3.372124E-15
4546.66288526234  3.376499E-15
4550.94226314122  3.338184E-15
4555.22164102011  3.381382E-15
4559.50101889899  3.408480E-15
4563.78039677787  3.392778E-15
4568.05977465676  3.351508E-15
4572.33915253564  3.322243E-15
4576.61853041452  3.335377E-15
4580.89790829341  3.342941E-15
4585.17728617229  3.345953E-15
4589.45666405118  3.376464E-15
4593.73604193006  3.368447E-15
4598.01541980894  3.394667E-15
4602.29479768783  3.446050E-15
4606.57417556671  3.522927E-15
4610.85355344559  3.612748E-15
4615.13293132448  3.716787E-15
4619.41230920336  3.818828E-15
4623.69168708224  3.895750E-15
4627.97106496113  3.916605E-15
4632.25044284001  3.910030E-15
4636.5298207189  3.922549E-15
4640.80919859778  3.949067E-15
4645.08857647666  3.997679E-15
4649.36795435555  3.989756E-15
4653.64733223443  3.953281E-15
4657.92671011332  3.950981E-15
4662.2060879922  3.947979E-15
4666.48546587108  3.894712E-15
4670.76484374997  3.851686E-15
4675.04422162885  3.887379E-15
4679.32359950773  3.950669E-15
4683.60297738662  3.960241E-15
4687.8823552655  3.943781E-15
4692.16173314439  3.962740E-15
4696.44111102327  3.987974E-15
4700.72048890215  3.986414E-15
4704.99986678104  3.994151E-15
4709.27924465992  4.040026E-15
4713.5586225388  4.052212E-15
4717.83800041769  4.053895E-15
4722.11737829657  4.058913E-15
4726.39675617545  4.095996E-15
4730.67613405434  4.165925E-15
4734.95551193322  4.173142E-15
4739.23488981211  4.138395E-15
4743.51426769099  4.164944E-15
4747.79364556987  4.207828E-15
4752.07302344876  4.221070E-15
4756.35240132764  4.205415E-15
4760.63177920652  4.157535E-15
4764.91115708541  4.133240E-15
4769.19053496429  4.098526E-15
4773.46991284317  4.027576E-15
4777.74929072206  3.947539E-15
4782.02866860094  3.851554E-15
4786.30804647983  3.764473E-15
4790.58742435871  3.722544E-15
4794.86680223759  3.684496E-15
4799.14618011648  3.631624E-15
4803.42555799536  3.612878E-15
4807.70493587424  3.579988E-15
4811.98431375313  3.467693E-15
4816.26369163201  3.360990E-15
4820.54306951089  3.304226E-15
4824.82244738978  3.235290E-15
4829.10182526866  3.132502E-15
4833.38120314755  3.050074E-15
4837.66058102643  2.999468E-15
4841.93995890532  2.955581E-15
4846.2193367842  2.951234E-15
4850.49871466308  2.994851E-15
4854.77809254197  3.010616E-15
4859.05747042085  2.988615E-15
4863.33684829973  2.988435E-15
4867.61622617862  3.002732E-15
4871.8956040575  3.000662E-15
4876.17498193638  3.001370E-15
4880.45435981527  3.014443E-15
4884.73373769415  3.019803E-15
4889.01311557303  3.034705E-15
4893.29249345192  3.067455E-15
4897.5718713308  3.072676E-15
4901.85124920969  3.017554E-15
4906.13062708857  2.964042E-15
4910.41000496745  2.957387E-15
4914.68938284634  2.921484E-15
4918.96876072522  2.852834E-15
4923.2481386041  2.793943E-15
4927.52751648299  2.777256E-15
4931.80689436187  2.753884E-15
4936.08627224076  2.730711E-15
4940.36565011964  2.736227E-15
4944.64502799852  2.780528E-15
4948.92440587741  2.817738E-15
4953.20378375629  2.820070E-15
4957.48316163517  2.812636E-15
4961.76253951406  2.822575E-15
4966.04191739294  2.849241E-15
4970.32129527183  2.861064E-15
4974.60067315071  2.871136E-15
4978.88005102959  2.880442E-15
4983.15942890848  2.877987E-15
4987.43880678736  2.869578E-15
4991.71818466624  2.861753E-15
4995.99756254513  2.813726E-15
5000.27694042401  2.747415E-15
5004.5563183029  2.697832E-15
5008.83569618178  2.660917E-15
5013.11507406066  2.620735E-15
5017.39445193955  2.573919E-15
5021.67382981843  2.523475E-15
5025.95320769731  2.437163E-15
5030.2325855762  2.359142E-15
5034.51196345508  2.333104E-15
5038.79134133397  2.338904E-15
5043.07071921285  2.344682E-15
5047.35009709173  2.373346E-15
5051.62947497062  2.419712E-15
5055.9088528495  2.462195E-15
5060.18823072838  2.498863E-15
5064.46760860727  2.552157E-15
5068.74698648615  2.633093E-15
5073.02636436503  2.698501E-15
5077.30574224392  2.730011E-15
5081.5851201228  2.773550E-15
5085.86449800169  2.787482E-15
5090.14387588057  2.762600E-15
5094.42325375945  2.746180E-15
5098.70263163834  2.734233E-15
5102.98200951722  2.707184E-15
5107.2613873961  2.657435E-15
5111.54076527499  2.605090E-15
5115.82014315387  2.582779E-15
5120.09952103276  2.579987E-15
5124.37889891164  2.558032E-15
5128.65827679052  2.519842E-15
5132.93765466941  2.490818E-15
5137.21703254829  2.474961E-15
5141.49641042717  2.464657E-15
5145.77578830606  2.431547E-15
5150.05516618494  2.407754E-15
5154.33454406382  2.400188E-15
5158.61392194271  2.397935E-15
5162.89329982159  2.368781E-15
5167.17267770048  2.337291E-15
5171.45205557936  2.329006E-15
5175.73143345824  2.320045E-15
5180.01081133713  2.318492E-15
5184.29018921601  2.328439E-15
5188.56956709489  2.338817E-15
5192.84894497378  2.396294E-15
5197.12832285266  2.446831E-15
5201.40770073155  2.464712E-15
5205.68707861043  2.501083E-15
5209.96645648931  2.517715E-15
5214.2458343682  2.538302E-15
5218.52521224708  2.582207E-15
5222.80459012597  2.612087E-15
5227.08396800485  2.625298E-15
5231.36334588373  2.650018E-15
5235.64272376262  2.693889E-15
5239.9221016415  2.745696E-15
5244.20147952038  2.791147E-15
5248.48085739927  2.837346E-15
5252.76023527815  2.842681E-15
5257.03961315703  2.853103E-15
5261.31899103592  2.891276E-15
5265.5983689148  2.913815E-15
5269.87774679369  2.918885E-15
5274.15712467257  2.909237E-15
5278.43650255145  2.902488E-15
5282.71588043034  2.927684E-15
5286.99525830922  2.956006E-15
5291.2746361881  2.960648E-15
5295.55401406699  2.970112E-15
5299.83339194587  2.991502E-15
5304.11276982475  2.993412E-15
5308.39214770364  2.986193E-15
5312.67152558252  2.987241E-15
5316.95090346141  2.975171E-15
5321.23028134029  2.965241E-15
5325.50965921917  2.957832E-15
5329.78903709806  2.925174E-15
5334.06841497694  2.894146E-15
5338.34779285582  2.897694E-15
5342.62717073471  2.901302E-15
5346.90654861359  2.879091E-15
5351.18592649248  2.843723E-15
5355.46530437136  2.837096E-15
5359.74468225024  2.881404E-15
5364.02406012913  2.949764E-15
5368.30343800801  2.999473E-15
5372.58281588689  3.021316E-15
5376.86219376578  3.037411E-15
5381.14157164466  3.058046E-15
5385.42094952354  3.060097E-15
5389.70032740243  3.036466E-15
5393.97970528131  3.027487E-15
5398.2590831602  3.039841E-15
5402.53846103908  3.019546E-15
5406.81783891796  2.970492E-15
5411.09721679685  2.920200E-15
5415.37659467573  2.885224E-15
5419.65597255462  2.844999E-15
5423.9353504335  2.792972E-15
5428.21472831238  2.724899E-15
5432.49410619127  2.657797E-15
5436.77348407015  2.586800E-15
5441.05286194903  2.495144E-15
5445.33223982792  2.409889E-15
5449.6116177068  2.365070E-15
5453.89099558568  2.336145E-15
5458.17037346457  2.290009E-15
5462.44975134345  2.270636E-15
5466.72912922234  2.284120E-15
5471.00850710122  2.271600E-15
5475.2878849801  2.263537E-15
5479.56726285899  2.286010E-15
5483.84664073787  2.314838E-15
5488.12601861676  2.321234E-15
5492.40539649564  2.311133E-15
5496.68477437452  2.307344E-15
5500.96415225341  2.308233E-15
5505.24353013229  2.313606E-15
5509.52290801117  2.340904E-15
5513.80228589006  2.355682E-15
5518.08166376894  2.339385E-15
5522.36104164783  2.324193E-15
5526.64041952671  2.332146E-15
5530.91979740559  2.380025E-15
5535.19917528448  2.416123E-15
5539.47855316336  2.416920E-15
5543.75793104224  2.426847E-15
5548.03730892113  2.456944E-15
5552.31668680001  2.478191E-15
5556.59606467889  2.469619E-15
5560.87544255778  2.449504E-15
5565.15482043666  2.462970E-15
5569.43419831554  2.459378E-15
5573.71357619443  2.456728E-15
5577.99295407331  2.391497E-15
5582.2723319522  2.318085E-15
5586.55170983108  2.316411E-15
5590.83108770996  2.308982E-15
5595.11046558885  2.263815E-15
5599.38984346773  2.221984E-15
5603.66922134662  2.223911E-15
5607.9485992255  2.228214E-15
5612.22797710438  2.178512E-15
5616.50735498327  2.139039E-15
5620.78673286215  2.107469E-15
5625.06611074103  2.070703E-15
5629.34548861992  2.012652E-15
5633.6248664988  1.958481E-15
5637.90424437768  1.944984E-15
5642.18362225657  1.951820E-15
5646.46300013545  1.933939E-15
5650.74237801434  1.884158E-15
5655.02175589322  1.846432E-15
5659.3011337721  1.841584E-15
5663.58051165099  1.848397E-15
5667.85988952987  1.863785E-15
5672.13926740875  1.882188E-15
5676.41864528764  1.888477E-15
5680.69802316652  1.920957E-15
5684.9774010454  1.993623E-15
5689.25677892429  2.056298E-15
5693.53615680317  2.107734E-15
5697.81553468206  2.151853E-15
5702.09491256094  2.156636E-15
5706.37429043982  2.160488E-15
5710.65366831871  2.199319E-15
5714.93304619759  2.222800E-15
5719.21242407648  2.210518E-15
5723.49180195536  2.196897E-15
5727.77117983424  2.192894E-15
5732.05055771313  2.216761E-15
5736.32993559201  2.217694E-15
5740.60931347089  2.244301E-15
5744.88869134978  2.266602E-15
5749.16806922866  2.281264E-15
5753.44744710755  2.262786E-15
5757.72682498643  2.240338E-15
5762.00620286531  2.237647E-15
5766.2855807442  2.240461E-15
5770.56495862308  2.255308E-15
5774.84433650196  2.264138E-15
5779.12371438085  2.233779E-15
5783.40309225973  2.206850E-15
5787.68247013861  2.209658E-15
5791.9618480175  2.196803E-15
5796.24122589638  2.168397E-15
5800.52060377527  2.149646E-15
5804.79998165415  2.141238E-15
5809.07935953303  2.139154E-15
5813.35873741192  2.119358E-15
5817.6381152908  2.091410E-15
5821.91749316968  2.059295E-15
5826.19687104857  2.002629E-15
5830.47624892745  1.955488E-15
5834.75562680633  1.934617E-15
5839.03500468522  1.911857E-15
5843.3143825641  1.896140E-15
5847.59376044299  1.895404E-15
5851.87313832187  1.908436E-15
5856.15251620075  1.921106E-15
5860.43189407964  1.931089E-15
5864.71127195852  1.939740E-15
5868.9906498374  1.926983E-15
5873.27002771629  1.911408E-15
5877.54940559517  1.918390E-15
5881.82878347406  1.908634E-15
5886.10816135294  1.858327E-15
5890.38753923182  1.807927E-15
5894.66691711071  1.802856E-15
5898.94629498959  1.844942E-15
5903.22567286847  1.922801E-15
5907.50505074736  1.942175E-15
5911.78442862624  1.916025E-15
5916.06380650512  1.895988E-15
5920.34318438401  1.909041E-15
5924.62256226289  1.931448E-15
5928.90194014178  1.933346E-15
5933.18131802066  1.946685E-15
5937.46069589954  1.977022E-15
5941.74007377843  1.992511E-15
5946.01945165731  2.042436E-15
5950.29882953619  2.066313E-15
5954.57820741508  2.081131E-15
5958.85758529396  2.102271E-15
5963.13696317285  2.110125E-15
5967.41634105173  2.126556E-15
5971.69571893061  2.160990E-15
5975.9750968095  2.185011E-15
5980.25447468838  2.206433E-15
5984.53385256726  2.240541E-15
5988.81323044615  2.258811E-15
5993.09260832503  2.257557E-15
5997.37198620391  2.264220E-15
6001.6513640828  2.275814E-15
6005.93074196168  2.292925E-15
6010.21011984057  2.256228E-15
6014.48949771945  2.166672E-15
6018.76887559833  2.163719E-15
6023.04825347722  2.281764E-15
6027.3276313561  2.391247E-15
6031.60700923499  2.417027E-15
6035.88638711387  2.406614E-15
6040.16576499275  2.388721E-15
6044.44514287164  2.365639E-15
6048.72452075052  2.358908E-15
6053.0038986294  2.329995E-15
6057.28327650829  2.309899E-15
6061.56265438717  2.355385E-15
6065.84203226606  2.355874E-15
6070.12141014494  2.310700E-15
6074.40078802382  2.284832E-15
6078.68016590271  2.279729E-15
6082.95954378159  2.264806E-15
6087.23892166047  2.237129E-15
6091.51829953936  2.212860E-15
6095.79767741824  2.208052E-15
6100.07705529713  2.223247E-15
6104.35643317601  2.229626E-15
6108.63581105489  2.207502E-15
6112.91518893378  2.174734E-15
6117.19456681266  2.165007E-15
6121.47394469154  2.169888E-15
6125.75332257043  2.167967E-15
6130.03270044931  2.141967E-15
6134.3120783282  2.101687E-15
6138.59145620708  2.061555E-15
6142.87083408596  2.030524E-15
6147.15021196485  2.016569E-15
6151.42958984373  2.003333E-15
6155.70896772261  1.977421E-15
6159.9883456015  1.978204E-15
6164.26772348038  2.005268E-15
6168.54710135926  1.994800E-15
6172.82647923815  1.972865E-15
6177.10585711703  1.979596E-15
6181.38523499592  2.002280E-15
6185.6646128748  2.017886E-15
6189.94399075368  2.007537E-15
6194.22336863257  1.987931E-15
6198.50274651145  1.974433E-15
6202.78212439033  1.955861E-15
6207.06150226922  1.939305E-15
6211.3408801481  1.949193E-15
6215.62025802698  1.979656E-15
6219.89963590587  1.983807E-15
6224.17901378475  1.991002E-15
6228.45839166364  1.988770E-15
6232.73776954252  1.964263E-15
6237.0171474214  1.955134E-15
6241.29652530029  1.934046E-15
6245.57590317917  1.910026E-15
6249.85528105805  1.854548E-15
6254.13465893694  1.815170E-15
6258.41403681582  1.771555E-15
6262.69341469471  1.711305E-15
6266.97279257359  1.686226E-15
6271.25217045247  1.658145E-15
6275.53154833136  1.580516E-15
6279.81092621024  1.513750E-15
6284.09030408912  1.470966E-15
6288.36968196801  1.448066E-15
6292.64905984689  1.406899E-15
6296.92843772578  1.372834E-15
6301.20781560466  1.321892E-15
6305.48719348354  1.267297E-15
6309.76657136243  1.237776E-15
6314.04594924131  1.203284E-15
6318.32532712019  1.177612E-15
6322.60470499908  1.154408E-15
6326.88408287796  1.124108E-15
6331.16346075685  1.106913E-15
6335.44283863573  1.102251E-15
6339.72221651461  1.098318E-15
6344.0015943935  1.098117E-15
6348.28097227238  1.108324E-15
6352.56035015126  1.126814E-15
6356.83972803015  1.139408E-15
6361.11910590903  1.146689E-15
6365.39848378792  1.166988E-15
6369.6778616668  1.206243E-15
6373.95723954568  1.248978E-15
6378.23661742457  1.288731E-15
6382.51599530345  1.340346E-15
6386.79537318233  1.392414E-15
6391.07475106122  1.443048E-15
6395.3541289401  1.493318E-15
6399.63350681899  1.539062E-15
6403.91288469787  1.603438E-15
6408.19226257675  1.670142E-15
6412.47164045564  1.711966E-15
6416.75101833452  1.747105E-15
6421.0303962134  1.777096E-15
6425.30977409229  1.795317E-15
6429.58915197117  1.808957E-15
6433.86852985005  1.838636E-15
6438.14790772894  1.857584E-15
6442.42728560782  1.871679E-15
6446.70666348671  1.883980E-15
6450.98604136559  1.886697E-15
6455.26541924447  1.882892E-15
6459.54479712336  1.887752E-15
6463.82417500224  1.891474E-15
6468.10355288112  1.880963E-15
6472.38293076001  1.886113E-15
6476.66230863889  1.890038E-15
6480.94168651777  1.886499E-15
6485.22106439666  1.872950E-15
6489.50044227554  1.860139E-15
6493.77982015443  1.862501E-15
6498.05919803331  1.861865E-15
6502.33857591219  1.853874E-15
6506.61795379108  1.834485E-15
6510.89733166996  1.829426E-15
6515.17670954885  1.827741E-15
6519.45608742773  1.787989E-15
6523.73546530661  1.762701E-15
6528.01484318549  1.775762E-15
6532.29422106438  1.774083E-15
6536.57359894326  1.758604E-15
6540.85297682215  1.744346E-15
6545.13235470103  1.723537E-15
6549.41173257991  1.708452E-15
6553.6911104588  1.696513E-15
6557.97048833768  1.682117E-15
6562.24986621657  1.676458E-15
6566.52924409545  1.667754E-15
6570.80862197433  1.649397E-15
6575.08799985322  1.652194E-15
6579.3673777321  1.668915E-15
6583.64675561098  1.667428E-15
6587.92613348987  1.664297E-15
6592.20551136875  1.654018E-15
6596.48488924763  1.655718E-15
6600.76426712652  1.673286E-15
6605.0436450054  1.702064E-15
6609.32302288428  1.726580E-15
6613.60240076317  1.736860E-15
6617.88177864205  1.752356E-15
6622.16115652094  1.767013E-15
6626.44053439982  1.770664E-15
6630.7199122787  1.780667E-15
6634.99929015759  1.801032E-15
6639.27866803647  1.815202E-15
6643.55804591536  1.828035E-15
6647.83742379424  1.836176E-15
6652.11680167312  1.832655E-15
6656.39617955201  1.832004E-15
6660.67555743089  1.827049E-15
6664.95493530978  1.823176E-15
6669.23431318866  1.825081E-15
6673.51369106754  1.825328E-15
6677.79306894642  1.810306E-15
6682.07244682531  1.790628E-15
6686.35182470419  1.798475E-15
6690.63120258308  1.809894E-15
6694.91058046196  1.799805E-15
6699.18995834084  1.788284E-15
6703.46933621973  1.763698E-15
6707.74871409861  1.745445E-15
6712.02809197749  1.743064E-15
6716.30746985638  1.740745E-15
6720.58684773526  1.737481E-15
6724.86622561415  1.737211E-15
6729.14560349303  1.721024E-15
6733.42498137191  1.696114E-15
6737.7043592508  1.683774E-15
6741.98373712968  1.684211E-15
6746.26311500856  1.667464E-15
6750.54249288745  1.639978E-15
6754.82187076633  1.639080E-15
6759.10124864521  1.630991E-15
6763.3806265241  1.621793E-15
6767.66000440298  1.597298E-15
6771.93938228187  1.586858E-15
6776.21876016075  1.582606E-15
6780.49813803963  1.571603E-15
6784.77751591852  1.564705E-15
6789.0568937974  1.550074E-15
6793.33627167629  1.532158E-15
6797.61564955517  1.521370E-15
6801.89502743405  1.515027E-15
6806.17440531294  1.494262E-15
6810.45378319182  1.475265E-15
6814.7331610707  1.467941E-15
6819.01253894959  1.456146E-15
6823.29191682847  1.447317E-15
6827.57129470735  1.439590E-15
6831.85067258624  1.423039E-15
6836.13005046512  1.416748E-15
6840.40942834401  1.397118E-15
6844.68880622289  1.371243E-15
6848.96818410177  1.365849E-15
6853.24756198066  1.347755E-15
6857.52693985954  1.336993E-15
6861.80631773843  1.345562E-15
6866.08569561731  1.339720E-15
6870.36507349619  1.297427E-15
6874.64445137507  1.278949E-15
6878.92382925396  1.291927E-15
6883.20320713284  1.308882E-15
6887.48258501173  1.303837E-15
6891.76196289061  1.296477E-15
6896.04134076949  1.301197E-15
6900.32071864838  1.306648E-15
6904.60009652726  1.299947E-15
6908.87947440615  1.296018E-15
6913.15885228503  1.303959E-15
6917.43823016391  1.302594E-15
6921.7176080428  1.302512E-15
6925.99698592168  1.304261E-15
6930.27636380056  1.297769E-15
6934.55574167945  1.294908E-15
6938.83511955833  1.300458E-15
6943.11449743722  1.306988E-15
6947.3938753161  1.310750E-15
6951.67325319498  1.301146E-15
6955.95263107387  1.286931E-15
6960.23200895275  1.278714E-15
6964.51138683163  1.282636E-15
6968.79076471052  1.268815E-15
6973.0701425894  1.264997E-15
6977.34952046829  1.267212E-15
6981.62889834717  1.247332E-15
6985.90827622605  1.233417E-15
6990.18765410493  1.216378E-15
6994.46703198382  1.208905E-15
6998.7464098627  1.207131E-15
7003.02578774159  1.205798E-15
7007.30516562047  1.188144E-15
7011.58454349935  1.174007E-15
7015.86392137824  1.175379E-15
7020.14329925712  1.172122E-15
7024.422677136  1.171739E-15
7028.70205501489  1.169867E-15
7032.98143289377  1.158924E-15
7037.26081077266  1.160665E-15
7041.54018865154  1.159910E-15
7045.81956653042  1.160092E-15
7050.09894440931  1.161631E-15
7054.37832228819  1.149193E-15
7058.65770016708  1.126198E-15
7062.93707804596  1.117897E-15
7067.21645592484  1.133713E-15
7071.49583380373  1.149635E-15
7075.77521168261  1.139747E-15
7080.05458956149  1.120853E-15
7084.33396744038  1.124960E-15
7088.61334531926  1.138716E-15
7092.89272319814  1.137870E-15
7097.17210107703  1.123896E-15
7101.45147895591  1.117937E-15
7105.73085683479  1.124837E-15
7110.01023471368  1.130691E-15
7114.28961259256  1.127758E-15
7118.56899047145  1.125353E-15
7122.84836835033  1.113427E-15
7127.12774622922  1.110840E-15
7131.4071241081  1.117033E-15
7135.68650198698  1.108238E-15
7139.96587986587  1.096387E-15
7144.24525774475  1.095650E-15
7148.52463562363  1.092664E-15
7152.80401350252  1.086795E-15
7157.0833913814  1.081116E-15
7161.36276926028  1.081557E-15
7165.64214713917  1.081250E-15
7169.92152501805  1.086342E-15
7174.20090289694  1.093066E-15
7178.48028077582  1.085823E-15
7182.7596586547  1.068022E-15
7187.03903653359  1.064978E-15
7191.31841441247  1.068555E-15
7195.59779229135  1.063488E-15
7199.87717017024  1.056296E-15
7204.15654804912  1.049541E-15
7208.435925928  1.039654E-15
7212.71530380689  1.033794E-15
7216.99468168577  1.027829E-15
7221.27405956466  1.029082E-15
7225.55343744354  1.024559E-15
7229.83281532242  9.983077E-16
7234.11219320131  9.844532E-16
7238.39157108019  9.801649E-16
7242.67094895907  9.697224E-16
7246.95032683796  9.697140E-16
7251.22970471684  9.651081E-16
7255.50908259573  9.683125E-16
7259.78846047461  9.805754E-16
7264.06783835349  9.950067E-16
7268.34721623238  1.008530E-15
7272.62659411126  1.020948E-15
7276.90597199014  1.027658E-15
7281.18534986903  1.029731E-15
7285.46472774791  1.024033E-15
7289.74410562679  1.032975E-15
7294.02348350568  1.042623E-15
7298.30286138456  1.033385E-15
7302.58223926345  1.025514E-15
7306.86161714233  1.029712E-15
7311.14099502121  1.034827E-15
7315.4203729001  1.033145E-15
7319.69975077898  1.029337E-15
7323.97912865786  1.024868E-15
7328.25850653675  1.025433E-15
7332.53788441563  1.033276E-15
7336.81726229451  1.043755E-15
7341.0966401734  1.049716E-15
7345.37601805228  1.042856E-15
7349.65539593117  1.046196E-15
7353.93477381005  1.047586E-15
7358.21415168893  1.037097E-15
7362.49352956782  1.026082E-15
7366.7729074467  1.029721E-15
7371.05228532559  1.042017E-15
7375.33166320447  1.048794E-15
7379.61104108335  1.037416E-15
7383.89041896224  1.032880E-15
7388.16979684112  1.045594E-15
7392.44917472  1.050094E-15
7396.72855259889  1.045898E-15
7401.00793047777  1.040893E-15
7405.28730835665  1.043072E-15
7409.56668623554  1.043457E-15
7413.84606411442  1.039176E-15
7418.12544199331  1.031187E-15
7422.40481987219  1.025160E-15
7426.68419775107  1.029379E-15
7430.96357562996  1.029018E-15
7435.24295350884  1.023300E-15
7439.52233138772  1.015040E-15
7443.80170926661  1.006660E-15
7448.08108714549  1.008901E-15
7452.36046502438  1.009981E-15
7456.63984290326  1.002753E-15
7460.91922078214  9.961711E-16
7465.19859866103  9.932907E-16
7469.47797653991  9.982956E-16
7473.75735441879  9.955354E-16
7478.03673229768  9.887616E-16
7482.31611017656  9.929755E-16
7486.59548805544  9.837115E-16
7490.87486593433  9.667572E-16
7495.15424381321  9.608346E-16
7499.4336216921  9.563021E-16
7503.71299957098  9.475940E-16
7507.99237744986  9.428140E-16
7512.27175532875  9.457918E-16
7516.55113320763  9.294196E-16
7520.83051108652  9.167230E-16
7525.1098889654  9.168395E-16
7529.38926684428  9.124747E-16
7533.66864472317  9.087034E-16
7537.94802260205  9.019001E-16
7542.22740048093  8.929107E-16
7546.50677835982  8.844743E-16
7550.7861562387  8.738338E-16
7555.06553411759  8.689319E-16
7559.34491199647  8.534187E-16
7563.62428987535  8.404960E-16
7567.90366775424  8.377553E-16
7572.18304563312  8.364117E-16
7576.462423512  8.261865E-16
7580.74180139089  8.231218E-16
7585.02117926977  8.254217E-16
7589.30055714865  8.324327E-16
7593.57993502754  8.293312E-16
7597.85931290642  8.182929E-16
7602.13869078531  8.129478E-16
7606.41806866419  8.005426E-16
7610.69744654307  7.955397E-16
7614.97682442196  8.073677E-16
7619.25620230084  8.125836E-16
7623.53558017972  7.968967E-16
7627.81495805861  7.799098E-16
7632.09433593749  7.731347E-16
7636.37371381637  7.656922E-16
7640.65309169526  7.491335E-16
7644.93246957414  7.433591E-16
7649.21184745303  7.513711E-16
7653.49122533191  7.473786E-16
7657.77060321079  7.227727E-16
7662.04998108968  7.013012E-16
7666.32935896856  6.823318E-16
7670.60873684744  6.578444E-16
7674.88811472633  6.484407E-16
7679.16749260521  6.391162E-16
7683.4468704841  6.201535E-16
7687.72624836298  6.056925E-16
7692.00562624186  6.047914E-16
7696.28500412075  6.070720E-16
7700.56438199963  5.980962E-16
7704.84375987852  5.827904E-16
7709.1231377574  5.758143E-16
7713.40251563628  5.604202E-16
7717.68189351517  5.581224E-16
7721.96127139405  5.643049E-16
7726.24064927293  5.626811E-16
7730.52002715182  5.636113E-16
7734.7994050307  5.665489E-16
7739.07878290958  5.663243E-16
7743.35816078847  5.730041E-16
7747.63753866735  5.850144E-16
7751.91691654623  5.869525E-16
7756.19629442512  5.783166E-16
7760.475672304  5.656881E-16
7764.75505018289  5.672039E-16
7769.03442806177  5.850604E-16
7773.31380594065  5.915837E-16
7777.59318381954  5.828243E-16
7781.87256169842  5.854256E-16
7786.15193957731  6.045190E-16
7790.43131745619  6.189290E-16
7794.71069533507  6.236172E-16
7798.99007321396  6.244702E-16
7803.26945109284  6.302741E-16
7807.54882897173  6.530691E-16
7811.82820685061  6.658624E-16
7816.10758472949  6.675333E-16
7820.38696260837  6.687923E-16
7824.66634048726  6.711357E-16
7828.94571836614  6.791976E-16
7833.22509624503  6.886526E-16
7837.50447412391  7.009474E-16
7841.78385200279  7.104195E-16
7846.06322988168  7.029504E-16
7850.34260776056  7.002425E-16
7854.62198563945  7.083121E-16
7858.90136351833  7.073504E-16
7863.18074139721  7.008643E-16
7867.46011927609  7.040920E-16
7871.73949715498  7.072905E-16
7876.01887503386  7.119796E-16
7880.29825291275  7.259566E-16
7884.57763079163  7.372807E-16
7888.85700867051  7.284360E-16
7893.1363865494  7.203762E-16
7897.41576442828  7.281110E-16
7901.69514230717  7.277393E-16
7905.97452018605  7.180335E-16
7910.25389806493  7.113473E-16
7914.53327594382  7.059147E-16
7918.8126538227  7.099574E-16
7923.09203170158  7.188875E-16
7927.37140958047  7.278440E-16
7931.65078745935  7.285103E-16
7935.93016533823  7.219673E-16
7940.20954321712  7.236360E-16
7944.488921096  7.220564E-16
7948.76829897489  7.227065E-16
7953.04767685377  7.203402E-16
7957.32705473265  7.284048E-16
7961.60643261154  7.495494E-16
7965.88581049042  7.370267E-16
7970.1651883693  7.313064E-16
7974.44456624819  7.595710E-16
7978.72394412707  7.714135E-16
7983.00332200596  7.787930E-16
7987.28269988484  7.897216E-16
7991.56207776372  7.971899E-16
7995.84145564261  7.950446E-16
8000.12083352149  7.965764E-16
8004.40021140037  8.141691E-16
8008.67958927926  8.302397E-16
8012.95896715814  8.367704E-16
8017.23834503702  8.403791E-16
8021.51772291591  8.500227E-16
8025.79710079479  8.640076E-16
8030.07647867367  8.787806E-16
8034.35585655256  8.817234E-16
8038.63523443144  8.764480E-16
8042.91461231033  8.858153E-16
8047.19399018921  8.858460E-16
8051.47336806809  8.840472E-16
8055.75274594698  8.965232E-16
8060.03212382586  8.940865E-16
8064.31150170475  8.848053E-16
8068.59087958363  8.873228E-16
8072.87025746251  8.959779E-16
8077.1496353414  9.019176E-16
8081.42901322028  9.012636E-16
8085.70839109916  9.084263E-16
8089.98776897805  9.077143E-16
8094.26714685693  8.884589E-16
8098.54652473581  8.797221E-16
8102.8259026147  8.795927E-16
8107.10528049358  8.800621E-16
8111.38465837247  8.735562E-16
8115.66403625135  8.689538E-16
8119.94341413023  8.651044E-16
8124.22279200912  8.737313E-16
8128.502169888  8.657520E-16
8132.78154776689  8.510116E-16
8137.06092564577  8.400004E-16
8141.34030352465  8.425032E-16
8145.61968140353  8.490350E-16
8149.89905928242  8.530857E-16
8154.1784371613  8.417834E-16
8158.45781504019  8.412915E-16
8162.73719291907  8.360713E-16
8167.01657079795  8.192477E-16
8171.29594867684  8.215350E-16
8175.57532655572  8.246198E-16
8179.85470443461  8.092240E-16
8184.13408231349  7.940341E-16
8188.41346019237  7.998915E-16
8192.69283807126  8.169053E-16
8196.97221595014  8.136169E-16
8201.25159382902  8.092567E-16
8205.53097170791  8.075746E-16
8209.81034958679  7.987160E-16
8214.08972746567  7.858308E-16
8218.36910534456  7.811095E-16
8222.64848322344  7.763767E-16
8226.92786110233  7.733296E-16
8231.20723898121  7.802260E-16
8235.48661686009  7.782793E-16
8239.76599473898  7.713519E-16
8244.04537261786  7.705423E-16
8248.32475049674  7.803432E-16
8252.60412837563  7.821130E-16
8256.88350625451  7.776585E-16
8261.16288413339  7.877957E-16
8265.44226201228  7.903854E-16
8269.72163989116  7.781486E-16
8274.00101777005  7.667061E-16
8278.28039564893  7.602476E-16
8282.55977352781  7.572243E-16
8286.8391514067  7.497637E-16
8291.11852928558  7.312060E-16
8295.39790716446  7.289829E-16
8299.67728504335  7.346868E-16
8303.95666292223  7.266905E-16
8308.23604080112  7.072754E-16
8312.51541868  6.968228E-16
8316.79479655888  6.949546E-16
8321.07417443777  6.985490E-16
8325.35355231665  7.062314E-16
8329.63293019553  7.060810E-16
8333.91230807442  7.112265E-16
8338.1916859533  7.171577E-16
8342.47106383218  7.164795E-16
8346.75044171107  6.969601E-16
8351.02981958995  6.866826E-16
8355.30919746884  6.954304E-16
8359.58857534772  7.047649E-16
8363.86795322661  7.080388E-16
8368.14733110549  7.063735E-16
8372.42670898437  7.073830E-16
8376.70608686326  7.240389E-16
8380.98546474214  7.274554E-16
8385.26484262102  7.179664E-16
8389.54422049991  7.139998E-16
8393.82359837879  7.117356E-16
8398.10297625768  6.959830E-16
8402.38235413656  6.914243E-16
8406.66173201544  7.113565E-16
8410.94110989433  7.153332E-16
8415.22048777321  6.983356E-16
8419.49986565209  6.955074E-16
8423.77924353098  6.957635E-16
8428.05862140986  6.855070E-16
8432.33799928874  6.825989E-16
8436.61737716763  6.840343E-16
8440.89675504651  6.835543E-16
8445.1761329254  6.809650E-16
8449.45551080428  6.717830E-16
8453.73488868316  6.602179E-16
8458.01426656205  6.522617E-16
8462.29364444093  6.477885E-16
8466.57302231981  6.355808E-16
8470.8524001987  6.300301E-16
8475.13177807758  6.285352E-16
8479.41115595646  6.364333E-16
8483.69053383535  6.442628E-16
8487.96991171423  6.524370E-16
8492.24928959312  6.478081E-16
8496.528667472  6.381651E-16
8500.80804535088  6.353455E-16
8505.08742322977  6.255150E-16
8509.36680110865  6.139447E-16
8513.64617898754  6.256285E-16
8517.92555686642  6.221269E-16
8522.2049347453  6.065300E-16
8526.48431262419  5.971011E-16
8530.76369050307  5.976967E-16
8535.04306838195  5.963554E-16
8539.32244626084  5.995145E-16
8543.60182413972  6.045700E-16
8547.88120201861  6.041820E-16
8552.16057989749  5.971684E-16
8556.43995777637  5.993345E-16
8560.71933565526  5.986440E-16
8564.99871353414  5.950460E-16
8569.27809141302  5.984619E-16
8573.55746929191  6.051181E-16
8577.83684717079  6.087092E-16
8582.11622504967  6.130519E-16
8586.39560292856  6.241767E-16
8590.67498080744  6.308368E-16
8594.95435868633  6.384977E-16
8599.23373656521  6.475910E-16
8603.51311444409  6.706150E-16
8607.79249232298  6.903847E-16
8612.07187020186  6.890576E-16
8616.35124808074  6.875558E-16
8620.63062595963  6.840976E-16
8624.91000383851  6.908933E-16
8629.18938171739  6.983122E-16
8633.46875959628  6.840033E-16
8637.74813747516  6.855221E-16
8642.02751535405  7.005155E-16
8646.30689323293  7.064474E-16
8650.58627111181  7.092938E-16
8654.8656489907  7.092160E-16
8659.14502686958  7.223207E-16
8663.42440474847  7.369606E-16
8667.70378262735  7.342389E-16
8671.98316050623  7.278480E-16
8676.26253838511  7.373449E-16
8680.541916264  7.460168E-16
8684.82129414288  7.436212E-16
8689.10067202177  7.464826E-16
8693.38004990065  7.578647E-16
8697.65942777953  7.669354E-16
8701.93880565842  7.733283E-16
8706.2181835373  7.913269E-16
8710.49756141619  7.953527E-16
8714.77693929507  8.059935E-16
8719.05631717395  8.164310E-16
8723.33569505284  8.333727E-16
8727.61507293172  8.481762E-16
8731.8944508106  8.519817E-16
8736.17382868949  8.535042E-16
8740.45320656837  8.403065E-16
8744.73258444725  8.427882E-16
8749.01196232614  8.534239E-16
8753.29134020502  8.560880E-16
8757.5707180839  8.485871E-16
8761.85009596279  8.455110E-16
8766.12947384167  8.398076E-16
8770.40885172056  8.351168E-16
8774.68822959944  8.313078E-16
8778.96760747832  8.288138E-16
8783.24698535721  8.346019E-16
8787.52636323609  8.460918E-16
8791.80574111497  8.428150E-16
8796.08511899386  8.406172E-16
8800.36449687274  8.481278E-16
8804.64387475162  8.423223E-16
8808.92325263051  8.412358E-16
8813.20263050939  8.488987E-16
8817.48200838828  8.548746E-16
8821.76138626716  8.656180E-16
8826.04076414604  8.607218E-16
8830.32014202493  8.525350E-16
8834.59951990381  8.634111E-16
8838.8788977827  8.710625E-16
8843.15827566158  8.712076E-16
8847.43765354046  8.738440E-16
8851.71703141935  8.736389E-16
8855.99640929823  8.741721E-16
8860.27578717711  8.844989E-16
8864.555165056  8.767657E-16
8868.83454293488  8.717273E-16
8873.11392081377  8.640321E-16
8877.39329869265  8.756158E-16
8881.67267657153  8.750259E-16
8885.95205445042  8.778860E-16
8890.2314323293  8.688444E-16
8894.51081020818  8.620210E-16
8898.79018808707  8.580980E-16
8903.06956596595  8.528983E-16
8907.34894384483  8.452465E-16
8911.62832172372  8.707377E-16
8915.9076996026  8.805886E-16
8920.18707748149  8.449779E-16
8924.46645536037  8.509478E-16
8928.74583323925  8.602665E-16
8933.02521111814  8.441750E-16
8937.30458899702  8.391879E-16
8941.58396687591  8.361427E-16
8945.86334475479  8.313402E-16
8950.14272263367  8.365758E-16
8954.42210051256  8.335537E-16
8958.70147839144  7.996633E-16
8962.98085627032  7.981994E-16
8967.26023414921  8.170245E-16
8971.53961202809  8.184507E-16
8975.81898990697  8.167627E-16
8980.09836778586  8.158970E-16
8984.37774566474  8.128567E-16
8988.65712354363  8.074258E-16
8992.93650142251  8.110611E-16
8997.21587930139  8.148503E-16
9001.49525718028  7.716685E-16
9005.77463505916  7.385629E-16
9010.05401293805  7.515309E-16
9014.33339081693  7.546946E-16
9018.61276869581  7.486171E-16
9022.89214657469  7.404876E-16
9027.17152445358  7.278548E-16
9031.45090233246  7.468108E-16
9035.73028021135  7.671448E-16
9040.00965809023  7.620438E-16
9044.28903596911  7.457600E-16
9048.568413848  7.485706E-16
9052.84779172688  7.481955E-16
9057.12716960577  7.658471E-16
9061.40654748465  7.474501E-16
9065.68592536354  7.078040E-16
9069.96530324242  6.817892E-16
9074.2446811213  6.699930E-16
9078.52405900018  6.619360E-16
9082.80343687907  6.399986E-16
9087.08281475795  6.313367E-16
9091.36219263684  6.202397E-16
9095.64157051572  6.111669E-16
9099.9209483946  6.035021E-16
9104.20032627349  5.956165E-16
9108.47970415237  6.024716E-16
9112.75908203126  6.009048E-16
9117.03845991014  5.915895E-16
9121.31783778902  5.868831E-16
9125.59721566791  5.763646E-16
9129.87659354679  5.727774E-16
9134.15597142567  5.707751E-16
9138.43534930456  5.654492E-16
9142.71472718344  5.678539E-16
9146.99410506232  5.589652E-16
9151.27348294121  5.445143E-16
9155.55286082009  5.373183E-16
9159.83223869898  5.288138E-16
9164.11161657786  5.132437E-16
9168.39099445674  4.978079E-16
9172.67037233563  4.948080E-16
9176.94975021451  5.127755E-16
9181.22912809339  5.220058E-16
9185.50850597228  5.101707E-16
9189.78788385116  4.920065E-16
9194.06726173004  4.876589E-16
9198.34663960893  5.013991E-16
9202.62601748781  5.301621E-16
9206.9053953667  5.285279E-16
9211.18477324558  5.144013E-16
9215.46415112446  5.233111E-16
9219.74352900335  5.204371E-16
9224.02290688223  5.090041E-16
9228.30228476111  5.178354E-16
9232.58166264  5.082042E-16
9236.86104051888  4.860219E-16
9241.14041839777  4.838698E-16
9245.41979627665  4.807497E-16
9249.69917415553  4.797973E-16
9253.97855203442  5.001225E-16
9258.2579299133  5.103566E-16
9262.53730779218  5.284790E-16
9266.81668567107  5.397107E-16
9271.09606354995  5.282193E-16
9275.37544142884  5.189759E-16
9279.65481930772  5.247236E-16
9283.9341971866  5.365305E-16
9288.21357506549  5.486223E-16
9292.49295294437  5.684351E-16
9296.77233082325  5.638867E-16
9301.05170870214  5.458770E-16
9305.33108658102  5.170951E-16
9309.6104644599  5.063175E-16
9313.88984233879  4.947195E-16
9318.16922021767  5.188948E-16
9322.44859809656  5.317978E-16
9326.72797597544  5.209442E-16
9331.00735385432  5.475154E-16
9335.28673173321  5.513449E-16
9339.56610961209  5.489879E-16
9343.84548749097  5.506695E-16
9348.12486536986  5.840718E-16
9352.40424324874  5.632144E-16
9356.68362112762  5.231930E-16
9360.96299900651  5.419285E-16
9365.24237688539  5.551422E-16
9369.52175476428  5.579745E-16
9373.80113264316  5.489586E-16
9378.08051052204  5.119968E-16
9382.35988840093  5.242651E-16
9386.63926627981  5.496758E-16
9390.91864415869  5.449466E-16
9395.19802203758  5.614103E-16
9399.47739991646  5.591788E-16
9403.75677779535  5.408909E-16
9408.03615567423  5.294536E-16
9412.31553355311  5.048079E-16
9416.594911432  4.952445E-16
9420.87428931088  5.081581E-16
9425.15366718976  4.955496E-16
9429.43304506865  4.872266E-16
9433.71242294753  5.042231E-16
9437.99180082641  4.709447E-16
9442.2711787053  4.695199E-16
9446.55055658418  5.064533E-16
9450.82993446307  5.195477E-16
9455.10931234195  5.318968E-16
9459.38869022083  5.282244E-16
9463.66806809972  5.148612E-16
9467.9474459786  5.348174E-16
9472.22682385748  5.673064E-16
9476.50620173637  5.180676E-16
9480.78557961525  4.839512E-16
9485.06495749414  5.195009E-16
9489.34433537302  5.363685E-16
9493.6237132519  5.372696E-16
9497.90309113079  5.219400E-16
9502.18246900967  4.881158E-16
9506.46184688855  5.005137E-16
9510.74122476744  5.454411E-16
9515.02060264632  5.599628E-16
9519.29998052521  5.226140E-16
9523.57935840409  5.028542E-16
9527.85873628297  5.191321E-16
9532.13811416186  5.412140E-16
9536.41749204074  5.668949E-16
9540.69686991963  5.567045E-16
9544.97624779851  5.138416E-16
9549.25562567739  5.296582E-16
9553.53500355627  5.388225E-16
9557.81438143516  5.217764E-16
9562.09375931404  5.193598E-16
9566.37313719293  4.928235E-16
9570.65251507181  4.908367E-16
9574.93189295069  4.932337E-16
9579.21127082958  5.000627E-16
9583.49064870846  5.335338E-16
9587.77002658735  5.412900E-16
9592.04940446623  5.051471E-16
9596.32878234511  4.779764E-16
9600.608160224  4.843799E-16
9604.88753810288  4.697222E-16
9609.16691598176  4.384924E-16
9613.44629386065  4.432771E-16
9617.72567173953  4.477818E-16
9622.00504961842  4.494399E-16
9626.2844274973  4.615461E-16
9630.56380537618  4.848871E-16
9634.84318325507  4.971969E-16
9639.12256113395  5.064394E-16
9643.40193901283  5.251463E-16
9647.68131689172  5.065508E-16
9651.9606947706  4.882682E-16
9656.24007264949  4.924588E-16
9660.51945052837  4.875650E-16
9664.79882840725  4.770925E-16
9669.07820628614  4.951640E-16
9673.35758416502  4.994654E-16
9677.6369620439  4.689783E-16
9681.91633992279  4.070467E-16
9686.19571780167  3.837016E-16
9690.47509568055  4.022131E-16
9694.75447355944  3.983744E-16
9699.03385143832  3.812835E-16
9703.31322931721  3.904146E-16
9707.59260719609  4.023360E-16
9711.87198507497  4.011167E-16
9716.15136295386  4.279439E-16
9720.43074083274  4.361059E-16
9724.71011871162  4.275327E-16
9728.98949659051  4.136269E-16
9733.26887446939  4.062827E-16
9737.54825234828  4.044253E-16
9741.82763022716  3.866459E-16
9746.10700810604  3.682498E-16
9750.38638598493  3.514492E-16
9754.66576386381  3.683950E-16
9758.9451417427  3.673550E-16
9763.22451962158  3.712347E-16
9767.50389750046  3.736911E-16
9771.78327537935  3.598290E-16
9776.06265325823  3.642499E-16
9780.34203113711  3.786978E-16
9784.621409016  4.124978E-16
9788.90078689488  4.155268E-16
9793.18016477376  3.778448E-16
9797.45954265265  3.702930E-16
9801.73892053153  3.716778E-16
9806.01829841041  3.623974E-16
9810.2976762893  3.648673E-16
9814.57705416818  3.539292E-16
9818.85643204707  3.423845E-16
9823.13580992595  3.538296E-16
9827.41518780483  3.522991E-16
9831.69456568372  3.323259E-16
9835.9739435626  3.337118E-16
9840.25332144148  3.575013E-16
9844.53269932037  3.432449E-16
9848.81207719925  3.164481E-16
9853.09145507813  3.359055E-16
9857.37083295702  3.570337E-16
9861.6502108359  3.599090E-16
9865.92958871479  3.900104E-16
9870.20896659367  4.027603E-16
9874.48834447255  3.505644E-16
9878.76772235144  3.500139E-16
9883.04710023032  3.390567E-16
9887.32647810921  3.340460E-16
9891.60585598809  3.519687E-16
9895.88523386697  3.490415E-16
9900.16461174585  3.241736E-16
9904.44398962474  3.028132E-16
9908.72336750362  2.897567E-16
9913.00274538251  2.990878E-16
9917.28212326139  3.042969E-16
9921.56150114027  3.172893E-16
9925.84087901916  3.254082E-16
9930.12025689804  3.082919E-16
9934.39963477693  3.029661E-16
9938.67901265581  3.285592E-16
9942.95839053469  3.495051E-16
9947.23776841358  3.124710E-16
9951.51714629246  2.898838E-16
9955.79652417134  3.078903E-16
9960.07590205023  3.055044E-16
9964.35527992911  3.127125E-16
9968.63465780799  3.425922E-16
9972.91403568688  3.447609E-16
9977.19341356576  3.307042E-16
9981.47279144465  3.312357E-16
9985.75216932353  3.145958E-16
9990.03154720241  3.189925E-16
9994.3109250813  3.178078E-16
9998.59030296018  3.376701E-16
10002.8696808391  3.222358E-16
10007.1490587179  3.269432E-16
10011.4284365968  3.619375E-16
10015.7078144757  3.159089E-16
10019.9871923546  3.081843E-16
10024.2665702335  3.242964E-16
10028.5459481124  3.106619E-16
10032.8253259912  2.780621E-16
10037.1047038701  2.613603E-16
10041.384081749  2.773240E-16
10045.6634596279  2.932041E-16
10049.9428375068  3.258265E-16
10054.2222153857  3.213375E-16
10058.5015932646  2.904989E-16
10062.7809711434  2.992529E-16
10067.0603490223  3.105210E-16
10071.3397269012  3.525038E-16
10075.6191047801  3.725624E-16
10079.898482659  3.503565E-16
10084.1778605379  2.987297E-16
10088.4572384167  3.281841E-16
10092.7366162956  3.610013E-16
10097.0159941745  3.534159E-16
10101.2953720534  3.713335E-16
10105.5747499323  3.933860E-16
10109.8541278112  3.533969E-16
10114.13350569  3.567599E-16
10118.4128835689  4.020109E-16
10122.6922614478  3.953085E-16
10126.9716393267  3.532990E-16
10131.2510172056  3.094548E-16
10135.5303950845  3.215721E-16
10139.8097729633  3.325160E-16
10144.0891508422  3.376876E-16
10148.3685287211  3.660703E-16
10152.6479066  3.598477E-16
10156.9272844789  3.329112E-16
10161.2066623578  3.124107E-16
10165.4860402366  3.041775E-16
10169.7654181155  3.423071E-16
10174.0447959944  3.640266E-16
10178.3241738733  3.545582E-16
10182.6035517522  3.882062E-16
10186.8829296311  4.042516E-16
10191.1623075099  3.893484E-16
10195.4416853888  3.886729E-16
10199.7210632677  3.677599E-16
10204.0004411466  3.429929E-16
10208.2798190255  3.019924E-16
10212.5591969044  3.134827E-16
10216.8385747833  3.140713E-16
10221.1179526621  2.685558E-16
10225.397330541  2.733850E-16
10229.6767084199  3.105025E-16
10233.9560862988  3.686376E-16
10238.2354641777  3.830054E-16
10242.5148420566  3.641531E-16
10246.7942199354  3.699187E-16
10251.0735978143  3.794933E-16
10255.3529756932  3.518816E-16
10259.6323535721  3.647904E-16
10263.911731451  3.362793E-16
10268.1911093299  2.972391E-16
10272.4704872087  3.643335E-16
10276.7498650876  3.565084E-16
10281.0292429665  2.598267E-16
10285.3086208454  1.969635E-16
10289.5879987243  1.959918E-16
10293.8673766032  2.530045E-16
10298.146754482  3.484998E-16
10302.4261323609  4.118952E-16
10306.7055102398  4.244145E-16
10310.9848881187  3.752671E-16
10315.2642659976  3.648363E-16
10319.5436438765  4.476955E-16
10323.8230217553  4.002383E-16
10328.1023996342  2.802625E-16
10332.3817775131  2.592999E-16
10336.661155392  2.210994E-16
10340.9405332709  1.647621E-16
10345.2199111498  2.263183E-16
10349.4992890286  2.247134E-16
10353.7786669075  2.859865E-16
10358.0580447864  3.226839E-16
10362.3374226653  2.794179E-16
10366.6168005442  3.292671E-16
10370.8961784231  3.373886E-16
10375.1755563019  2.556720E-16
10379.4549341808  2.430696E-16
10383.7343120597  3.434094E-16
10388.0136899386  3.163934E-16
10392.2930678175  2.300574E-16
10396.5724456964  1.715013E-16
10400.8518235752  2.657471E-16
10405.1312014541  3.967857E-16
10409.410579333  2.379531E-16
10413.6899572119  1.516385E-16
10417.9693350908  1.472138E-16
10422.2487129697  9.281332E-17
10426.5280908485  1.307155E-16
10430.8074687274  7.344517E-17
10435.0868466063  1.533618E-16
10439.3662244852  3.920762E-16
10443.6456023641  5.289036E-16
10447.924980243  2.772553E-16
10452.2043581219  1.489137E-16
10456.4837360007  2.497977E-16
10460.7631138796  8.801195E-17
10465.0424917585  5.485803E-19
10469.3218696374  2.779236E-17
10473.6012475163  1.284113E-16
10477.8806253952  1.319560E-16
10482.160003274  3.274020E-16
10486.4393811529  3.354951E-16
10490.7187590318  1.184767E-16
10494.9981369107  1.478000E-16
10499.2775147896  4.316100E-17
10503.5568926685  3.120466E-16
10507.8362705473  6.498390E-16
10512.1156484262  3.664287E-16
10516.3950263051  3.070380E-16
10520.674404184  4.753832E-16
10524.9537820629  5.273545E-16
10529.2331599418  2.840499E-16
10533.5125378206  1.309998E-16
10537.7919156995  1.602396E-16
10542.0712935784  1.790312E-16
10546.3506714573  3.381437E-16
10550.6300493362  3.605986E-16
10554.9094272151  2.594692E-16
10559.1888050939  9.522629E-18
10563.4681829728  -1.459335E-16
10567.7475608517  -6.647938E-18
10572.0269387306  2.950544E-17
10576.3063166095  6.012218E-16
10580.5856944884  9.121826E-16
10584.8650723672  5.505159E-16
10589.1444502461  6.674622E-16
10593.423828125  4.658479E-16
