3280.  5.021929E-15
3284.28482961655  4.367002E-15
3288.56965923309  4.393758E-15
3292.85448884964  4.646607E-15
3297.13931846619  4.299601E-15
3301.42414808273  3.480311E-15
3305.70897769928  3.884915E-15
3309.99380731583  4.753236E-15
3314.27863693237  4.867654E-15
3318.56346654892  4.595911E-15
3322.84829616546  4.608264E-15
3327.13312578201  4.758741E-15
3331.41795539856  4.618017E-15
3335.70278501511  4.475677E-15
3339.98761463165  4.588187E-15
3344.2724442482  4.587154E-15
3348.55727386475  4.147970E-15
3352.84210348129  3.881706E-15
3357.12693309784  4.117506E-15
3361.41176271438  4.232893E-15
3365.69659233093  4.244593E-15
3369.98142194748  4.376883E-15
3374.26625156402  4.392932E-15
3378.55108118057  4.181550E-15
3382.83591079712  3.912894E-15
3387.12074041366  3.837025E-15
3391.40557003021  3.903271E-15
3395.69039964676  4.027802E-15
3399.9752292633  4.351621E-15
3404.26005887985  4.408183E-15
3408.5448884964  4.146223E-15
3412.82971811294  4.131979E-15
3417.11454772949  4.341019E-15
3421.39937734604  4.446142E-15
3425.68420696258  4.429007E-15
3429.96903657913  4.421149E-15
3434.25386619568  4.572678E-15
3438.53869581222  4.736627E-15
3442.82352542877  4.747466E-15
3447.10835504532  4.787423E-15
3451.39318466186  4.846362E-15
3455.67801427841  4.844599E-15
3459.96284389496  4.953893E-15
3464.2476735115  5.038338E-15
3468.53250312805  4.843201E-15
3472.8173327446  4.586824E-15
3477.10216236114  4.648886E-15
3481.38699197769  4.816508E-15
3485.67182159424  4.767537E-15
3489.95665121079  4.525742E-15
3494.24148082733  4.382806E-15
3498.52631044388  4.467408E-15
3502.81114006042  4.500080E-15
3507.09596967697  4.421891E-15
3511.38079929352  4.458485E-15
3515.66562891006  4.607252E-15
3519.95045852661  4.660687E-15
3524.23528814316  4.580279E-15
3528.5201177597  4.574182E-15
3532.80494737625  4.705551E-15
3537.0897769928  4.787606E-15
3541.37460660934  4.851240E-15
3545.65943622589  4.962611E-15
3549.94426584244  5.089956E-15
3554.22909545898  5.302097E-15
3558.51392507553  5.475983E-15
3562.79875469208  5.360958E-15
3567.08358430862  5.155493E-15
3571.36841392517  5.176572E-15
3575.65324354172  5.190676E-15
3579.93807315826  5.125232E-15
3584.22290277481  5.074535E-15
3588.50773239136  4.953909E-15
3592.7925620079  4.804418E-15
3597.07739162445  4.706932E-15
3601.362221241  4.672423E-15
3605.64705085754  4.631469E-15
3609.93188047409  4.598649E-15
3614.21671009064  4.640477E-15
3618.50153970718  4.631069E-15
3622.78636932373  4.621067E-15
3627.07119894028  4.694097E-15
3631.35602855682  4.878304E-15
3635.64085817337  4.939062E-15
3639.92568778992  4.786107E-15
3644.21051740646  4.747006E-15
3648.49534702301  4.803079E-15
3652.78017663956  4.829130E-15
3657.0650062561  4.870285E-15
3661.34983587265  4.946068E-15
3665.6346654892  5.020307E-15
3669.91949510574  5.005710E-15
3674.20432472229  4.989531E-15
3678.48915433884  5.092512E-15
3682.77398395538  5.161740E-15
3687.05881357193  5.126814E-15
3691.34364318848  5.147280E-15
3695.62847280502  5.242778E-15
3699.91330242157  5.351607E-15
3704.19813203812  5.341495E-15
3708.48296165466  5.231301E-15
3712.76779127121  5.254576E-15
3717.05262088776  5.359250E-15
3721.3374505043  5.325853E-15
3725.62228012085  5.257553E-15
3729.9071097374  5.324968E-15
3734.19193935394  5.491554E-15
3738.47676897049  5.637672E-15
3742.76159858704  5.722513E-15
3747.04642820358  5.692738E-15
3751.33125782013  5.528220E-15
3755.61608743668  5.422771E-15
3759.90091705322  5.346007E-15
3764.18574666977  5.158659E-15
3768.47057628632  4.964077E-15
3772.75540590286  4.856858E-15
3777.04023551941  4.784756E-15
3781.32506513596  4.695880E-15
3785.6098947525  4.604935E-15
3789.89472436905  4.556453E-15
3794.1795539856  4.527795E-15
3798.46438360214  4.431466E-15
3802.74921321869  4.275927E-15
3807.03404283524  4.141033E-15
3811.31887245178  4.044248E-15
3815.60370206833  3.952137E-15
3819.88853168488  3.904515E-15
3824.17336130142  3.925987E-15
3828.45819091797  3.947549E-15
3832.74302053452  3.941802E-15
3837.02785015106  3.909857E-15
3841.31267976761  3.844640E-15
3845.59750938415  3.855840E-15
3849.8823390007  3.950488E-15
3854.16716861725  3.975085E-15
3858.4519982338  3.946894E-15
3862.73682785034  3.989792E-15
3867.02165746689  4.096073E-15
3871.30648708343  4.244101E-15
3875.59131669998  4.496745E-15
3879.87614631653  4.761514E-15
3884.16097593308  4.871212E-15
3888.44580554962  4.915839E-15
3892.73063516617  5.047128E-15
3897.01546478272  5.136970E-15
3901.30029439926  4.994199E-15
3905.58512401581  4.822297E-15
3909.86995363235  4.765830E-15
3914.1547832489  4.705641E-15
3918.43961286545  4.547240E-15
3922.72444248199  4.339484E-15
3927.00927209854  4.145287E-15
3931.29410171509  3.995561E-15
3935.57893133163  3.974609E-15
3939.86376094818  4.027845E-15
3944.14859056473  4.035200E-15
3948.43342018127  4.092796E-15
3952.71824979782  4.176978E-15
3957.00307941437  4.247059E-15
3961.28790903091  4.345091E-15
3965.57273864746  4.461612E-15
3969.85756826401  4.618545E-15
3974.14239788055  4.770480E-15
3978.4272274971  4.896371E-15
3982.71205711365  5.039393E-15
3986.99688673019  5.207035E-15
3991.28171634674  5.394663E-15
3995.56654596329  5.573575E-15
3999.85137557983  5.719737E-15
4004.13620519638  5.834104E-15
4008.42103481293  5.802243E-15
4012.70586442947  5.587844E-15
4016.99069404602  5.370991E-15
4021.27552366257  5.408935E-15
4025.56035327911  5.676652E-15
4029.84518289566  5.911916E-15
4034.13001251221  5.917279E-15
4038.41484212875  5.826995E-15
4042.6996717453  5.745061E-15
4046.98450136185  5.604204E-15
4051.26933097839  5.510646E-15
4055.55416059494  5.584610E-15
4059.83899021149  5.760946E-15
4064.12381982803  5.940919E-15
4068.40864944458  6.001006E-15
4072.69347906113  5.916865E-15
4076.97830867767  5.827011E-15
4081.26313829422  5.781565E-15
4085.54796791077  5.738371E-15
4089.83279752731  5.660336E-15
4094.11762714386  5.548533E-15
4098.40245676041  5.359235E-15
4102.68728637695  5.163512E-15
4106.9721159935  5.111277E-15
4111.25694561005  5.111070E-15
4115.54177522659  5.066725E-15
4119.82660484314  5.003510E-15
4124.11143445969  4.961642E-15
4128.39626407623  4.933851E-15
4132.68109369278  4.972275E-15
4136.96592330933  4.993040E-15
4141.25075292587  4.955072E-15
4145.53558254242  4.913463E-15
4149.82041215897  4.972792E-15
4154.10524177551  5.143637E-15
4158.39007139206  5.284481E-15
4162.67490100861  5.340921E-15
4166.95973062515  5.385566E-15
4171.2445602417  5.467581E-15
4175.52938985825  5.527460E-15
4179.81421947479  5.521128E-15
4184.09904909134  5.491591E-15
4188.38387870789  5.499381E-15
4192.66870832443  5.536873E-15
4196.95353794098  5.616492E-15
4201.23836755753  5.700251E-15
4205.52319717407  5.741820E-15
4209.80802679062  5.730149E-15
4214.09285640717  5.679204E-15
4218.37768602371  5.618375E-15
4222.66251564026  5.533335E-15
4226.9473452568  5.461747E-15
4231.23217487335  5.415559E-15
4235.5170044899  5.366956E-15
4239.80183410645  5.300961E-15
4244.08666372299  5.211746E-15
4248.37149333954  5.110977E-15
4252.65632295609  5.055121E-15
4256.94115257263  5.020527E-15
4261.22598218918  4.928828E-15
4265.51081180573  4.820246E-15
4269.79564142227  4.773955E-15
4274.08047103882  4.788985E-15
4278.36530065536  4.852253E-15
4282.65013027191  4.921982E-15
4286.93495988846  4.964651E-15
4291.21978950501  5.043393E-15
4295.50461912155  5.116608E-15
4299.7894487381  5.134562E-15
4304.07427835464  5.179692E-15
4308.35910797119  5.204685E-15
4312.64393758774  5.198547E-15
4316.92876720428  5.208515E-15
4321.21359682083  5.173956E-15
4325.49842643738  5.079711E-15
4329.78325605392  4.986177E-15
4334.06808567047  4.908260E-15
4338.35291528702  4.846025E-15
4342.63774490356  4.761359E-15
4346.92257452011  4.634390E-15
4351.20740413666  4.524645E-15
4355.4922337532  4.454329E-15
4359.77706336975  4.375310E-15
4364.0618929863  4.275825E-15
4368.34672260284  4.197972E-15
4372.63155221939  4.117608E-15
4376.91638183594  4.029830E-15
4381.20121145248  4.002323E-15
4385.48604106903  3.992136E-15
4389.77087068558  3.944549E-15
4394.05570030212  3.943014E-15
4398.34052991867  3.954876E-15
4402.62535953522  3.898135E-15
4406.91018915176  3.799343E-15
4411.19501876831  3.740760E-15
4415.47984838486  3.698762E-15
4419.7646780014  3.625341E-15
4424.04950761795  3.559880E-15
4428.3343372345  3.498568E-15
4432.61916685104  3.411070E-15
4436.90399646759  3.333637E-15
4441.18882608414  3.295922E-15
4445.47365570068  3.304481E-15
4449.75848531723  3.329397E-15
4454.04331493378  3.372023E-15
4458.32814455032  3.472365E-15
4462.61297416687  3.573676E-15
4466.89780378342  3.629167E-15
4471.18263339996  3.652412E-15
4475.46746301651  3.716505E-15
4479.75229263306  3.853612E-15
4484.03712224961  3.976670E-15
4488.32195186615  4.039625E-15
4492.6067814827  4.104224E-15
4496.89161109924  4.174629E-15
4501.17644071579  4.201241E-15
4505.46127033234  4.224754E-15
4509.74609994888  4.310858E-15
4514.03092956543  4.434404E-15
4518.31575918198  4.505167E-15
4522.60058879852  4.499269E-15
4526.88541841507  4.516132E-15
4531.17024803162  4.538417E-15
4535.45507764816  4.540978E-15
4539.73990726471  4.537568E-15
4544.02473688126  4.544829E-15
4548.3095664978  4.556760E-15
4552.59439611435  4.470359E-15
4556.8792257309  4.348767E-15
4561.16405534744  4.229243E-15
4565.44888496399  4.109778E-15
4569.73371458054  4.011589E-15
4574.01854419708  3.945094E-15
4578.30337381363  3.926753E-15
4582.58820343018  3.945786E-15
4586.87303304672  3.984002E-15
4591.15786266327  4.043998E-15
4595.44269227982  4.134536E-15
4599.72752189636  4.255046E-15
4604.01235151291  4.391635E-15
4608.29718112946  4.513682E-15
4612.582010746  4.595594E-15
4616.86684036255  4.659189E-15
4621.1516699791  4.681815E-15
4625.43649959564  4.753242E-15
4629.72132921219  4.837405E-15
4634.00615882874  4.823817E-15
4638.29098844528  4.802237E-15
4642.57581806183  4.753767E-15
4646.86064767838  4.664544E-15
4651.14547729492  4.672099E-15
4655.43030691147  4.713733E-15
4659.71513652802  4.624235E-15
4663.99996614456  4.505328E-15
4668.28479576111  4.501835E-15
4672.56962537766  4.523499E-15
4676.8544549942  4.484711E-15
4681.13928461075  4.406190E-15
4685.4241142273  4.359543E-15
4689.70894384384  4.398288E-15
4693.99377346039  4.446689E-15
4698.27860307694  4.409881E-15
4702.56343269348  4.347010E-15
4706.84826231003  4.351277E-15
4711.13309192657  4.397314E-15
4715.41792154312  4.440234E-15
4719.70275115967  4.480035E-15
4723.98758077622  4.495105E-15
4728.27241039276  4.501527E-15
4732.55724000931  4.528202E-15
4736.84206962586  4.537644E-15
4741.1268992424  4.527896E-15
4745.41172885895  4.523215E-15
4749.6965584755  4.509261E-15
4753.98138809204  4.489500E-15
4758.26621770859  4.482998E-15
4762.55104732514  4.468474E-15
4766.83587694168  4.412017E-15
4771.12070655823  4.320435E-15
4775.40553617478  4.253755E-15
4779.69036579132  4.261544E-15
4783.97519540787  4.254487E-15
4788.26002502442  4.133686E-15
4792.54485464096  3.979206E-15
4796.82968425751  3.882949E-15
4801.11451387405  3.851742E-15
4805.3993434906  3.832077E-15
4809.68417310715  3.775626E-15
4813.96900272369  3.697380E-15
4818.25383234024  3.626342E-15
4822.53866195679  3.558664E-15
4826.82349157333  3.503609E-15
4831.10832118988  3.483812E-15
4835.39315080643  3.485057E-15
4839.67798042298  3.493575E-15
4843.96281003952  3.488240E-15
4848.24763965607  3.506339E-15
4852.53246927261  3.558784E-15
4856.81729888916  3.573234E-15
4861.10212850571  3.586032E-15
4865.38695812225  3.618055E-15
4869.6717877388  3.614948E-15
4873.95661735535  3.614844E-15
4878.24144697189  3.656152E-15
4882.52627658844  3.663111E-15
4886.81110620499  3.603467E-15
4891.09593582153  3.536384E-15
4895.38076543808  3.450069E-15
4899.66559505463  3.412682E-15
4903.95042467117  3.399543E-15
4908.23525428772  3.380807E-15
4912.52008390427  3.366024E-15
4916.80491352081  3.385874E-15
4921.08974313736  3.405073E-15
4925.37457275391  3.346810E-15
4929.65940237045  3.261443E-15
4933.944231987  3.261132E-15
4938.22906160355  3.313076E-15
4942.51389122009  3.318693E-15
4946.79872083664  3.348574E-15
4951.08355045319  3.396817E-15
4955.36838006973  3.393800E-15
4959.65320968628  3.374834E-15
4963.93803930283  3.368041E-15
4968.22286891937  3.359549E-15
4972.50769853592  3.342734E-15
4976.79252815247  3.311870E-15
4981.07735776901  3.289532E-15
4985.36218738556  3.276882E-15
4989.64701700211  3.227000E-15
4993.93184661865  3.168220E-15
4998.2166762352  3.128511E-15
5002.50150585175  3.062479E-15
5006.78633546829  2.972106E-15
5011.07116508484  2.907294E-15
5015.35599470139  2.856428E-15
5019.64082431793  2.809750E-15
5023.92565393448  2.810702E-15
5028.21048355103  2.804794E-15
5032.49531316757  2.768660E-15
5036.78014278412  2.783514E-15
5041.06497240067  2.835193E-15
5045.34980201721  2.865051E-15
5049.63463163376  2.897793E-15
5053.91946125031  2.928505E-15
5058.20429086685  2.940584E-15
5062.4891204834  2.974358E-15
5066.77395009995  3.019276E-15
5071.05877971649  3.034861E-15
5075.34360933304  3.030623E-15
5079.62843894959  3.018897E-15
5083.91326856613  3.012018E-15
5088.19809818268  3.016404E-15
5092.48292779923  3.015699E-15
5096.76775741577  3.012526E-15
5101.05258703232  3.021357E-15
5105.33741664887  3.022548E-15
5109.62224626541  2.991363E-15
5113.90707588196  2.937341E-15
5118.19190549851  2.931592E-15
5122.47673511505  2.983395E-15
5126.7615647316  3.010641E-15
5131.04639434815  2.964891E-15
5135.33122396469  2.884375E-15
5139.61605358124  2.835746E-15
5143.90088319779  2.825627E-15
5148.18571281433  2.839450E-15
5152.47054243088  2.865626E-15
5156.75537204743  2.875569E-15
5161.04020166397  2.889918E-15
5165.32503128052  2.883060E-15
5169.60986089707  2.874704E-15
5173.89469051361  2.863203E-15
5178.17952013016  2.883458E-15
5182.46434974671  2.909240E-15
5186.74917936325  2.918078E-15
5191.0340089798  2.951596E-15
5195.31883859635  2.995203E-15
5199.60366821289  3.025938E-15
5203.88849782944  3.078759E-15
5208.17332744599  3.121607E-15
5212.45815706253  3.090500E-15
5216.74298667908  3.054450E-15
5221.02781629563  3.080314E-15
5225.31264591217  3.149182E-15
5229.59747552872  3.235807E-15
5233.88230514527  3.299242E-15
5238.16713476181  3.346910E-15
5242.45196437836  3.378431E-15
5246.73679399491  3.377612E-15
5251.02162361145  3.397667E-15
5255.306453228  3.456255E-15
5259.59128284455  3.478402E-15
5263.87611246109  3.468683E-15
5268.16094207764  3.494119E-15
5272.44577169419  3.529310E-15
5276.73060131073  3.575066E-15
5281.01543092728  3.613668E-15
5285.30026054383  3.585758E-15
5289.58509016037  3.516691E-15
5293.86991977692  3.458384E-15
5298.15474939347  3.440711E-15
5302.43957901001  3.435031E-15
5306.72440862656  3.388815E-15
5311.00923824311  3.338046E-15
5315.29406785965  3.333793E-15
5319.5788974762  3.328862E-15
5323.86372709274  3.297602E-15
5328.14855670929  3.269557E-15
5332.43338632584  3.228319E-15
5336.71821594239  3.171272E-15
5341.00304555893  3.144390E-15
5345.28787517548  3.170866E-15
5349.57270479202  3.252722E-15
5353.85753440857  3.292137E-15
5358.14236402512  3.238213E-15
5362.42719364166  3.207415E-15
5366.71202325821  3.239355E-15
5370.99685287476  3.246176E-15
5375.2816824913  3.228323E-15
5379.56651210785  3.214469E-15
5383.8513417244  3.203642E-15
5388.13617134095  3.194303E-15
5392.42100095749  3.148126E-15
5396.70583057404  3.051110E-15
5400.99066019059  2.978366E-15
5405.27548980713  2.954588E-15
5409.56031942368  2.915594E-15
5413.84514904022  2.819123E-15
5418.12997865677  2.740747E-15
5422.41480827332  2.724907E-15
5426.69963788986  2.695298E-15
5430.98446750641  2.624217E-15
5435.26929712296  2.543599E-15
5439.5541267395  2.487921E-15
5443.83895635605  2.435171E-15
5448.1237859726  2.370257E-15
5452.40861558914  2.338256E-15
5456.69344520569  2.334887E-15
5460.97827482224  2.355941E-15
5465.26310443879  2.377665E-15
5469.54793405533  2.370178E-15
5473.83276367188  2.361904E-15
5478.11759328842  2.371529E-15
5482.40242290497  2.372446E-15
5486.68725252152  2.371176E-15
5490.97208213806  2.399129E-15
5495.25691175461  2.450906E-15
5499.54174137116  2.469803E-15
5503.8265709877  2.457465E-15
5508.11140060425  2.473722E-15
5512.3962302208  2.526244E-15
5516.68105983734  2.576815E-15
5520.96588945389  2.583820E-15
5525.25071907044  2.581185E-15
5529.53554868698  2.595105E-15
5533.82037830353  2.598051E-15
5538.10520792008  2.604261E-15
5542.39003753662  2.620036E-15
5546.67486715317  2.626230E-15
5550.95969676972  2.613868E-15
5555.24452638626  2.562871E-15
5559.52935600281  2.552885E-15
5563.81418561936  2.593788E-15
5568.0990152359  2.616566E-15
5572.38384485245  2.585589E-15
5576.668674469  2.504416E-15
5580.95350408554  2.419069E-15
5585.23833370209  2.390034E-15
5589.52316331864  2.421384E-15
5593.80799293518  2.428075E-15
5598.09282255173  2.343691E-15
5602.37765216828  2.265582E-15
5606.66248178482  2.254117E-15
5610.94731140137  2.237555E-15
5615.23214101792  2.182107E-15
5619.51697063446  2.142064E-15
5623.80180025101  2.130587E-15
5628.08662986756  2.133606E-15
5632.3714594841  2.115655E-15
5636.65628910065  2.076133E-15
5640.9411187172  2.067877E-15
5645.22594833374  2.085766E-15
5649.51077795029  2.086834E-15
5653.79560756684  2.100829E-15
5658.08043718338  2.150304E-15
5662.36526679993  2.189126E-15
5666.65009641648  2.205241E-15
5670.93492603302  2.224043E-15
5675.21975564957  2.253859E-15
5679.50458526612  2.315415E-15
5683.78941488266  2.379457E-15
5688.07424449921  2.409183E-15
5692.35907411576  2.439443E-15
5696.6439037323  2.472421E-15
5700.92873334885  2.463763E-15
5705.2135629654  2.458104E-15
5709.49839258194  2.516678E-15
5713.78322219849  2.596313E-15
5718.06805181504  2.617594E-15
5722.35288143158  2.578774E-15
5726.63771104813  2.586387E-15
5730.92254066468  2.627004E-15
5735.20737028122  2.625676E-15
5739.49219989777  2.599868E-15
5743.77702951432  2.571361E-15
5748.06185913086  2.561111E-15
5752.34668874741  2.555712E-15
5756.63151836395  2.523456E-15
5760.9163479805  2.522628E-15
5765.20117759705  2.546204E-15
5769.48600721359  2.559814E-15
5773.77083683014  2.558528E-15
5778.05566644669  2.543950E-15
5782.34049606323  2.554286E-15
5786.62532567978  2.572088E-15
5790.91015529633  2.583985E-15
5795.19498491288  2.600910E-15
5799.47981452942  2.590963E-15
5803.76464414597  2.539785E-15
5808.04947376251  2.489046E-15
5812.33430337906  2.468663E-15
5816.61913299561  2.465437E-15
5820.90396261215  2.434539E-15
5825.1887922287  2.382875E-15
5829.47362184525  2.373408E-15
5833.75845146179  2.386195E-15
5838.04328107834  2.371715E-15
5842.32811069489  2.345442E-15
5846.61294031143  2.327099E-15
5850.89776992798  2.312463E-15
5855.18259954453  2.299980E-15
5859.46742916107  2.304081E-15
5863.75225877762  2.333416E-15
5868.03708839417  2.369189E-15
5872.32191801072  2.392909E-15
5876.60674762726  2.388828E-15
5880.89157724381  2.333766E-15
5885.17640686035  2.271746E-15
5889.4612364769  2.212991E-15
5893.74606609345  2.192833E-15
5898.03089570999  2.230311E-15
5902.31572532654  2.269779E-15
5906.60055494309  2.293248E-15
5910.88538455963  2.293729E-15
5915.17021417618  2.271096E-15
5919.45504379273  2.269490E-15
5923.73987340927  2.292145E-15
5928.02470302582  2.303218E-15
5932.30953264237  2.282133E-15
5936.59436225891  2.237194E-15
5940.87919187546  2.217701E-15
5945.16402149201  2.243007E-15
5949.44885110855  2.287141E-15
5953.7336807251  2.317526E-15
5958.01851034165  2.337484E-15
5962.30333995819  2.348757E-15
5966.58816957474  2.333921E-15
5970.87299919129  2.324243E-15
5975.15782880783  2.334787E-15
5979.44265842438  2.317761E-15
5983.72748804093  2.319614E-15
5988.01231765747  2.384941E-15
5992.29714727402  2.425165E-15
5996.58197689057  2.413570E-15
6000.86680650711  2.401039E-15
6005.15163612366  2.394196E-15
6009.43646574021  2.361850E-15
6013.72129535675  2.318295E-15
6018.0061249733  2.304854E-15
6022.29095458985  2.349982E-15
6026.57578420639  2.421481E-15
6030.86061382294  2.458997E-15
6035.14544343949  2.452646E-15
6039.43027305603  2.413779E-15
6043.71510267258  2.408392E-15
6047.99993228913  2.449196E-15
6052.28476190567  2.440582E-15
6056.56959152222  2.404251E-15
6060.85442113877  2.385498E-15
6065.13925075531  2.392941E-15
6069.42408037186  2.419474E-15
6073.70890998841  2.422881E-15
6077.99373960495  2.406030E-15
6082.2785692215  2.426227E-15
6086.56339883805  2.465195E-15
6090.84822845459  2.467569E-15
6095.13305807114  2.465393E-15
6099.41788768769  2.476959E-15
6103.70271730423  2.460158E-15
6107.98754692078  2.436901E-15
6112.27237653733  2.419991E-15
6116.55720615387  2.384964E-15
6120.84203577042  2.374715E-15
6125.12686538697  2.378125E-15
6129.41169500351  2.342693E-15
6133.69652462006  2.315152E-15
6137.98135423661  2.334931E-15
6142.26618385315  2.339052E-15
6146.5510134697  2.307244E-15
6150.83584308625  2.290942E-15
6155.12067270279  2.304625E-15
6159.40550231934  2.303893E-15
6163.69033193589  2.265244E-15
6167.97516155243  2.240585E-15
6172.25999116898  2.256841E-15
6176.54482078553  2.272649E-15
6180.82965040207  2.265536E-15
6185.11448001862  2.255440E-15
6189.39930963517  2.249607E-15
6193.68413925171  2.238998E-15
6197.96896886826  2.221769E-15
6202.25379848481  2.201308E-15
6206.53862810135  2.187875E-15
6210.8234577179  2.163488E-15
6215.10828733445  2.113347E-15
6219.39311695099  2.096345E-15
6223.67794656754  2.096291E-15
6227.96277618408  2.086530E-15
6232.24760580063  2.057587E-15
6236.53243541718  2.013989E-15
6240.81726503372  1.969140E-15
6245.10209465027  1.933207E-15
6249.38692426682  1.870593E-15
6253.67175388337  1.871830E-15
6257.95658349991  1.849422E-15
6262.24141311646  1.805253E-15
6266.52624273301  1.774266E-15
6270.81107234955  1.720843E-15
6275.0959019661  1.638200E-15
6279.38073158265  1.545945E-15
6283.66556119919  1.473027E-15
6287.95039081574  1.430495E-15
6292.23522043228  1.426825E-15
6296.52005004883  1.414176E-15
6300.80487966538  1.362348E-15
6305.08970928192  1.332970E-15
6309.37453889847  1.295207E-15
6313.65936851502  1.248236E-15
6317.94419813156  1.248887E-15
6322.22902774811  1.247857E-15
6326.51385736466  1.240118E-15
6330.7986869812  1.249920E-15
6335.08351659775  1.254366E-15
6339.3683462143  1.253073E-15
6343.65317583084  1.266848E-15
6347.93800544739  1.300629E-15
6352.22283506394  1.338903E-15
6356.50766468048  1.370687E-15
6360.79249429703  1.400316E-15
6365.07732391358  1.425023E-15
6369.36215353012  1.463072E-15
6373.64698314667  1.501785E-15
6377.93181276322  1.534571E-15
6382.21664237977  1.592643E-15
6386.50147199631  1.656487E-15
6390.78630161286  1.704915E-15
6395.0711312294  1.756196E-15
6399.35596084595  1.806109E-15
6403.6407904625  1.847423E-15
6407.92562007904  1.876852E-15
6412.21044969559  1.897068E-15
6416.49527931214  1.934807E-15
6420.78010892868  1.979879E-15
6425.06493854523  1.998297E-15
6429.34976816178  1.998586E-15
6433.63459777832  2.011297E-15
6437.91942739487  2.026251E-15
6442.20425701142  2.017036E-15
6446.48908662797  2.004210E-15
6450.77391624451  2.004520E-15
6455.05874586106  2.009263E-15
6459.3435754776  2.032435E-15
6463.62840509415  2.046431E-15
6467.9132347107  2.035607E-15
6472.19806432724  2.002476E-15
6476.48289394379  1.983778E-15
6480.76772356034  1.975050E-15
6485.05255317688  1.960264E-15
6489.33738279343  1.946661E-15
6493.62221240998  1.926419E-15
6497.90704202652  1.902703E-15
6502.19187164307  1.873880E-15
6506.47670125962  1.831511E-15
6510.76153087616  1.785791E-15
6515.04636049271  1.746424E-15
6519.33119010926  1.723808E-15
6523.6160197258  1.700457E-15
6527.90084934235  1.679112E-15
6532.1856789589  1.675818E-15
6536.47050857544  1.670755E-15
6540.75533819199  1.654909E-15
6545.04016780854  1.637928E-15
6549.32499742508  1.633529E-15
6553.60982704163  1.633520E-15
6557.89465665818  1.630899E-15
6562.17948627472  1.633368E-15
6566.46431589127  1.630517E-15
6570.74914550782  1.616368E-15
6575.03397512436  1.608179E-15
6579.31880474091  1.623447E-15
6583.60363435746  1.653941E-15
6587.888463974  1.669892E-15
6592.17329359055  1.680116E-15
6596.4581232071  1.697276E-15
6600.74295282364  1.740384E-15
6605.02778244019  1.763278E-15
6609.31261205674  1.772248E-15
6613.59744167328  1.789396E-15
6617.88227128983  1.800470E-15
6622.16710090638  1.819078E-15
6626.45193052292  1.831952E-15
6630.73676013947  1.826836E-15
6635.02158975602  1.822627E-15
6639.30641937256  1.822148E-15
6643.59124898911  1.812227E-15
6647.87607860566  1.806815E-15
6652.1609082222  1.810181E-15
6656.44573783875  1.810654E-15
6660.7305674553  1.800920E-15
6665.01539707184  1.781984E-15
6669.30022668839  1.779601E-15
6673.58505630494  1.783004E-15
6677.86988592148  1.767272E-15
6682.15471553803  1.763049E-15
6686.43954515458  1.774197E-15
6690.72437477112  1.778415E-15
6695.00920438767  1.755056E-15
6699.29403400422  1.727692E-15
6703.57886362076  1.710600E-15
6707.86369323731  1.698472E-15
6712.14852285386  1.697724E-15
6716.4333524704  1.693837E-15
6720.71818208695  1.684905E-15
6725.0030117035  1.689560E-15
6729.28784132004  1.692071E-15
6733.57267093659  1.683517E-15
6737.85750055314  1.674384E-15
6742.14233016968  1.665236E-15
6746.42715978623  1.650751E-15
6750.71198940277  1.635795E-15
6754.99681901932  1.632808E-15
6759.28164863587  1.626476E-15
6763.56647825241  1.607094E-15
6767.85130786896  1.598748E-15
6772.13613748551  1.598834E-15
6776.42096710206  1.587753E-15
6780.7057967186  1.578721E-15
6784.99062633515  1.561652E-15
6789.27545595169  1.536286E-15
6793.56028556824  1.527355E-15
6797.84511518479  1.524609E-15
6802.12994480133  1.517448E-15
6806.41477441788  1.492769E-15
6810.69960403443  1.475907E-15
6814.98443365097  1.487959E-15
6819.26926326752  1.494123E-15
6823.55409288407  1.471460E-15
6827.83892250061  1.444514E-15
6832.12375211716  1.439560E-15
6836.40858173371  1.432602E-15
6840.69341135025  1.421378E-15
6844.9782409668  1.416337E-15
6849.26307058335  1.410548E-15
6853.5479001999  1.391070E-15
6857.83272981644  1.387739E-15
6862.11755943299  1.409017E-15
6866.40238904953  1.409548E-15
6870.68721866608  1.399439E-15
6874.97204828263  1.407358E-15
6879.25687789917  1.407471E-15
6883.54170751572  1.388004E-15
6887.82653713227  1.364461E-15
6892.11136674881  1.346317E-15
6896.39619636536  1.343322E-15
6900.68102598191  1.349608E-15
6904.96585559845  1.354825E-15
6909.250685215  1.357112E-15
6913.53551483155  1.354341E-15
6917.82034444809  1.361551E-15
6922.10517406464  1.367262E-15
6926.39000368119  1.359987E-15
6930.67483329773  1.354587E-15
6934.95966291428  1.338729E-15
6939.24449253083  1.319397E-15
6943.52932214737  1.301752E-15
6947.81415176392  1.297168E-15
6952.09898138047  1.300971E-15
6956.38381099701  1.302765E-15
6960.66864061356  1.299564E-15
6964.95347023011  1.299153E-15
6969.23829984665  1.300005E-15
6973.5231294632  1.291418E-15
6977.80795907975  1.270072E-15
6982.09278869629  1.257204E-15
6986.37761831284  1.247590E-15
6990.66244792939  1.246273E-15
6994.94727754593  1.252230E-15
6999.23210716248  1.239412E-15
7003.51693677903  1.224175E-15
7007.80176639557  1.214279E-15
7012.08659601212  1.216168E-15
7016.37142562867  1.220482E-15
7020.65625524521  1.215768E-15
7024.94108486176  1.210532E-15
7029.22591447831  1.205459E-15
7033.51074409485  1.200462E-15
7037.7955737114  1.196173E-15
7042.08040332795  1.195963E-15
7046.36523294449  1.192203E-15
7050.65006256104  1.186061E-15
7054.93489217759  1.191094E-15
7059.21972179413  1.199462E-15
7063.50455141068  1.189718E-15
7067.78938102723  1.178050E-15
7072.07421064377  1.191028E-15
7076.35904026032  1.193604E-15
7080.64386987686  1.190883E-15
7084.92869949341  1.194149E-15
7089.21352910996  1.184348E-15
7093.49835872651  1.173965E-15
7097.78318834305  1.163693E-15
7102.0680179596  1.160268E-15
7106.35284757615  1.164155E-15
7110.63767719269  1.163099E-15
7114.92250680924  1.158896E-15
7119.20733642579  1.153839E-15
7123.49216604233  1.147291E-15
7127.77699565888  1.134726E-15
7132.06182527543  1.117309E-15
7136.34665489197  1.104988E-15
7140.63148450852  1.104018E-15
7144.91631412506  1.109313E-15
7149.20114374161  1.110259E-15
7153.48597335816  1.102212E-15
7157.77080297471  1.101571E-15
7162.05563259125  1.100212E-15
7166.3404622078  1.094492E-15
7170.62529182435  1.105743E-15
7174.91012144089  1.115541E-15
7179.19495105744  1.101669E-15
7183.47978067399  1.080280E-15
7187.76461029053  1.072913E-15
7192.04943990708  1.069929E-15
7196.33426952363  1.055087E-15
7200.61909914017  1.020488E-15
7204.90392875672  9.978378E-16
7209.18875837326  9.980708E-16
7213.47358798981  1.010563E-15
7217.75841760636  1.011042E-15
7222.0432472229  9.898149E-16
7226.32807683945  9.782065E-16
7230.612906456  9.768328E-16
7234.89773607254  9.812164E-16
7239.18256568909  9.826112E-16
7243.46739530564  9.732321E-16
7247.75222492218  9.698793E-16
7252.03705453873  9.832048E-16
7256.32188415528  1.008988E-15
7260.60671377183  1.023757E-15
7264.89154338837  1.026372E-15
7269.17637300492  1.036700E-15
7273.46120262146  1.051536E-15
7277.74603223801  1.062999E-15
7282.03086185456  1.071496E-15
7286.3156914711  1.076632E-15
7290.60052108765  1.068348E-15
7294.8853507042  1.057063E-15
7299.17018032074  1.050225E-15
7303.45500993729  1.055922E-15
7307.73983955384  1.066408E-15
7312.02466917038  1.077812E-15
7316.30949878693  1.081328E-15
7320.59432840348  1.078759E-15
7324.87915802002  1.077051E-15
7329.16398763657  1.063203E-15
7333.44881725312  1.039876E-15
7337.73364686966  1.033445E-15
7342.01847648621  1.038145E-15
7346.30330610276  1.032184E-15
7350.5881357193  1.030310E-15
7354.87296533585  1.036070E-15
7359.1577949524  1.032277E-15
7363.44262456894  1.031550E-15
7367.72745418549  1.033639E-15
7372.01228380204  1.041057E-15
7376.29711341859  1.054409E-15
7380.58194303513  1.055961E-15
7384.86677265168  1.055169E-15
7389.15160226822  1.056025E-15
7393.43643188477  1.055628E-15
7397.72126150132  1.058237E-15
7402.00609111786  1.049639E-15
7406.29092073441  1.049528E-15
7410.57575035096  1.053489E-15
7414.8605799675  1.036805E-15
7419.14540958405  1.027460E-15
7423.4302392006  1.036860E-15
7427.71506881714  1.035543E-15
7431.99989843369  1.029936E-15
7436.28472805024  1.033298E-15
7440.56955766678  1.026276E-15
7444.85438728333  1.017274E-15
7449.13921689988  1.007932E-15
7453.42404651642  9.992249E-16
7457.70887613297  1.003320E-15
7461.99370574952  1.008845E-15
7466.27853536606  1.002969E-15
7470.56336498261  9.895718E-16
7474.84819459916  9.779545E-16
7479.1330242157  9.872149E-16
7483.41785383225  9.894551E-16
7487.7026834488  9.709165E-16
7491.98751306534  9.551633E-16
7496.27234268189  9.556095E-16
7500.55717229844  9.596910E-16
7504.84200191498  9.624724E-16
7509.12683153153  9.636402E-16
7513.41166114808  9.577020E-16
7517.69649076462  9.402018E-16
7521.98132038117  9.272472E-16
7526.26614999772  9.295679E-16
7530.55097961426  9.310929E-16
7534.83580923081  9.231829E-16
7539.12063884736  9.130536E-16
7543.4054684639  9.060273E-16
7547.69029808045  8.952753E-16
7551.975127697  8.783316E-16
7556.25995731354  8.721898E-16
7560.54478693009  8.760850E-16
7564.82961654663  8.736261E-16
7569.11444616318  8.589053E-16
7573.39927577973  8.428735E-16
7577.68410539628  8.420447E-16
7581.96893501282  8.492937E-16
7586.25376462937  8.479352E-16
7590.53859424592  8.349384E-16
7594.82342386246  8.178923E-16
7599.10825347901  8.199826E-16
7603.39308309555  8.297862E-16
7607.6779127121  8.089390E-16
7611.96274232865  7.787990E-16
7616.2475719452  7.678917E-16
7620.53240156174  7.613394E-16
7624.81723117829  7.582807E-16
7629.10206079484  7.525196E-16
7633.38689041138  7.383167E-16
7637.67172002793  7.397112E-16
7641.95654964447  7.304083E-16
7646.24137926102  7.173023E-16
7650.52620887757  7.017482E-16
7654.81103849412  6.715149E-16
7659.09586811066  6.629543E-16
7663.38069772721  6.715657E-16
7667.66552734376  6.588239E-16
7671.9503569603  6.401206E-16
7676.23518657685  6.288635E-16
7680.52001619339  6.148279E-16
7684.80484580994  5.892832E-16
7689.08967542649  5.767123E-16
7693.37450504304  5.942438E-16
7697.65933465958  5.986456E-16
7701.94416427613  5.852835E-16
7706.22899389267  5.913297E-16
7710.51382350922  5.989236E-16
7714.79865312577  5.878743E-16
7719.08348274232  5.848723E-16
7723.36831235886  5.987612E-16
7727.65314197541  6.100720E-16
7731.93797159195  6.169038E-16
7736.2228012085  6.190574E-16
7740.50763082505  6.185727E-16
7744.79246044159  6.204830E-16
7749.07729005814  6.102371E-16
7753.36211967469  5.963983E-16
7757.64694929123  6.027620E-16
7761.93177890778  6.258357E-16
7766.21660852433  6.318209E-16
7770.50143814087  6.220179E-16
7774.78626775742  6.259305E-16
7779.07109737397  6.403459E-16
7783.35592699051  6.460755E-16
7787.64075660706  6.466302E-16
7791.92558622361  6.537161E-16
7796.21041584015  6.627141E-16
7800.4952454567  6.689348E-16
7804.78007507325  6.791080E-16
7809.06490468979  6.845992E-16
7813.34973430634  7.107520E-16
7817.63456392289  7.435131E-16
7821.91939353943  7.336935E-16
7826.20422315598  7.068793E-16
7830.48905277253  7.127715E-16
7834.77388238908  7.368171E-16
7839.05871200562  7.478594E-16
7843.34354162217  7.475722E-16
7847.62837123871  7.405990E-16
7851.91320085526  7.256425E-16
7856.19803047181  7.233795E-16
7860.48286008835  7.435694E-16
7864.7676897049  7.613854E-16
7869.05251932145  7.644316E-16
7873.33734893799  7.573731E-16
7877.62217855454  7.502689E-16
7881.90700817109  7.558544E-16
7886.19183778763  7.610247E-16
7890.47666740418  7.429018E-16
7894.76149702073  7.251076E-16
7899.04632663727  7.189173E-16
7903.33115625382  7.158711E-16
7907.61598587037  7.105003E-16
7911.90081548691  7.035298E-16
7916.18564510346  7.061076E-16
7920.47047472001  7.129454E-16
7924.75530433655  7.171159E-16
7929.0401339531  7.234791E-16
7933.32496356965  7.331055E-16
7937.60979318619  7.386543E-16
7941.89462280274  7.470886E-16
7946.17945241929  7.578758E-16
7950.46428203583  7.528063E-16
7954.74911165238  7.408077E-16
7959.03394126893  7.474145E-16
7963.31877088547  7.583536E-16
7967.60360050202  7.587002E-16
7971.88843011857  7.727407E-16
7976.17325973511  7.920810E-16
7980.45808935166  7.928052E-16
7984.74291896821  7.973615E-16
7989.02774858475  8.198741E-16
7993.3125782013  8.199683E-16
7997.59740781785  8.136216E-16
8001.88223743439  8.378402E-16
8006.16706705094  8.550023E-16
8010.45189666749  8.577353E-16
8014.73672628403  8.596056E-16
8019.02155590058  8.747834E-16
8023.30638551713  8.892480E-16
8027.59121513367  8.885298E-16
8031.87604475022  8.894356E-16
8036.16087436677  8.959476E-16
8040.44570398331  8.900865E-16
8044.73053359986  8.817511E-16
8049.01536321641  8.908746E-16
8053.30019283295  9.083974E-16
8057.5850224495  9.138210E-16
8061.86985206604  9.133688E-16
8066.15468168259  9.097789E-16
8070.43951129914  8.983898E-16
8074.72434091569  8.976300E-16
8079.00917053223  9.106278E-16
8083.29400014878  9.162661E-16
8087.57882976533  9.086676E-16
8091.86365938187  8.989189E-16
8096.14848899842  8.931925E-16
8100.43331861496  9.024499E-16
8104.71814823151  9.129126E-16
8109.00297784806  9.143274E-16
8113.28780746461  9.122934E-16
8117.57263708115  9.101391E-16
8121.8574666977  9.181276E-16
8126.14229631425  9.101273E-16
8130.42712593079  8.914762E-16
8134.71195554734  8.994758E-16
8138.99678516389  9.090747E-16
8143.28161478043  8.973794E-16
8147.56644439698  8.865610E-16
8151.85127401353  8.881662E-16
8156.13610363007  8.853395E-16
8160.42093324662  8.796781E-16
8164.70576286316  8.959971E-16
8168.99059247971  9.075155E-16
8173.27542209626  8.929099E-16
8177.56025171281  8.800109E-16
8181.84508132935  8.886189E-16
8186.1299109459  8.911762E-16
8190.41474056244  8.715103E-16
8194.69957017899  8.541054E-16
8198.98439979554  8.518745E-16
8203.26922941208  8.426084E-16
8207.55405902863  8.400691E-16
8211.83888864518  8.547342E-16
8216.12371826172  8.525326E-16
8220.40854787827  8.489896E-16
8224.69337749482  8.439194E-16
8228.97820711136  8.245607E-16
8233.26303672791  8.103343E-16
8237.54786634446  8.143166E-16
8241.83269596101  8.273467E-16
8246.11752557755  8.233275E-16
8250.4023551941  8.116942E-16
8254.68718481064  8.025095E-16
8258.97201442719  7.983653E-16
8263.25684404374  8.070380E-16
8267.54167366028  7.948339E-16
8271.82650327683  7.743407E-16
8276.11133289338  7.814985E-16
8280.39616250992  7.964708E-16
8284.68099212647  7.813185E-16
8288.96582174302  7.676531E-16
8293.25065135956  7.691829E-16
8297.53548097611  7.455171E-16
8301.82031059266  7.195202E-16
8306.1051402092  7.288289E-16
8310.38996982575  7.506463E-16
8314.6747994423  7.481847E-16
8318.95962905884  7.339632E-16
8323.24445867539  7.245574E-16
8327.52928829194  7.380684E-16
8331.81411790848  7.542871E-16
8336.09894752503  7.587235E-16
8340.38377714158  7.476854E-16
8344.66860675812  7.372121E-16
8348.95343637467  7.540305E-16
8353.23826599122  7.507647E-16
8357.52309560776  7.418067E-16
8361.80792522431  7.435788E-16
8366.09275484086  7.508665E-16
8370.3775844574  7.632749E-16
8374.66241407395  7.586062E-16
8378.9472436905  7.487802E-16
8383.23207330704  7.430050E-16
8387.51690292359  7.467942E-16
8391.80173254014  7.616461E-16
8396.08656215668  7.639900E-16
8400.37139177323  7.435728E-16
8404.65622138978  7.363514E-16
8408.94105100632  7.511897E-16
8413.22588062287  7.464824E-16
8417.51071023942  7.324697E-16
8421.79553985596  7.366918E-16
8426.08036947251  7.433546E-16
8430.36519908906  7.194785E-16
8434.6500287056  7.094306E-16
8438.93485832215  7.330553E-16
8443.2196879387  7.415017E-16
8447.50451755524  7.287945E-16
8451.78934717179  7.103175E-16
8456.07417678834  7.008975E-16
8460.35900640488  7.018259E-16
8464.64383602143  6.988134E-16
8468.92866563798  7.086261E-16
8473.21349525452  7.205575E-16
8477.49832487107  7.100220E-16
8481.78315448762  7.058693E-16
8486.06798410416  7.063535E-16
8490.35281372071  7.036712E-16
8494.63764333725  7.113584E-16
8498.9224729538  7.074470E-16
8503.20730257035  6.904672E-16
8507.4921321869  6.795006E-16
8511.77696180344  6.808174E-16
8516.06179141999  6.892141E-16
8520.34662103653  6.925211E-16
8524.63145065308  6.921188E-16
8528.91628026963  6.950213E-16
8533.20110988618  6.955098E-16
8537.48593950272  6.919514E-16
8541.77076911927  6.885366E-16
8546.05559873582  6.872956E-16
8550.34042835236  6.932760E-16
8554.62525796891  6.829888E-16
8558.91008758545  6.758209E-16
8563.194917202  6.944430E-16
8567.47974681855  6.828969E-16
8571.7645764351  6.588052E-16
8576.04940605164  6.622093E-16
8580.33423566819  6.722912E-16
8584.61906528474  6.844834E-16
8588.90389490128  6.908772E-16
8593.18872451783  6.982621E-16
8597.47355413437  7.167686E-16
8601.75838375092  7.256581E-16
8606.04321336747  7.233565E-16
8610.32804298401  7.149691E-16
8614.61287260056  7.113890E-16
8618.89770221711  7.104121E-16
8623.18253183365  7.057957E-16
8627.4673614502  6.984718E-16
8631.75219106675  6.974913E-16
8636.03702068329  6.969358E-16
8640.32185029984  6.936399E-16
8644.60667991639  7.024486E-16
8648.89150953293  7.170357E-16
8653.17633914948  7.249675E-16
8657.46116876603  7.223168E-16
8661.74599838257  7.252112E-16
8666.03082799912  7.323271E-16
8670.31565761567  7.373553E-16
8674.60048723221  7.405363E-16
8678.88531684876  7.420982E-16
8683.17014646531  7.418490E-16
8687.45497608185  7.427484E-16
8691.7398056984  7.656202E-16
8696.02463531495  7.758057E-16
8700.30946493149  7.598361E-16
8704.59429454804  7.563264E-16
8708.87912416459  7.608689E-16
8713.16395378113  7.662134E-16
8717.44878339768  7.758782E-16
8721.73361301423  7.826208E-16
8726.01844263077  7.903091E-16
8730.30327224732  7.954916E-16
8734.58810186387  7.976101E-16
8738.87293148041  7.997146E-16
8743.15776109696  7.954282E-16
8747.44259071351  7.853114E-16
8751.72742033005  7.615952E-16
8756.0122499466  7.528062E-16
8760.29707956315  7.707815E-16
8764.58190917969  7.797980E-16
8768.86673879624  7.755768E-16
8773.15156841279  7.758459E-16
8777.43639802933  7.747981E-16
8781.72122764588  7.692686E-16
8786.00605726243  7.770563E-16
8790.29088687897  7.795889E-16
8794.57571649552  7.615758E-16
8798.86054611207  7.561130E-16
8803.14537572862  7.738457E-16
8807.43020534516  7.663994E-16
8811.71503496171  7.443840E-16
8815.99986457826  7.615740E-16
8820.2846941948  7.903031E-16
8824.56952381135  7.761300E-16
8828.8543534279  7.357045E-16
8833.13918304444  7.396871E-16
8837.42401266099  7.620237E-16
8841.70884227753  7.762963E-16
8845.99367189408  7.689761E-16
8850.27850151063  7.642681E-16
8854.56333112717  7.742995E-16
8858.84816074372  7.858185E-16
8863.13299036027  7.935435E-16
8867.41781997681  7.768004E-16
8871.70264959336  7.532729E-16
8875.98747920991  7.534896E-16
8880.27230882645  7.735491E-16
8884.557138443  7.557910E-16
8888.84196805955  7.294395E-16
8893.12679767609  7.423741E-16
8897.41162729264  7.501977E-16
8901.69645690919  7.370282E-16
8905.98128652573  7.352719E-16
8910.26611614228  7.632810E-16
8914.55094575883  7.820224E-16
8918.83577537537  7.465518E-16
8923.12060499192  7.192498E-16
8927.40543460847  7.281049E-16
8931.69026422502  7.387511E-16
8935.97509384156  7.481966E-16
8940.25992345811  7.431507E-16
8944.54475307465  7.378914E-16
8948.8295826912  7.633885E-16
8953.11441230775  7.721005E-16
8957.39924192429  7.432412E-16
8961.68407154084  7.213557E-16
8965.96890115739  7.471125E-16
8970.25373077393  7.763456E-16
8974.53856039048  7.772473E-16
8978.82339000703  7.723075E-16
8983.10821962357  7.741828E-16
8987.39304924012  7.586556E-16
8991.67787885667  7.642916E-16
8995.96270847321  7.806336E-16
9000.24753808976  7.555609E-16
9004.53236770631  7.427013E-16
9008.81719732285  7.546856E-16
9013.1020269394  7.418776E-16
9017.38685655595  7.320552E-16
9021.67168617249  7.327230E-16
9025.95651578904  7.136953E-16
9030.24134540559  7.089494E-16
9034.52617502213  7.109970E-16
9038.81100463868  6.926264E-16
9043.09583425523  6.694786E-16
9047.38066387177  6.456793E-16
9051.66549348832  6.397856E-16
9055.95032310487  6.638606E-16
9060.23515272141  6.812206E-16
9064.51998233796  6.750984E-16
9068.80481195451  6.625354E-16
9073.08964157105  6.518225E-16
9077.3744711876  6.405483E-16
9081.65930080414  6.203724E-16
9085.94413042069  5.953654E-16
9090.22896003724  5.936608E-16
9094.51378965379  6.094263E-16
9098.79861927033  6.157719E-16
9103.08344888688  6.219294E-16
9107.36827850343  6.282326E-16
9111.65310811997  6.131134E-16
9115.93793773652  5.748213E-16
9120.22276735307  5.445369E-16
9124.50759696961  5.339396E-16
9128.79242658616  5.276666E-16
9133.07725620271  5.218008E-16
9137.36208581925  5.260230E-16
9141.6469154358  5.384408E-16
9145.93174505235  5.437316E-16
9150.21657466889  5.176509E-16
9154.50140428544  4.989946E-16
9158.78623390199  5.129626E-16
9163.07106351853  5.199483E-16
9167.35589313508  5.320792E-16
9171.64072275162  5.211089E-16
9175.92555236817  4.997087E-16
9180.21038198472  4.985274E-16
9184.49521160126  5.027283E-16
9188.78004121781  5.037280E-16
9193.06487083436  5.070860E-16
9197.3497004509  5.144288E-16
9201.63453006745  5.222465E-16
9205.919359684  5.327348E-16
9210.20418930054  5.435138E-16
9214.48901891709  5.319628E-16
9218.77384853364  5.137569E-16
9223.05867815019  5.174143E-16
9227.34350776673  5.178679E-16
9231.62833738328  5.167372E-16
9235.91316699982  5.132608E-16
9240.19799661637  4.965445E-16
9244.48282623292  5.162626E-16
9248.76765584946  5.359578E-16
9253.05248546601  5.157469E-16
9257.33731508256  5.101318E-16
9261.6221446991  5.284677E-16
9265.90697431565  5.331438E-16
9270.1918039322  5.199219E-16
9274.47663354874  5.145343E-16
9278.76146316529  5.143107E-16
9283.04629278184  5.019506E-16
9287.33112239839  4.999862E-16
9291.61595201493  4.957932E-16
9295.90078163148  4.862675E-16
9300.18561124802  4.930811E-16
9304.47044086457  5.016766E-16
9308.75527048112  4.836632E-16
9313.04010009766  4.669993E-16
9317.32492971421  4.884204E-16
9321.60975933076  4.936471E-16
9325.8945889473  4.878172E-16
9330.17941856385  5.109053E-16
9334.4642481804  5.359942E-16
9338.74907779694  5.286774E-16
9343.03390741349  5.078265E-16
9347.31873703004  5.006698E-16
9351.60356664658  5.102323E-16
9355.88839626313  5.086024E-16
9360.17322587968  4.977060E-16
9364.45805549622  5.153667E-16
9368.74288511277  5.067632E-16
9373.02771472932  4.653465E-16
9377.31254434586  4.213696E-16
9381.59737396241  4.198891E-16
9385.88220357896  4.565551E-16
9390.1670331955  4.789310E-16
9394.45186281205  4.792512E-16
9398.7366924286  4.776867E-16
9403.02152204514  4.819792E-16
9407.30635166169  4.816890E-16
9411.59118127824  4.746412E-16
9415.87601089478  4.661130E-16
9420.16084051133  4.584153E-16
9424.44567012788  4.763760E-16
9428.73049974442  4.628433E-16
9433.01532936097  4.094113E-16
9437.30015897752  3.973248E-16
9441.58498859406  4.201779E-16
9445.86981821061  4.327200E-16
9450.15464782716  4.669893E-16
9454.4394774437  4.870701E-16
9458.72430706025  4.738573E-16
9463.0091366768  4.653908E-16
9467.29396629334  4.680218E-16
9471.57879590989  4.792629E-16
9475.86362552643  4.809007E-16
9480.14845514298  4.658586E-16
9484.43328475953  4.616189E-16
9488.71811437608  4.724194E-16
9493.00294399262  4.696204E-16
9497.28777360917  4.528841E-16
9501.57260322572  4.357565E-16
9505.85743284226  4.545305E-16
9510.14226245881  4.612999E-16
9514.42709207536  4.473077E-16
9518.7119216919  4.834253E-16
9522.99675130845  5.143644E-16
9527.281580925  4.964301E-16
9531.56641054154  4.571163E-16
9535.85124015809  4.816147E-16
9540.13606977464  5.330670E-16
9544.42089939118  5.471338E-16
9548.70572900773  5.357561E-16
9552.99055862428  5.099318E-16
9557.27538824082  5.021138E-16
9561.56021785737  4.894383E-16
9565.84504747392  4.409293E-16
9570.12987709046  3.982489E-16
9574.41470670701  4.085390E-16
9578.69953632356  4.345110E-16
9582.9843659401  4.332819E-16
9587.26919555665  4.175068E-16
9591.55402517319  4.164272E-16
9595.83885478974  4.167080E-16
9600.12368440629  4.219879E-16
9604.40851402283  4.171311E-16
9608.69334363938  4.027058E-16
9612.97817325593  4.145175E-16
9617.26300287247  4.132780E-16
9621.54783248902  4.079180E-16
9625.83266210557  4.211060E-16
9630.11749172211  4.315671E-16
9634.40232133866  4.277619E-16
9638.68715095521  4.172709E-16
9642.97198057175  4.168895E-16
9647.2568101883  4.120530E-16
9651.54163980485  4.126426E-16
9655.82646942139  4.294383E-16
9660.11129903794  4.348210E-16
9664.39612865449  4.055251E-16
9668.68095827103  3.510119E-16
9672.96578788758  3.325824E-16
9677.25061750413  3.402924E-16
9681.53544712068  3.236282E-16
9685.82027673722  3.317307E-16
9690.10510635377  3.598426E-16
9694.38993597031  3.915345E-16
9698.67476558686  3.666693E-16
9702.95959520341  3.438583E-16
9707.24442481995  3.554459E-16
9711.5292544365  3.723486E-16
9715.81408405305  3.712647E-16
9720.09891366959  3.494641E-16
9724.38374328614  3.597426E-16
9728.66857290269  3.802940E-16
9732.95340251923  3.905378E-16
9737.23823213578  3.827860E-16
9741.52306175233  3.486416E-16
9745.80789136887  3.238876E-16
9750.09272098542  3.090070E-16
9754.37755060197  3.128320E-16
9758.66238021851  3.412852E-16
9762.94720983506  3.676712E-16
9767.23203945161  3.803009E-16
9771.51686906815  3.684798E-16
9775.8016986847  3.610305E-16
9780.08652830125  3.621130E-16
9784.37135791779  3.390253E-16
9788.65618753434  3.104330E-16
9792.94101715089  3.026563E-16
9797.22584676743  3.508026E-16
9801.51067638398  4.008377E-16
9805.79550600053  3.799847E-16
9810.08033561707  3.481875E-16
9814.36516523362  3.452160E-16
9818.64999485017  3.500720E-16
9822.93482446671  3.766112E-16
9827.21965408326  4.011487E-16
9831.50448369981  3.834406E-16
9835.78931331635  3.316090E-16
9840.0741429329  3.105054E-16
9844.35897254945  3.499184E-16
9848.64380216599  3.889702E-16
9852.92863178254  3.840820E-16
9857.21346139909  3.593343E-16
9861.49829101563  3.594570E-16
9865.78312063218  3.677293E-16
9870.06795024873  3.730605E-16
9874.35277986527  3.824428E-16
9878.63760948182  3.827959E-16
9882.92243909837  3.468188E-16
9887.20726871491  3.117181E-16
9891.49209833146  3.080604E-16
9895.77692794801  2.929821E-16
9900.06175756455  3.038846E-16
9904.3465871811  3.579213E-16
9908.63141679765  3.824548E-16
9912.91624641419  3.538257E-16
9917.20107603074  3.476366E-16
9921.48590564728  3.793840E-16
9925.77073526383  3.662921E-16
9930.05556488038  3.537609E-16
9934.34039449692  4.223070E-16
9938.62522411347  4.471253E-16
9942.91005373002  3.915363E-16
9947.19488334657  3.250833E-16
9951.47971296311  3.572431E-16
9955.76454257966  3.852439E-16
9960.04937219621  3.486245E-16
9964.33420181275  3.568307E-16
9968.6190314293  3.615371E-16
9972.90386104585  3.618072E-16
9977.18869066239  3.642548E-16
9981.47352027894  3.350575E-16
9985.75834989548  3.665031E-16
9990.04317951203  4.021391E-16
9994.32800912858  3.681643E-16
9998.61283874512  3.337538E-16
10002.8976683617  3.196074E-16
10007.1824979782  3.517250E-16
10011.4673275948  3.521992E-16
10015.7521572113  2.599386E-16
10020.0369868279  2.643794E-16
10024.3218164444  3.251243E-16
10028.606646061  3.211941E-16
10032.8914756775  3.531131E-16
10037.176305294  3.657766E-16
10041.4611349106  3.159020E-16
10045.7459645271  3.031309E-16
10050.0307941437  3.467770E-16
10054.3156237602  3.874515E-16
10058.6004533768  3.237890E-16
10062.8852829933  2.602339E-16
10067.1701126099  2.741107E-16
10071.4549422264  3.583182E-16
10075.739771843  3.269879E-16
10080.0246014595  2.307606E-16
10084.3094310761  2.525350E-16
10088.5942606926  3.463899E-16
10092.8790903092  3.984211E-16
10097.1639199257  3.418969E-16
10101.4487495422  3.141203E-16
10105.7335791588  4.443928E-16
10110.0184087753  4.689842E-16
10114.3032383919  3.624732E-16
10118.5880680084  3.854979E-16
10122.872897625  4.917367E-16
10127.1577272415  4.669700E-16
10131.4425568581  3.570041E-16
10135.7273864746  2.795306E-16
10140.0122160912  3.453450E-16
10144.2970457077  4.473997E-16
10148.5818753243  4.450211E-16
10152.8667049408  3.163790E-16
10157.1515345573  2.286269E-16
10161.4363641739  2.355807E-16
10165.7211937904  2.893005E-16
10170.006023407  3.041747E-16
10174.2908530235  3.243259E-16
10178.5756826401  3.712826E-16
10182.8605122566  5.073401E-16
10187.1453418732  4.752872E-16
10191.4301714897  4.222136E-16
10195.7150011063  3.387096E-16
