3361.47924805  8.097161E-17
3365.56075239494  3.017963E-17
3369.64225673988  9.947219E-17
3373.72376108482  6.304059E-17
3377.80526542976  4.191299E-17
3381.8867697747  9.284909E-17
3385.96827411964  8.669294E-17
3390.04977846458  2.527902E-17
3394.13128280952  5.492667E-17
3398.21278715446  6.376034E-17
3402.2942914994  6.193493E-17
3406.37579584434  1.891885E-17
3410.45730018928  4.186779E-17
3414.53880453422  8.020748E-17
3418.62030887916  7.591114E-17
3422.7018132241  4.498519E-17
3426.78331756904  7.911181E-17
3430.86482191398  5.669471E-17
3434.94632625892  6.792373E-17
3439.02783060386  1.161514E-16
3443.1093349488  5.522738E-17
3447.19083929374  1.058974E-16
3451.27234363868  8.057457E-17
3455.35384798362  7.245045E-17
3459.43535232856  9.272254E-17
3463.5168566735  9.184444E-17
3467.59836101844  7.512440E-17
3471.67986536338  7.169705E-17
3475.76136970832  7.191396E-17
3479.84287405326  8.207424E-17
3483.9243783982  1.136878E-16
3488.00588274314  1.006771E-16
3492.08738708808  9.330036E-17
3496.16889143302  5.410348E-17
3500.25039577796  1.056495E-16
3504.3319001229  7.373880E-17
3508.41340446784  9.723204E-17
3512.49490881278  8.238289E-17
3516.57641315772  6.527153E-17
3520.65791750266  1.256538E-16
3524.7394218476  8.569757E-17
3528.82092619254  7.531961E-17
3532.90243053748  6.999909E-17
3536.98393488242  1.028160E-16
3541.06543922736  7.579346E-17
3545.1469435723  5.812032E-17
3549.22844791724  8.785262E-17
3553.30995226218  8.030866E-17
3557.39145660712  9.439301E-17
3561.47296095206  5.657204E-17
3565.554465297  8.884345E-17
3569.63596964194  6.638054E-17
3573.71747398688  8.186257E-17
3577.79897833182  6.114493E-17
3581.88048267676  7.666162E-17
3585.9619870217  7.190006E-17
3590.04349136664  7.845813E-17
3594.12499571158  8.041761E-17
3598.20650005652  8.414376E-17
3602.28800440146  7.798591E-17
3606.3695087464  8.609678E-17
3610.45101309134  9.353134E-17
3614.53251743628  7.946477E-17
3618.61402178122  8.251638E-17
3622.69552612616  9.376086E-17
3626.7770304711  1.009809E-16
3630.85853481604  8.925913E-17
3634.94003916098  8.421953E-17
3639.02154350592  1.057443E-16
3643.10304785086  1.093378E-16
3647.1845521958  1.090435E-16
3651.26605654074  9.295614E-17
3655.34756088568  9.577942E-17
3659.42906523062  1.045515E-16
3663.51056957556  1.216410E-16
3667.5920739205  9.397401E-17
3671.67357826544  1.020161E-16
3675.75508261038  1.118333E-16
3679.83658695532  9.550318E-17
3683.91809130026  1.025528E-16
3687.9995956452  1.006178E-16
3692.08109999014  1.088570E-16
3696.16260433508  1.014307E-16
3700.24410868002  1.123480E-16
3704.32561302496  1.086211E-16
3708.4071173699  1.016037E-16
3712.48862171484  1.148589E-16
3716.57012605978  1.004195E-16
3720.65163040472  9.303357E-17
3724.73313474966  9.588392E-17
3728.8146390946  1.060503E-16
3732.89614343954  8.736285E-17
3736.97764778448  9.450075E-17
3741.05915212942  8.177355E-17
3745.14065647436  8.769860E-17
3749.2221608193  8.164079E-17
3753.30366516424  7.039305E-17
3757.38516950918  7.513662E-17
3761.46667385412  6.226133E-17
3765.54817819906  7.453586E-17
3769.629682544  6.758868E-17
3773.71118688894  7.346771E-17
3777.79269123388  7.651416E-17
3781.87419557882  5.725687E-17
3785.95569992376  5.788822E-17
3790.0372042687  4.771011E-17
3794.11870861364  5.892792E-17
3798.20021295858  4.386686E-17
3802.28171730352  4.946301E-17
3806.36322164846  4.482341E-17
3810.4447259934  3.813494E-17
3814.52623033834  5.729849E-17
3818.60773468328  3.973057E-17
3822.68923902822  5.883591E-17
3826.77074337316  3.054654E-17
3830.8522477181  4.437110E-17
3834.93375206304  3.976734E-17
3839.01525640798  4.533571E-17
3843.09676075292  5.724724E-17
3847.17826509786  5.581084E-17
3851.2597694428  5.971056E-17
3855.34127378774  6.610720E-17
3859.42277813268  6.468127E-17
3863.50428247762  6.219294E-17
3867.58578682256  6.728079E-17
3871.6672911675  6.835876E-17
3875.74879551244  7.332958E-17
3879.83029985738  6.587844E-17
3883.91180420232  7.511687E-17
3887.99330854726  6.892541E-17
3892.0748128922  7.477224E-17
3896.15631723714  6.763682E-17
3900.23782158208  7.750326E-17
3904.31932592702  7.450555E-17
3908.40083027196  7.572912E-17
3912.4823346169  7.313089E-17
3916.56383896184  7.783422E-17
3920.64534330678  8.108037E-17
3924.72684765172  7.739775E-17
3928.80835199666  7.918765E-17
3932.8898563416  8.546868E-17
3936.97136068654  9.316701E-17
3941.05286503148  9.445788E-17
3945.13436937642  1.087836E-16
3949.21587372136  1.092806E-16
3953.2973780663  1.125616E-16
3957.37888241124  1.124103E-16
3961.46038675618  1.205848E-16
3965.54189110112  1.330152E-16
3969.62339544606  1.319395E-16
3973.704899791  1.412223E-16
3977.78640413594  1.502653E-16
3981.86790848088  1.519815E-16
3985.94941282582  1.525381E-16
3990.03091717076  1.490969E-16
3994.1124215157  1.390881E-16
3998.19392586064  1.477845E-16
4002.27543020558  1.476827E-16
4006.35693455052  1.435376E-16
4010.43843889546  1.540319E-16
4014.5199432404  1.561533E-16
4018.60144758534  1.543133E-16
4022.68295193028  1.606805E-16
4026.76445627522  1.577266E-16
4030.84596062016  1.613347E-16
4034.9274649651  1.712900E-16
4039.00896931004  1.687198E-16
4043.09047365498  1.695237E-16
4047.17197799992  1.625858E-16
4051.25348234486  1.700598E-16
4055.3349866898  1.667038E-16
4059.41649103474  1.635779E-16
4063.49799537968  1.704043E-16
4067.57949972462  1.790134E-16
4071.66100406956  1.691961E-16
4075.7425084145  1.778083E-16
4079.82401275944  1.701210E-16
4083.90551710438  1.722449E-16
4087.98702144932  1.816103E-16
4092.06852579426  1.775670E-16
4096.1500301392  1.753058E-16
4100.23153448414  1.784339E-16
4104.31303882908  1.742485E-16
4108.39454317402  1.799948E-16
4112.47604751896  1.740141E-16
4116.5575518639  1.725322E-16
4120.63905620884  1.593973E-16
4124.72056055378  1.682210E-16
4128.80206489872  1.541321E-16
4132.88356924366  1.579044E-16
4136.9650735886  1.610382E-16
4141.04657793354  1.563298E-16
4145.12808227848  1.678261E-16
4149.20958662342  1.616397E-16
4153.29109096836  1.610398E-16
4157.3725953133  1.673405E-16
4161.45409965824  1.553527E-16
4165.53560400318  1.598937E-16
4169.61710834812  1.582539E-16
4173.69861269306  1.564338E-16
4177.780117038  1.540220E-16
4181.86162138294  1.505105E-16
4185.94312572788  1.502334E-16
4190.02463007282  1.519923E-16
4194.10613441776  1.543534E-16
4198.1876387627  1.537863E-16
4202.26914310764  1.671339E-16
4206.35064745258  1.535929E-16
4210.43215179752  1.571104E-16
4214.51365614246  1.592368E-16
4218.5951604874  1.579906E-16
4222.67666483234  1.493425E-16
4226.75816917728  1.522004E-16
4230.83967352222  1.519137E-16
4234.92117786716  1.499979E-16
4239.0026822121  1.545669E-16
4243.08418655704  1.425883E-16
4247.16569090198  1.527464E-16
4251.24719524692  1.479074E-16
4255.32869959186  1.555569E-16
4259.4102039368  1.635928E-16
4263.49170828174  1.587601E-16
4267.57321262668  1.691195E-16
4271.65471697162  1.635457E-16
4275.73622131656  1.653511E-16
4279.8177256615  1.621361E-16
4283.89923000644  1.540069E-16
4287.98073435138  1.580076E-16
4292.06223869632  1.630129E-16
4296.14374304126  1.542853E-16
4300.2252473862  1.599607E-16
4304.30675173114  1.613441E-16
4308.38825607608  1.656908E-16
4312.46976042102  1.559902E-16
4316.55126476596  1.512230E-16
4320.6327691109  1.534547E-16
4324.71427345584  1.512862E-16
4328.79577780078  1.608875E-16
4332.87728214572  1.632724E-16
4336.95878649066  1.702235E-16
4341.0402908356  1.603021E-16
4345.12179518054  1.588124E-16
4349.20329952548  1.668454E-16
4353.28480387042  1.713165E-16
4357.36630821536  1.732527E-16
4361.4478125603  1.684857E-16
4365.52931690524  1.622732E-16
4369.61082125018  1.671027E-16
4373.69232559512  1.630356E-16
4377.77382994006  1.611922E-16
4381.855334285  1.660150E-16
4385.93683862994  1.652369E-16
4390.01834297488  1.580516E-16
4394.09984731982  1.489112E-16
4398.18135166476  1.590844E-16
4402.2628560097  1.721239E-16
4406.34436035464  1.740036E-16
4410.42586469958  1.641169E-16
4414.50736904452  1.679262E-16
4418.58887338946  1.717545E-16
4422.6703777344  1.720372E-16
4426.75188207934  1.635485E-16
4430.83338642428  1.661053E-16
4434.91489076922  1.694296E-16
4438.99639511416  1.696764E-16
4443.0778994591  1.629108E-16
4447.15940380404  1.624727E-16
4451.24090814898  1.619333E-16
4455.32241249392  1.640008E-16
4459.40391683886  1.721218E-16
4463.4854211838  1.713056E-16
4467.56692552874  1.680928E-16
4471.64842987368  1.781124E-16
4475.72993421862  1.735304E-16
4479.81143856356  1.758157E-16
4483.8929429085  1.707576E-16
4487.97444725344  1.776525E-16
4492.05595159838  1.773607E-16
4496.13745594333  1.857006E-16
4500.21896028826  1.764037E-16
4504.3004646332  1.764958E-16
4508.38196897814  1.902455E-16
4512.46347332308  1.882567E-16
4516.54497766802  1.966511E-16
4520.62648201296  1.882253E-16
4524.7079863579  1.897212E-16
4528.78949070284  1.874228E-16
4532.87099504778  1.941698E-16
4536.95249939272  1.889872E-16
4541.03400373766  1.982507E-16
4545.1155080826  1.997392E-16
4549.19701242754  1.973598E-16
4553.27851677248  1.933534E-16
4557.36002111742  1.928058E-16
4561.44152546236  2.046738E-16
4565.5230298073  2.161249E-16
4569.60453415224  2.199853E-16
4573.68603849718  2.177169E-16
4577.76754284212  2.317292E-16
4581.84904718706  2.360847E-16
4585.930551532  2.314158E-16
4590.01205587694  2.395583E-16
4594.09356022188  2.293345E-16
4598.17506456682  2.346313E-16
4602.25656891176  2.376915E-16
4606.3380732567  2.272022E-16
4610.41957760164  2.479316E-16
4614.50108194658  2.406284E-16
4618.58258629152  2.300157E-16
4622.66409063646  2.414419E-16
4626.7455949814  2.469436E-16
4630.82709932634  2.387706E-16
4634.90860367129  2.464141E-16
4638.99010801622  2.395118E-16
4643.07161236116  2.401887E-16
4647.1531167061  2.268744E-16
4651.23462105104  2.399634E-16
4655.31612539598  2.386666E-16
4659.39762974092  2.343040E-16
4663.47913408586  2.307576E-16
4667.5606384308  2.313359E-16
4671.64214277574  2.332461E-16
4675.72364712068  2.296802E-16
4679.80515146562  2.300570E-16
4683.88665581056  2.306270E-16
4687.9681601555  2.258067E-16
4692.04966450044  2.256383E-16
4696.13116884539  2.152676E-16
4700.21267319032  2.165585E-16
4704.29417753526  2.077551E-16
4708.3756818802  2.080262E-16
4712.45718622514  1.971300E-16
4716.53869057008  1.813001E-16
4720.62019491502  1.948381E-16
4724.70169925996  2.023097E-16
4728.7832036049  1.986754E-16
4732.86470794985  2.013306E-16
4736.94621229478  1.914557E-16
4741.02771663973  1.956532E-16
4745.10922098466  1.976362E-16
4749.1907253296  1.933519E-16
4753.27222967454  2.005052E-16
4757.35373401948  1.920755E-16
4761.43523836442  1.832688E-16
4765.51674270936  1.686290E-16
4769.5982470543  1.781209E-16
4773.67975139924  1.700236E-16
4777.76125574418  1.710308E-16
4781.84276008912  1.597686E-16
4785.92426443406  1.683168E-16
4790.005768779  1.674779E-16
4794.08727312394  1.668501E-16
4798.16877746888  1.739785E-16
4802.25028181382  1.689187E-16
4806.33178615876  1.654246E-16
4810.4132905037  1.703239E-16
4814.49479484864  1.710913E-16
4818.57629919359  1.766042E-16
4822.65780353852  1.689087E-16
4826.73930788346  1.686838E-16
4830.8208122284  1.749264E-16
4834.90231657334  1.693370E-16
4838.98382091829  1.678926E-16
4843.06532526322  1.743484E-16
4847.14682960816  1.674239E-16
4851.2283339531  1.607835E-16
4855.30983829804  1.668770E-16
4859.39134264298  1.532316E-16
4863.47284698793  1.574386E-16
4867.55435133286  1.554995E-16
4871.6358556778  1.574424E-16
4875.71736002274  1.532157E-16
4879.79886436768  1.508452E-16
4883.88036871262  1.411355E-16
4887.96187305757  1.605510E-16
4892.0433774025  1.381602E-16
4896.12488174744  1.415510E-16
4900.20638609238  1.381735E-16
4904.28789043733  1.381850E-16
4908.36939478226  1.329448E-16
4912.4508991272  1.304515E-16
4916.53240347215  1.210281E-16
4920.61390781708  1.262120E-16
4924.69541216202  1.194189E-16
4928.77691650696  1.271216E-16
4932.85842085191  1.259644E-16
4936.93992519684  1.222989E-16
4941.02142954178  1.270195E-16
4945.10293388673  1.323272E-16
4949.18443823166  1.353528E-16
4953.2659425766  1.425920E-16
4957.34744692154  1.432348E-16
4961.42895126649  1.496549E-16
4965.51045561142  1.452977E-16
4969.59195995636  1.617617E-16
4973.6734643013  1.660170E-16
4977.75496864624  1.710867E-16
4981.83647299118  1.723226E-16
4985.91797733612  1.757952E-16
4989.99948168106  1.849292E-16
4994.080986026  1.961915E-16
4998.16249037094  1.978956E-16
5002.24399471589  1.955306E-16
5006.32549906082  2.097525E-16
5010.40700340577  2.195797E-16
5014.4885077507  2.251051E-16
5018.57001209565  2.316425E-16
5022.65151644058  2.318170E-16
5026.73302078552  2.257690E-16
5030.81452513047  2.291982E-16
5034.8960294754  2.478205E-16
5038.97753382035  2.424027E-16
5043.05903816529  2.337664E-16
5047.14054251023  2.340833E-16
5051.22204685516  2.447329E-16
5055.3035512001  2.380444E-16
5059.38505554505  2.273949E-16
5063.46655988998  2.226787E-16
5067.54806423493  2.236211E-16
5071.62956857986  2.203714E-16
5075.71107292481  2.010811E-16
5079.79257726974  2.071264E-16
5083.87408161468  2.128323E-16
5087.95558595962  2.132447E-16
5092.03709030456  2.094887E-16
5096.11859464951  2.102740E-16
5100.20009899445  2.106608E-16
5104.28160333939  2.048879E-16
5108.36310768432  2.098064E-16
5112.44461202926  1.984480E-16
5116.52611637421  1.853768E-16
5120.60762071915  1.952367E-16
5124.68912506409  1.931977E-16
5128.77062940902  1.892455E-16
5132.85213375397  1.876254E-16
5136.9336380989  1.845765E-16
5141.01514244384  1.868912E-16
5145.09664678879  1.903607E-16
5149.17815113373  1.871957E-16
5153.25965547867  1.910734E-16
5157.3411598236  1.966405E-16
5161.42266416855  2.020072E-16
5165.50416851348  2.191232E-16
5169.58567285842  2.158911E-16
5173.66717720336  2.256325E-16
5177.7486815483  2.419987E-16
5181.83018589325  2.313134E-16
5185.91169023818  2.563568E-16
5189.99319458313  2.592505E-16
5194.07469892806  2.662063E-16
5198.156203273  2.565969E-16
5202.23770761794  2.551976E-16
5206.31921196288  2.446096E-16
5210.40071630783  2.390598E-16
5214.48222065277  2.384951E-16
5218.56372499771  2.394522E-16
5222.64522934264  2.369866E-16
5226.72673368759  2.332255E-16
5230.80823803253  2.288880E-16
5234.88974237746  2.289385E-16
5238.97124672241  2.393673E-16
5243.05275106735  2.413068E-16
5247.13425541229  2.444516E-16
5251.21575975722  2.457656E-16
5255.29726410216  2.386749E-16
5259.37876844711  2.466320E-16
5263.46027279204  2.483193E-16
5267.54177713699  2.390871E-16
5271.62328148193  2.441927E-16
5275.70478582687  2.545444E-16
5279.7862901718  2.465236E-16
5283.86779451675  2.450957E-16
5287.94929886169  2.447710E-16
5292.03080320662  2.442871E-16
5296.11230755156  2.512885E-16
5300.1938118965  2.421764E-16
5304.27531624145  2.556567E-16
5308.35682058638  2.428538E-16
5312.43832493133  2.237630E-16
5316.51982927627  2.364153E-16
5320.60133362121  2.410921E-16
5324.68283796615  2.311174E-16
5328.76434231109  2.391827E-16
5332.84584665603  2.389567E-16
5336.92735100096  2.321521E-16
5341.00885534591  2.364940E-16
5345.09035969085  2.372743E-16
5349.17186403579  2.290266E-16
5353.25336838073  2.417436E-16
5357.33487272567  2.293984E-16
5361.41637707061  2.391319E-16
5365.49788141554  2.519108E-16
5369.57938576049  2.408059E-16
5373.66089010542  2.446232E-16
5377.74239445036  2.423452E-16
5381.82389879531  2.430349E-16
5385.90540314024  2.402515E-16
5389.98690748519  2.328739E-16
5394.06841183012  2.415151E-16
5398.14991617507  2.465933E-16
5402.23142052  2.418889E-16
5406.31292486494  2.344768E-16
5410.39442920989  2.398623E-16
5414.47593355482  2.370469E-16
5418.55743789977  2.372622E-16
5422.6389422447  2.273493E-16
5426.72044658965  2.379621E-16
5430.80195093459  2.190888E-16
5434.88345527953  2.257609E-16
5438.96495962447  2.296299E-16
5443.04646396941  2.334847E-16
5447.12796831435  2.268443E-16
5451.20947265928  2.293117E-16
5455.29097700422  2.230171E-16
5459.37248134917  2.221672E-16
5463.4539856941  2.273599E-16
5467.53549003905  2.296693E-16
5471.61699438399  2.197056E-16
5475.69849872893  2.180040E-16
5479.78000307387  2.234467E-16
5483.8615074188  2.182665E-16
5487.94301176375  2.143710E-16
5492.02451610868  2.125871E-16
5496.10602045362  2.091333E-16
5500.18752479856  2.202007E-16
5504.26902914351  2.154844E-16
5508.35053348844  2.121843E-16
5512.43203783339  2.172982E-16
5516.51354217833  2.198052E-16
5520.59504652326  2.163550E-16
5524.67655086821  2.228327E-16
5528.75805521315  2.259866E-16
5532.83955955809  2.249818E-16
5536.92106390302  2.283229E-16
5541.00256824797  2.416398E-16
5545.08407259291  2.630672E-16
5549.16557693785  2.464950E-16
5553.24708128279  2.521703E-16
5557.32858562773  2.513746E-16
5561.41008997267  2.617130E-16
5565.4915943176  2.670085E-16
5569.57309866255  2.838726E-16
5573.65460300749  2.966487E-16
5577.73610735242  2.971163E-16
5581.81761169737  3.086687E-16
5585.8991160423  3.001292E-16
5589.98062038725  3.173664E-16
5594.06212473219  3.070691E-16
5598.14362907713  3.036139E-16
5602.22513342207  2.995602E-16
5606.306637767  3.051456E-16
5610.38814211195  2.868836E-16
5614.46964645688  2.714693E-16
5618.55115080183  2.701211E-16
5622.63265514677  2.612309E-16
5626.71415949171  2.504100E-16
5630.79566383665  2.390588E-16
5634.87716818159  2.415724E-16
5638.95867252653  2.352124E-16
5643.04017687147  2.251297E-16
5647.12168121641  2.258816E-16
5651.20318556135  2.345226E-16
5655.28468990629  2.304901E-16
5659.36619425122  2.219496E-16
5663.44769859616  2.210776E-16
5667.52920294111  2.208185E-16
5671.61070728605  2.203561E-16
5675.69221163099  2.231549E-16
5679.77371597593  2.126307E-16
5683.85522032087  2.216005E-16
5687.93672466581  2.161452E-16
5692.01822901074  2.060614E-16
5696.09973335569  1.993785E-16
5700.18123770062  2.010486E-16
5704.26274204557  1.844395E-16
5708.34424639051  1.730512E-16
5712.42575073544  1.705148E-16
5716.50725508039  1.602752E-16
5720.58875942532  1.604729E-16
5724.67026377027  1.635166E-16
5728.75176811521  1.546716E-16
5732.83327246015  1.543031E-16
5736.91477680509  1.555533E-16
5740.99628115003  1.495782E-16
5745.07778549497  1.524750E-16
5749.1592898399  1.379605E-16
5753.24079418485  1.309578E-16
5757.32229852979  1.319997E-16
5761.40380287473  1.224263E-16
5765.48530721967  1.222768E-16
5769.56681156461  1.232167E-16
5773.64831590955  1.086042E-16
5777.72982025449  1.158605E-16
5781.81132459942  1.191454E-16
5785.89282894436  1.065340E-16
5789.97433328931  1.021302E-16
5794.05583763425  1.052126E-16
5798.13734197919  1.093550E-16
5802.21884632413  1.031043E-16
5806.30035066907  1.031034E-16
5810.38185501401  1.141791E-16
5814.46335935894  1.048878E-16
5818.54486370389  1.009622E-16
5822.62636804883  1.151936E-16
5826.70787239377  1.137991E-16
5830.78937673871  1.194896E-16
5834.87088108365  1.226432E-16
5838.95238542859  1.272898E-16
5843.03388977353  1.313727E-16
5847.11539411847  1.346756E-16
5851.19689846341  1.395558E-16
5855.27840280835  1.464391E-16
5859.35990715329  1.542204E-16
5863.44141149823  1.528100E-16
5867.52291584317  1.617929E-16
5871.6044201881  1.710408E-16
5875.68592453305  1.660681E-16
5879.76742887799  1.600981E-16
5883.84893322293  1.551824E-16
5887.93043756787  1.614081E-16
5892.01194191281  1.676429E-16
5896.09344625775  1.696119E-16
5900.17495060269  1.739120E-16
5904.25645494762  1.610073E-16
5908.33795929257  1.719698E-16
5912.4194636375  1.706692E-16
5916.50096798245  1.752557E-16
5920.58247232739  1.783881E-16
5924.66397667233  1.671767E-16
5928.74548101727  1.682306E-16
5932.82698536221  1.818307E-16
5936.90848970715  1.807017E-16
5940.98999405209  1.685157E-16
5945.07149839703  1.692815E-16
5949.15300274197  1.805930E-16
5953.23450708691  1.845917E-16
5957.31601143185  1.783029E-16
5961.39751577679  1.818859E-16
5965.47902012173  1.669930E-16
5969.56052446667  1.801988E-16
5973.64202881161  1.716891E-16
5977.72353315655  1.745741E-16
5981.80503750149  1.815772E-16
5985.88654184642  1.717389E-16
5989.96804619137  1.718314E-16
5994.04955053631  1.795479E-16
5998.13105488125  1.881570E-16
6002.21255922619  1.916125E-16
6006.29406357113  1.868254E-16
6010.37556791607  1.849710E-16
6014.45707226101  1.793880E-16
6018.53857660595  1.804495E-16
6022.62008095089  1.871598E-16
6026.70158529583  1.750900E-16
6030.78308964077  1.689907E-16
6034.86459398571  1.631789E-16
6038.94609833065  1.634327E-16
6043.02760267559  1.633884E-16
6047.10910702053  1.649609E-16
6051.19061136547  1.567043E-16
6055.27211571041  1.494788E-16
6059.35362005535  1.587009E-16
6063.43512440029  1.598672E-16
6067.51662874523  1.471762E-16
6071.59813309016  1.497773E-16
6075.67963743511  1.611227E-16
6079.76114178005  1.562330E-16
6083.84264612499  1.520848E-16
6087.92415046993  1.540226E-16
6092.00565481487  1.416675E-16
6096.08715915981  1.482872E-16
6100.16866350474  1.436155E-16
6104.25016784969  1.513980E-16
6108.33167219463  1.452098E-16
6112.41317653956  1.396609E-16
6116.4946808845  1.419851E-16
6120.57618522945  1.425498E-16
6124.65768957439  1.322429E-16
6128.73919391933  1.313859E-16
6132.82069826427  1.434809E-16
6136.90220260921  1.468534E-16
6140.98370695415  1.355636E-16
6145.06521129909  1.303954E-16
6149.14671564403  1.349238E-16
6153.22821998897  1.294438E-16
6157.30972433391  1.311716E-16
6161.39122867885  1.254972E-16
6165.47273302379  1.288458E-16
6169.55423736873  1.381691E-16
6173.63574171367  1.374173E-16
6177.71724605861  1.362029E-16
6181.79875040355  1.450914E-16
6185.88025474849  1.420243E-16
6189.96175909343  1.410661E-16
6194.04326343837  1.507845E-16
6198.12476778331  1.463721E-16
6202.20627212825  1.396760E-16
6206.28777647319  1.582521E-16
6210.36928081813  1.500324E-16
6214.45078516307  1.551845E-16
6218.53228950801  1.604056E-16
6222.61379385295  1.653280E-16
6226.69529819789  1.731109E-16
6230.77680254283  1.663440E-16
6234.85830688777  1.807098E-16
6238.93981123271  1.820285E-16
6243.02131557765  1.907930E-16
6247.10281992259  1.983429E-16
6251.18432426753  1.958184E-16
6255.26582861247  2.091531E-16
6259.34733295741  2.042397E-16
6263.42883730235  2.001748E-16
6267.51034164729  2.273998E-16
6271.59184599223  2.225361E-16
6275.67335033717  2.436081E-16
6279.75485468211  2.450074E-16
6283.83635902705  2.589657E-16
6287.91786337199  2.806852E-16
6291.99936771693  3.166150E-16
6296.08087206187  3.255620E-16
6300.16237640681  3.552510E-16
6304.24388075175  3.793617E-16
6308.32538509669  3.830934E-16
6312.40688944163  3.807205E-16
6316.48839378657  3.720100E-16
6320.56989813151  3.682665E-16
6324.65140247645  3.613657E-16
6328.73290682139  3.565395E-16
6332.81441116633  3.616303E-16
6336.89591551127  3.629249E-16
6340.97741985621  3.462459E-16
6345.05892420115  3.313809E-16
6349.14042854609  3.336448E-16
6353.22193289103  3.429685E-16
6357.30343723597  3.449017E-16
6361.38494158091  3.461749E-16
6365.46644592585  3.518889E-16
6369.54795027079  3.581233E-16
6373.62945461573  3.643060E-16
6377.71095896067  3.758649E-16
6381.79246330561  3.959537E-16
6385.87396765055  3.845955E-16
6389.95547199549  3.972651E-16
6394.03697634043  3.915427E-16
6398.11848068536  3.807036E-16
6402.19998503031  3.804277E-16
6406.28148937525  3.671606E-16
6410.36299372019  3.683590E-16
6414.44449806513  3.623772E-16
6418.52600241007  3.523125E-16
6422.60750675501  3.508708E-16
6426.68901109995  3.455209E-16
6430.77051544489  3.430933E-16
6434.85201978983  3.382469E-16
6438.93352413477  3.358124E-16
6443.01502847971  3.195222E-16
6447.09653282465  3.187785E-16
6451.17803716959  3.176510E-16
6455.25954151453  3.012393E-16
6459.34104585947  2.939571E-16
6463.42255020441  2.991033E-16
6467.50405454935  2.957313E-16
6471.58555889429  2.917942E-16
6475.66706323923  2.838034E-16
6479.74856758417  2.804424E-16
6483.83007192911  2.825264E-16
6487.91157627405  2.762600E-16
6491.99308061899  2.675097E-16
6496.07458496393  2.601418E-16
6500.15608930887  2.635500E-16
6504.23759365381  2.624200E-16
6508.31909799875  2.483191E-16
6512.40060234369  2.559619E-16
6516.48210668863  2.527239E-16
6520.56361103356  2.427171E-16
6524.6451153785  2.383924E-16
6528.72661972345  2.490233E-16
6532.80812406839  2.550715E-16
6536.88962841333  2.441128E-16
6540.97113275827  2.337786E-16
6545.05263710321  2.247042E-16
6549.13414144815  2.220976E-16
6553.21564579309  2.191546E-16
6557.29715013803  2.283575E-16
6561.37865448297  2.191207E-16
6565.46015882791  2.098592E-16
6569.54166317285  2.023753E-16
6573.62316751779  1.976370E-16
6577.70467186273  1.885160E-16
6581.78617620767  1.874425E-16
6585.86768055261  1.877673E-16
6589.94918489755  1.859108E-16
6594.03068924249  1.822306E-16
6598.11219358743  1.678300E-16
6602.19369793237  1.695137E-16
6606.27520227731  1.855482E-16
6610.35670662225  1.712386E-16
6614.43821096719  1.636709E-16
6618.51971531213  1.629546E-16
6622.60121965707  1.566944E-16
6626.68272400201  1.705364E-16
6630.76422834695  1.599597E-16
6634.84573269189  1.587109E-16
6638.92723703683  1.610538E-16
6643.00874138177  1.590055E-16
6647.09024572671  1.598234E-16
6651.17175007165  1.551636E-16
6655.25325441659  1.667341E-16
6659.33475876153  1.648244E-16
6663.41626310647  1.635112E-16
6667.49776745141  1.554224E-16
6671.57927179635  1.532382E-16
6675.66077614129  1.650451E-16
6679.74228048623  1.670814E-16
6683.82378483117  1.632080E-16
6687.90528917611  1.573904E-16
6691.98679352105  1.530945E-16
6696.06829786599  1.525098E-16
6700.14980221093  1.517530E-16
6704.23130655587  1.564209E-16
6708.31281090081  1.500291E-16
6712.39431524575  1.381740E-16
6716.47581959069  1.525051E-16
6720.55732393563  1.431798E-16
6724.63882828057  1.368335E-16
6728.72033262551  1.379442E-16
6732.80183697045  1.383473E-16
6736.88334131539  1.374005E-16
6740.96484566033  1.284541E-16
6745.04635000527  1.192879E-16
6749.12785435021  1.252234E-16
6753.20935869515  1.248849E-16
6757.29086304009  1.218517E-16
6761.37236738503  1.279827E-16
6765.45387172997  1.267430E-16
6769.53537607491  1.199962E-16
6773.61688041985  1.187276E-16
6777.69838476479  1.187904E-16
6781.77988910973  1.157897E-16
6785.86139345467  1.177537E-16
6789.94289779961  1.186989E-16
6794.02440214455  1.259235E-16
6798.10590648949  1.260177E-16
6802.18741083443  1.209153E-16
6806.26891517936  1.275639E-16
6810.35041952431  1.246043E-16
6814.43192386925  1.235562E-16
6818.51342821419  1.124771E-16
6822.59493255913  1.150276E-16
6826.67643690407  1.192414E-16
6830.75794124901  1.197413E-16
6834.83944559395  1.164776E-16
6838.92094993889  1.143402E-16
6843.00245428383  1.165375E-16
6847.08395862877  1.155188E-16
6851.16546297371  1.106670E-16
6855.24696731865  1.177465E-16
6859.32847166359  1.290835E-16
6863.40997600853  1.213787E-16
6867.49148035347  1.152749E-16
6871.57298469841  1.150190E-16
6875.65448904335  1.067455E-16
6879.73599338829  8.477781E-17
6883.81749773323  1.066253E-16
6887.89900207817  1.051491E-16
6891.98050642311  1.079530E-16
6896.06201076805  1.074554E-16
6900.14351511299  9.825113E-17
6904.22501945793  9.485898E-17
6908.30652380287  9.796690E-17
6912.38802814781  9.717812E-17
6916.46953249275  9.704979E-17
6920.55103683769  1.025313E-16
6924.63254118263  9.623820E-17
6928.71404552757  9.210616E-17
6932.79554987251  9.492370E-17
6936.87705421745  9.925383E-17
6940.95855856239  1.047834E-16
6945.04006290733  9.958018E-17
6949.12156725227  9.302244E-17
6953.20307159721  9.249845E-17
6957.28457594215  1.016558E-16
6961.36608028709  1.036770E-16
6965.44758463203  9.927041E-17
6969.52908897697  1.017084E-16
6973.61059332191  1.066201E-16
6977.69209766685  1.023165E-16
6981.77360201179  1.160459E-16
6985.85510635673  1.083049E-16
6989.93661070167  1.120882E-16
6994.01811504661  1.129353E-16
6998.09961939155  1.105295E-16
7002.18112373649  1.238144E-16
7006.26262808143  1.300836E-16
7010.34413242637  1.221708E-16
7014.42563677131  1.328144E-16
7018.50714111625  1.421507E-16
7022.58864546119  1.373551E-16
7026.67014980613  1.429370E-16
7030.75165415107  1.407177E-16
7034.83315849601  1.390291E-16
7038.91466284095  1.549870E-16
7042.99616718589  1.471329E-16
7047.07767153083  1.506898E-16
7051.15917587577  1.526733E-16
7055.24068022071  1.434752E-16
7059.32218456565  1.477610E-16
7063.40368891059  1.444272E-16
7067.48519325553  1.419927E-16
7071.56669760047  1.552228E-16
7075.64820194541  1.632635E-16
7079.72970629035  1.485992E-16
7083.81121063529  1.437873E-16
7087.89271498023  1.493542E-16
7091.97421932517  1.462229E-16
7096.05572367011  1.467896E-16
7100.13722801505  1.511402E-16
7104.21873235999  1.527199E-16
7108.30023670493  1.427012E-16
7112.38174104987  1.442260E-16
7116.46324539481  1.525558E-16
7120.54474973975  1.528114E-16
7124.62625408469  1.570976E-16
7128.70775842963  1.597534E-16
7132.78926277457  1.559199E-16
7136.87076711951  1.643945E-16
7140.95227146445  1.562176E-16
7145.03377580939  1.521051E-16
7149.11528015433  1.512672E-16
7153.19678449927  1.490557E-16
7157.27828884421  1.463139E-16
7161.35979318915  1.708232E-16
7165.44129753409  1.758074E-16
7169.52280187903  1.637236E-16
7173.60430622397  1.537544E-16
7177.68581056891  1.526768E-16
7181.76731491385  1.573037E-16
7185.84881925879  1.531661E-16
7189.93032360373  1.523887E-16
7194.01182794867  1.512483E-16
7198.09333229361  1.501527E-16
7202.17483663855  1.681392E-16
7206.25634098349  1.686867E-16
7210.33784532843  1.631014E-16
7214.41934967337  1.720858E-16
7218.50085401831  1.735077E-16
7222.58235836325  1.815871E-16
7226.66386270819  1.815120E-16
7230.74536705313  1.730500E-16
7234.82687139807  1.802502E-16
7238.90837574301  1.902027E-16
7242.98988008795  1.912218E-16
7247.07138443289  2.081367E-16
7251.15288877783  1.989480E-16
7255.23439312277  2.039158E-16
7259.31589746771  2.069222E-16
7263.39740181265  2.190823E-16
7267.47890615759  2.396055E-16
7271.56041050253  2.335103E-16
7275.64191484747  2.310586E-16
7279.72341919241  2.392764E-16
7283.80492353735  2.510157E-16
7287.88642788229  2.690411E-16
7291.96793222723  2.844055E-16
7296.04943657217  2.902550E-16
7300.13094091711  2.815107E-16
7304.21244526205  2.925456E-16
7308.29394960699  3.114214E-16
7312.37545395193  3.128360E-16
7316.45695829687  3.270790E-16
7320.53846264181  3.227365E-16
7324.61996698675  3.185642E-16
7328.70147133169  3.475981E-16
7332.78297567663  3.453034E-16
7336.86448002157  3.237436E-16
7340.94598436651  3.291713E-16
7345.02748871145  3.454236E-16
7349.10899305639  3.534951E-16
7353.19049740133  3.485156E-16
7357.27200174627  3.336079E-16
7361.35350609121  3.370802E-16
7365.43501043615  3.650196E-16
7369.51651478109  3.760539E-16
7373.59801912603  3.513426E-16
7377.67952347097  3.461962E-16
7381.76102781591  3.367606E-16
7385.84253216085  3.425291E-16
7389.92403650579  3.394009E-16
7394.00554085073  3.300086E-16
7398.08704519567  3.137537E-16
7402.16854954061  3.168889E-16
7406.25005388555  3.373214E-16
7410.33155823049  3.190109E-16
7414.41306257543  2.942312E-16
7418.49456692037  2.957443E-16
7422.57607126531  3.130707E-16
7426.65757561025  2.930449E-16
7430.73907995519  2.514998E-16
7434.82058430013  2.528915E-16
7438.90208864507  2.595842E-16
7442.98359299001  2.525539E-16
7447.06509733495  2.306119E-16
7451.14660167989  2.174317E-16
7455.22810602483  2.204695E-16
7459.30961036977  2.211417E-16
7463.39111471471  2.102398E-16
7467.47261905965  1.924446E-16
7471.55412340459  1.869197E-16
7475.63562774953  1.879488E-16
7479.71713209447  1.961587E-16
7483.79863643941  1.852526E-16
