3357.86987305  0.
3361.95118999794  5.969124E-17
3366.03250694588  -2.192305E-17
3370.11382389382  6.053850E-17
3374.19514084176  5.259286E-18
3378.2764577897  5.760946E-17
3382.35777473764  7.804055E-17
3386.43909168558  1.839018E-17
3390.52040863352  3.400270E-17
3394.60172558146  5.588880E-17
3398.6830425294  1.548111E-17
3402.76435947734  7.457172E-17
3406.84567642528  -1.461946E-17
3410.92699337322  5.366329E-17
3415.00831032116  5.860972E-17
3419.0896272691  5.902887E-17
3423.17094421704  6.416042E-17
3427.25226116498  6.074855E-17
3431.33357811292  4.261316E-17
3435.41489506086  6.895531E-17
3439.4962120088  1.651381E-17
3443.57752895674  7.505804E-17
3447.65884590468  6.641305E-17
3451.74016285262  6.233007E-17
3455.82147980056  9.687915E-17
3459.9027967485  9.604758E-17
3463.98411369644  6.447420E-17
3468.06543064438  6.623548E-17
3472.14674759232  8.181665E-17
3476.22806454026  9.518707E-17
3480.3093814882  2.745510E-17
3484.39069843614  4.767740E-17
3488.47201538408  9.219678E-17
3492.55333233202  7.625025E-17
3496.63464927996  1.288677E-16
3500.7159662279  7.635057E-17
3504.79728317584  7.779033E-17
3508.87860012378  1.079684E-16
3512.95991707172  6.934787E-17
3517.04123401966  1.041957E-16
3521.1225509676  3.843819E-17
3525.20386791554  6.973769E-17
3529.28518486348  2.530284E-17
3533.36650181142  5.990229E-17
3537.44781875936  7.041347E-17
3541.5291357073  7.429312E-17
3545.61045265524  4.449525E-17
3549.69176960318  2.062410E-17
3553.77308655112  1.488951E-17
3557.85440349906  1.853492E-17
3561.935720447  2.607625E-17
3566.01703739494  3.804930E-17
3570.09835434288  2.043352E-17
3574.17967129082  4.474852E-17
3578.26098823876  5.956112E-17
3582.3423051867  4.065207E-17
3586.42362213464  6.366778E-17
3590.50493908258  5.951940E-17
3594.58625603052  6.019970E-17
3598.66757297846  4.845668E-17
3602.7488899264  7.953334E-17
3606.83020687434  7.394430E-17
3610.91152382228  6.705665E-17
3614.99284077022  4.652114E-17
3619.07415771816  5.383418E-17
3623.1554746661  6.002313E-17
3627.23679161404  8.298646E-17
3631.31810856198  3.925633E-17
3635.39942550992  6.514194E-17
3639.48074245786  5.826173E-17
3643.5620594058  5.885382E-17
3647.64337635374  8.300781E-17
3651.72469330168  9.958928E-17
3655.80601024962  7.185398E-17
3659.88732719756  4.923508E-17
3663.9686441455  7.312447E-17
3668.04996109344  8.200471E-17
3672.13127804138  6.242544E-17
3676.21259498932  5.244538E-17
3680.29391193726  9.746705E-17
3684.3752288852  7.831392E-17
3688.45654583314  5.203318E-17
3692.53786278108  7.543211E-17
3696.61917972902  6.729288E-17
3700.70049667696  6.652765E-17
3704.7818136249  9.155989E-17
3708.86313057284  6.535554E-17
3712.94444752078  5.067018E-17
3717.02576446872  4.083564E-17
3721.10708141666  7.600248E-17
3725.1883983646  6.852311E-17
3729.26971531254  5.401876E-17
3733.35103226048  6.221837E-17
3737.43234920842  7.119395E-17
3741.51366615636  5.374114E-17
3745.5949831043  7.054640E-17
3749.67630005224  5.264916E-17
3753.75761700018  6.412378E-17
3757.83893394812  5.852556E-17
3761.92025089606  7.752467E-17
3766.001567844  6.880242E-17
3770.08288479194  7.453134E-17
3774.16420173988  5.418221E-17
3778.24551868782  3.860434E-17
3782.32683563576  4.539050E-17
3786.4081525837  4.786861E-17
3790.48946953164  4.983476E-17
3794.57078647958  5.228046E-17
3798.65210342752  5.233425E-17
3802.73342037546  3.832227E-17
3806.8147373234  4.595412E-17
3810.89605427134  4.340418E-17
3814.97737121928  3.312096E-17
3819.05868816722  5.096258E-17
3823.14000511516  3.951432E-17
3827.2213220631  5.122890E-17
3831.30263901104  3.205872E-17
3835.38395595898  4.477942E-17
3839.46527290692  4.753232E-17
3843.54658985486  5.025252E-17
3847.6279068028  4.674664E-17
3851.70922375074  4.320713E-17
3855.79054069868  4.637979E-17
3859.87185764662  6.179438E-17
3863.95317459456  4.191534E-17
3868.0344915425  5.068717E-17
3872.11580849044  4.894625E-17
3876.19712543838  5.819045E-17
3880.27844238632  7.415375E-17
3884.35975933426  5.866473E-17
3888.4410762822  5.471761E-17
3892.52239323014  6.798992E-17
3896.60371017808  6.268370E-17
3900.68502712602  7.209808E-17
3904.76634407396  6.355244E-17
3908.8476610219  6.182049E-17
3912.92897796984  6.592467E-17
3917.01029491778  5.933108E-17
3921.09161186572  6.341718E-17
3925.17292881366  7.108341E-17
3929.2542457616  6.026476E-17
3933.33556270954  6.696252E-17
3937.41687965748  6.553274E-17
3941.49819660542  7.056071E-17
3945.57951355336  6.132190E-17
3949.6608305013  9.054470E-17
3953.74214744924  6.034361E-17
3957.82346439718  8.652189E-17
3961.90478134512  9.275101E-17
3965.98609829306  9.087030E-17
3970.067415241  9.403857E-17
3974.14873218894  1.094526E-16
3978.23004913688  1.042576E-16
3982.31136608482  1.050712E-16
3986.39268303276  1.221540E-16
3990.4739999807  1.032965E-16
3994.55531692864  9.954597E-17
3998.63663387658  1.141527E-16
4002.71795082452  1.104268E-16
4006.79926777246  1.093004E-16
4010.8805847204  1.106909E-16
4014.96190166834  1.131400E-16
4019.04321861628  1.106493E-16
4023.12453556422  9.886432E-17
4027.20585251216  1.022022E-16
4031.2871694601  1.049060E-16
4035.36848640804  1.184018E-16
4039.44980335598  1.138625E-16
4043.53112030392  1.054773E-16
4047.61243725186  1.056831E-16
4051.6937541998  1.107574E-16
4055.77507114774  1.140140E-16
4059.85638809568  1.104653E-16
4063.93770504362  1.203859E-16
4068.01902199156  1.065907E-16
4072.1003389395  1.328842E-16
4076.18165588744  1.100803E-16
4080.26297283538  1.211107E-16
4084.34428978332  1.220388E-16
4088.42560673126  1.292210E-16
4092.5069236792  1.223804E-16
4096.58824062714  1.120449E-16
4100.66955757508  1.307309E-16
4104.75087452302  1.208809E-16
4108.83219147096  1.207775E-16
4112.9135084189  1.225400E-16
4116.99482536684  1.236562E-16
4121.07614231478  1.131645E-16
4125.15745926272  1.090983E-16
4129.23877621066  1.111363E-16
4133.3200931586  1.006767E-16
4137.40141010654  1.079930E-16
4141.48272705448  1.129758E-16
4145.56404400242  1.059095E-16
4149.64536095036  1.168054E-16
4153.7266778983  1.040105E-16
4157.80799484624  1.130656E-16
4161.88931179418  1.218390E-16
4165.97062874212  1.105257E-16
4170.05194569006  1.061238E-16
4174.133262638  1.075788E-16
4178.21457958594  1.111212E-16
4182.29589653388  1.043599E-16
4186.37721348182  1.123048E-16
4190.45853042976  1.132364E-16
4194.5398473777  1.131352E-16
4198.62116432564  1.066145E-16
4202.70248127358  1.104789E-16
4206.78379822152  1.133685E-16
4210.86511516946  1.219446E-16
4214.9464321174  1.178659E-16
4219.02774906534  1.147641E-16
4223.10906601328  1.236441E-16
4227.19038296122  1.175058E-16
4231.27169990916  1.090392E-16
4235.3530168571  9.840768E-17
4239.43433380504  9.245314E-17
4243.51565075298  1.091276E-16
4247.59696770092  1.138040E-16
4251.67828464886  1.166401E-16
4255.7596015968  1.105407E-16
4259.84091854474  1.112121E-16
4263.92223549268  1.227676E-16
4268.00355244062  1.173434E-16
4272.08486938856  1.041869E-16
4276.1661863365  1.151710E-16
4280.24750328444  1.229005E-16
4284.32882023238  1.367259E-16
4288.41013718032  1.251677E-16
4292.49145412826  1.028904E-16
4296.5727710762  1.011442E-16
4300.65408802414  1.148030E-16
4304.73540497208  1.149584E-16
4308.81672192002  1.203251E-16
4312.89803886796  1.116541E-16
4316.9793558159  1.136437E-16
4321.06067276384  1.151987E-16
4325.14198971178  1.325593E-16
4329.22330665972  1.270615E-16
4333.30462360766  1.191556E-16
4337.3859405556  1.262214E-16
4341.46725750354  1.286197E-16
4345.54857445148  1.356858E-16
4349.62989139942  1.250813E-16
4353.71120834737  1.263655E-16
4357.7925252953  1.426212E-16
4361.87384224324  1.429918E-16
4365.95515919118  1.293614E-16
4370.03647613912  1.353121E-16
4374.11779308706  1.279656E-16
4378.199110035  1.304509E-16
4382.28042698294  1.183275E-16
4386.36174393088  1.287346E-16
4390.44306087882  1.198261E-16
4394.52437782676  1.235737E-16
4398.6056947747  1.350486E-16
4402.68701172264  1.269006E-16
4406.76832867058  1.332419E-16
4410.84964561852  1.231737E-16
4414.93096256646  1.340961E-16
4419.0122795144  1.370698E-16
4423.09359646234  1.313959E-16
4427.17491341028  1.264411E-16
4431.25623035822  1.253115E-16
4435.33754730616  1.248592E-16
4439.4188642541  1.296085E-16
4443.50018120204  1.355909E-16
4447.58149814998  1.349892E-16
4451.66281509792  1.192225E-16
4455.74413204586  1.194868E-16
4459.8254489938  1.190811E-16
4463.90676594174  1.331585E-16
4467.98808288968  1.287058E-16
4472.06939983762  1.260335E-16
4476.15071678556  1.132270E-16
4480.2320337335  1.280405E-16
4484.31335068144  1.342306E-16
4488.39466762938  1.249553E-16
4492.47598457732  1.366697E-16
4496.55730152526  1.202547E-16
4500.6386184732  1.221104E-16
4504.71993542114  1.274083E-16
4508.80125236908  1.277613E-16
4512.88256931702  1.298506E-16
4516.96388626496  1.318751E-16
4521.0452032129  1.259001E-16
4525.12652016084  1.398581E-16
4529.20783710878  1.308569E-16
4533.28915405672  1.481761E-16
4537.37047100466  1.369123E-16
4541.4517879526  1.328642E-16
4545.53310490054  1.399290E-16
4549.61442184848  1.433609E-16
4553.69573879642  1.542809E-16
4557.77705574436  1.571784E-16
4561.8583726923  1.576274E-16
4565.93968964024  1.734248E-16
4570.02100658818  1.803469E-16
4574.10232353612  1.962321E-16
4578.18364048406  2.011671E-16
4582.264957432  2.005456E-16
4586.34627437994  1.986177E-16
4590.42759132788  1.893875E-16
4594.50890827582  1.867912E-16
4598.59022522376  1.928210E-16
4602.6715421717  1.816323E-16
4606.75285911964  1.881476E-16
4610.83417606758  1.928811E-16
4614.91549301552  1.820982E-16
4618.99680996346  1.905175E-16
4623.0781269114  1.968026E-16
4627.15944385934  1.931745E-16
4631.24076080728  1.945001E-16
4635.32207775522  1.901590E-16
4639.40339470316  1.857742E-16
4643.4847116511  1.992447E-16
4647.56602859904  1.888467E-16
4651.64734554698  1.858710E-16
4655.72866249492  1.852507E-16
4659.80997944286  1.744474E-16
4663.8912963908  1.850974E-16
4667.97261333874  1.773802E-16
4672.05393028668  1.756781E-16
4676.13524723462  1.547343E-16
4680.21656418256  1.606094E-16
4684.2978811305  1.587325E-16
4688.37919807844  1.520671E-16
4692.46051502639  1.588580E-16
4696.54183197432  1.697296E-16
4700.62314892226  1.447539E-16
4704.7044658702  1.522689E-16
4708.78578281814  1.398114E-16
4712.86709976608  1.468631E-16
4716.94841671402  1.310692E-16
4721.02973366196  1.357835E-16
4725.1110506099  1.520831E-16
4729.19236755784  1.441575E-16
4733.27368450578  1.392990E-16
4737.35500145372  1.232365E-16
4741.43631840166  1.287963E-16
4745.5176353496  1.397901E-16
4749.59895229754  1.315191E-16
4753.68026924548  1.214779E-16
4757.76158619342  1.242559E-16
4761.84290314136  1.250755E-16
4765.9242200893  1.316570E-16
4770.00553703724  1.247892E-16
4774.08685398518  1.236346E-16
4778.16817093312  1.152266E-16
4782.24948788106  1.198779E-16
4786.330804829  1.141666E-16
4790.41212177694  1.215828E-16
4794.49343872488  1.256601E-16
4798.57475567282  1.222315E-16
4802.65607262077  1.078417E-16
4806.7373895687  1.197234E-16
4810.81870651664  1.239900E-16
4814.90002346458  1.249124E-16
4818.98134041252  1.295493E-16
4823.06265736046  1.168554E-16
4827.1439743084  1.292706E-16
4831.22529125634  1.288878E-16
4835.30660820428  1.124071E-16
4839.38792515222  1.097803E-16
4843.46924210016  1.223821E-16
4847.5505590481  1.255609E-16
4851.63187599604  1.129340E-16
4855.71319294398  1.232871E-16
4859.79450989192  1.215794E-16
4863.87582683986  1.202568E-16
4867.9571437878  1.217114E-16
4872.03846073574  1.065791E-16
4876.11977768368  1.238539E-16
4880.20109463162  1.237959E-16
4884.28241157956  1.139340E-16
4888.3637285275  1.291272E-16
4892.44504547544  1.217686E-16
4896.52636242338  1.218187E-16
4900.60767937132  1.147829E-16
4904.68899631926  1.206616E-16
4908.7703132672  1.134569E-16
4912.85163021514  1.064567E-16
4916.93294716309  1.138142E-16
4921.01426411102  9.829537E-17
4925.09558105896  9.932443E-17
4929.1768980069  1.014462E-16
4933.25821495484  1.109679E-16
4937.33953190278  9.715354E-17
4941.42084885072  1.025622E-16
4945.50216579866  9.995167E-17
4949.5834827466  1.064219E-16
4953.66479969454  1.058357E-16
4957.74611664248  8.757282E-17
4961.82743359042  1.023488E-16
4965.90875053836  9.967170E-17
4969.9900674863  1.224442E-16
4974.07138443425  1.105643E-16
4978.15270138218  1.085149E-16
4982.23401833012  1.214286E-16
4986.31533527807  1.123265E-16
4990.396652226  1.247038E-16
4994.47796917394  1.257067E-16
4998.55928612188  1.364710E-16
5002.64060306983  1.352645E-16
5006.72192001776  1.464044E-16
5010.8032369657  1.378568E-16
5014.88455391364  1.438114E-16
5018.96587086159  1.494973E-16
5023.04718780952  1.493283E-16
5027.12850475746  1.517427E-16
5031.2098217054  1.685691E-16
5035.29113865334  1.714303E-16
5039.37245560129  1.669074E-16
5043.45377254923  1.627268E-16
5047.53508949716  1.590981E-16
5051.6164064451  1.603717E-16
5055.69772339304  1.569452E-16
5059.77904034098  1.570916E-16
5063.86035728892  1.502245E-16
5067.94167423687  1.447303E-16
5072.0229911848  1.484612E-16
5076.10430813274  1.327464E-16
5080.18562508068  1.419097E-16
5084.26694202863  1.476408E-16
5088.34825897657  1.451870E-16
5092.4295759245  1.431081E-16
5096.51089287244  1.375621E-16
5100.59220982039  1.348840E-16
5104.67352676833  1.369943E-16
5108.75484371626  1.391302E-16
5112.83616066421  1.355119E-16
5116.91747761214  1.419762E-16
5120.99879456008  1.317100E-16
5125.08011150803  1.311465E-16
5129.16142845597  1.349993E-16
5133.24274540391  1.307686E-16
5137.32406235185  1.339055E-16
5141.40537929978  1.421606E-16
5145.48669624772  1.450668E-16
5149.56801319566  1.287890E-16
5153.6493301436  1.353271E-16
5157.73064709155  1.370790E-16
5161.81196403949  1.383650E-16
5165.89328098742  1.538971E-16
5169.97459793536  1.513687E-16
5174.0559148833  1.608191E-16
5178.13723183125  1.711172E-16
5182.21854877919  1.806077E-16
5186.29986572712  1.938366E-16
5190.38118267506  1.858556E-16
5194.462499623  2.029357E-16
5198.54381657094  2.003628E-16
5202.62513351888  1.963595E-16
5206.70645046683  1.883911E-16
5210.78776741476  1.859874E-16
5214.86908436271  1.789683E-16
5218.95040131065  1.704053E-16
5223.03171825858  1.711367E-16
5227.11303520653  1.741636E-16
5231.19435215447  1.778113E-16
5235.27566910241  1.822626E-16
5239.35698605035  1.843092E-16
5243.43830299828  1.826872E-16
5247.51961994622  1.809628E-16
5251.60093689416  1.792538E-16
5255.68225384211  1.879459E-16
5259.76357079004  1.854827E-16
5263.84488773798  1.781936E-16
5267.92620468592  1.857996E-16
5272.00752163387  1.821042E-16
5276.08883858181  1.920012E-16
5280.17015552974  1.935194E-16
5284.25147247769  1.811105E-16
5288.33278942562  1.879257E-16
5292.41410637357  1.844042E-16
5296.49542332151  1.841584E-16
5300.57674026945  1.834630E-16
5304.65805721738  1.823345E-16
5308.73937416533  1.711354E-16
5312.82069111327  1.707007E-16
5316.9020080612  1.738176E-16
5320.98332500915  1.730544E-16
5325.06464195709  1.636948E-16
5329.14595890503  1.681708E-16
5333.22727585296  1.732629E-16
5337.3085928009  1.685879E-16
5341.38990974884  1.692174E-16
5345.47122669678  1.679862E-16
5349.55254364473  1.775645E-16
5353.63386059267  1.754000E-16
5357.71517754061  1.716220E-16
5361.79649448854  1.621500E-16
5365.87781143649  1.625242E-16
5369.95912838443  1.666211E-16
5374.04044533237  1.606501E-16
5378.12176228031  1.643105E-16
5382.20307922825  1.685154E-16
5386.28439617619  1.685307E-16
5390.36571312412  1.566690E-16
5394.44703007206  1.542836E-16
5398.52834702  1.595895E-16
5402.60966396794  1.589631E-16
5406.69098091589  1.586101E-16
5410.77229786383  1.507472E-16
5414.85361481177  1.483770E-16
5418.93493175971  1.537322E-16
5423.01624870765  1.542963E-16
5427.09756565558  1.558735E-16
5431.17888260352  1.548689E-16
5435.26019955146  1.465872E-16
5439.3415164994  1.501136E-16
5443.42283344735  1.470104E-16
5447.50415039529  1.536837E-16
5451.58546734322  1.495066E-16
5455.66678429116  1.455019E-16
5459.74810123911  1.515281E-16
5463.82941818705  1.468320E-16
5467.91073513499  1.366803E-16
5471.99205208293  1.341135E-16
5476.07336903086  1.361194E-16
5480.15468597881  1.384271E-16
5484.23600292674  1.361565E-16
5488.31731987468  1.411261E-16
5492.39863682262  1.379648E-16
5496.47995377057  1.371620E-16
5500.56127071851  1.320597E-16
5504.64258766645  1.355335E-16
5508.72390461438  1.335837E-16
5512.80522156233  1.270241E-16
5516.88653851026  1.246789E-16
5520.9678554582  1.307136E-16
5525.04917240615  1.243018E-16
5529.13048935409  1.288241E-16
5533.21180630203  1.319715E-16
5537.29312324997  1.309120E-16
5541.3744401979  1.388060E-16
5545.45575714584  1.385918E-16
5549.53707409378  1.361560E-16
5553.61839104173  1.376267E-16
5557.69970798967  1.429052E-16
5561.78102493761  1.479052E-16
5565.86234188554  1.506211E-16
5569.94365883349  1.618751E-16
5574.02497578143  1.780943E-16
5578.10629272936  1.860550E-16
5582.18760967731  1.926277E-16
5586.26892662524  2.016921E-16
5590.35024357318  2.040882E-16
5594.43156052113  1.961698E-16
5598.51287746906  1.968029E-16
5602.59419441701  1.777217E-16
5606.67551136495  1.760081E-16
5610.75682831289  1.882423E-16
5614.83814526082  1.673980E-16
5618.91946220877  1.521119E-16
5623.00077915671  1.487964E-16
5627.08209610465  1.477965E-16
5631.16341305259  1.435896E-16
5635.24473000052  1.369025E-16
5639.32604694847  1.391512E-16
5643.40736389641  1.507807E-16
5647.48868084435  1.412397E-16
5651.56999779229  1.363206E-16
5655.65131474023  1.392033E-16
5659.73263168816  1.331831E-16
5663.81394863611  1.334337E-16
5667.89526558405  1.304207E-16
5671.97658253198  1.379755E-16
5676.05789947993  1.372208E-16
5680.13921642787  1.430960E-16
5684.22053337581  1.385718E-16
5688.30185032375  1.231512E-16
5692.38316727168  1.211079E-16
5696.46448421963  1.126806E-16
5700.54580116757  1.087949E-16
5704.6271181155  9.967777E-17
5708.70843506344  9.252061E-17
5712.78975201138  1.017334E-16
5716.87106895932  9.145820E-17
5720.95238590727  8.623922E-17
5725.03370285521  8.394490E-17
5729.11501980314  7.781115E-17
5733.19633675109  8.099334E-17
5737.27765369903  7.679032E-17
5741.35897064697  7.676908E-17
5745.44028759491  9.018965E-17
5749.52160454285  7.603719E-17
5753.60292149079  6.877334E-17
5757.68423843873  8.054486E-17
5761.76555538666  7.470739E-17
5765.8468723346  6.831012E-17
5769.92818928255  6.217833E-17
5774.00950623048  5.365501E-17
5778.09082317843  5.980635E-17
5782.17214012637  5.936761E-17
5786.25345707431  5.825741E-17
5790.33477402225  5.491806E-17
5794.41609097019  5.419379E-17
5798.49740791812  5.957508E-17
5802.57872486606  5.232153E-17
5806.660041814  4.955956E-17
5810.74135876195  6.470868E-17
5814.82267570989  5.921048E-17
5818.90399265783  5.350992E-17
5822.98530960577  5.776572E-17
5827.06662655371  5.434499E-17
5831.14794350164  5.808386E-17
5835.22926044959  6.317340E-17
5839.31057739753  6.404569E-17
5843.39189434547  6.225836E-17
5847.47321129341  6.682459E-17
5851.55452824135  6.497215E-17
5855.63584518929  7.016517E-17
5859.71716213723  7.369279E-17
5863.79847908517  6.629472E-17
5867.87979603311  6.239937E-17
5871.96111298105  7.209339E-17
5876.04242992899  8.161737E-17
5880.12374687693  7.835507E-17
5884.20506382487  7.836137E-17
5888.28638077281  7.781624E-17
5892.36769772075  9.253884E-17
5896.44901466869  7.822667E-17
5900.53033161662  8.594090E-17
5904.61164856457  8.608548E-17
5908.69296551251  7.165217E-17
5912.77428246045  8.311920E-17
5916.85559940839  8.061853E-17
5920.93691635632  8.353291E-17
5925.01823330427  8.823084E-17
5929.09955025221  9.218292E-17
5933.18086720015  8.766563E-17
5937.26218414809  8.336854E-17
5941.34350109603  8.624016E-17
5945.42481804396  8.613178E-17
5949.50613499191  8.425690E-17
5953.58745193985  9.164372E-17
5957.66876888779  9.032509E-17
5961.75008583573  7.742061E-17
5965.83140278367  8.492173E-17
5969.91271973161  9.295332E-17
5973.99403667955  8.895095E-17
5978.07535362749  8.808194E-17
5982.15667057543  9.646002E-17
5986.23798752337  9.117365E-17
5990.31930447131  8.675351E-17
5994.40062141925  1.014700E-16
5998.48193836719  9.967106E-17
6002.56325531512  9.421853E-17
6006.64457226307  9.890575E-17
6010.72588921101  1.018915E-16
6014.80720615894  9.622358E-17
6018.88852310689  9.462214E-17
6022.96984005483  8.817260E-17
6027.05115700277  9.847295E-17
6031.13247395071  8.560398E-17
6035.21379089865  8.516192E-17
6039.29510784659  8.754491E-17
6043.37642479453  8.002771E-17
6047.45774174247  7.706368E-17
6051.53905869041  7.991492E-17
6055.62037563835  7.760556E-17
6059.70169258629  6.764886E-17
6063.78300953423  7.082654E-17
6067.86432648217  7.428242E-17
6071.94564343011  6.704123E-17
6076.02696037805  7.067162E-17
6080.10827732599  7.338779E-17
6084.18959427392  7.242034E-17
6088.27091122187  6.633234E-17
6092.35222816981  7.052086E-17
6096.43354511775  7.421010E-17
6100.51486206569  6.741336E-17
6104.59617901363  6.965918E-17
6108.67749596157  6.890593E-17
6112.75881290951  6.402718E-17
6116.84012985745  7.278816E-17
6120.92144680539  6.463689E-17
6125.00276375333  6.415973E-17
6129.08408070127  7.258784E-17
6133.16539764921  6.799619E-17
6137.24671459715  6.613315E-17
6141.32803154508  6.904489E-17
6145.40934849303  6.941480E-17
6149.49066544097  6.905965E-17
6153.57198238891  7.345531E-17
6157.65329933685  7.113185E-17
6161.73461628479  7.762804E-17
6165.81593323273  8.280259E-17
6169.89725018067  6.898501E-17
6173.97856712861  6.795836E-17
6178.05988407654  7.362111E-17
6182.14120102449  7.496549E-17
6186.22251797243  8.604654E-17
6190.30383492037  8.149816E-17
6194.38515186831  7.958786E-17
6198.46646881624  8.237591E-17
6202.54778576419  7.485462E-17
6206.62910271212  8.669550E-17
6210.71041966007  8.699376E-17
6214.79173660801  9.805188E-17
6218.87305355595  8.741462E-17
6222.95437050389  1.001114E-16
6227.03568745183  1.003850E-16
6231.11700439977  1.213766E-16
6235.1983213477  1.212689E-16
6239.27963829565  1.192610E-16
6243.36095524359  1.318943E-16
6247.44227219153  1.402647E-16
6251.52358913947  1.389073E-16
6255.6049060874  1.479739E-16
6259.68622303535  1.605289E-16
6263.76753998329  1.731493E-16
6267.84885693123  1.805251E-16
6271.93017387917  1.909607E-16
6276.01149082711  2.081774E-16
6280.09280777505  2.247842E-16
6284.17412472299  2.606597E-16
6288.25544167093  2.980492E-16
6292.33675861886  3.262807E-16
6296.41807556681  3.754151E-16
6300.49939251475  4.118000E-16
6304.58070946269  4.457795E-16
6308.66202641063  4.635744E-16
6312.74334335857  4.500907E-16
6316.82466030651  4.621545E-16
6320.90597725445  4.621304E-16
6324.98729420239  4.620807E-16
6329.06861115033  4.485195E-16
6333.14992809827  4.428747E-16
6337.23124504621  4.267686E-16
6341.31256199415  4.327478E-16
6345.39387894209  4.340257E-16
6349.47519589002  4.329950E-16
6353.55651283797  4.388781E-16
6357.63782978591  4.507219E-16
6361.71914673385  4.455264E-16
6365.80046368179  4.424799E-16
6369.88178062973  4.636874E-16
6373.96309757767  4.686391E-16
6378.04441452561  4.712010E-16
6382.12573147355  4.795395E-16
6386.20704842149  4.719238E-16
6390.28836536943  4.537264E-16
6394.36968231737  4.526137E-16
6398.45099926531  4.457095E-16
6402.53231621325  4.494273E-16
6406.61363316119  4.184484E-16
6410.69495010913  4.095068E-16
6414.77626705707  4.190438E-16
6418.85758400501  4.070998E-16
6422.93890095295  4.051405E-16
6427.02021790089  3.833236E-16
6431.10153484883  3.392423E-16
6435.18285179677  3.340071E-16
6439.26416874471  3.264550E-16
6443.34548569265  3.212413E-16
6447.42680264059  2.959588E-16
6451.50811958853  3.018536E-16
6455.58943653647  2.840127E-16
6459.67075348441  2.761442E-16
6463.75207043235  2.678137E-16
6467.83338738029  2.541974E-16
6471.91470432823  2.544088E-16
6475.99602127617  2.480119E-16
6480.07733822411  2.321094E-16
6484.15865517205  2.285655E-16
6488.23997211998  2.293417E-16
6492.32128906793  2.139481E-16
6496.40260601587  1.946193E-16
6500.48392296381  1.953627E-16
6504.56523991175  1.764519E-16
6508.64655685969  1.809615E-16
6512.72787380763  1.819393E-16
6516.80919075557  1.753513E-16
6520.8905077035  1.636067E-16
6524.97182465145  1.598973E-16
6529.05314159939  1.588768E-16
6533.13445854733  1.584676E-16
6537.21577549527  1.599672E-16
6541.29709244321  1.423355E-16
6545.37840939115  1.553730E-16
6549.45972633909  1.407869E-16
6553.54104328703  1.438757E-16
6557.62236023497  1.330872E-16
6561.70367718291  1.325353E-16
6565.78499413085  1.334985E-16
6569.86631107879  1.289278E-16
6573.94762802673  1.207802E-16
6578.02894497466  1.197538E-16
6582.11026192261  1.258575E-16
6586.19157887055  1.266913E-16
6590.27289581849  1.223083E-16
6594.35421276643  1.152776E-16
6598.43552971437  1.012892E-16
6602.51684666231  1.146982E-16
6606.59816361025  1.125613E-16
6610.67948055819  1.060969E-16
6614.76079750613  1.079823E-16
6618.84211445407  1.042567E-16
6622.92343140201  1.144334E-16
6627.00474834995  1.021866E-16
6631.08606529789  1.034527E-16
6635.16738224583  1.075100E-16
6639.24869919377  1.009786E-16
6643.33001614171  9.822415E-17
6647.41133308965  9.760316E-17
6651.49265003759  9.491236E-17
6655.57396698553  9.474077E-17
6659.65528393347  9.250410E-17
6663.73660088141  8.188963E-17
6667.81791782934  8.636308E-17
6671.89923477729  8.562290E-17
6675.98055172523  8.403372E-17
6680.06186867317  8.137404E-17
6684.14318562111  8.054561E-17
6688.22450256905  8.165825E-17
6692.30581951699  7.230684E-17
6696.38713646493  7.486172E-17
6700.46845341287  8.049673E-17
6704.5497703608  7.303620E-17
6708.63108730875  8.707066E-17
6712.71240425669  7.218785E-17
6716.79372120463  7.338328E-17
6720.87503815257  6.727176E-17
6724.95635510051  5.845160E-17
6729.03767204845  6.318447E-17
6733.11898899639  7.383151E-17
6737.20030594433  6.676306E-17
6741.28162289227  5.831709E-17
6745.36293984021  6.127316E-17
6749.44425678815  5.783163E-17
6753.52557373609  6.026740E-17
6757.60689068403  6.595614E-17
6761.68820763197  5.988282E-17
6765.76952457991  5.272661E-17
6769.85084152785  6.397056E-17
6773.93215847579  5.936332E-17
6778.01347542373  5.346538E-17
6782.09479237167  5.606830E-17
6786.17610931961  5.460503E-17
6790.25742626755  5.550328E-17
6794.33874321549  6.160600E-17
6798.42006016343  5.811004E-17
6802.50137711137  4.916659E-17
6806.58269405931  5.294468E-17
6810.66401100725  6.011093E-17
6814.74532795519  5.817270E-17
6818.82664490313  5.302743E-17
6822.90796185107  5.904892E-17
6826.98927879901  5.648292E-17
6831.07059574695  6.539023E-17
6835.15191269489  4.540877E-17
6839.23322964283  4.976970E-17
6843.31454659077  5.592587E-17
6847.39586353871  6.175491E-17
6851.47718048665  5.747261E-17
6855.55849743459  4.642125E-17
6859.63981438253  4.648891E-17
6863.72113133047  4.625470E-17
6867.80244827841  4.245699E-17
6871.88376522635  3.581843E-17
6875.96508217429  4.826318E-17
6880.04639912223  2.987144E-17
6884.12771607017  4.286063E-17
6888.20903301811  5.343185E-17
6892.29034996605  5.272852E-17
6896.37166691399  4.558567E-17
6900.45298386193  4.244527E-17
6904.53430080987  5.034431E-17
6908.61561775781  4.807744E-17
6912.69693470575  4.330318E-17
6916.77825165369  5.050527E-17
6920.85956860163  4.908223E-17
6924.94088554957  3.162529E-17
6929.02220249751  4.089649E-17
6933.10351944545  4.471215E-17
6937.18483639339  4.159534E-17
6941.26615334133  3.566255E-17
6945.34747028927  3.893173E-17
6949.42878723721  4.321525E-17
6953.51010418515  4.238311E-17
6957.59142113309  4.575852E-17
6961.67273808103  4.387593E-17
6965.75405502897  4.108722E-17
6969.83537197691  3.882992E-17
6973.91668892485  4.561037E-17
6977.99800587279  5.354550E-17
6982.07932282073  5.872743E-17
6986.16063976867  5.221912E-17
6990.24195671661  5.913248E-17
6994.32327366455  4.797270E-17
6998.40459061249  4.595568E-17
7002.48590756043  5.424210E-17
7006.56722450837  5.670354E-17
7010.64854145631  5.523954E-17
7014.72985840425  5.324098E-17
7018.81117535219  5.713593E-17
7022.89249230013  6.245385E-17
7026.97380924807  6.806250E-17
7031.05512619601  6.466310E-17
7035.13644314395  7.311101E-17
7039.21776009189  6.297548E-17
7043.29907703983  7.257493E-17
7047.38039398777  7.046932E-17
7051.46171093571  7.417091E-17
7055.54302788365  6.913798E-17
7059.62434483159  6.665218E-17
7063.70566177953  7.042917E-17
7067.78697872747  7.004934E-17
7071.86829567541  7.225211E-17
7075.94961262335  7.195121E-17
7080.03092957129  7.049985E-17
7084.11224651923  6.613781E-17
7088.19356346717  7.634982E-17
7092.27488041511  7.318068E-17
7096.35619736305  7.185529E-17
7100.43751431099  6.991982E-17
7104.51883125893  7.098461E-17
7108.60014820687  8.457016E-17
7112.68146515481  8.145531E-17
7116.76278210275  7.921064E-17
7120.84409905069  8.254549E-17
7124.92541599863  7.607568E-17
7129.00673294657  8.224661E-17
7133.08804989451  8.268703E-17
7137.16936684245  8.432856E-17
7141.25068379039  8.733652E-17
7145.33200073833  9.161515E-17
7149.41331768627  8.779003E-17
7153.49463463421  9.040714E-17
7157.57595158215  9.663705E-17
7161.65726853009  1.008496E-16
7165.73858547803  8.883322E-17
7169.81990242597  8.746648E-17
7173.90121937391  9.539388E-17
7177.98253632185  8.578240E-17
7182.06385326979  8.328784E-17
7186.14517021773  8.828200E-17
7190.22648716567  8.380381E-17
7194.30780411361  8.102423E-17
7198.38912106155  8.162526E-17
7202.47043800949  9.307426E-17
7206.55175495743  9.991113E-17
7210.63307190537  1.052103E-16
7214.71438885331  1.016356E-16
7218.79570580125  1.070625E-16
7222.87702274919  1.048441E-16
7226.95833969713  1.037733E-16
7231.03965664507  1.129856E-16
7235.12097359301  1.074043E-16
7239.20229054095  1.140788E-16
7243.28360748889  1.241058E-16
7247.36492443683  1.305900E-16
7251.44624138477  1.212108E-16
7255.52755833271  1.344766E-16
7259.60887528065  1.456280E-16
7263.69019222859  1.495199E-16
7267.77150917653  1.719850E-16
7271.85282612447  1.618185E-16
7275.93414307241  1.640651E-16
7280.01546002035  1.946645E-16
7284.09677696829  2.108619E-16
7288.17809391623  2.146908E-16
7292.25941086417  1.932091E-16
7296.34072781211  2.117654E-16
7300.42204476005  2.483833E-16
7304.50336170799  2.474235E-16
7308.58467865593  2.722008E-16
7312.66599560387  2.657015E-16
7316.74731255181  2.719782E-16
7320.82862949975  2.978252E-16
7324.90994644769  2.909293E-16
7328.99126339563  2.901369E-16
7333.07258034357  2.875160E-16
7337.15389729151  2.780565E-16
7341.23521423945  2.920739E-16
7345.31653118739  3.026341E-16
7349.39784813533  3.020167E-16
7353.47916508327  3.044812E-16
7357.56048203121  2.992268E-16
7361.64179897915  3.185895E-16
7365.72311592709  3.288335E-16
7369.80443287503  3.382966E-16
7373.88574982297  3.106519E-16
7377.96706677091  3.096513E-16
7382.04838371885  3.144572E-16
7386.12970066679  3.065918E-16
7390.21101761473  2.901212E-16
7394.29233456267  2.834864E-16
7398.37365151061  2.979331E-16
7402.45496845855  2.873553E-16
7406.53628540649  2.784813E-16
7410.61760235443  2.707390E-16
7414.69891930237  2.527869E-16
7418.78023625031  2.647131E-16
7422.86155319825  2.387009E-16
7426.94287014619  2.199575E-16
7431.02418709413  2.131480E-16
7435.10550404207  2.191802E-16
7439.18682099001  2.114589E-16
7443.26813793795  1.912364E-16
7447.34945488589  1.712707E-16
7451.43077183383  1.615942E-16
7455.51208878177  1.644571E-16
7459.59340572971  1.563916E-16
7463.67472267765  1.429188E-16
7467.75603962559  1.429076E-16
7471.83735657353  1.269843E-16
7475.91867352147  1.383536E-16
7479.99999046941  1.243946E-16
