3.400000000000000000e+03 2.547012190525920101e-16
3.404728051926517765e+03 3.643633321856050672e-17
3.409456103853035529e+03 8.389691935964393998e-17
3.414184155779553294e+03 1.938000216379569710e-18
3.418912207706071058e+03 1.880505787133152692e-17
3.423640259632588823e+03 9.293401975301847709e-17
3.428368311559106587e+03 1.097997228997173787e-16
3.433096363485624806e+03 -9.407364964398993480e-17
3.437824415412142571e+03 -8.096573537589083196e-17
3.442552467338660335e+03 6.832098931126222123e-17
3.447280519265178100e+03 3.049873151998136770e-17
3.452008571191695864e+03 -5.709344186395336218e-17
3.456736623118213629e+03 7.418763876561901174e-17
3.461464675044731393e+03 3.964411448775052643e-16
3.466192726971249158e+03 2.748509946672489422e-16
3.470920778897766922e+03 1.128515627563399216e-16
3.475648830824284687e+03 1.394613939619093854e-16
3.480376882750802451e+03 1.749719929610148465e-16
3.485104934677320216e+03 1.471696320099399337e-16
3.489832986603838435e+03 1.915489968390429406e-16
3.494561038530356200e+03 1.331982338265640759e-16
3.499289090456873964e+03 6.547925994767304783e-17
3.504017142383391729e+03 1.279708229321433648e-16
3.508745194309909493e+03 2.438623472315095677e-16
3.513473246236427258e+03 3.071593194348105167e-16
3.518201298162945022e+03 2.588000908936943746e-16
3.522929350089462787e+03 1.626340316419699027e-16
3.527657402015980551e+03 1.115270811595200137e-16
3.532385453942498316e+03 1.201193172020186320e-16
3.537113505869016080e+03 7.991172198704106283e-17
3.541841557795533845e+03 4.368766316599636428e-17
3.546569609722051609e+03 8.312125555564071487e-17
3.551297661648569374e+03 7.547118484828489542e-17
3.556025713575087593e+03 1.581275384298912070e-16
3.560753765501605358e+03 1.586586413227094542e-16
3.565481817428123122e+03 1.127459483357291510e-16
3.570209869354640887e+03 1.276440137982910142e-16
3.574937921281158651e+03 1.917513185994285108e-16
3.579665973207676416e+03 1.245388704229955542e-16
3.584394025134194180e+03 1.279202259484347212e-16
3.589122077060711945e+03 8.052666790674768487e-17
3.593850128987229709e+03 8.677613654859401659e-17
3.598578180913747474e+03 1.571165781375635979e-16
3.603306232840265238e+03 1.032218106151282916e-16
3.608034284766783003e+03 1.384160229560995703e-16
3.612762336693301222e+03 1.069438652912657996e-16
3.617490388619818987e+03 4.904909717198536719e-17
3.622218440546336751e+03 9.345149732678675078e-17
3.626946492472854516e+03 1.224295069214261303e-16
3.631674544399372280e+03 5.781665579967582491e-17
3.636402596325890045e+03 6.362634228832976372e-17
3.641130648252407809e+03 7.034093789733711312e-17
3.645858700178925574e+03 9.883779969071154791e-17
3.650586752105443338e+03 1.144812541468571954e-16
3.655314804031961103e+03 1.068414801837664361e-16
3.660042855958478867e+03 1.111445796093856928e-16
3.664770907884996632e+03 1.417484490939450005e-16
3.669498959811514396e+03 1.134633984769433442e-16
3.674227011738032161e+03 8.969104161789208103e-17
3.678955063664550380e+03 8.103766700195844325e-17
3.683683115591068145e+03 9.236683855060311707e-17
3.688411167517585909e+03 8.622760992335295246e-17
3.693139219444103674e+03 7.974338742366407148e-17
3.697867271370621438e+03 1.007055536615215831e-16
3.702595323297139203e+03 1.289500459587285394e-16
3.707323375223656967e+03 9.906019877892500514e-17
3.712051427150174732e+03 9.766099961173440734e-17
3.716779479076692496e+03 1.475763137037404047e-16
3.721507531003210261e+03 1.516400998519807199e-16
3.726235582929728025e+03 7.442606530538129644e-17
3.730963634856246244e+03 8.737067426822773034e-17
3.735691686782764009e+03 1.217848751438962052e-16
3.740419738709281773e+03 9.391489052338385731e-17
3.745147790635799538e+03 7.023356985382773012e-17
3.749875842562317303e+03 1.012160829181444114e-16
3.754603894488835067e+03 1.093831679781254748e-16
3.759331946415352832e+03 1.157057461512316933e-16
3.764059998341870596e+03 1.182414583928456490e-16
3.768788050268388361e+03 1.205483393898029352e-16
3.773516102194906125e+03 1.101469997906467414e-16
3.778244154121423890e+03 1.073652906523044157e-16
3.782972206047941654e+03 1.259982949562249129e-16
3.787700257974459419e+03 1.218100081996280164e-16
3.792428309900977183e+03 1.010416007484549259e-16
3.797156361827494948e+03 9.181579729629989173e-17
3.801884413754013167e+03 9.295470588577720321e-17
3.806612465680530931e+03 8.531734729007509868e-17
3.811340517607048696e+03 8.420064022823871047e-17
3.816068569533566460e+03 9.791687635369911071e-17
3.820796621460084225e+03 9.371163570326732735e-17
3.825524673386601989e+03 8.616735808753458992e-17
3.830252725313119754e+03 1.107419014697499785e-16
3.834980777239637519e+03 1.311196414437816246e-16
3.839708829166155283e+03 1.140850015462197930e-16
3.844436881092673048e+03 8.940944286759942871e-17
3.849164933019190812e+03 9.927545102664600421e-17
3.853892984945709031e+03 1.171321099297385326e-16
3.858621036872226796e+03 1.205423042800537483e-16
3.863349088798744560e+03 1.124353122372134372e-16
3.868077140725262325e+03 1.295373574285309899e-16
3.872805192651780089e+03 1.088401801542660658e-16
3.877533244578297854e+03 9.269651965554225178e-17
3.882261296504815618e+03 1.006822205508026873e-16
3.886989348431333383e+03 1.124599026624634136e-16
3.891717400357851147e+03 1.191106333107367688e-16
3.896445452284368912e+03 1.197642118737720675e-16
3.901173504210886676e+03 9.445616442901405650e-17
3.905901556137404441e+03 7.505721734764905740e-17
3.910629608063922205e+03 8.385466697395473133e-17
3.915357659990439970e+03 1.141395425270890895e-16
3.920085711916957735e+03 1.186112809185507571e-16
3.924813763843475954e+03 9.363360279300152493e-17
3.929541815769993718e+03 8.524068419090368408e-17
3.934269867696511483e+03 1.084780404820903502e-16
3.938997919623029247e+03 9.311524509906149482e-17
3.943725971549547012e+03 7.342306579926889763e-17
3.948454023476064776e+03 8.641645856592125889e-17
3.953182075402582541e+03 1.027744978096392159e-16
3.957910127329100305e+03 1.110281655186974299e-16
3.962638179255618070e+03 1.079224199559160313e-16
3.967366231182136289e+03 1.177230477593464155e-16
3.972094283108654054e+03 1.207483847491427594e-16
3.976822335035171818e+03 1.067448390184406407e-16
3.981550386961689583e+03 8.828286919541650799e-17
3.986278438888207347e+03 9.147453566278501464e-17
3.991006490814725112e+03 8.809600578631832882e-17
3.995734542741242876e+03 9.931718725163297978e-17
4.000462594667760641e+03 1.039479560789416423e-16
4.005190646594278405e+03 9.543808737311860416e-17
4.009918698520796170e+03 8.778366900446320600e-17
4.014646750447313934e+03 8.221532073132773854e-17
4.019374802373831699e+03 9.970260047752348728e-17
4.024102854300349463e+03 1.035339554910813021e-16
4.028830906226867228e+03 9.772466604912138878e-17
4.033558958153384992e+03 9.845902376205616590e-17
4.038287010079902757e+03 1.046950259035301343e-16
4.043015062006420521e+03 1.031464445351573602e-16
4.047743113932938741e+03 7.891522742926578102e-17
4.052471165859456505e+03 7.863329780672810750e-17
4.057199217785974270e+03 8.699867460315038274e-17
4.061927269712492034e+03 7.257212194207844657e-17
4.066655321639009799e+03 9.545395600598982145e-17
4.071383373565527563e+03 1.040422215815481853e-16
4.076111425492045328e+03 8.873454951453986364e-17
4.080839477418563092e+03 9.058933991078996781e-17
4.085567529345080857e+03 1.178389589242222462e-16
4.090295581271599076e+03 1.150869356437032236e-16
4.095023633198116841e+03 1.126356090594594775e-16
4.099751685124634605e+03 1.286750646533363113e-16
4.104479737051152370e+03 1.204169301689703110e-16
4.109207788977670134e+03 9.668873151973957861e-17
4.113935840904187899e+03 1.115934011923120652e-16
4.118663892830705663e+03 1.085113659346088866e-16
4.123391944757223428e+03 9.399834312102310716e-17
4.128119996683741192e+03 1.092826820773125330e-16
4.132848048610258957e+03 1.106962543348268522e-16
4.137576100536776721e+03 9.894438687572268084e-17
4.142304152463294486e+03 9.832842848694629389e-17
4.147032204389812250e+03 1.003431228217702489e-16
4.151760256316330015e+03 9.943289327571689729e-17
4.156488308242847779e+03 1.119826922409142213e-16
4.161216360169365544e+03 1.072600732783876706e-16
4.165944412095883308e+03 1.005279546752839979e-16
4.170672464022401073e+03 9.321920515844715933e-17
4.175400515948918837e+03 7.505846804473523758e-17
4.180128567875437511e+03 6.878690375436638939e-17
4.184856619801954366e+03 8.228931038275938176e-17
4.189584671728473040e+03 8.586190344837590829e-17
4.194312723654989895e+03 9.108907611478020416e-17
4.199040775581508569e+03 9.498876286437979953e-17
4.203768827508026334e+03 1.081065305079356340e-16
4.208496879434544098e+03 1.109689923263978365e-16
4.213224931361061863e+03 9.114443765881715320e-17
4.217952983287579627e+03 9.331176997771429334e-17
4.222681035214097392e+03 1.137766947883090286e-16
4.227409087140615156e+03 1.048858333097889663e-16
4.232137139067132921e+03 9.424666274091152607e-17
4.236865190993650685e+03 8.690048495571788814e-17
4.241593242920168450e+03 9.650171590940868969e-17
4.246321294846686214e+03 1.025329941579982340e-16
4.251049346773203979e+03 9.535315908526655971e-17
4.255777398699721743e+03 9.718709129519052673e-17
4.260505450626239508e+03 9.888858196287740338e-17
4.265233502552757272e+03 1.024615853100777562e-16
4.269961554479275037e+03 9.977759598057999498e-17
4.274689606405792802e+03 1.021315799503385007e-16
4.279417658332310566e+03 1.005356772334827929e-16
4.284145710258828331e+03 9.265234159338701968e-17
4.288873762185346095e+03 9.357149145516614318e-17
4.293601814111863860e+03 8.170882149864926863e-17
4.298329866038381624e+03 6.909996183771565845e-17
4.303057917964899389e+03 7.288528590454612243e-17
4.307785969891418063e+03 9.180243005760103481e-17
4.312514021817934918e+03 1.126554878639403519e-16
4.317242073744453592e+03 1.202973264698400436e-16
4.321970125670971356e+03 1.073309461132712140e-16
4.326698177597489121e+03 1.054648465036862849e-16
4.331426229524006885e+03 1.125452544667890852e-16
4.336154281450524650e+03 1.141205901648942745e-16
4.340882333377042414e+03 1.060074902204108719e-16
4.345610385303560179e+03 9.001808897976084690e-17
4.350338437230077943e+03 8.412588957064351847e-17
4.355066489156595708e+03 9.606164920608557855e-17
4.359794541083113472e+03 1.069862235560734150e-16
4.364522593009631237e+03 8.933653847713145506e-17
4.369250644936149001e+03 7.865411628838484210e-17
4.373978696862666766e+03 9.989786142420030478e-17
4.378706748789184530e+03 1.095652999141198507e-16
4.383434800715702295e+03 9.903236580567382086e-17
4.388162852642220059e+03 9.360267285553694212e-17
4.392890904568737824e+03 1.102179586523139904e-16
4.397618956495255588e+03 1.075025563118739153e-16
4.402347008421773353e+03 1.000548338346832677e-16
4.407075060348291117e+03 1.062929866457498740e-16
4.411803112274808882e+03 1.095597280255136935e-16
4.416531164201326646e+03 9.799903854958277784e-17
4.421259216127844411e+03 8.970749258591453564e-17
4.425987268054363085e+03 8.904989723382467949e-17
4.430715319980879940e+03 1.017203785416710400e-16
4.435443371907398614e+03 1.054769431929642603e-16
4.440171423833915469e+03 1.077681077582830389e-16
4.444899475760434143e+03 1.050990076798112322e-16
4.449627527686951908e+03 1.019098756938395880e-16
4.454355579613469672e+03 9.932913835712314592e-17
4.459083631539987437e+03 9.726411835383146466e-17
4.463811683466505201e+03 1.043180763896672694e-16
4.468539735393022966e+03 1.068311503522768738e-16
4.473267787319540730e+03 1.068152155449566523e-16
4.477995839246058495e+03 9.941269683388080257e-17
4.482723891172576259e+03 9.522134620029500964e-17
4.487451943099094024e+03 9.085336272742709340e-17
4.492179995025611788e+03 9.768497461460864430e-17
4.496908046952129553e+03 1.060331195845102149e-16
4.501636098878647317e+03 1.006751994417633372e-16
4.506364150805165082e+03 1.023172654542444044e-16
4.511092202731682846e+03 1.048538181113607139e-16
4.515820254658200611e+03 9.780228867780336489e-17
4.520548306584718375e+03 8.985978646285289867e-17
4.525276358511236140e+03 9.848201276564023964e-17
4.530004410437753904e+03 1.055340782122345231e-16
4.534732462364272578e+03 1.016133744576311804e-16
4.539460514290789433e+03 9.896652222891459986e-17
4.544188566217308107e+03 9.856892628696241137e-17
4.548916618143824962e+03 1.023833472590200406e-16
4.553644670070343636e+03 1.007126740322344396e-16
4.558372721996860491e+03 9.470917581733687618e-17
4.563100773923379165e+03 9.394119486686304359e-17
4.567828825849896930e+03 9.527329976020824020e-17
4.572556877776414694e+03 9.427912130814810688e-17
4.577284929702932459e+03 8.942110942295887661e-17
4.582012981629450223e+03 9.361863413263676534e-17
4.586741033555967988e+03 1.102437071304215410e-16
4.591469085482485752e+03 1.128149153464813722e-16
4.596197137409003517e+03 1.081281430829804195e-16
4.600925189335521281e+03 1.108215556540163849e-16
4.605653241262039046e+03 1.145995475918971788e-16
4.610381293188556810e+03 1.085337659855968226e-16
4.615109345115074575e+03 1.041809563138855791e-16
4.619837397041592340e+03 1.078895444896507238e-16
4.624565448968110104e+03 1.211320112649101523e-16
4.629293500894627869e+03 1.188238067789727814e-16
4.634021552821145633e+03 1.072553484227287677e-16
4.638749604747663398e+03 9.898527606776240211e-17
4.643477656674181162e+03 9.306230553985810105e-17
4.648205708600698927e+03 1.046119902049196112e-16
4.652933760527216691e+03 1.141297619435262625e-16
4.657661812453734456e+03 1.125689184497530022e-16
4.662389864380253130e+03 1.076342567002821582e-16
4.667117916306769985e+03 9.957202505474831654e-17
4.671845968233288659e+03 9.560075740366083237e-17
4.676574020159805514e+03 1.016612582889306500e-16
4.681302072086324188e+03 1.051321346089827558e-16
4.686030124012841043e+03 1.045403365115378177e-16
4.690758175939359717e+03 1.079179200933837429e-16
4.695486227865877481e+03 1.051603447765932643e-16
4.700214279792395246e+03 9.759927208570325021e-17
4.704942331718913010e+03 8.932492486133121056e-17
4.709670383645430775e+03 1.008796123147374414e-16
4.714398435571948539e+03 1.005703195575365137e-16
4.719126487498466304e+03 1.018996385065786318e-16
4.723854539424984068e+03 1.088205263429118058e-16
4.728582591351501833e+03 9.868060890454687095e-17
4.733310643278019597e+03 9.797774361189321270e-17
4.738038695204537362e+03 9.077858560005229970e-17
4.742766747131055126e+03 8.467361548505163127e-17
4.747494799057572891e+03 7.989359680545880089e-17
4.752222850984090655e+03 7.956337968748273181e-17
4.756950902910608420e+03 9.392773498393558072e-17
4.761678954837126184e+03 1.062204925368657267e-16
4.766407006763643949e+03 1.011304068590186190e-16
4.771135058690161713e+03 9.141103466152054381e-17
4.775863110616679478e+03 8.833843588024537018e-17
4.780591162543198152e+03 1.033335263199372533e-16
4.785319214469715007e+03 1.131585989648298046e-16
4.790047266396233681e+03 9.886516282537480206e-17
4.794775318322750536e+03 8.598431294414395553e-17
4.799503370249269210e+03 8.838901962906421292e-17
4.804231422175786065e+03 9.556746503836679812e-17
4.808959474102304739e+03 1.004869066645666664e-16
4.813687526028822504e+03 1.023094833390415055e-16
4.818415577955340268e+03 9.949947800630496580e-17
4.823143629881858033e+03 9.243276153670114317e-17
4.827871681808375797e+03 8.614552713680809042e-17
4.832599733734893562e+03 9.615291700615222941e-17
4.837327785661411326e+03 1.002451515500194683e-16
4.842055837587929091e+03 8.665807471412554806e-17
4.846783889514446855e+03 8.731393629565149307e-17
4.851511941440964620e+03 9.966853387117610339e-17
4.856239993367482384e+03 9.961463478246214811e-17
4.860968045294000149e+03 9.416462627648096700e-17
4.865696097220517913e+03 9.993352945221359133e-17
4.870424149147035678e+03 1.050106317031660667e-16
4.875152201073553442e+03 9.840072407248342851e-17
4.879880253000071207e+03 9.345295316466484411e-17
4.884608304926588971e+03 9.753222413397215199e-17
4.889336356853106736e+03 9.369120765085971777e-17
4.894064408779624500e+03 8.803613776230419089e-17
4.898792460706143174e+03 8.755021216582113989e-17
4.903520512632660029e+03 9.235920863663292795e-17
4.908248564559178703e+03 1.006241392369116639e-16
4.912976616485695558e+03 1.070715687429541862e-16
4.917704668412214232e+03 1.065573734218565230e-16
4.922432720338731087e+03 9.703818555004118090e-17
4.927160772265249761e+03 8.840417357788618439e-17
4.931888824191767526e+03 8.702914131947193585e-17
4.936616876118285290e+03 8.492251744009128751e-17
4.941344928044803055e+03 8.807087273058651763e-17
4.946072979971320819e+03 9.060077485557790087e-17
4.950801031897838584e+03 8.950971701017555694e-17
4.955529083824356348e+03 8.885502009895208659e-17
4.960257135750874113e+03 9.076633670954161446e-17
4.964985187677391878e+03 8.978629973723368770e-17
4.969713239603909642e+03 8.545279315229698165e-17
4.974441291530427407e+03 7.842696587473288027e-17
4.979169343456945171e+03 7.705145054284090076e-17
4.983897395383462936e+03 8.316620785884929661e-17
4.988625447309980700e+03 8.601381351351004671e-17
4.993353499236498465e+03 8.169668510470189061e-17
4.998081551163016229e+03 8.568836095586228308e-17
5.002809603089533994e+03 9.626338863131991136e-17
5.007537655016051758e+03 9.025861986700146650e-17
5.012265706942569523e+03 8.093313122486644182e-17
5.016993758869087287e+03 7.770743123837505341e-17
5.021721810795605052e+03 6.829663711402866010e-17
5.026449862722123726e+03 6.756808290027155502e-17
5.031177914648640581e+03 8.107169390363642460e-17
5.035905966575159255e+03 8.802611895072494862e-17
5.040634018501676110e+03 8.443871604342127269e-17
5.045362070428194784e+03 8.128449769674426671e-17
5.050090122354712548e+03 9.256626187012230141e-17
5.054818174281230313e+03 9.314214501258171928e-17
5.059546226207748077e+03 8.253554550750416704e-17
5.064274278134265842e+03 8.324677525051196150e-17
5.069002330060783606e+03 8.630126870253957447e-17
5.073730381987301371e+03 8.996457370285111622e-17
5.078458433913819135e+03 9.184903010458982217e-17
5.083186485840336900e+03 8.259954281713616968e-17
5.087914537766854664e+03 7.220192883945891478e-17
5.092642589693372429e+03 6.777838529920703677e-17
5.097370641619890193e+03 7.376360613128962848e-17
5.102098693546407958e+03 8.869764402433019776e-17
5.106826745472925722e+03 8.958430223164823834e-17
5.111554797399443487e+03 8.932904091205927442e-17
5.116282849325961251e+03 9.708105335810612900e-17
5.121010901252479016e+03 8.669599929084987927e-17
5.125738953178996780e+03 8.064386947337909826e-17
5.130467005105514545e+03 8.415202186055529372e-17
5.135195057032032310e+03 7.890864307158985892e-17
5.139923108958550074e+03 8.005190593981164953e-17
5.144651160885068748e+03 8.256250497802849531e-17
5.149379212811585603e+03 7.943024993097599733e-17
5.154107264738104277e+03 8.051802552370773084e-17
5.158835316664621132e+03 8.361759039295213317e-17
5.163563368591139806e+03 7.963553630667695752e-17
5.168291420517656661e+03 7.427006565929869584e-17
5.173019472444175335e+03 7.807316418313169928e-17
5.177747524370693100e+03 8.309957018870202470e-17
5.182475576297210864e+03 7.892285734323597015e-17
5.187203628223728629e+03 7.479956713045104034e-17
5.191931680150246393e+03 7.459942912688261019e-17
5.196659732076764158e+03 7.801370644070138765e-17
5.201387784003281922e+03 7.606297632828493312e-17
5.206115835929799687e+03 7.807592365765517618e-17
5.210843887856317451e+03 8.008887098702541923e-17
5.215571939782835216e+03 8.210181831639566229e-17
5.220299991709352980e+03 8.411476564576590535e-17
5.225028043635870745e+03 8.322328993856035594e-17
5.229756095562388509e+03 8.084500671112749247e-17
5.234484147488906274e+03 8.064517972746938226e-17
5.239212199415424038e+03 8.031633242058770100e-17
5.243940251341941803e+03 8.357865334715803706e-17
5.248668303268459567e+03 8.040042029293739158e-17
5.253396355194977332e+03 7.520362831607094330e-17
5.258124407121495096e+03 7.397610552193205108e-17
5.262852459048013770e+03 7.238969222106355164e-17
5.267580510974530625e+03 7.238816359129155364e-17
5.272308562901049299e+03 7.176626273699458574e-17
5.277036614827566154e+03 6.582537216829993589e-17
5.281764666754084828e+03 6.982915794362810468e-17
5.286492718680601683e+03 7.701623250108084306e-17
5.291220770607120357e+03 8.318028978159739935e-17
5.295948822533638122e+03 8.438822493883103588e-17
5.300676874460155886e+03 7.748754677922375738e-17
5.305404926386673651e+03 8.114135574610319038e-17
5.310132978313191416e+03 8.274535821551701740e-17
5.314861030239709180e+03 7.901948527367196463e-17
5.319589082166226945e+03 7.837743429965320498e-17
5.324317134092744709e+03 8.025376447905418998e-17
5.329045186019262474e+03 7.426307102003894744e-17
5.333773237945780238e+03 7.473785945675458448e-17
5.338501289872298003e+03 7.817879845607717112e-17
5.343229341798815767e+03 6.696199773928660100e-17
5.347957393725333532e+03 6.873567811339220549e-17
5.352685445651851296e+03 7.877047743951390161e-17
5.357413497578369061e+03 8.027875195099819184e-17
5.362141549504886825e+03 7.732375840049335747e-17
5.366869601431404590e+03 7.779431167247272301e-17
5.371597653357922354e+03 7.492422655748523183e-17
5.376325705284440119e+03 6.916361504021283904e-17
5.381053757210957883e+03 7.005875681189322347e-17
5.385781809137475648e+03 7.237305596458388514e-17
5.390509861063994322e+03 7.354977001677732019e-17
5.395237912990511177e+03 5.237671573611063925e-17
5.399965964917029851e+03 3.894897373852913337e-17
5.404694016843546706e+03 6.467636535790457705e-17
5.409422068770065380e+03 7.684429804767802094e-17
5.414150120696583144e+03 7.831073045505692882e-17
5.418878172623100909e+03 8.018600846071874638e-17
5.423606224549618673e+03 7.632632416554221543e-17
5.428334276476136438e+03 7.007568423594850862e-17
5.433062328402654202e+03 7.167257295209437961e-17
5.437790380329171967e+03 7.721894469071553823e-17
5.442518432255689731e+03 7.442994312809294503e-17
5.447246484182207496e+03 7.544245851997215388e-17
5.451974536108725260e+03 7.791530503503207947e-17
5.456702588035243025e+03 7.546351522964530375e-17
5.461430639961760789e+03 7.810193021611384337e-17
5.466158691888278554e+03 7.998802774418785452e-17
5.470886743814796318e+03 7.497443311194475039e-17
5.475614795741314083e+03 7.371181139005400810e-17
5.480342847667831848e+03 7.341321242381216596e-17
5.485070899594349612e+03 7.522666364176932002e-17
5.489798951520868286e+03 7.446583614923284601e-17
5.494527003447385141e+03 7.454782629154910211e-17
5.499255055373903815e+03 7.672832732579808646e-17
5.503983107300420670e+03 7.894681911122040626e-17
5.508711159226939344e+03 7.466443228813947732e-17
5.513439211153456199e+03 5.795529788778461277e-17
5.518167263079974873e+03 6.204175540225378136e-17
5.522895315006491728e+03 7.832947767645983064e-17
5.527623366933010402e+03 8.829604452821325261e-17
5.532351418859527257e+03 8.434090359034810227e-17
5.537079470786045931e+03 7.030128616749377118e-17
5.541807522712562786e+03 6.970686094442336465e-17
5.546535574639081460e+03 7.474564157195748336e-17
5.551263626565599225e+03 7.069567926611415435e-17
5.555991678492116989e+03 6.585861159403476675e-17
5.560719730418634754e+03 6.952901049527956327e-17
5.565447782345152518e+03 7.800147740252540369e-17
5.570175834271670283e+03 7.944318703575632668e-17
5.574903886198188047e+03 7.153306397870363618e-17
5.579631938124705812e+03 6.568815944828963966e-17
5.584359990051223576e+03 6.549575062036490499e-17
5.589088041977741341e+03 6.231858297477322782e-17
5.593816093904259105e+03 6.080840263915761540e-17
5.598544145830776870e+03 6.260371544064270667e-17
5.603272197757294634e+03 6.835866242508033632e-17
5.608000249683812399e+03 7.135172613609731124e-17
5.612728301610330163e+03 7.037540155037852246e-17
5.617456353536848837e+03 6.499529311488052240e-17
5.622184405463365692e+03 7.109326859062144242e-17
5.626912457389884366e+03 6.378841674883095375e-17
5.631640509316401221e+03 6.288392452750626990e-17
5.636368561242919895e+03 7.594774676023384615e-17
5.641096613169436750e+03 6.585070374737875981e-17
5.645824665095955424e+03 5.609861490229298728e-17
5.650552717022472279e+03 6.477759241254636637e-17
5.655280768948990954e+03 6.920225430098641607e-17
5.660008820875507809e+03 6.673879794024019244e-17
5.664736872802026483e+03 6.885260174733780106e-17
5.669464924728544247e+03 6.903836004313760938e-17
5.674192976655062012e+03 6.579624217584826846e-17
5.678921028581579776e+03 6.736869266797687280e-17
5.683649080508097541e+03 6.925090575589433494e-17
5.688377132434615305e+03 6.932871367303352294e-17
5.693105184361133070e+03 6.907242003204009284e-17
5.697833236287650834e+03 6.537619324334894059e-17
5.702561288214168599e+03 6.226325451796078090e-17
5.707289340140686363e+03 6.678872656201389319e-17
5.712017392067204128e+03 7.642585053684459572e-17
5.716745443993721892e+03 7.705213213966564446e-17
5.721473495920239657e+03 7.427503536041891443e-17
5.726201547846757421e+03 5.987235182310280844e-17
5.730929599773275186e+03 5.889971315419355595e-17
5.735657651699793860e+03 7.340012311779912685e-17
5.740385703626310715e+03 7.530095107822148233e-17
5.745113755552829389e+03 7.700541297866864946e-17
5.749841807479346244e+03 8.030632022645335915e-17
5.754569859405864918e+03 7.798034128351344872e-17
5.759297911332381773e+03 7.592283208018374896e-17
5.764025963258900447e+03 6.843038229291113403e-17
5.768754015185417302e+03 5.448017316810643460e-17
5.773482067111935976e+03 5.807241342763232064e-17
5.778210119038452831e+03 7.021765489884220987e-17
5.782938170964971505e+03 7.016677998244774846e-17
5.787666222891488360e+03 6.784242231350844196e-17
5.792394274818007034e+03 7.150417221426838403e-17
5.797122326744524798e+03 7.748668651138670223e-17
5.801850378671042563e+03 7.513658036433984509e-17
5.806578430597560327e+03 6.929314490669374275e-17
5.811306482524078092e+03 7.337703485254154674e-17
5.816034534450595856e+03 7.283411982057604235e-17
5.820762586377113621e+03 6.408642014503175771e-17
5.825490638303631385e+03 5.791346240112413084e-17
5.830218690230149150e+03 5.134752438308236137e-17
5.834946742156666915e+03 5.881097321807886714e-17
5.839674794083184679e+03 6.615035488735976940e-17
5.844402846009702444e+03 6.627279085290741834e-17
5.849130897936220208e+03 6.748270462616628171e-17
5.853858949862738882e+03 6.756267644778790843e-17
5.858587001789255737e+03 6.345632689394806463e-17
5.863315053715774411e+03 5.190819071099325374e-17
5.868043105642291266e+03 5.108785253646726471e-17
5.872771157568809940e+03 6.015817912068683183e-17
5.877499209495326795e+03 7.148788668236844002e-17
5.882227261421845469e+03 7.281414837186656205e-17
5.886955313348362324e+03 5.945661084723365673e-17
5.891683365274880998e+03 4.818412764032846700e-17
5.896411417201397853e+03 4.438942003662920148e-17
5.901139469127916527e+03 5.327735991322572642e-17
5.905867521054433382e+03 6.585759912496500184e-17
5.910595572980952056e+03 6.161728601656097011e-17
5.915323624907469821e+03 5.205222601669588734e-17
5.920051676833987585e+03 5.616636430318353045e-17
5.924779728760505350e+03 6.678439213560411532e-17
5.929507780687023114e+03 6.598176224363166151e-17
5.934235832613540879e+03 5.814069884155979818e-17
5.938963884540058643e+03 6.110841112116324790e-17
5.943691936466576408e+03 6.850239332831755041e-17
5.948419988393094172e+03 6.948874996050538231e-17
5.953148040319611937e+03 7.260442169063741720e-17
5.957876092246129701e+03 6.561491756813174437e-17
5.962604144172647466e+03 5.483182088139252751e-17
5.967332196099165230e+03 5.231931601904435956e-17
5.972060248025682995e+03 5.569068912885123657e-17
5.976788299952200759e+03 6.296285079283362959e-17
5.981516351878719433e+03 6.300891482678548259e-17
5.986244403805236288e+03 5.293636297750686629e-17
5.990972455731754962e+03 4.853786646620309396e-17
5.995700507658271817e+03 5.688924736666097198e-17
6.000428559584790491e+03 5.582986061255205837e-17
6.005156611511307347e+03 4.703354918676925741e-17
6.009884663437826021e+03 5.209680443426759511e-17
6.014612715364342876e+03 6.375446925649177750e-17
6.019340767290861550e+03 7.158307200981614202e-17
6.024068819217378405e+03 6.659162596565475776e-17
6.028796871143897079e+03 6.123908580561192500e-17
6.033524923070414843e+03 6.488081131810318337e-17
6.038252974996932608e+03 5.892052501840539013e-17
6.042981026923450372e+03 5.239969481352736236e-17
6.047709078849968137e+03 5.139597069719836710e-17
6.052437130776485901e+03 4.293947168449725033e-17
6.057165182703003666e+03 4.902992312538638801e-17
6.061893234629521430e+03 6.548284660280907776e-17
6.066621286556039195e+03 6.595517335002175699e-17
6.071349338482556959e+03 6.053004643686617095e-17
6.076077390409074724e+03 6.162336744842445996e-17
6.080805442335592488e+03 6.277698661791541448e-17
6.085533494262110253e+03 6.220576215666589527e-17
6.090261546188628017e+03 6.409761686180327550e-17
6.094989598115145782e+03 6.080789309590028274e-17
6.099717650041664456e+03 6.565212746080682977e-17
6.104445701968181311e+03 6.125494782103824186e-17
6.109173753894699985e+03 6.147847849232967164e-17
6.113901805821216840e+03 5.318241943123934012e-17
6.118629857747735514e+03 6.685701859338627115e-17
6.123357909674252369e+03 6.214907050620396096e-17
6.128085961600771043e+03 5.796938642797761594e-17
6.132814013527287898e+03 4.948250672573865157e-17
6.137542065453806572e+03 4.906032366725893688e-17
6.142270117380323427e+03 5.357600189285942132e-17
6.146998169306842101e+03 5.238724409094721419e-17
6.151726221233358956e+03 5.327626803481715642e-17
6.156454273159877630e+03 5.377252677151221985e-17
6.161182325086395394e+03 5.339775770574404471e-17
6.165910377012913159e+03 5.596214333611153856e-17
6.170638428939430923e+03 5.602572374671481448e-17
6.175366480865948688e+03 5.914842982077600031e-17
6.180094532792466453e+03 6.341515315177762512e-17
6.184822584718984217e+03 6.242258273882829488e-17
6.189550636645501982e+03 6.217448149462158997e-17
6.194278688572019746e+03 5.992453037614265342e-17
6.199006740498537511e+03 5.642139401220097952e-17
6.203734792425055275e+03 5.769016334040421592e-17
6.208462844351573040e+03 5.887603593633983809e-17
6.213190896278090804e+03 5.662692523336325542e-17
6.217918948204609478e+03 5.493598277284765497e-17
6.222647000131126333e+03 5.313656715552430069e-17
6.227375052057645007e+03 5.139847870881562788e-17
6.232103103984161862e+03 4.945870046770937543e-17
6.236831155910680536e+03 4.695183035969391870e-17
6.241559207837197391e+03 5.575127845435952074e-17
6.246287259763716065e+03 6.329388847397735126e-17
6.251015311690232920e+03 6.115279432411039316e-17
6.255743363616751594e+03 6.094809028356067029e-17
6.260471415543268449e+03 5.605151854693666809e-17
6.265199467469787123e+03 5.257458395607822390e-17
6.269927519396303978e+03 5.729576362433893232e-17
6.274655571322822652e+03 5.913249501345577879e-17
6.279383623249340417e+03 6.131142771326336259e-17
6.284111675175858181e+03 6.412636965989561874e-17
6.288839727102375946e+03 6.074469649710123142e-17
6.293567779028893710e+03 5.707787101610266398e-17
6.298295830955411475e+03 5.598038101425710771e-17
6.303023882881929239e+03 5.419636419121704059e-17
6.307751934808447004e+03 5.037206999136797838e-17
6.312479986734964768e+03 5.555717556054027748e-17
6.317208038661482533e+03 6.584055258690150905e-17
6.321936090588000297e+03 6.317263703106687825e-17
6.326664142514518062e+03 5.132871429595290552e-17
6.331392194441035826e+03 4.672767433985939884e-17
6.336120246367554500e+03 5.284538634501583410e-17
6.340848298294071355e+03 5.616470332451352397e-17
6.345576350220590029e+03 5.597041514223706883e-17
6.350304402147106885e+03 5.414981046634255619e-17
6.355032454073625559e+03 5.344392100136940407e-17
6.359760506000142414e+03 5.916959902701245740e-17
6.364488557926661088e+03 5.955039989380736922e-17
6.369216609853177943e+03 5.270692292791935769e-17
6.373944661779696617e+03 5.225309855664826458e-17
6.378672713706213472e+03 5.490942696646225257e-17
6.383400765632732146e+03 5.443888031192778746e-17
6.388128817559249001e+03 5.388248554470011892e-17
6.392856869485767675e+03 5.688011529269838655e-17
6.397584921412285439e+03 5.792791490078665734e-17
6.402312973338803204e+03 4.979346377033203595e-17
6.407041025265320968e+03 4.467301394655933170e-17
6.411769077191838733e+03 4.826119109491635727e-17
6.416497129118356497e+03 4.589804196397076399e-17
6.421225181044874262e+03 4.012167431039046113e-17
6.425953232971392026e+03 4.509308934883826127e-17
6.430681284897909791e+03 5.175746847721874146e-17
6.435409336824427555e+03 4.789984220740624245e-17
6.440137388750945320e+03 4.792397602895808958e-17
6.444865440677463084e+03 5.327163582338685947e-17
6.449593492603980849e+03 5.036385112480165150e-17
6.454321544530498613e+03 5.053727450330706907e-17
6.459049596457016378e+03 5.383902878403903306e-17
6.463777648383535052e+03 5.171959353133116343e-17
6.468505700310051907e+03 5.218251358061788963e-17
6.473233752236570581e+03 5.424921772363672885e-17
6.477961804163087436e+03 5.290618081131603142e-17
6.482689856089606110e+03 5.008754302170688834e-17
6.487417908016122965e+03 4.842762314288447665e-17
6.492145959942641639e+03 4.606111234992946786e-17
6.496874011869158494e+03 4.549682958838049366e-17
6.501602063795677168e+03 5.094416464662190338e-17
6.506330115722194023e+03 5.793121038834706860e-17
6.511058167648712697e+03 5.844375796566452625e-17
6.515786219575229552e+03 5.369130425280441295e-17
6.520514271501748226e+03 5.305809749389507027e-17
6.525242323428265991e+03 5.589142931990560533e-17
6.529970375354783755e+03 5.407777296115653812e-17
6.534698427281301520e+03 5.100519734093851597e-17
6.539426479207819284e+03 5.209236743746186067e-17
6.544154531134337049e+03 5.551612754982294604e-17
6.548882583060854813e+03 5.812676912004440520e-17
6.553610634987372578e+03 5.630338511729171438e-17
6.558338686913890342e+03 5.171361797858608036e-17
6.563066738840408107e+03 5.377215619459779609e-17
6.567794790766925871e+03 6.006633560291384406e-17
6.572522842693443636e+03 6.048667570298879061e-17
6.577250894619961400e+03 5.967487403238434882e-17
6.581978946546480074e+03 6.167457323706394259e-17
6.586706998472996929e+03 5.797843909260139627e-17
6.591435050399515603e+03 5.267331292527010307e-17
6.596163102326032458e+03 5.541336193924180809e-17
6.600891154252551132e+03 6.056431156656056757e-17
6.605619206179067987e+03 6.224942405811889428e-17
6.610347258105586661e+03 5.471760709113365566e-17
6.615075310032103516e+03 4.540011232243834345e-17
6.619803361958622190e+03 4.505751727377603087e-17
6.624531413885139045e+03 4.938420458174284976e-17
6.629259465811657719e+03 5.889529270100007257e-17
6.633987517738174574e+03 5.976512936338123478e-17
6.638715569664693248e+03 5.354860897969411526e-17
6.643443621591211013e+03 5.212359185122451236e-17
6.648171673517728777e+03 5.228005140972769244e-17
6.652899725444246542e+03 5.092009369079661027e-17
6.657627777370764306e+03 4.941224931323084761e-17
6.662355829297282071e+03 5.110263921709726263e-17
6.667083881223799835e+03 5.512321675886025789e-17
6.671811933150317600e+03 5.355338015746732112e-17
6.676539985076835364e+03 5.046200768500964397e-17
6.681268037003353129e+03 4.870990679872432287e-17
6.685996088929870893e+03 4.796153333749044725e-17
6.690724140856388658e+03 4.964190112105516979e-17
6.695452192782906423e+03 5.052890343550803243e-17
6.700180244709425097e+03 5.240376123341867305e-17
6.704908296635941952e+03 4.844427594297639420e-17
6.709636348562460626e+03 4.423375126279162209e-17
6.714364400488977481e+03 4.942020679072360774e-17
6.719092452415496155e+03 5.088431647494246672e-17
6.723820504342013010e+03 4.362806645722314375e-17
6.728548556268531684e+03 4.067321518178366850e-17
6.733276608195048539e+03 4.333131044938606975e-17
6.738004660121567213e+03 4.714782915147713350e-17
6.742732712048084068e+03 4.880439729445748033e-17
6.747460763974602742e+03 4.923325735484172306e-17
6.752188815901119597e+03 4.964236765092064970e-17
6.756916867827638271e+03 4.236995452403204056e-17
6.761644919754156035e+03 3.670330741562322151e-17
6.766372971680673800e+03 3.754430525312833495e-17
6.771101023607191564e+03 4.310451737775873083e-17
6.775829075533709329e+03 4.932371120918562174e-17
6.780557127460227093e+03 4.718289499200448145e-17
6.785285179386744858e+03 4.305618356020603232e-17
6.790013231313262622e+03 4.322874005342949432e-17
6.794741283239780387e+03 4.218622778381666248e-17
6.799469335166298151e+03 3.916339218819267899e-17
6.804197387092815916e+03 4.080888934585461610e-17
6.808925439019333680e+03 4.195178825460688338e-17
6.813653490945851445e+03 3.339519046161949962e-17
6.818381542872369209e+03 3.037256000678742929e-17
6.823109594798886974e+03 3.736725551481748491e-17
6.827837646725405648e+03 4.232953186185779921e-17
6.832565698651922503e+03 3.414188970929356792e-17
6.837293750578441177e+03 2.096487442718301025e-17
6.842021802504958032e+03 3.279414117620376844e-17
6.846749854431476706e+03 4.336299808429175113e-17
6.851477906357993561e+03 3.742147224088666056e-17
6.856205958284512235e+03 3.583076421827778579e-17
6.860934010211029090e+03 4.178091920983302955e-17
6.865662062137547764e+03 4.257342771983028452e-17
6.870390114064064619e+03 4.340982643312960314e-17
6.875118165990583293e+03 4.452287073921360654e-17
6.879846217917101058e+03 3.917435067694778150e-17
6.884574269843618822e+03 3.710747117163908104e-17
6.889302321770136587e+03 3.471260131856330425e-17
6.894030373696654351e+03 3.701750369949536354e-17
6.898758425623172116e+03 4.187234251985484039e-17
6.903486477549689880e+03 4.444971819456186698e-17
6.908214529476207645e+03 4.432650137051596798e-17
6.912942581402725409e+03 4.672058374764859428e-17
6.917670633329243174e+03 5.043816833975586572e-17
6.922398685255760938e+03 4.998442668654602791e-17
6.927126737182278703e+03 4.215560224881749918e-17
6.931854789108796467e+03 3.469680878630844185e-17
6.936582841035314232e+03 3.407371679192939759e-17
6.941310892961831996e+03 3.587092549137846039e-17
6.946038944888350670e+03 3.899664250286933925e-17
6.950766996814867525e+03 4.153067391347858720e-17
6.955495048741386199e+03 4.089394336515976862e-17
6.960223100667903054e+03 3.908706326998873581e-17
6.964951152594421728e+03 3.765919071404459986e-17
6.969679204520938583e+03 3.483745926894450846e-17
6.974407256447457257e+03 3.540317139859197430e-17
6.979135308373974112e+03 3.960109315496388848e-17
6.983863360300492786e+03 4.123588659549938941e-17
6.988591412227009641e+03 4.082177020235329184e-17
6.993319464153528315e+03 4.242810201237206820e-17
6.998047516080045170e+03 4.041129671262487782e-17
7.002775568006563844e+03 3.390510760458903864e-17
7.007503619933081609e+03 3.487185013009201314e-17
7.012231671859599373e+03 3.922946075807851442e-17
7.016959723786117138e+03 3.546402542189627544e-17
7.021687775712634902e+03 3.201564179706071155e-17
7.026415827639152667e+03 3.399749706156631141e-17
7.031143879565670431e+03 3.834386795938944214e-17
7.035871931492188196e+03 4.068940806945500657e-17
7.040599983418705961e+03 4.039180502867067827e-17
7.045328035345223725e+03 4.138585444055525333e-17
7.050056087271741490e+03 4.091350122356297240e-17
7.054784139198259254e+03 3.998571559618879529e-17
7.059512191124777019e+03 3.824206518704131592e-17
7.064240243051295693e+03 3.560767029834978402e-17
7.068968294977812548e+03 3.429582140384478594e-17
7.073696346904331222e+03 3.445703890523137104e-17
7.078424398830848077e+03 3.809445646109245324e-17
7.083152450757366751e+03 4.062428910291238202e-17
7.087880502683883606e+03 4.131433309607146834e-17
7.092608554610402280e+03 3.886324473984413758e-17
7.097336606536919135e+03 3.499598016153417069e-17
7.102064658463437809e+03 3.324069297552929533e-17
7.106792710389954664e+03 3.218608070791603780e-17
7.111520762316473338e+03 3.030701090632627716e-17
7.116248814242990193e+03 2.805129930206152133e-17
7.120976866169508867e+03 2.708331766000094239e-17
7.125704918096026631e+03 2.893265362729187189e-17
7.130432970022544396e+03 2.445916492165404208e-17
7.135161021949062160e+03 2.259858591547729182e-17
7.139889073875579925e+03 2.928103894024205566e-17
7.144617125802097689e+03 2.664851678845734382e-17
7.149345177728615454e+03 2.871137288726658635e-17
7.154073229655133218e+03 2.921522514198488657e-17
7.158801281581650983e+03 3.316579673414629399e-17
7.163529333508168747e+03 3.507152822123986381e-17
7.168257385434686512e+03 3.408057577356868729e-17
7.172985437361204276e+03 3.146028265995995941e-17
7.177713489287722041e+03 2.617341402310893663e-17
7.182441541214239805e+03 2.817503890425455384e-17
7.187169593140757570e+03 3.708543177139821817e-17
7.191897645067276244e+03 3.992676739701581632e-17
7.196625696993793099e+03 2.983621940633049635e-17
7.201353748920311773e+03 1.898604664371935448e-17
7.206081800846828628e+03 2.169310273177876944e-17
7.210809852773347302e+03 2.691226498113110180e-17
7.215537904699864157e+03 3.261735282696648515e-17
7.220265956626382831e+03 3.776982446661234221e-17
7.224994008552899686e+03 4.041072430364099112e-17
7.229722060479418360e+03 3.422097810202098800e-17
7.234450112405935215e+03 2.679201773548426816e-17
7.239178164332453889e+03 2.604963637060772667e-17
7.243906216258971654e+03 2.889245926696669517e-17
7.248634268185489418e+03 2.826263733112391948e-17
7.253362320112007183e+03 2.649122177753548518e-17
7.258090372038524947e+03 3.169186676169520546e-17
7.262818423965042712e+03 3.915733722610879083e-17
7.267546475891560476e+03 3.578282744741911273e-17
7.272274527818078241e+03 2.662666267667369282e-17
7.277002579744596005e+03 2.591837769664658714e-17
7.281730631671113770e+03 3.087319287456167312e-17
7.286458683597631534e+03 3.840850054373188551e-17
7.291186735524149299e+03 3.769069636921551958e-17
7.295914787450667063e+03 2.962019622627859786e-17
7.300642839377184828e+03 2.936990129908740232e-17
7.305370891303702592e+03 3.511456146542732252e-17
7.310098943230221266e+03 3.227575701248413663e-17
7.314826995156738121e+03 3.143193683472899225e-17
7.319555047083256795e+03 3.698352311993168516e-17
7.324283099009773650e+03 3.378122903605309721e-17
7.329011150936292324e+03 2.966842747343533980e-17
7.333739202862809179e+03 3.259718947235489255e-17
7.338467254789327853e+03 3.467043165093535090e-17
7.343195306715844708e+03 3.340635739988896550e-17
7.347923358642363382e+03 3.596006909163207508e-17
7.352651410568880237e+03 3.786282934596535443e-17
7.357379462495398911e+03 3.132598161570584983e-17
7.362107514421915766e+03 2.577900272651507729e-17
7.366835566348434440e+03 2.739341774547972183e-17
7.371563618274952205e+03 3.073179792937430878e-17
7.376291670201469969e+03 3.297464852947509014e-17
7.381019722127987734e+03 3.332453269369522000e-17
7.385747774054505498e+03 3.197128506389316800e-17
7.390475825981023263e+03 2.745274148465079987e-17
7.395203877907541028e+03 2.264169360591988030e-17
7.399931929834058792e+03 2.755380475753130368e-17
7.404659981760576557e+03 3.282687767612616706e-17
7.409388033687094321e+03 3.122583320458282967e-17
7.414116085613612086e+03 2.520831262394126733e-17
7.418844137540129850e+03 2.647773046174474530e-17
7.423572189466647615e+03 3.143347539066834089e-17
7.428300241393166289e+03 3.671491772270101580e-17
7.433028293319683144e+03 3.834526093154098144e-17
7.437756345246201818e+03 3.452766689465359875e-17
7.442484397172718673e+03 3.171966333899943740e-17
7.447212449099237347e+03 3.217482774286286641e-17
7.451940501025754202e+03 3.315670436485311111e-17
7.456668552952272876e+03 3.509375621866038877e-17
7.461396604878789731e+03 3.577260349504795731e-17
7.466124656805308405e+03 2.818056777946885828e-17
7.470852708731825260e+03 2.335274467791536332e-17
7.475580760658343934e+03 3.132627278328146850e-17
7.480308812584860789e+03 3.599710362201729923e-17
7.485036864511379463e+03 3.473091178860277808e-17
7.489764916437897227e+03 3.070582114941769350e-17
7.494492968364414992e+03 3.216752870113769849e-17
7.499221020290932756e+03 3.636525855160750037e-17
7.503949072217450521e+03 3.381026969299860891e-17
7.508677124143968285e+03 2.945293038025302503e-17
7.513405176070486050e+03 2.915095320838951632e-17
7.518133227997003814e+03 2.870564879742771940e-17
7.522861279923521579e+03 2.797865299194466423e-17
7.527589331850039343e+03 3.019022623872359050e-17
7.532317383776557108e+03 2.759223722315174245e-17
7.537045435703074872e+03 2.069322169657569554e-17
7.541773487629592637e+03 1.338947827680602793e-17
7.546501539556110401e+03 7.962703619870236261e-18
7.551229591482628166e+03 5.344697247064911219e-18
7.555957643409145930e+03 2.683732489917563515e-18
7.560685695335663695e+03 4.665719689730865577e-18
7.565413747262181460e+03 1.176530914405815809e-17
7.570141799188699224e+03 1.134634050943882447e-17
7.574869851115216989e+03 7.340130267735262747e-18
7.579597903041735663e+03 1.318376094000592760e-17
7.584325954968253427e+03 1.785314007676672778e-17
7.589054006894771192e+03 2.053334422778144635e-17
7.593782058821288956e+03 2.260615627244337713e-17
7.598510110747806721e+03 2.303034772545037057e-17
7.603238162674324485e+03 2.311847554791177014e-17
7.607966214600842250e+03 2.561967285128633821e-17
7.612694266527360014e+03 2.287349442897561525e-17
7.617422318453877779e+03 1.894247407777251119e-17
7.622150370380395543e+03 2.713411978450149914e-17
7.626878422306913308e+03 3.719101972222938705e-17
7.631606474233431072e+03 3.525161867548245878e-17
7.636334526159948837e+03 3.015794965122177136e-17
7.641062578086466601e+03 2.955701286236934739e-17
7.645790630012984366e+03 2.581112711278418667e-17
7.650518681939502130e+03 2.037566375069413800e-17
7.655246733866019895e+03 2.603133913545805370e-17
7.659974785792537659e+03 2.879710850339648257e-17
7.664702837719055424e+03 2.319283081317416180e-17
7.669430889645573188e+03 1.936126073265708315e-17
7.674158941572090953e+03 3.110766549099595435e-17
7.678886993498608717e+03 3.397131514081778297e-17
7.683615045425126482e+03 2.282164343945834126e-17
7.688343097351644246e+03 2.265484081457579813e-17
7.693071149278162011e+03 3.045217779510688331e-17
7.697799201204680685e+03 3.303135672354927551e-17
7.702527253131198449e+03 3.093261422104503242e-17
7.707255305057716214e+03 3.175958638408369673e-17
7.711983356984233978e+03 3.431128306385462714e-17
7.716711408910751743e+03 2.512905714073011154e-17
7.721439460837269507e+03 1.860657753771065303e-17
7.726167512763787272e+03 2.707534033017348099e-17
7.730895564690305036e+03 3.134470567605160017e-17
7.735623616616822801e+03 2.084873330609688985e-17
7.740351668543340566e+03 1.608700358984760690e-17
7.745079720469858330e+03 2.284158180094331944e-17
7.749807772396376095e+03 2.707420047528938292e-17
7.754535824322893859e+03 2.777580183596706014e-17
7.759263876249411624e+03 2.636537451914166755e-17
7.763991928175929388e+03 2.737925806775403910e-17
7.768719980102447153e+03 3.112806707362396222e-17
7.773448032028964917e+03 2.081007088426616134e-17
7.778176083955482682e+03 1.446661467249910440e-17
7.782904135882000446e+03 1.521734559847875615e-17
7.787632187808518211e+03 2.056144024446742249e-17
7.792360239735035975e+03 2.771373185716230605e-17
7.797088291661553740e+03 3.280918593718488291e-17
7.801816343588071504e+03 3.356823664576559301e-17
7.806544395514589269e+03 3.209952452861848898e-17
7.811272447441107033e+03 2.924347832298724778e-17
7.816000499367624798e+03 2.416399048314816947e-17
7.820728551294143472e+03 2.369224772544795268e-17
7.825456603220661236e+03 2.799441574569747472e-17
7.830184655147179001e+03 2.674096745679994551e-17
7.834912707073696765e+03 1.797487128443248154e-17
7.839640759000214530e+03 1.710295012690768571e-17
7.844368810926732294e+03 2.080931814990873808e-17
7.849096862853250059e+03 2.433155907727793671e-17
7.853824914779767823e+03 2.720181128274916360e-17
7.858552966706285588e+03 2.065402822479170798e-17
7.863281018632803352e+03 1.716568515892493243e-17
7.868009070559321117e+03 2.389976748880280605e-17
7.872737122485838881e+03 2.263526641256034328e-17
7.877465174412356646e+03 1.862079015499553916e-17
7.882193226338874410e+03 2.182961731135207091e-17
7.886921278265392175e+03 2.278143088115968838e-17
7.891649330191909939e+03 2.485456718062173994e-17
7.896377382118427704e+03 1.803944265740959599e-17
7.901105434044945468e+03 1.636468977584288340e-17
7.905833485971463233e+03 2.159806795120255209e-17
7.910561537897980998e+03 2.410453108635663273e-17
7.915289589824498762e+03 2.408890564458550604e-17
7.920017641751016527e+03 2.500723328883575183e-17
7.924745693677534291e+03 2.536850442136828667e-17
7.929473745604052056e+03 2.758288842786866814e-17
7.934201797530569820e+03 2.740450031132670729e-17
7.938929849457088494e+03 2.213394367615523022e-17
7.943657901383606259e+03 2.771696282463493818e-17
7.948385953310124023e+03 3.112588000808437201e-17
7.953114005236641788e+03 2.186573036253491100e-17
7.957842057163159552e+03 2.211442386806020387e-17
7.962570109089677317e+03 1.975319875921940894e-17
7.967298161016195081e+03 1.814832113271750081e-17
7.972026212942712846e+03 2.322448205213289085e-17
7.976754264869230610e+03 2.709087809079967706e-17
7.981482316795748375e+03 2.554512898884428446e-17
7.986210368722266139e+03 2.281429476689642016e-17
7.990938420648783904e+03 2.509728513340194974e-17
7.995666472575301668e+03 2.333451030849224438e-17
8.000394524501819433e+03 1.814904243421164705e-17
8.005122576428337197e+03 2.565205862662901435e-17
8.009850628354854962e+03 2.771201959329432129e-17
8.014578680281372726e+03 2.532208635411426097e-17
8.019306732207890491e+03 2.242014982245980290e-17
8.024034784134408255e+03 1.816539414056059530e-17
8.028762836060926020e+03 1.985594948054952093e-17
8.033490887987443784e+03 2.248875287374250081e-17
8.038218939913961549e+03 2.465428028454305024e-17
8.042946991840479313e+03 1.954835409796555206e-17
8.047675043766997078e+03 1.813835195197501172e-17
8.052403095693514842e+03 2.549038121282184977e-17
8.057131147620032607e+03 2.454861623309552649e-17
8.061859199546551281e+03 2.050065239561212559e-17
8.066587251473069045e+03 1.754104814037292065e-17
8.071315303399586810e+03 1.831699649450686400e-17
8.076043355326104574e+03 1.800081828588704491e-17
8.080771407252622339e+03 1.863014225900106369e-17
8.085499459179140104e+03 1.702445564986007870e-17
8.090227511105657868e+03 1.712018526215084059e-17
8.094955563032175633e+03 1.795306845784680884e-17
8.099683614958693397e+03 1.508399084884540724e-17
8.104411666885211162e+03 1.543239105104661697e-17
8.109139718811728926e+03 1.494667721280037954e-17
8.113867770738246691e+03 1.061862588400346071e-17
8.118595822664764455e+03 9.321103757707881074e-18
8.123323874591282220e+03 9.436409426375322920e-18
8.128051926517799984e+03 1.256294203795017906e-17
8.132779978444317749e+03 9.920420099740313662e-18
8.137508030370835513e+03 9.397751967628269724e-18
8.142236082297353278e+03 1.000664623397345382e-17
8.146964134223871042e+03 2.207398135355126124e-17
8.151692186150388807e+03 2.472110820623120935e-17
8.156420238076906571e+03 1.434195524546491292e-17
8.161148290003424336e+03 1.058983420842232747e-17
8.165876341929942100e+03 1.070203298670902015e-17
8.170604393856459865e+03 1.374645799632063766e-17
8.175332445782977629e+03 2.148945582805188934e-17
8.180060497709495394e+03 1.392461450229108365e-17
8.184788549636014068e+03 1.002720498091784677e-17
8.189516601562531832e+03 2.763361114303041979e-17
