3466.0000	1.1621607e-16
3467.4700	1.9237104e-16
3468.9400	3.3472967e-16
3470.4100	2.5005594e-16
3471.8800	1.5810011e-16
3473.3500	2.6261684e-16
3474.8200	3.2070988e-16
3476.2900	2.7199441e-16
3477.7600	2.9378504e-16
3479.2300	2.7194926e-16
3480.7000	7.8400567e-17
3482.1700	3.2342041e-16
3483.6400	1.674134e-16
3485.1100	2.0574889e-16
3486.5800	2.578243e-16
3488.0500	1.3861628e-16
3489.5200	2.667338e-16
3490.9900	2.4984761e-16
3492.4600	3.7427998e-16
3493.9300	1.8893713e-16
3495.4000	1.7484736e-16
3496.8700	3.2025945e-16
3498.3400	2.5109401e-16
3499.8100	1.8645726e-16
3501.2800	2.5817704e-16
3502.7500	2.1656485e-16
3504.2200	1.5714267e-16
3505.6900	1.4692552e-16
3507.1600	2.0645612e-16
3508.6300	2.1888657e-16
3510.1000	1.5816367e-16
3511.5700	1.7910932e-16
3513.0400	1.5451188e-16
3514.5100	2.5296474e-16
3515.9800	3.117764e-16
3517.4500	3.8671622e-16
3518.9200	9.5016196e-17
3520.3900	2.6079118e-16
3521.8600	2.4764344e-16
3523.3300	2.1217635e-16
3524.8000	2.8836858e-16
3526.2700	2.2717191e-16
3527.7400	1.6786206e-16
3529.2100	2.1063858e-16
3530.6800	1.6980363e-16
3532.1500	5.1623445e-17
3533.6200	2.5188914e-16
3535.0900	2.7397892e-16
3536.5600	5.2233685e-17
3538.0300	2.304184e-16
3539.5000	1.870703e-16
3540.9700	2.7514103e-16
3542.4400	3.3863169e-16
3543.9100	1.9589491e-16
3545.3800	2.4567457e-16
3546.8500	1.4200674e-16
3548.3200	1.2505238e-16
3549.7900	-1.528206e-17
3551.2600	2.0318969e-16
3552.7300	2.6591137e-16
3554.2000	8.0181234e-17
3555.6700	1.0981768e-16
3557.1400	2.9489863e-16
3558.6100	3.2092237e-16
3560.0800	1.8426329e-16
3561.5500	9.5093235e-17
3563.0200	2.1141921e-16
3564.4900	2.3090282e-16
3565.9600	2.8029227e-16
3567.4300	3.0097434e-16
3568.9000	2.6736197e-16
3570.3700	1.7221692e-16
3571.8400	1.0316854e-16
3573.3100	2.0816794e-16
3574.7800	2.7364028e-16
3576.2500	2.7123699e-16
3577.7200	3.062104e-16
3579.1900	3.6605304e-16
3580.6600	2.8896582e-16
3582.1300	2.3440947e-16
3583.6000	1.7872804e-16
3585.0700	2.3635013e-16
3586.5400	1.9842951e-16
3588.0100	1.5997954e-16
3589.4800	2.2373953e-16
3590.9500	2.8424332e-16
3592.4200	2.8075045e-16
3593.8900	1.8375777e-16
3595.3600	2.446162e-16
3596.8300	2.6745075e-16
3598.3000	1.4630461e-16
3599.7700	1.9651221e-16
3601.2400	2.0013191e-16
3602.7100	1.132168e-16
3604.1800	2.089843e-16
3605.6500	1.6866505e-16
3607.1200	3.0061069e-16
3608.5900	2.0873943e-16
3610.0600	7.2901145e-17
3611.5300	1.8675922e-16
3613.0000	2.0653926e-16
3614.4700	1.0978127e-16
3615.9400	2.5206715e-16
3617.4100	2.5404507e-16
3618.8800	1.9655049e-16
3620.3500	1.8295984e-16
3621.8200	1.8252586e-16
3623.2900	2.4372239e-16
3624.7600	2.3041667e-16
3626.2300	2.6240489e-16
3627.7000	1.7769238e-16
3629.1700	1.9977312e-16
3630.6400	3.1217319e-16
3632.1100	2.8837812e-16
3633.5800	1.7314674e-16
3635.0500	-1.782286e-16
3636.5200	1.1841315e-16
3637.9900	3.4721896e-16
3639.4600	2.2429219e-16
3640.9300	2.1021642e-16
3642.4000	1.8199602e-16
3643.8700	2.2397913e-16
3645.3400	3.2549801e-16
3646.8100	2.9960644e-16
3648.2800	2.41421e-16
3649.7500	1.3374524e-16
3651.2200	2.493985e-16
3652.6900	2.8813255e-16
3654.1600	2.8401563e-16
3655.6300	2.8923184e-16
3657.1000	2.3000656e-16
3658.5700	2.4495921e-16
3660.0400	2.2639769e-16
3661.5100	3.1028858e-16
3662.9800	2.9480201e-16
3664.4500	2.2881241e-16
3665.9200	1.8509321e-16
3667.3900	2.3199955e-16
3668.8600	2.2745377e-16
3670.3300	2.1899682e-16
3671.8000	2.6125216e-16
3673.2700	2.02878e-16
3674.7400	2.4857448e-16
3676.2100	2.3326935e-16
3677.6800	3.355774e-16
3679.1500	2.9297274e-16
3680.6200	2.8855124e-16
3682.0900	2.3481739e-16
3683.5600	2.5128978e-16
3685.0300	2.7178603e-16
3686.5000	2.6685399e-16
3687.9700	3.1176227e-16
3689.4400	1.6138524e-16
3690.9100	1.3350412e-16
3692.3800	2.782878e-16
3693.8500	2.8133321e-16
3695.3200	1.6368125e-16
3696.7900	3.2405999e-16
3698.2600	2.3507085e-16
3699.7300	2.2569887e-16
3701.2000	2.3582713e-16
3702.6700	2.2821918e-16
3704.1400	2.4422857e-16
3705.6100	1.9429299e-16
3707.0800	2.3722528e-16
3708.5500	2.619895e-16
3710.0200	1.7943503e-16
3711.4900	2.4895027e-16
3712.9600	2.9299524e-16
3714.4300	2.3942834e-16
3715.9000	3.6982024e-16
3717.3700	1.9928591e-16
3718.8400	1.4860745e-16
3720.3100	1.6102077e-16
3721.7800	3.1698593e-16
3723.2500	3.1666312e-16
3724.7200	2.3080587e-16
3726.1900	2.0184886e-16
3727.6600	2.3057577e-16
3729.1300	2.5004002e-16
3730.6000	1.4117758e-16
3732.0700	1.6479191e-16
3733.5400	2.328205e-16
3735.0100	1.6854623e-16
3736.4800	1.3584371e-16
3737.9500	2.5938159e-16
3739.4200	3.1853417e-16
3740.8900	2.9850295e-16
3742.3600	3.1169719e-16
3743.8300	2.9555526e-16
3745.3000	2.319916e-16
3746.7700	2.3333296e-16
3748.2400	3.1539714e-16
3749.7100	2.5119618e-16
3751.1800	1.2439643e-16
3752.6500	1.2042578e-16
3754.1200	2.0704794e-16
3755.5900	2.4008192e-16
3757.0600	2.1944806e-16
3758.5300	2.1699606e-16
3760.0000	2.3512697e-16
3761.4700	2.5983605e-16
3762.9400	1.783224e-16
3764.4100	1.304805e-16
3765.8800	1.5257578e-16
3767.3500	2.4361208e-16
3768.8200	1.6538648e-16
3770.2900	1.4177266e-16
3771.7600	2.0123489e-16
3773.2300	1.9914551e-16
3774.7000	1.3271691e-16
3776.1700	1.972117e-16
3777.6400	2.5667346e-16
3779.1100	1.9755767e-16
3780.5800	1.0790176e-16
3782.0500	1.8940079e-16
3783.5200	2.1489938e-16
3784.9900	2.5652319e-16
3786.4600	3.05884e-16
3787.9300	2.0482063e-16
3789.4000	1.6043766e-16
3790.8700	2.2535643e-16
3792.3400	2.5563836e-16
3793.8100	3.0102456e-16
3795.2800	2.1530186e-16
3796.7500	3.1801695e-16
3798.2200	3.194561e-16
3799.6900	3.0851725e-16
3801.1600	2.695193e-16
3802.6300	2.2624339e-16
3804.1000	2.4388205e-16
3805.5700	2.5989112e-16
3807.0400	1.9725281e-16
3808.5100	2.1339139e-16
3809.9800	2.4096538e-16
3811.4500	2.9634568e-16
3812.9200	3.0487823e-16
3814.3900	2.457733e-16
3815.8600	2.5016856e-16
3817.3300	2.4835171e-16
3818.8000	2.6078692e-16
3820.2700	1.9031456e-16
3821.7400	2.7226159e-16
3823.2100	3.1776676e-16
3824.6800	2.9122439e-16
3826.1500	2.1341647e-16
3827.6200	1.866612e-16
3829.0900	2.4536608e-16
3830.5600	2.8670943e-16
3832.0300	2.7174476e-16
3833.5000	2.7789527e-16
3834.9700	2.3749639e-16
3836.4400	1.8116054e-16
3837.9100	2.2699873e-16
3839.3800	2.4786761e-16
3840.8500	3.7371221e-16
3842.3200	5.535531e-16
3843.7900	6.1884785e-16
3845.2600	6.2124753e-16
3846.7300	5.5475461e-16
3848.2000	4.5311368e-16
3849.6700	3.7059507e-16
3851.1400	3.1385681e-16
3852.6100	2.0509782e-16
3854.0800	1.7629531e-16
3855.5500	2.1967866e-16
3857.0200	2.2894488e-16
3858.4900	2.2741686e-16
3859.9600	2.4710245e-16
3861.4300	2.5015965e-16
3862.9000	2.0983198e-16
3864.3700	2.6777834e-16
3865.8400	2.8277114e-16
3867.3100	3.0342478e-16
3868.7800	2.843838e-16
3870.2500	1.8877611e-16
3871.7200	1.7025933e-16
3873.1900	1.7459051e-16
3874.6600	2.3892653e-16
3876.1300	2.4177541e-16
3877.6000	2.2758955e-16
3879.0700	2.1984768e-16
3880.5400	2.7089015e-16
3882.0100	2.4858603e-16
3883.4800	2.0573887e-16
3884.9500	2.172875e-16
3886.4200	3.0330798e-16
3887.8900	2.0285116e-16
3889.3600	2.117804e-16
3890.8300	2.3554474e-16
3892.3000	2.0932023e-16
3893.7700	2.2787584e-16
3895.2400	2.7411881e-16
3896.7100	3.1558409e-16
3898.1800	2.8649321e-16
3899.6500	2.0270686e-16
3901.1200	2.1556744e-16
3902.5900	2.1863818e-16
3904.0600	1.7589816e-16
3905.5300	2.2492856e-16
3907.0000	2.0974275e-16
3908.4700	2.8731149e-16
3909.9400	2.7083549e-16
3911.4100	1.9435331e-16
3912.8800	1.4499307e-16
3914.3500	2.1165673e-16
3915.8200	2.2343972e-16
3917.2900	2.7723518e-16
3918.7600	2.866458e-16
3920.2300	2.7089223e-16
3921.7000	2.8742522e-16
3923.1700	2.3022847e-16
3924.6400	2.078561e-16
3926.1100	2.4723694e-16
3927.5800	2.7192852e-16
3929.0500	2.2459723e-16
3930.5200	1.949231e-16
3931.9900	2.2392227e-16
3933.4600	2.2877175e-16
3934.9300	2.0944688e-16
3936.4000	1.7348377e-16
3937.8700	1.9769028e-16
3939.3400	1.8003337e-16
3940.8100	1.3795303e-16
3942.2800	1.734136e-16
3943.7500	1.7104746e-16
3945.2200	2.1347155e-16
3946.6900	2.5326943e-16
3948.1600	2.0081946e-16
3949.6300	1.9331494e-16
3951.1000	2.2149055e-16
3952.5700	2.2957942e-16
3954.0400	2.33422e-16
3955.5100	2.2216794e-16
3956.9800	2.1578579e-16
3958.4500	2.2847252e-16
3959.9200	2.1005295e-16
3961.3900	2.1013047e-16
3962.8600	1.907787e-16
3964.3300	1.966981e-16
3965.8000	2.2807793e-16
3967.2700	1.7256881e-16
3968.7400	1.4023641e-16
3970.2100	2.0530175e-16
3971.6800	2.0443295e-16
3973.1500	1.2726717e-16
3974.6200	1.6180378e-16
3976.0900	2.6016876e-16
3977.5600	1.8699339e-16
3979.0300	1.9415262e-16
3980.5000	2.0900694e-16
3981.9700	1.610409e-16
3983.4400	1.4169084e-16
3984.9100	1.6515195e-16
3986.3800	1.7180991e-16
3987.8500	1.7769219e-16
3989.3200	1.664822e-16
3990.7900	2.2790237e-16
3992.2600	2.4517581e-16
3993.7300	2.0434183e-16
3995.2000	1.8796182e-16
3996.6700	1.7724878e-16
3998.1400	2.0233282e-16
3999.6100	2.7678114e-16
4001.0800	1.9135998e-16
4002.5500	1.5599497e-16
4004.0200	2.3558317e-16
4005.4900	2.3568854e-16
4006.9600	2.3046358e-16
4008.4300	2.1184924e-16
4009.9000	2.3302278e-16
4011.3700	2.8439268e-16
4012.8400	2.519922e-16
4014.3100	2.671175e-16
4015.7800	2.6627669e-16
4017.2500	2.3187241e-16
4018.7200	2.6231265e-16
4020.1900	2.510947e-16
4021.6600	2.4372998e-16
4023.1300	2.7246016e-16
4024.6000	2.3833495e-16
4026.0700	1.9970289e-16
4027.5400	2.2364025e-16
4029.0100	2.3509882e-16
4030.4800	2.3969617e-16
4031.9500	2.7592239e-16
4033.4200	2.6583394e-16
4034.8900	2.7371407e-16
4036.3600	2.7614376e-16
4037.8300	2.5578007e-16
4039.3000	2.4581501e-16
4040.7700	2.6652265e-16
4042.2400	2.8054336e-16
4043.7100	2.6387414e-16
4045.1800	2.5233847e-16
4046.6500	2.4386106e-16
4048.1200	2.3956287e-16
4049.5900	2.7414858e-16
4051.0600	2.8646585e-16
4052.5300	2.5684705e-16
4054.0000	2.6065555e-16
4055.4700	2.7513206e-16
4056.9400	2.9101068e-16
4058.4100	2.6353455e-16
4059.8800	2.1491832e-16
4061.3500	2.4167046e-16
4062.8200	2.8540367e-16
4064.2900	2.7964905e-16
4065.7600	2.4671394e-16
4067.2300	2.4701661e-16
4068.7000	2.4266197e-16
4070.1700	2.9184255e-16
4071.6400	2.7801681e-16
4073.1100	2.4407287e-16
4074.5800	2.7466208e-16
4076.0500	2.5981975e-16
4077.5200	2.4415407e-16
4078.9900	2.406854e-16
4080.4600	2.1673229e-16
4081.9300	2.5802484e-16
4083.4000	2.7535772e-16
4084.8700	2.5302473e-16
4086.3400	2.3160838e-16
4087.8100	2.5271991e-16
4089.2800	2.7475432e-16
4090.7500	2.5901198e-16
4092.2200	2.4026054e-16
4093.6900	2.2669831e-16
4095.1600	2.466795e-16
4096.6300	2.5721955e-16
4098.1000	3.0297294e-16
4099.5700	3.1291622e-16
4101.0400	2.96783e-16
4102.5100	3.0867407e-16
4103.9800	2.6599953e-16
4105.4500	2.4472186e-16
4106.9200	2.3733811e-16
4108.3900	2.189309e-16
4109.8600	2.3087648e-16
4111.3300	2.3842378e-16
4112.8000	2.4168034e-16
4114.2700	2.3918585e-16
4115.7400	2.3430616e-16
4117.2100	2.3497355e-16
4118.6800	2.2227424e-16
4120.1500	2.5195354e-16
4121.6200	2.8436053e-16
4123.0900	2.3788574e-16
4124.5600	1.7997938e-16
4126.0300	2.3626675e-16
4127.5000	2.201366e-16
4128.9700	1.9552642e-16
4130.4400	2.435538e-16
4131.9100	2.7371451e-16
4133.3800	2.640132e-16
4134.8500	2.7264217e-16
4136.3200	2.5146571e-16
4137.7900	2.766971e-16
4139.2600	2.5247315e-16
4140.7300	2.1867204e-16
4142.2000	1.8800136e-16
4143.6700	2.2002698e-16
4145.1400	1.667275e-16
4146.6100	2.0872186e-16
4148.0800	2.6542056e-16
4149.5500	2.3335198e-16
4151.0200	2.3014423e-16
4152.4900	2.778945e-16
4153.9600	2.5922498e-16
4155.4300	2.3450916e-16
4156.9000	2.5505394e-16
4158.3700	2.2131443e-16
4159.8400	1.9076799e-16
4161.3100	1.7694624e-16
4162.7800	1.7440377e-16
4164.2500	2.4806115e-16
4165.7200	2.4039106e-16
4167.1900	2.119858e-16
4168.6600	2.0911494e-16
4170.1300	2.1803762e-16
4171.6000	2.084253e-16
4173.0700	2.2833265e-16
4174.5400	2.111018e-16
4176.0100	1.9433033e-16
4177.4800	2.3393594e-16
4178.9500	2.5955588e-16
4180.4200	2.2158283e-16
4181.8900	2.5186509e-16
4183.3600	2.4578927e-16
4184.8300	2.2135691e-16
4186.3000	2.0287305e-16
4187.7700	2.1865296e-16
4189.2400	2.500402e-16
4190.7100	2.553089e-16
4192.1800	2.424383e-16
4193.6500	2.2235666e-16
4195.1200	2.4352889e-16
4196.5900	2.6797611e-16
4198.0600	2.8105813e-16
4199.5300	2.6768985e-16
4201.0000	2.3839216e-16
4202.4700	2.5103843e-16
4203.9400	2.6471087e-16
4205.4100	2.3501188e-16
4206.8800	2.572476e-16
4208.3500	2.4610648e-16
4209.8200	2.0466511e-16
4211.2900	1.9772646e-16
4212.7600	2.4848203e-16
4214.2300	2.7454105e-16
4215.7000	2.2685446e-16
4217.1700	2.3365435e-16
4218.6400	2.6316217e-16
4220.1100	2.3636739e-16
4221.5800	2.3985612e-16
4223.0500	2.813845e-16
4224.5200	2.7925283e-16
4225.9900	2.6835224e-16
4227.4600	2.7701524e-16
4228.9300	2.9500872e-16
4230.4000	3.0437082e-16
4231.8700	2.8391927e-16
4233.3400	2.5488627e-16
4234.8100	2.7075997e-16
4236.2800	3.2448488e-16
4237.7500	3.0045891e-16
4239.2200	2.8227526e-16
4240.6900	2.6452759e-16
4242.1600	2.3483339e-16
4243.6300	2.428403e-16
4245.1000	2.6276651e-16
4246.5700	2.5770402e-16
4248.0400	2.5950626e-16
4249.5100	2.6240119e-16
4250.9800	2.5516611e-16
4252.4500	2.4745454e-16
4253.9200	2.6890233e-16
4255.3900	2.6662734e-16
4256.8600	2.2991273e-16
4258.3300	2.3195481e-16
4259.8000	2.2338945e-16
4261.2700	2.3959537e-16
4262.7400	2.7807277e-16
4264.2100	2.5178841e-16
4265.6800	2.3613907e-16
4267.1500	2.4494457e-16
4268.6200	2.456775e-16
4270.0900	2.3736583e-16
4271.5600	2.7990445e-16
4273.0300	2.4605e-16
4274.5000	2.5199005e-16
4275.9700	2.5795528e-16
4277.4400	2.4856877e-16
4278.9100	2.3957598e-16
4280.3800	2.4114074e-16
4281.8500	2.4235497e-16
4283.3200	2.2242592e-16
4284.7900	2.2106758e-16
4286.2600	2.3285674e-16
4287.7300	2.3675804e-16
4289.2000	2.2079082e-16
4290.6700	1.8706129e-16
4292.1400	2.2212586e-16
4293.6100	2.4097253e-16
4295.0800	2.1193595e-16
4296.5500	2.0842545e-16
4298.0200	2.267051e-16
4299.4900	2.4202472e-16
4300.9600	2.1520549e-16
4302.4300	2.2536795e-16
4303.9000	2.3188269e-16
4305.3700	2.3549822e-16
4306.8400	2.2079721e-16
4308.3100	2.0960988e-16
4309.7800	1.8510112e-16
4311.2500	1.9779691e-16
4312.7200	2.1422751e-16
4314.1900	1.9924526e-16
4315.6600	1.9028974e-16
4317.1300	1.6597269e-16
4318.6000	2.1944924e-16
4320.0700	2.717219e-16
4321.5400	2.3217373e-16
4323.0100	1.9679299e-16
4324.4800	1.9167349e-16
4325.9500	2.0372853e-16
4327.4200	2.0323192e-16
4328.8900	1.9645067e-16
4330.3600	1.9191605e-16
4331.8300	1.9135618e-16
4333.3000	2.1295898e-16
4334.7700	2.2499731e-16
4336.2400	2.1271627e-16
4337.7100	1.7316367e-16
4339.1800	1.8000767e-16
4340.6500	2.0413898e-16
4342.1200	1.9159904e-16
4343.5900	1.934935e-16
4345.0600	2.1649873e-16
4346.5300	1.6802587e-16
4348.0000	1.7991114e-16
4349.4700	2.0076396e-16
4350.9400	1.8640657e-16
4352.4100	2.1464537e-16
4353.8800	2.4257822e-16
4355.3500	2.4571039e-16
4356.8200	2.3721363e-16
4358.2900	1.8149275e-16
4359.7600	2.0162384e-16
4361.2300	2.3424941e-16
4362.7000	2.2654611e-16
4364.1700	2.2825246e-16
4365.6400	2.0900509e-16
4367.1100	1.9107604e-16
4368.5800	2.1961717e-16
4370.0500	2.069425e-16
4371.5200	2.1387489e-16
4372.9900	1.8100537e-16
4374.4600	1.8385631e-16
4375.9300	2.3120178e-16
4377.4000	2.4587119e-16
4378.8700	2.1875469e-16
4380.3400	1.989463e-16
4381.8100	2.0189396e-16
4383.2800	2.1254008e-16
4384.7500	2.1334608e-16
4386.2200	2.2792779e-16
4387.6900	2.1085183e-16
4389.1600	2.1876891e-16
4390.6300	2.3870534e-16
4392.1000	2.2656062e-16
4393.5700	2.246235e-16
4395.0400	2.3398347e-16
4396.5100	2.5741306e-16
4397.9800	2.792311e-16
4399.4500	2.4627739e-16
4400.9200	2.1370673e-16
4402.3900	2.2941473e-16
4403.8600	2.5290349e-16
4405.3300	2.4383621e-16
4406.8000	2.6084015e-16
4408.2700	2.6219356e-16
4409.7400	2.2662498e-16
4411.2100	2.2377217e-16
4412.6800	2.1868791e-16
4414.1500	2.3834477e-16
4415.6200	2.5004929e-16
4417.0900	2.1500045e-16
4418.5600	1.7734484e-16
4420.0300	1.72538e-16
4421.5000	1.725062e-16
4422.9700	2.0324562e-16
4424.4400	2.4419619e-16
4425.9100	2.6147205e-16
4427.3800	2.3143166e-16
4428.8500	2.2138579e-16
4430.3200	2.2725075e-16
4431.7900	2.1027642e-16
4433.2600	2.2967505e-16
4434.7300	2.6136732e-16
4436.2000	2.5014773e-16
4437.6700	2.4364999e-16
4439.1400	2.3537944e-16
4440.6100	1.8395191e-16
4442.0800	1.9900355e-16
4443.5500	2.4095933e-16
4445.0200	2.3621975e-16
4446.4900	2.0922264e-16
4447.9600	2.2016965e-16
4449.4300	2.4645846e-16
4450.9000	2.5033244e-16
4452.3700	2.4589576e-16
4453.8400	2.2904453e-16
4455.3100	2.0565695e-16
4456.7800	2.2710992e-16
4458.2500	2.5363931e-16
4459.7200	2.4166897e-16
4461.1900	2.1337947e-16
4462.6600	2.255913e-16
4464.1300	2.505562e-16
4465.6000	2.3161969e-16
4467.0700	2.2106878e-16
4468.5400	2.3318505e-16
4470.0100	2.2196618e-16
4471.4800	2.2130407e-16
4472.9500	2.5007442e-16
4474.4200	3.0092502e-16
4475.8900	3.0809826e-16
4477.3600	2.893132e-16
4478.8300	2.842913e-16
4480.3000	2.6406452e-16
4481.7700	2.4070269e-16
4483.2400	2.3429047e-16
4484.7100	2.3651004e-16
4486.1800	2.1470715e-16
4487.6500	2.1501222e-16
4489.1200	2.1520576e-16
4490.5900	2.1602994e-16
4492.0600	2.4764425e-16
4493.5300	2.5620106e-16
4495.0000	2.5680894e-16
4496.4700	2.7644479e-16
4497.9400	2.6453176e-16
4499.4100	2.2544125e-16
4500.8800	2.2118255e-16
4502.3500	2.2357622e-16
4503.8200	2.0113266e-16
4505.2900	2.3270205e-16
4506.7600	2.6553485e-16
4508.2300	2.3983712e-16
4509.7000	2.1828873e-16
4511.1700	2.0729508e-16
4512.6400	1.8438281e-16
4514.1100	1.9521053e-16
4515.5800	2.1166295e-16
4517.0500	2.0754354e-16
4518.5200	2.13248e-16
4519.9900	1.9672365e-16
4521.4600	1.9748619e-16
4522.9300	2.310252e-16
4524.4000	2.2673291e-16
4525.8700	2.1980236e-16
4527.3400	2.1932088e-16
4528.8100	2.0638731e-16
4530.2800	2.0630214e-16
4531.7500	2.2158684e-16
4533.2200	2.2707888e-16
4534.6900	2.1264303e-16
4536.1600	2.0539173e-16
4537.6300	1.8541193e-16
4539.1000	1.6538194e-16
4540.5700	1.6986838e-16
4542.0400	1.7213917e-16
4543.5100	1.9100769e-16
4544.9800	2.1999475e-16
4546.4500	2.2112697e-16
4547.9200	1.9437504e-16
4549.3900	1.7719404e-16
4550.8600	1.8363628e-16
4552.3300	1.8892507e-16
4553.8000	1.9458877e-16
4555.2700	2.1862663e-16
4556.7400	2.3758124e-16
4558.2100	2.1817546e-16
4559.6800	1.7812663e-16
4561.1500	1.7453603e-16
4562.6200	1.9658531e-16
4564.0900	2.1112262e-16
4565.5600	1.9670323e-16
4567.0300	1.8051216e-16
4568.5000	2.0341986e-16
4569.9700	2.2119202e-16
4571.4400	2.0331696e-16
4572.9100	1.6692671e-16
4574.3800	1.4604515e-16
4575.8500	1.6664158e-16
4577.3200	1.8561959e-16
4578.7900	1.7198366e-16
4580.2600	1.7031497e-16
4581.7300	1.8980533e-16
4583.2000	2.1578053e-16
4584.6700	2.1645924e-16
4586.1400	2.1474449e-16
4587.6100	1.8849331e-16
4589.0800	1.8626073e-16
4590.5500	2.1735711e-16
4592.0200	2.0197895e-16
4593.4900	1.7768098e-16
4594.9600	1.8747094e-16
4596.4300	2.2657342e-16
4597.9000	2.3051743e-16
4599.3700	2.3227517e-16
4600.8400	2.2326465e-16
4602.3100	2.1240325e-16
4603.7800	2.0753829e-16
4605.2500	1.7533135e-16
4606.7200	1.8085478e-16
4608.1900	2.0311983e-16
4609.6600	2.2567996e-16
4611.1300	2.346811e-16
4612.6000	2.0437637e-16
4614.0700	2.0733587e-16
4615.5400	2.2746851e-16
4617.0100	2.2315827e-16
4618.4800	2.1806544e-16
4619.9500	2.006515e-16
4621.4200	1.9002564e-16
4622.8900	2.0909825e-16
4624.3600	2.2105902e-16
4625.8300	2.0697936e-16
4627.3000	2.2006048e-16
4628.7700	2.4582383e-16
4630.2400	2.2250371e-16
4631.7100	2.2818103e-16
4633.1800	2.3590472e-16
4634.6500	1.8304026e-16
4636.1200	2.0220461e-16
4637.5900	2.5278747e-16
4639.0600	2.6990545e-16
4640.5300	2.5857142e-16
4642.0000	2.370363e-16
4643.4700	2.1066955e-16
4644.9400	2.1585204e-16
4646.4100	2.2215357e-16
4647.8800	1.8792906e-16
4649.3500	2.0536736e-16
4650.8200	2.63466e-16
4652.2900	2.1828835e-16
4653.7600	1.8937722e-16
4655.2300	2.3302121e-16
4656.7000	2.3740472e-16
4658.1700	2.4180152e-16
4659.6400	2.5424621e-16
4661.1100	2.2879209e-16
4662.5800	2.0403436e-16
4664.0500	2.4156021e-16
4665.5200	2.6959407e-16
4666.9900	2.4772738e-16
4668.4600	2.2490557e-16
4669.9300	2.1920083e-16
4671.4000	2.2517996e-16
4672.8700	2.3415531e-16
4674.3400	2.5286639e-16
4675.8100	2.5622442e-16
4677.2800	2.6924267e-16
4678.7500	2.6944253e-16
4680.2200	2.420757e-16
4681.6900	2.4116389e-16
4683.1600	2.291874e-16
4684.6300	2.2167772e-16
4686.1000	2.4758352e-16
4687.5700	2.3781267e-16
4689.0400	2.2054183e-16
4690.5100	2.4541149e-16
4691.9800	2.1785012e-16
4693.4500	1.9921054e-16
4694.9200	2.3066333e-16
4696.3900	2.4486859e-16
4697.8600	2.1927834e-16
4699.3300	1.9857244e-16
4700.8000	2.2321922e-16
4702.2700	2.2484747e-16
4703.7400	2.2056876e-16
4705.2100	2.3240636e-16
4706.6800	2.22077e-16
4708.1500	2.3107338e-16
4709.6200	2.3446845e-16
4711.0900	2.2100443e-16
4712.5600	2.6296556e-16
4714.0300	2.6645204e-16
4715.5000	2.6023248e-16
4716.9700	2.5411087e-16
4718.4400	2.2275962e-16
4719.9100	2.2362971e-16
4721.3800	2.3334391e-16
4722.8500	2.147747e-16
4724.3200	2.1768957e-16
4725.7900	2.4214678e-16
4727.2600	2.4514008e-16
4728.7300	2.3616946e-16
4730.2000	2.4771404e-16
4731.6700	2.3914045e-16
4733.1400	2.0053706e-16
4734.6100	2.0087218e-16
4736.0800	2.165634e-16
4737.5500	2.3476836e-16
4739.0200	2.3807107e-16
4740.4900	2.2841908e-16
4741.9600	1.9853796e-16
4743.4300	1.9510178e-16
4744.9000	2.3567869e-16
4746.3700	2.586534e-16
4747.8400	2.5379691e-16
4749.3100	2.1775782e-16
4750.7800	1.7891563e-16
4752.2500	1.8988419e-16
4753.7200	2.1733426e-16
4755.1900	2.2886109e-16
4756.6600	2.5056675e-16
4758.1300	2.464729e-16
4759.6000	2.2113769e-16
4761.0700	2.1926519e-16
4762.5400	2.3739067e-16
4764.0100	2.3843305e-16
4765.4800	2.1721832e-16
4766.9500	2.2964534e-16
4768.4200	2.2583669e-16
4769.8900	2.1133989e-16
4771.3600	2.1975054e-16
4772.8300	2.1173954e-16
4774.3000	2.1291703e-16
4775.7700	2.2093016e-16
4777.2400	2.2964677e-16
4778.7100	2.2322944e-16
4780.1800	2.2199078e-16
4781.6500	2.2264498e-16
4783.1200	2.2260569e-16
4784.5900	2.3989363e-16
4786.0600	2.3589692e-16
4787.5300	2.221505e-16
4789.0000	2.1452814e-16
4790.4700	1.9890378e-16
4791.9400	2.0778562e-16
4793.4100	2.1466735e-16
4794.8800	1.9574246e-16
4796.3500	2.0644827e-16
4797.8200	2.195124e-16
4799.2900	2.1040884e-16
4800.7600	1.946426e-16
4802.2300	2.0836174e-16
4803.7000	2.1436408e-16
4805.1700	1.8876101e-16
4806.6400	2.0540527e-16
4808.1100	2.3565778e-16
4809.5800	2.2865701e-16
4811.0500	2.2800702e-16
4812.5200	2.4534945e-16
4813.9900	2.3912904e-16
4815.4600	2.0601815e-16
4816.9300	2.0196778e-16
4818.4000	2.0142716e-16
4819.8700	2.0828061e-16
4821.3400	2.2071013e-16
4822.8100	2.2474688e-16
4824.2800	2.523337e-16
4825.7500	2.4670447e-16
4827.2200	2.1529174e-16
4828.6900	1.8461783e-16
4830.1600	1.8419963e-16
4831.6300	2.0480894e-16
4833.1000	2.0668888e-16
4834.5700	2.043695e-16
4836.0400	2.0290732e-16
4837.5100	2.0624962e-16
4838.9800	2.0273384e-16
4840.4500	2.0034285e-16
4841.9200	1.6659571e-16
4843.3900	1.6253902e-16
4844.8600	1.9252078e-16
4846.3300	1.7714524e-16
4847.8000	1.8823193e-16
4849.2700	2.2554897e-16
4850.7400	2.0528691e-16
4852.2100	1.6072783e-16
4853.6800	1.8072818e-16
4855.1500	1.7827654e-16
4856.6200	1.6164665e-16
4858.0900	1.7694412e-16
4859.5600	1.8708014e-16
4861.0300	1.7871116e-16
4862.5000	1.6125324e-16
4863.9700	1.6244085e-16
4865.4400	1.7723292e-16
4866.9100	1.7617229e-16
4868.3800	1.7955893e-16
4869.8500	1.8867071e-16
4871.3200	1.6509373e-16
4872.7900	1.6045922e-16
4874.2600	1.5798119e-16
4875.7300	1.5965638e-16
4877.2000	1.7440316e-16
4878.6700	1.9062841e-16
4880.1400	1.7747299e-16
4881.6100	1.5171656e-16
4883.0800	1.7525218e-16
4884.5500	2.0243053e-16
4886.0200	1.876446e-16
4887.4900	1.8188338e-16
4888.9600	1.8184352e-16
4890.4300	1.6530611e-16
4891.9000	1.6621749e-16
4893.3700	1.7301665e-16
4894.8400	1.7241722e-16
4896.3100	1.7938855e-16
4897.7800	1.9848207e-16
4899.2500	2.1545759e-16
4900.7200	2.2217242e-16
4902.1900	2.2785366e-16
4903.6600	2.2503476e-16
4905.1300	2.1896568e-16
4906.6000	2.068847e-16
4908.0700	2.1308526e-16
4909.5400	2.2722758e-16
4911.0100	2.1129449e-16
4912.4800	1.9090883e-16
4913.9500	1.7693798e-16
4915.4200	1.9144352e-16
4916.8900	2.154721e-16
4918.3600	2.1362771e-16
4919.8300	2.258306e-16
4921.3000	2.3074088e-16
4922.7700	1.9822437e-16
4924.2400	1.9795601e-16
4925.7100	2.0330212e-16
4927.1800	1.9775839e-16
4928.6500	1.9704726e-16
4930.1200	1.8706568e-16
4931.5900	2.0262e-16
4933.0600	2.2292319e-16
4934.5300	2.1497999e-16
4936.0000	2.0921764e-16
4937.4700	2.2489062e-16
4938.9400	1.9012581e-16
4940.4100	2.0315427e-16
4941.8800	2.5248864e-16
4943.3500	2.2468567e-16
4944.8200	1.9407706e-16
4946.2900	2.1180663e-16
4947.7600	2.2761548e-16
4949.2300	2.2616981e-16
4950.7000	1.9735515e-16
4952.1700	1.8010326e-16
4953.6400	1.8460111e-16
4955.1100	2.2180878e-16
4956.5800	2.4088915e-16
4958.0500	2.4595001e-16
4959.5200	2.5442308e-16
4960.9900	2.2922955e-16
4962.4600	2.3225333e-16
4963.9300	2.6656055e-16
4965.4000	2.4596974e-16
4966.8700	2.2332628e-16
4968.3400	2.2075655e-16
4969.8100	2.1733582e-16
4971.2800	2.3200521e-16
4972.7500	2.6137403e-16
4974.2200	2.5542301e-16
4975.6900	2.3021941e-16
4977.1600	2.2142717e-16
4978.6300	2.1992327e-16
4980.1000	2.7362758e-16
4981.5700	3.0622882e-16
4983.0400	2.7293256e-16
4984.5100	2.2921741e-16
4985.9800	2.3048697e-16
4987.4500	2.6454869e-16
4988.9200	2.479981e-16
4990.3900	2.437876e-16
4991.8600	2.391098e-16
4993.3300	2.182328e-16
4994.8000	2.4041301e-16
4996.2700	2.6572356e-16
4997.7400	2.466407e-16
4999.2100	2.2547349e-16
5000.6800	2.2598188e-16
5002.1500	2.5456488e-16
5003.6200	2.6742879e-16
5005.0900	2.4930789e-16
5006.5600	2.2604588e-16
5008.0300	2.0855963e-16
5009.5000	2.3255841e-16
5010.9700	3.1915644e-16
5012.4400	4.2093873e-16
5013.9100	4.0239713e-16
5015.3800	3.5715589e-16
5016.8500	3.5141072e-16
5018.3200	2.8749284e-16
5019.7900	2.4544257e-16
5021.2600	2.3193993e-16
5022.7300	2.2472852e-16
5024.2000	2.1876338e-16
5025.6700	1.955898e-16
5027.1400	1.8616466e-16
5028.6100	2.0142181e-16
5030.0800	2.2616091e-16
5031.5500	2.1981627e-16
5033.0200	2.0820019e-16
5034.4900	1.9529551e-16
5035.9600	2.0768195e-16
5037.4300	2.3565999e-16
5038.9000	2.2965923e-16
5040.3700	2.332343e-16
5041.8400	2.3287703e-16
5043.3100	2.2853003e-16
5044.7800	2.2914344e-16
5046.2500	1.8776232e-16
5047.7200	1.9451572e-16
5049.1900	1.9611956e-16
5050.6600	1.6600314e-16
5052.1300	2.0605911e-16
5053.6000	2.3749278e-16
5055.0700	2.1464024e-16
5056.5400	2.0503791e-16
5058.0100	2.0888031e-16
5059.4800	1.9935109e-16
5060.9500	1.805888e-16
5062.4200	1.972681e-16
5063.8900	2.4055041e-16
5065.3600	2.347853e-16
5066.8300	1.9306056e-16
5068.3000	2.058688e-16
5069.7700	2.1682115e-16
5071.2400	1.987877e-16
5072.7100	1.9774602e-16
5074.1800	2.0087667e-16
5075.6500	2.2241104e-16
5077.1200	2.2333744e-16
5078.5900	2.045058e-16
5080.0600	1.6749927e-16
5081.5300	1.625254e-16
5083.0000	1.9014004e-16
5084.4700	1.9065475e-16
5085.9400	2.0080012e-16
5087.4100	1.8625419e-16
5088.8800	1.8223138e-16
5090.3500	2.0185837e-16
5091.8200	2.096213e-16
5093.2900	1.9552183e-16
5094.7600	2.0768788e-16
5096.2300	1.9048162e-16
5097.7000	1.80577e-16
5099.1700	2.0607562e-16
5100.6400	1.8109281e-16
5102.1100	1.5799496e-16
5103.5800	1.7999181e-16
5105.0500	1.8077017e-16
5106.5200	1.965334e-16
5107.9900	2.216839e-16
5109.4600	2.3309557e-16
5110.9300	2.356112e-16
5112.4000	2.6733691e-16
5113.8700	2.6649526e-16
5115.3400	2.3126687e-16
5116.8100	2.1269791e-16
5118.2800	2.2704519e-16
5119.7500	2.3115404e-16
5121.2200	2.0809373e-16
5122.6900	2.0651671e-16
5124.1600	2.0969979e-16
5125.6300	2.1325973e-16
5127.1000	2.1285015e-16
5128.5700	2.0049182e-16
5130.0400	1.9521451e-16
5131.5100	2.0419881e-16
5132.9800	2.0079377e-16
5134.4500	1.9091874e-16
5135.9200	1.9635409e-16
5137.3900	1.8645139e-16
5138.8600	1.9494978e-16
5140.3300	2.3560493e-16
5141.8000	2.2544695e-16
5143.2700	1.9973612e-16
5144.7400	1.9395667e-16
5146.2100	1.6391882e-16
5147.6800	1.7779538e-16
5149.1500	1.8139085e-16
5150.6200	1.939005e-16
5152.0900	2.2361043e-16
5153.5600	1.970237e-16
5155.0300	1.6917621e-16
5156.5000	1.8590507e-16
5157.9700	1.9941975e-16
5159.4400	1.8590346e-16
5160.9100	2.326106e-16
5162.3800	3.0702448e-16
5163.8500	3.3339548e-16
5165.3200	3.2438847e-16
5166.7900	2.768546e-16
5168.2600	2.2724763e-16
5169.7300	1.932369e-16
5171.2000	1.8082097e-16
5172.6700	1.9652633e-16
5174.1400	1.9530353e-16
5175.6100	1.7017426e-16
5177.0800	1.7993347e-16
5178.5500	1.984487e-16
5180.0200	1.9942805e-16
5181.4900	2.1363382e-16
5182.9600	2.0054643e-16
5184.4300	1.7619672e-16
5185.9000	1.71147e-16
5187.3700	1.660751e-16
5188.8400	1.6572426e-16
5190.3100	1.5635465e-16
5191.7800	1.6910726e-16
5193.2500	1.7900874e-16
5194.7200	1.660012e-16
5196.1900	1.5669012e-16
5197.6600	1.7238918e-16
5199.1300	2.1035753e-16
5200.6000	2.0686838e-16
5202.0700	1.8463939e-16
5203.5400	1.7421071e-16
5205.0100	1.7125018e-16
5206.4800	1.6967355e-16
5207.9500	1.6584596e-16
5209.4200	1.6190383e-16
5210.8900	1.5668899e-16
5212.3600	1.7182308e-16
5213.8300	1.6335513e-16
5215.3000	1.4988133e-16
5216.7700	1.636783e-16
5218.2400	1.5837754e-16
5219.7100	1.5233339e-16
5221.1800	1.732545e-16
5222.6500	1.7978199e-16
5224.1200	1.5490776e-16
5225.5900	1.5199243e-16
5227.0600	1.8382366e-16
5228.5300	1.9800715e-16
5230.0000	2.0688e-16
5231.4700	2.1662024e-16
5232.9400	2.0134909e-16
5234.4100	1.80944e-16
5235.8800	1.9160195e-16
5237.3500	1.9348934e-16
5238.8200	1.6505806e-16
5240.2900	1.5854464e-16
5241.7600	1.7426112e-16
5243.2300	1.9146246e-16
5244.7000	1.8976118e-16
5246.1700	1.8253246e-16
5247.6400	1.6078566e-16
5249.1100	1.3587087e-16
5250.5800	1.7310983e-16
5252.0500	2.0912959e-16
5253.5200	1.9939701e-16
5254.9900	1.9954096e-16
5256.4600	1.9697566e-16
5257.9300	1.6837388e-16
5259.4000	1.8344034e-16
5260.8700	2.2127296e-16
5262.3400	1.9796021e-16
5263.8100	1.7929657e-16
5265.2800	1.9042593e-16
5266.7500	1.8547907e-16
5268.2200	1.6509943e-16
5269.6900	1.6431125e-16
5271.1600	1.6960287e-16
5272.6300	1.6227171e-16
5274.1000	1.6937709e-16
5275.5700	1.9014716e-16
5277.0400	2.0650925e-16
5278.5100	1.9850263e-16
5279.9800	1.859145e-16
5281.4500	1.801268e-16
5282.9200	1.9627103e-16
5284.3900	1.8885978e-16
5285.8600	1.6759583e-16
5287.3300	1.5508157e-16
5288.8000	1.6868113e-16
5290.2700	1.9789381e-16
5291.7400	1.9754888e-16
5293.2100	1.6596352e-16
5294.6800	1.6051474e-16
5296.1500	1.7650084e-16
5297.6200	1.819291e-16
5299.0900	1.7282489e-16
5300.5600	1.8097198e-16
5302.0300	1.8276116e-16
5303.5000	1.7920235e-16
5304.9700	1.7823994e-16
5306.4400	1.7060453e-16
5307.9100	1.8741339e-16
5309.3800	1.9079117e-16
5310.8500	1.8947431e-16
5312.3200	2.0273086e-16
5313.7900	1.8952866e-16
5315.2600	1.9047345e-16
5316.7300	1.9144917e-16
5318.2000	1.952579e-16
5319.6700	1.9224094e-16
5321.1400	1.8358509e-16
5322.6100	1.7229919e-16
5324.0800	1.7621887e-16
5325.5500	1.8938829e-16
5327.0200	1.8443052e-16
5328.4900	1.8425369e-16
5329.9600	1.9467056e-16
5331.4300	1.8394044e-16
5332.9000	1.6365424e-16
5334.3700	1.6229701e-16
5335.8400	1.7387855e-16
5337.3100	1.8015449e-16
5338.7800	1.8671125e-16
5340.2500	1.8238579e-16
5341.7200	1.9530226e-16
5343.1900	1.7962295e-16
5344.6600	1.5896131e-16
5346.1300	1.7352003e-16
5347.6000	1.941753e-16
5349.0700	1.8756123e-16
5350.5400	1.8062149e-16
5352.0100	1.8665506e-16
5353.4800	1.9290298e-16
5354.9500	2.0282738e-16
5356.4200	1.6746758e-16
5357.8900	1.6673888e-16
5359.3600	1.6951519e-16
5360.8300	1.9222936e-16
5362.3000	2.1190266e-16
5363.7700	2.1498489e-16
5365.2400	1.8286118e-16
5366.7100	1.8117483e-16
5368.1800	1.9373268e-16
5369.6500	1.7156902e-16
5371.1200	1.7304558e-16
5372.5900	1.8577236e-16
5374.0600	1.7064954e-16
5375.5300	1.8064749e-16
5377.0000	1.8929774e-16
5378.4700	1.8593423e-16
5379.9400	1.7746946e-16
5381.4100	1.8066294e-16
5382.8800	1.9284657e-16
5384.3500	1.7239556e-16
5385.8200	1.7821281e-16
5387.2900	1.7554629e-16
5388.7600	1.8337516e-16
5390.2300	1.8973437e-16
5391.7000	1.871509e-16
5393.1700	1.6630337e-16
5394.6400	1.6120726e-16
5396.1100	1.6742407e-16
5397.5800	1.735176e-16
5399.0500	1.5884244e-16
5400.5200	1.5729481e-16
5401.9900	1.4819905e-16
5403.4600	1.5740649e-16
5404.9300	1.7578112e-16
5406.4000	1.8665195e-16
5407.8700	2.0716605e-16
5409.3400	1.7795485e-16
5410.8100	1.7792368e-16
5412.2800	1.7465168e-16
5413.7500	1.6385491e-16
5415.2200	2.0889738e-16
5416.6900	1.9531862e-16
5418.1600	1.7792101e-16
5419.6300	1.8364748e-16
5421.1000	1.7580879e-16
5422.5700	1.9725983e-16
5424.0400	1.7980978e-16
5425.5100	1.6163577e-16
5426.9800	1.6700456e-16
5428.4500	1.4997067e-16
5429.9200	1.5383054e-16
5431.3900	1.6932e-16
5432.8600	1.7497386e-16
5434.3300	1.5740567e-16
5435.8000	1.3591747e-16
5437.2700	1.7775369e-16
5438.7400	1.7911805e-16
5440.2100	1.5674645e-16
5441.6800	1.6334969e-16
5443.1500	1.695082e-16
5444.6200	1.6853373e-16
5446.0900	1.8187492e-16
5447.5600	1.7500159e-16
5449.0300	1.8773046e-16
5450.5000	2.1128564e-16
5451.9700	2.0602532e-16
5453.4400	1.8816757e-16
5454.9100	1.42704e-16
5456.3800	1.471284e-16
5457.8500	1.640137e-16
5459.3200	1.6659436e-16
5460.7900	1.7628895e-16
5462.2600	1.8706694e-16
5463.7300	1.879966e-16
5465.2000	1.5856826e-16
5466.6700	1.4374533e-16
5468.1400	1.4989452e-16
5469.6100	1.5611185e-16
5471.0800	1.6234662e-16
5472.5500	1.5986903e-16
5474.0200	1.5194632e-16
5475.4900	1.7942405e-16
5476.9600	1.8016163e-16
5478.4300	1.6943182e-16
5479.9000	1.5419684e-16
5481.3700	1.7786558e-16
5482.8400	2.1122007e-16
5484.3100	1.7211704e-16
5485.7800	1.6645074e-16
5487.2500	1.5737793e-16
5488.7200	1.4736661e-16
5490.1900	1.5412918e-16
5491.6600	1.5792917e-16
5493.1300	1.733373e-16
5494.6000	1.9107471e-16
5496.0700	1.6760653e-16
5497.5400	1.458911e-16
5499.0100	1.6420884e-16
5500.4800	1.6067278e-16
5501.9500	1.560133e-16
5503.4200	1.5966752e-16
5504.8900	1.4733024e-16
5506.3600	1.4550434e-16
5507.8300	1.4548878e-16
5509.3000	1.5231529e-16
5510.7700	1.7119475e-16
5512.2400	1.6904017e-16
5513.7100	1.7405316e-16
5515.1800	1.620155e-16
5516.6500	1.3891235e-16
5518.1200	1.6409534e-16
5519.5900	1.7604969e-16
5521.0600	1.5521757e-16
5522.5300	1.7031972e-16
5524.0000	1.6041674e-16
5525.4700	1.6471559e-16
5526.9400	1.5546857e-16
5528.4100	1.3434729e-16
5529.8800	1.3861154e-16
5531.3500	1.5270537e-16
5532.8200	1.6884704e-16
5534.2900	1.7151672e-16
5535.7600	1.6398628e-16
5537.2300	1.5265748e-16
5538.7000	1.5701029e-16
5540.1700	1.5826762e-16
5541.6400	1.5284851e-16
5543.1100	1.6229799e-16
5544.5800	1.7526077e-16
5546.0500	1.6785626e-16
5547.5200	1.2783988e-16
5548.9900	1.5168984e-16
5550.4600	1.8309857e-16
5551.9300	1.7044587e-16
5553.4000	1.7042822e-16
5554.8700	1.6915847e-16
5556.3400	1.6758578e-16
5557.8100	1.6978113e-16
5559.2800	1.4788134e-16
5560.7500	1.4174297e-16
5562.2200	1.5601705e-16
5563.6900	1.4485872e-16
5565.1600	1.4499214e-16
5566.6300	1.6094702e-16
5568.1000	1.735674e-16
5569.5700	1.6073114e-16
5571.0400	1.4060563e-16
5572.5100	1.3501431e-16
5573.9800	1.757886e-16
5575.4500	2.2817236e-16
5576.9200	2.2017194e-16
5578.3900	1.2423196e-16
5579.8600	1.3082623e-16
5581.3300	1.9899088e-16
5582.8000	1.5860993e-16
5584.2700	1.5038832e-16
5585.7400	1.57524e-16
5587.2100	1.7047811e-16
5588.6800	1.6387706e-16
5590.1500	1.4727168e-16
5591.6200	1.4001651e-16
5593.0900	1.5229091e-16
5594.5600	1.6013263e-16
5596.0300	1.6595566e-16
5597.5000	1.6338688e-16
5598.9700	1.8870775e-16
5600.4400	1.8928275e-16
5601.9100	1.7617704e-16
5603.3800	1.6932866e-16
5604.8500	1.5814926e-16
5606.3200	1.5948319e-16
5607.7900	1.4790587e-16
5609.2600	1.3668625e-16
5610.7300	1.5231815e-16
5612.2000	1.765582e-16
5613.6700	1.6595304e-16
5615.1400	1.5072471e-16
5616.6100	1.6420192e-16
5618.0800	1.6632052e-16
5619.5500	1.5938984e-16
5621.0200	1.6509987e-16
5622.4900	1.5254448e-16
5623.9600	1.3661425e-16
5625.4300	1.6435134e-16
5626.9000	1.6894482e-16
5628.3700	1.6239186e-16
5629.8400	1.6499078e-16
5631.3100	1.6292386e-16
5632.7800	1.6609006e-16
5634.2500	1.6024254e-16
5635.7200	1.5283088e-16
5637.1900	1.5955727e-16
5638.6600	1.3237312e-16
5640.1300	1.3034989e-16
5641.6000	1.5148692e-16
5643.0700	1.3792555e-16
5644.5400	1.2827329e-16
5646.0100	1.4330249e-16
5647.4800	1.359798e-16
5648.9500	1.5102543e-16
5650.4200	1.3868144e-16
5651.8900	1.3668205e-16
5653.3600	1.4747643e-16
5654.8300	1.5459237e-16
5656.3000	1.5414315e-16
5657.7700	1.7167673e-16
5659.2400	1.5781553e-16
5660.7100	1.2693055e-16
5662.1800	1.3684146e-16
5663.6500	1.5853268e-16
5665.1200	1.6052203e-16
5666.5900	1.5832263e-16
5668.0600	1.4559405e-16
5669.5300	1.1741999e-16
5671.0000	1.3999723e-16
5672.4700	1.763522e-16
5673.9400	1.5426065e-16
5675.4100	1.3535945e-16
5676.8800	1.4177813e-16
5678.3500	1.7382549e-16
5679.8200	1.6381098e-16
5681.2900	1.155543e-16
5682.7600	1.4462569e-16
5684.2300	1.3889118e-16
5685.7000	1.2660244e-16
5687.1700	1.2225422e-16
5688.6400	1.7619734e-16
5690.1100	1.7290509e-16
5691.5800	1.5848979e-16
5693.0500	1.7727928e-16
5694.5200	1.783997e-16
5695.9900	1.7409986e-16
5697.4600	1.4937115e-16
5698.9300	1.711227e-16
5700.4000	1.6668034e-16
5701.8700	1.4888145e-16
5703.3400	1.6173331e-16
5704.8100	1.375775e-16
5706.2800	1.5525906e-16
5707.7500	1.4235885e-16
5709.2200	1.4535975e-16
5710.6900	1.5021665e-16
5712.1600	1.446835e-16
5713.6300	1.4045633e-16
5715.1000	1.5292466e-16
5716.5700	1.3821802e-16
5718.0400	1.4091796e-16
5719.5100	1.6507927e-16
5720.9800	1.5070802e-16
5722.4500	1.1895694e-16
5723.9200	1.1389066e-16
5725.3900	1.4781892e-16
5726.8600	1.5500762e-16
5728.3300	1.4182039e-16
5729.8000	1.4234152e-16
5731.2700	1.5104327e-16
5732.7400	1.3967566e-16
5734.2100	1.3922286e-16
5735.6800	1.3452215e-16
5737.1500	1.3842447e-16
5738.6200	1.3937156e-16
5740.0900	1.3251135e-16
5741.5600	1.5180671e-16
5743.0300	1.5893063e-16
5744.5000	1.6233695e-16
5745.9700	1.4976983e-16
5747.4400	1.4938112e-16
5748.9100	1.4233255e-16
5750.3800	1.4463107e-16
5751.8500	1.6765706e-16
5753.3200	1.627979e-16
5754.7900	1.5262839e-16
5756.2600	1.4075017e-16
5757.7300	1.3640726e-16
5759.2000	1.3349636e-16
5760.6700	1.4728898e-16
5762.1400	1.4583643e-16
5763.6100	1.4898235e-16
5765.0800	1.5978053e-16
5766.5500	1.4257945e-16
5768.0200	1.3075897e-16
5769.4900	1.3143916e-16
5770.9600	1.3518056e-16
5772.4300	1.5082695e-16
5773.9000	1.4885604e-16
5775.3700	1.371844e-16
5776.8400	1.1307535e-16
5778.3100	1.1409388e-16
5779.7800	1.3323225e-16
5781.2500	1.3019104e-16
5782.7200	1.4523788e-16
5784.1900	1.4848354e-16
5785.6600	1.5291472e-16
5787.1300	1.5201296e-16
5788.6000	1.3523369e-16
5790.0700	1.5068874e-16
5791.5400	1.586577e-16
5793.0100	1.7063831e-16
5794.4800	1.6643372e-16
5795.9500	1.3839194e-16
5797.4200	1.5381695e-16
5798.8900	1.5670602e-16
5800.3600	1.4035825e-16
5801.8300	1.4894032e-16
5803.3000	1.4740267e-16
5804.7700	1.4683376e-16
5806.2400	1.4502698e-16
5807.7100	1.1848115e-16
5809.1800	1.0654912e-16
5810.6500	1.2650311e-16
5812.1200	1.4525501e-16
5813.5900	1.4150815e-16
5815.0600	1.5185624e-16
5816.5300	1.4544395e-16
5818.0000	1.2368448e-16
5819.4700	1.206954e-16
5820.9400	1.3123208e-16
5822.4100	1.3656074e-16
5823.8800	1.3648798e-16
5825.3500	1.507519e-16
5826.8200	1.3592173e-16
5828.2900	1.4272268e-16
5829.7600	1.2242477e-16
5831.2300	1.227051e-16
5832.7000	1.3675551e-16
5834.1700	1.3869296e-16
5835.6400	1.6213521e-16
5837.1100	1.3106406e-16
5838.5800	1.3354318e-16
5840.0500	1.4570808e-16
5841.5200	1.18305e-16
5842.9900	1.1878564e-16
5844.4600	1.1538756e-16
5845.9300	1.0849415e-16
5847.4000	9.4310582e-17
5848.8700	9.0036318e-17
5850.3400	1.3212205e-16
5851.8100	1.5359545e-16
5853.2800	1.4485572e-16
5854.7500	1.6493171e-16
5856.2200	1.6012955e-16
5857.6900	1.506663e-16
5859.1600	1.2490599e-16
5860.6300	1.2226624e-16
5862.1000	1.3571191e-16
5863.5700	1.4566626e-16
5865.0400	1.0648046e-16
5866.5100	1.4133456e-16
5867.9800	1.3793597e-16
5869.4500	1.2009342e-16
5870.9200	1.2715812e-16
5872.3900	1.3706559e-16
5873.8600	1.265811e-16
5875.3300	1.4909914e-16
5876.8000	1.7908357e-16
5878.2700	1.5838988e-16
5879.7400	1.9638625e-16
5881.2100	1.4487584e-16
5882.6800	1.1341564e-16
5884.1500	1.0880138e-16
5885.6200	1.1848426e-16
5887.0900	1.2777703e-16
5888.5600	1.6225968e-16
5890.0300	1.3451457e-16
5891.5000	1.4009185e-16
5892.9700	1.3298008e-16
5894.4400	1.3094363e-16
5895.9100	1.2199087e-16
5897.3800	1.241155e-16
5898.8500	1.5961567e-16
5900.3200	1.3165328e-16
5901.7900	1.3953374e-16
5903.2600	1.3430887e-16
5904.7300	1.2950414e-16
5906.2000	1.2373514e-16
5907.6700	1.3038588e-16
5909.1400	1.2507655e-16
5910.6100	9.9092767e-17
5912.0800	1.2371805e-16
5913.5500	1.3729489e-16
5915.0200	1.102799e-16
5916.4900	1.1280732e-16
5917.9600	1.1509894e-16
5919.4300	1.3999932e-16
5920.9000	1.2051251e-16
5922.3700	1.3931142e-16
5923.8400	1.0775766e-16
5925.3100	1.1151178e-16
5926.7800	1.3409923e-16
5928.2500	1.2634434e-16
5929.7200	1.3103309e-16
5931.1900	1.5007342e-16
5932.6600	1.4151475e-16
5934.1300	1.4608781e-16
5935.6000	1.5509371e-16
5937.0700	1.5306014e-16
5938.5400	1.2817062e-16
5940.0100	1.3145217e-16
5941.4800	1.3763741e-16
5942.9500	1.1089605e-16
5944.4200	1.3671871e-16
5945.8900	1.1902104e-16
5947.3600	1.0585809e-16
5948.8300	1.1456817e-16
5950.3000	1.221353e-16
5951.7700	1.5104759e-16
5953.2400	1.5868121e-16
5954.7100	1.4588483e-16
5956.1800	1.3910308e-16
5957.6500	1.5347715e-16
5959.1200	1.4475517e-16
5960.5900	1.3613717e-16
5962.0600	1.3599218e-16
5963.5300	1.2224629e-16
5965.0000	1.1784752e-16
5966.4700	1.0264245e-16
5967.9400	1.2333853e-16
5969.4100	1.2850118e-16
5970.8800	1.4496037e-16
5972.3500	1.2234082e-16
5973.8200	1.271552e-16
5975.2900	1.1991841e-16
5976.7600	1.0158429e-16
5978.2300	1.3276251e-16
5979.7000	1.2021579e-16
5981.1700	1.1538254e-16
5982.6400	1.3601847e-16
5984.1100	1.5937406e-16
5985.5800	1.4427796e-16
5987.0500	1.1316375e-16
5988.5200	1.3518773e-16
5989.9900	1.4165033e-16
5991.4600	1.2682472e-16
5992.9300	1.5157762e-16
5994.4000	1.1947939e-16
5995.8700	9.3659647e-17
5997.3400	1.1301955e-16
5998.8100	1.2031989e-16
6000.2800	1.184621e-16
6001.7500	1.4382902e-16
6003.2200	1.6113372e-16
6004.6900	1.2786995e-16
6006.1600	1.2616329e-16
6007.6300	1.3021551e-16
6009.1000	1.3658763e-16
6010.5700	1.358697e-16
6012.0400	1.3297476e-16
6013.5100	1.4337942e-16
6014.9800	1.4693949e-16
6016.4500	1.3788563e-16
6017.9200	1.2540607e-16
6019.3900	1.1468405e-16
6020.8600	1.350347e-16
6022.3300	1.5936191e-16
6023.8000	1.4198589e-16
6025.2700	1.3015269e-16
6026.7400	1.1833493e-16
6028.2100	1.2134225e-16
6029.6800	1.3086164e-16
6031.1500	1.1104759e-16
6032.6200	1.4194955e-16
6034.0900	1.5762499e-16
6035.5600	1.478129e-16
6037.0300	1.3260461e-16
6038.5000	1.2864272e-16
6039.9700	1.336996e-16
6041.4400	1.4585954e-16
6042.9100	1.366826e-16
6044.3800	1.4617527e-16
6045.8500	1.4277604e-16
6047.3200	1.3675341e-16
6048.7900	1.516059e-16
6050.2600	1.4832562e-16
6051.7300	1.3072659e-16
6053.2000	1.2106486e-16
6054.6700	1.5970184e-16
6056.1400	1.3811417e-16
6057.6100	1.3746174e-16
6059.0800	1.3890089e-16
6060.5500	1.3360409e-16
6062.0200	1.4720789e-16
6063.4900	1.2957795e-16
6064.9600	1.5719752e-16
6066.4300	1.4919999e-16
6067.9000	1.3532974e-16
6069.3700	1.4470477e-16
6070.8400	1.2283026e-16
6072.3100	1.2956692e-16
6073.7800	9.8422594e-17
6075.2500	8.7485529e-17
6076.7200	1.2301894e-16
6078.1900	1.2440912e-16
6079.6600	1.171343e-16
6081.1300	1.1516882e-16
6082.6000	1.0865057e-16
6084.0700	1.3953988e-16
6085.5400	1.2302907e-16
6087.0100	1.2093604e-16
6088.4800	1.3327543e-16
6089.9500	1.3184303e-16
6091.4200	1.2985976e-16
6092.8900	1.1650034e-16
6094.3600	1.0657791e-16
6095.8300	1.0485315e-16
6097.3000	1.3503985e-16
6098.7700	1.4990556e-16
6100.2400	1.2885392e-16
6101.7100	1.2386451e-16
6103.1800	1.0476888e-16
6104.6500	1.3126542e-16
6106.1200	1.5354726e-16
6107.5900	1.3518444e-16
6109.0600	1.3945523e-16
6110.5300	1.3065968e-16
6112.0000	1.1912145e-16
6113.4700	1.3193028e-16
6114.9400	1.6977912e-16
6116.4100	1.3404684e-16
6117.8800	1.1211827e-16
6119.3500	1.3706088e-16
6120.8200	1.5481742e-16
6122.2900	1.2417749e-16
6123.7600	1.33617e-16
6125.2300	1.3148029e-16
6126.7000	1.3419554e-16
6128.1700	1.4857957e-16
6129.6400	1.4696297e-16
6131.1100	1.2056223e-16
6132.5800	1.5613657e-16
6134.0500	1.5092489e-16
6135.5200	1.3057631e-16
6136.9900	1.3775988e-16
6138.4600	1.2285462e-16
6139.9300	1.1665908e-16
6141.4000	1.1542477e-16
6142.8700	1.2502064e-16
6144.3400	1.1218192e-16
6145.8100	1.0245644e-16
6147.2800	1.3262211e-16
6148.7500	1.2994832e-16
6150.2200	1.2534682e-16
6151.6900	1.5320395e-16
6153.1600	1.7304334e-16
6154.6300	1.3900538e-16
6156.1000	1.1276866e-16
6157.5700	1.2308373e-16
6159.0400	1.2858646e-16
6160.5100	1.0649443e-16
6161.9800	1.2172084e-16
6163.4500	1.3998346e-16
6164.9200	1.1823978e-16
6166.3900	1.0705413e-16
6167.8600	1.4589328e-16
6169.3300	1.3582075e-16
6170.8000	1.3600367e-16
6172.2700	1.5308692e-16
6173.7400	1.2403382e-16
6175.2100	1.0005654e-16
6176.6800	9.785416e-17
6178.1500	1.1910601e-16
6179.6200	1.2143364e-16
6181.0900	1.4161803e-16
6182.5600	1.5200299e-16
6184.0300	1.3318439e-16
6185.5000	1.3216986e-16
6186.9700	1.1468292e-16
6188.4400	1.3857447e-16
6189.9100	1.3643025e-16
6191.3800	1.1251397e-16
6192.8500	1.2592925e-16
6194.3200	1.3436274e-16
6195.7900	1.0581746e-16
6197.2600	1.2530319e-16
6198.7300	1.6681112e-16
6200.2000	1.3902897e-16
6201.6700	1.2069575e-16
6203.1400	1.2572217e-16
6204.6100	1.4758244e-16
6206.0800	1.5309724e-16
6207.5500	1.2821999e-16
6209.0200	1.2798107e-16
6210.4900	1.6256481e-16
6211.9600	1.5526924e-16
6213.4300	1.3230979e-16
6214.9000	1.2228478e-16
6216.3700	1.2521991e-16
6217.8400	1.2244043e-16
6219.3100	9.6562073e-17
6220.7800	1.0119745e-16
6222.2500	1.0553621e-16
6223.7200	1.2295347e-16
6225.1900	1.4121993e-16
6226.6600	1.4016493e-16
6228.1300	1.4018929e-16
6229.6000	1.1471046e-16
6231.0700	1.1004178e-16
6232.5400	1.1130065e-16
6234.0100	1.2674062e-16
6235.4800	1.2385126e-16
6236.9500	1.0448595e-16
6238.4200	1.3998939e-16
6239.8900	1.3234507e-16
6241.3600	1.2518106e-16
6242.8300	1.210571e-16
6244.3000	1.2695089e-16
6245.7700	1.3059719e-16
6247.2400	1.3420142e-16
6248.7100	1.316456e-16
6250.1800	1.1253185e-16
6251.6500	1.3121389e-16
6253.1200	1.323099e-16
6254.5900	1.3382904e-16
6256.0600	1.0905059e-16
6257.5300	1.2512821e-16
6259.0000	1.3840593e-16
6260.4700	1.31256e-16
6261.9400	1.2531789e-16
6263.4100	1.207158e-16
6264.8800	1.0939658e-16
6266.3500	1.2232329e-16
6267.8200	1.2739289e-16
6269.2900	1.233661e-16
6270.7600	1.2870122e-16
6272.2300	1.5947118e-16
6273.7000	1.3600276e-16
6275.1700	1.3818219e-16
6276.6400	1.5498544e-16
6278.1100	1.3992245e-16
6279.5800	1.0840493e-16
6281.0500	1.2290327e-16
6282.5200	1.1941466e-16
6283.9900	1.4989497e-16
6285.4600	1.3525844e-16
6286.9300	1.3295323e-16
6288.4000	1.4673802e-16
6289.8700	1.1652663e-16
6291.3400	1.3600594e-16
6292.8100	1.3573632e-16
6294.2800	1.389937e-16
6295.7500	1.4039195e-16
6297.2200	9.1903053e-17
6298.6900	1.2491066e-16
6300.1600	1.4682798e-16
6301.6300	1.0755297e-16
6303.1000	1.2125915e-16
6304.5700	1.2834942e-16
6306.0400	1.2508747e-16
6307.5100	1.2233323e-16
6308.9800	1.2297301e-16
6310.4500	1.1543034e-16
6311.9200	1.2712131e-16
6313.3900	1.2733299e-16
6314.8600	1.2613651e-16
6316.3300	1.1798011e-16
6317.8000	1.2272608e-16
6319.2700	1.3018428e-16
6320.7400	9.5900081e-17
6322.2100	1.3350292e-16
6323.6800	1.1344714e-16
6325.1500	1.1682776e-16
6326.6200	1.1053208e-16
6328.0900	1.3399169e-16
6329.5600	1.206154e-16
6331.0300	1.4017865e-16
6332.5000	1.2105605e-16
6333.9700	1.2315514e-16
6335.4400	1.2031221e-16
6336.9100	1.1423633e-16
6338.3800	1.175346e-16
6339.8500	1.1597989e-16
6341.3200	1.1663719e-16
6342.7900	1.2467925e-16
6344.2600	1.2344381e-16
6345.7300	1.2666549e-16
6347.2000	1.1709028e-16
6348.6700	1.3000318e-16
6350.1400	1.2267812e-16
6351.6100	1.0431799e-16
6353.0800	1.4047554e-16
6354.5500	1.2017345e-16
6356.0200	1.1027121e-16
6357.4900	1.1280359e-16
6358.9600	1.0180839e-16
6360.4300	8.7722592e-17
6361.9000	1.2056312e-16
6363.3700	1.3437688e-16
6364.8400	1.2220052e-16
6366.3100	1.3088593e-16
6367.7800	1.170761e-16
6369.2500	9.7715825e-17
6370.7200	1.0940143e-16
6372.1900	1.297968e-16
6373.6600	1.1233622e-16
6375.1300	1.1458553e-16
6376.6000	1.1001067e-16
6378.0700	9.3026996e-17
6379.5400	1.0039558e-16
6381.0100	8.8573262e-17
6382.4800	7.646396e-17
6383.9500	9.5198877e-17
6385.4200	1.1487479e-16
6386.8900	1.01432e-16
6388.3600	1.0569927e-16
6389.8300	1.0804183e-16
6391.3000	1.2512526e-16
6392.7700	1.2445726e-16
6394.2400	1.040508e-16
6395.7100	1.1250135e-16
6397.1800	1.1307745e-16
6398.6500	1.2204072e-16
6400.1200	1.2624159e-16
6401.5900	1.0927834e-16
6403.0600	1.1030253e-16
6404.5300	1.2613943e-16
6406.0000	1.2225001e-16
6407.4700	1.0361488e-16
6408.9400	7.955613e-17
6410.4100	9.0165764e-17
6411.8800	8.7364756e-17
6413.3500	8.3047912e-17
6414.8200	8.8884607e-17
6416.2900	1.1978053e-16
6417.7600	1.3383974e-16
6419.2300	9.1415793e-17
6420.7000	9.5314704e-17
6422.1700	1.1201876e-16
6423.6400	8.3078355e-17
6425.1100	8.7773845e-17
6426.5800	1.1386615e-16
6428.0500	9.9536978e-17
6429.5200	9.7578391e-17
6430.9900	1.2032302e-16
6432.4600	1.1674138e-16
6433.9300	1.2027009e-16
6435.4000	1.2125617e-16
6436.8700	9.8594159e-17
6438.3400	9.2853472e-17
6439.8100	1.0137869e-16
6441.2800	1.0681419e-16
6442.7500	9.9516392e-17
6444.2200	1.0096337e-16
6445.6900	1.2801665e-16
6447.1600	1.291818e-16
6448.6300	1.1076977e-16
6450.1000	1.2367658e-16
6451.5700	1.3453135e-16
6453.0400	1.112192e-16
6454.5100	9.0294711e-17
6455.9800	1.2132038e-16
6457.4500	1.1999555e-16
6458.9200	1.1516809e-16
6460.3900	1.0577452e-16
6461.8600	1.1626029e-16
6463.3300	9.6686505e-17
6464.8000	1.2501757e-16
6466.2700	1.123197e-16
6467.7400	1.2306774e-16
6469.2100	1.2653208e-16
6470.6800	1.0152522e-16
6472.1500	1.0099156e-16
6473.6200	1.0114701e-16
6475.0900	1.0394952e-16
6476.5600	9.4283521e-17
6478.0300	1.081216e-16
6479.5000	1.2685831e-16
6480.9700	1.354064e-16
6482.4400	1.267489e-16
6483.9100	1.2407204e-16
6485.3800	1.1920072e-16
6486.8500	1.142593e-16
6488.3200	9.1531672e-17
6489.7900	1.0914111e-16
6491.2600	1.0530932e-16
6492.7300	1.1133519e-16
6494.2000	1.1469826e-16
6495.6700	1.1295019e-16
6497.1400	1.2205719e-16
6498.6100	1.3848364e-16
6500.0800	1.6173373e-16
6501.5500	1.3145864e-16
6503.0200	1.3938066e-16
6504.4900	1.3551311e-16
6505.9600	1.1045378e-16
6507.4300	1.2085208e-16
6508.9000	1.3728729e-16
6510.3700	1.3587695e-16
6511.8400	1.2512106e-16
6513.3100	9.3629472e-17
6514.7800	1.1961409e-16
6516.2500	1.1424556e-16
6517.7200	9.2413314e-17
6519.1900	1.2344719e-16
6520.6600	1.1629935e-16
6522.1300	1.2186033e-16
6523.6000	1.1222906e-16
6525.0700	1.2465314e-16
6526.5400	1.2272767e-16
6528.0100	1.0555882e-16
6529.4800	1.1768542e-16
6530.9500	1.1849875e-16
6532.4200	1.3660787e-16
6533.8900	1.3646628e-16
6535.3600	1.5083815e-16
6536.8300	1.3211904e-16
6538.3000	1.1674965e-16
6539.7700	1.1720561e-16
6541.2400	1.3183978e-16
6542.7100	1.3276306e-16
6544.1800	1.154768e-16
6545.6500	1.1440672e-16
6547.1200	1.1706499e-16
6548.5900	1.025385e-16
6550.0600	1.1159196e-16
6551.5300	1.146226e-16
6553.0000	1.0932321e-16
6554.4700	1.0362528e-16
6555.9400	1.0050384e-16
6557.4100	9.2935547e-17
6558.8800	1.1323528e-16
6560.3500	8.5205853e-17
6561.8200	1.0141029e-16
6563.2900	1.2445975e-16
6564.7600	1.1741619e-16
6566.2300	1.0654505e-16
6567.7000	1.1161391e-16
6569.1700	8.9989305e-17
6570.6400	8.4630251e-17
6572.1100	8.7820217e-17
6573.5800	1.0798503e-16
6575.0500	1.1047275e-16
6576.5200	9.3686208e-17
6577.9900	8.4279038e-17
6579.4600	1.2186264e-16
6580.9300	1.079815e-16
6582.4000	7.4829064e-17
6583.8700	7.5896084e-17
6585.3400	8.7253116e-17
6586.8100	1.0488524e-16
6588.2800	1.0542504e-16
6589.7500	1.0171143e-16
6591.2200	9.9861771e-17
6592.6900	9.8908626e-17
6594.1600	1.0096857e-16
6595.6300	9.809462e-17
6597.1000	9.892299e-17
6598.5700	9.6791096e-17
6600.0400	1.0019326e-16
6601.5100	1.1718429e-16
6602.9800	1.0284954e-16
6604.4500	9.9373341e-17
6605.9200	1.2630016e-16
6607.3900	1.2054805e-16
6608.8600	9.8129943e-17
6610.3300	1.074345e-16
6611.8000	1.249382e-16
6613.2700	1.3669011e-16
6614.7400	1.3541473e-16
6616.2100	1.251685e-16
6617.6800	1.3482121e-16
6619.1500	1.1666228e-16
6620.6200	1.1584237e-16
6622.0900	1.4212132e-16
6623.5600	1.4271238e-16
6625.0300	1.3596994e-16
6626.5000	1.3435438e-16
6627.9700	1.336437e-16
6629.4400	1.4857854e-16
6630.9100	1.477713e-16
6632.3800	1.5000102e-16
6633.8500	1.4467712e-16
6635.3200	1.5595029e-16
6636.7900	1.5311557e-16
6638.2600	1.2625636e-16
6639.7300	1.376009e-16
6641.2000	1.6244835e-16
6642.6700	1.6197169e-16
6644.1400	1.5026134e-16
6645.6100	1.5709069e-16
6647.0800	1.7022495e-16
6648.5500	1.6066009e-16
6650.0200	1.4442401e-16
6651.4900	1.4657055e-16
6652.9600	1.6515508e-16
6654.4300	1.6399285e-16
6655.9000	1.4250885e-16
6657.3700	1.4139819e-16
6658.8400	1.5877761e-16
6660.3100	1.5202674e-16
6661.7800	1.5431347e-16
6663.2500	1.5035778e-16
6664.7200	1.7754565e-16
6666.1900	1.6660047e-16
6667.6600	2.0096287e-16
6669.1300	1.7181803e-16
6670.6000	1.5516727e-16
6672.0700	1.559781e-16
6673.5400	1.6149709e-16
6675.0100	1.5680538e-16
6676.4800	1.7162129e-16
6677.9500	1.9408676e-16
6679.4200	1.8854508e-16
6680.8900	1.7497745e-16
6682.3600	1.6881314e-16
6683.8300	1.900063e-16
6685.3000	1.5791519e-16
6686.7700	1.5972699e-16
6688.2400	1.6302255e-16
6689.7100	1.6224045e-16
6691.1800	1.8285613e-16
6692.6500	2.0700501e-16
6694.1200	1.8620464e-16
6695.5900	1.9183934e-16
6697.0600	1.8397079e-16
6698.5300	1.7910154e-16
6700.0000	1.714216e-16
6701.4700	1.4520915e-16
6702.9400	1.4156473e-16
6704.4100	1.6710605e-16
6705.8800	1.8755643e-16
6707.3500	1.7793608e-16
6708.8200	1.7740262e-16
6710.2900	1.6373053e-16
6711.7600	1.3564155e-16
6713.2300	1.8330127e-16
6714.7000	1.7606768e-16
6716.1700	1.643317e-16
6717.6400	1.7720075e-16
6719.1100	1.7810668e-16
6720.5800	1.8513748e-16
6722.0500	1.8256797e-16
6723.5200	1.9137427e-16
6724.9900	1.6504207e-16
6726.4600	1.6843297e-16
6727.9300	1.8642834e-16
6729.4000	1.9550741e-16
6730.8700	1.7330903e-16
6732.3400	1.7776932e-16
6733.8100	1.7888734e-16
6735.2800	1.6205561e-16
6736.7500	1.6152275e-16
6738.2200	1.810047e-16
6739.6900	1.6500631e-16
6741.1600	1.5501648e-16
6742.6300	1.6397828e-16
6744.1000	1.7025891e-16
6745.5700	1.7715549e-16
6747.0400	1.6410655e-16
6748.5100	1.7036045e-16
6749.9800	1.7142123e-16
6751.4500	1.930296e-16
6752.9200	2.3513198e-16
6754.3900	1.8736829e-16
6755.8600	1.7591694e-16
6757.3300	1.7983779e-16
6758.8000	1.8688743e-16
6760.2700	1.6482304e-16
6761.7400	1.7343442e-16
6763.2100	1.8222624e-16
6764.6800	1.8109046e-16
6766.1500	3.5131517e-16
6767.6200	7.3975092e-16
6769.0900	7.9630244e-16
6770.5600	5.7924455e-16
6772.0300	4.0306303e-16
6773.5000	2.4390495e-16
6774.9700	1.7665145e-16
6776.4400	1.7949143e-16
6777.9100	1.6302109e-16
6779.3800	1.6268833e-16
6780.8500	1.6908252e-16
6782.3200	1.7418675e-16
6783.7900	1.4103131e-16
6785.2600	1.60403e-16
6786.7300	1.7844144e-16
6788.2000	2.2131296e-16
6789.6700	3.2023519e-16
6791.1400	3.0973148e-16
6792.6100	2.4165148e-16
6794.0800	1.9916138e-16
6795.5500	1.7090093e-16
6797.0200	1.6800977e-16
6798.4900	1.7256747e-16
6799.9600	1.5731078e-16
6801.4300	1.7595802e-16
6802.9000	1.9199289e-16
6804.3700	1.7056121e-16
6805.8400	1.640591e-16
6807.3100	1.4737275e-16
6808.7800	1.2449351e-16
6810.2500	1.3517626e-16
6811.7200	1.4732532e-16
6813.1900	1.4295238e-16
6814.6600	1.5879416e-16
6816.1300	1.6926925e-16
6817.6000	1.5878853e-16
6819.0700	1.3870797e-16
6820.5400	1.3051379e-16
6822.0100	1.306929e-16
6823.4800	1.364947e-16
6824.9500	1.4758059e-16
6826.4200	1.2567738e-16
6827.8900	1.4325781e-16
6829.3600	1.641738e-16
6830.8300	1.5589756e-16
6832.3000	1.3618761e-16
6833.7700	1.3364407e-16
6835.2400	1.5574808e-16
6836.7100	1.2864923e-16
6838.1800	1.2882055e-16
6839.6500	1.480725e-16
6841.1200	1.5107189e-16
6842.5900	1.5942642e-16
6844.0600	1.5538599e-16
6845.5300	1.3311267e-16
6847.0000	1.3147964e-16
6848.4700	1.3542594e-16
6849.9400	1.3128792e-16
6851.4100	1.3018315e-16
6852.8800	1.274672e-16
6854.3500	1.4767778e-16
6855.8200	1.4478675e-16
6857.2900	1.2320667e-16
6858.7600	1.2517944e-16
6860.2300	1.325382e-16
6861.7000	1.2476245e-16
6863.1700	1.277117e-16
6864.6400	1.6448689e-16
6866.1100	1.5044436e-16
6867.5800	9.2239998e-17
6869.0500	1.066853e-16
6870.5200	1.122094e-16
6871.9900	1.1194835e-16
6873.4600	1.2049016e-16
6874.9300	1.372571e-16
6876.4000	1.5587081e-16
6877.8700	1.4647014e-16
6879.3400	1.5240069e-16
6880.8100	1.4159599e-16
6882.2800	1.2312899e-16
6883.7500	1.3154995e-16
6885.2200	1.4375712e-16
6886.6900	1.1499267e-16
6888.1600	9.3156129e-17
6889.6300	1.1472002e-16
6891.1000	1.1355437e-16
6892.5700	1.1611347e-16
6894.0400	1.1427106e-16
6895.5100	1.4173083e-16
6896.9800	1.5343234e-16
6898.4500	1.1177034e-16
6899.9200	1.3233759e-16
6901.3900	1.4370655e-16
6902.8600	1.4017431e-16
6904.3300	1.0443863e-16
6905.8000	9.7830258e-17
6907.2700	1.1706083e-16
6908.7400	1.3561085e-16
6910.2100	1.2880316e-16
6911.6800	1.3374911e-16
6913.1500	1.0732221e-16
6914.6200	9.9078618e-17
6916.0900	1.1431775e-16
6917.5600	1.2440129e-16
6919.0300	1.3447861e-16
6920.5000	1.1840062e-16
6921.9700	1.3034165e-16
6923.4400	1.3524771e-16
6924.9100	1.4500242e-16
6926.3800	2.2028083e-16
6927.8500	2.2748873e-16
6929.3200	2.102762e-16
6930.7900	1.7098992e-16
6932.2600	1.3321382e-16
6933.7300	1.0060588e-16
6935.2000	8.7029718e-17
6936.6700	1.3047156e-16
6938.1400	1.1660002e-16
6939.6100	1.3183738e-16
6941.0800	1.81527e-16
6942.5500	1.9730814e-16
6944.0200	1.9246711e-16
6945.4900	1.3253117e-16
6946.9600	1.3110593e-16
6948.4300	1.4434163e-16
6949.9000	1.3872083e-16
6951.3700	1.3037263e-16
6952.8400	1.1920778e-16
6954.3100	1.1066069e-16
6955.7800	1.2126585e-16
6957.2500	1.2137757e-16
6958.7200	1.1301401e-16
6960.1900	1.1892493e-16
6961.6600	1.2458473e-16
6963.1300	1.2733668e-16
6964.6000	1.1916257e-16
6966.0700	1.1719568e-16
6967.5400	1.1125404e-16
6969.0100	9.8512419e-17
6970.4800	1.0048434e-16
6971.9500	7.8728206e-17
6973.4200	8.5477687e-17
6974.8900	1.0786289e-16
6976.3600	1.2936893e-16
6977.8300	1.2561801e-16
6979.3000	1.277505e-16
6980.7700	1.0422118e-16
6982.2400	9.1914639e-17
6983.7100	9.5413029e-17
6985.1800	1.1389438e-16
6986.6500	1.1548757e-16
6988.1200	1.3761908e-16
6989.5900	1.1644404e-16
6991.0600	9.6948497e-17
6992.5300	1.084765e-16
6994.0000	1.2880635e-16
6995.4700	1.1188641e-16
6996.9400	9.0461046e-17
6998.4100	9.8425955e-17
6999.8800	1.1056483e-16
7001.3500	1.1065719e-16
7002.8200	1.1204534e-16
7004.2900	1.0457316e-16
7005.7600	1.0502536e-16
7007.2300	1.0359345e-16
7008.7000	1.2859607e-16
7010.1700	1.1679415e-16
7011.6400	1.3312028e-16
7013.1100	1.1103745e-16
7014.5800	8.3802588e-17
7016.0500	9.4879605e-17
7017.5200	1.0639781e-16
7018.9900	1.0636096e-16
7020.4600	1.0948447e-16
7021.9300	1.1018663e-16
7023.4000	1.0791091e-16
7024.8700	1.0929525e-16
7026.3400	1.1764007e-16
7027.8100	9.4933495e-17
7029.2800	1.0270566e-16
7030.7500	9.5998488e-17
7032.2200	1.0430046e-16
7033.6900	1.0121186e-16
7035.1600	8.8624232e-17
7036.6300	7.1693964e-17
7038.1000	8.3248273e-17
7039.5700	9.0777516e-17
7041.0400	8.2595408e-17
7042.5100	7.9942591e-17
7043.9800	1.0013964e-16
7045.4500	1.0342179e-16
7046.9200	1.0987821e-16
7048.3900	1.076135e-16
7049.8600	1.1608916e-16
7051.3300	1.1554107e-16
7052.8000	8.7824516e-17
7054.2700	9.9892959e-17
7055.7400	1.2392139e-16
7057.2100	1.1470401e-16
7058.6800	1.1098375e-16
7060.1500	1.185706e-16
7061.6200	1.1640586e-16
7063.0900	9.2880927e-17
7064.5600	9.7309865e-17
7066.0300	9.4516419e-17
7067.5000	8.5725419e-17
7068.9700	1.0733745e-16
7070.4400	9.6137434e-17
7071.9100	9.1717482e-17
7073.3800	9.4825149e-17
7074.8500	1.0703278e-16
7076.3200	1.1471432e-16
7077.7900	1.0283848e-16
7079.2600	1.0059641e-16
7080.7300	1.004103e-16
7082.2000	9.5978469e-17
7083.6700	9.6487083e-17
7085.1400	9.8939784e-17
7086.6100	9.5066242e-17
7088.0800	1.0153411e-16
7089.5500	1.1132383e-16
7091.0200	9.3822576e-17
7092.4900	9.9520132e-17
7093.9600	1.1348508e-16
7095.4300	1.0249933e-16
7096.9000	9.9411279e-17
7098.3700	9.3141153e-17
7099.8400	9.7600371e-17
7101.3100	1.1026213e-16
7102.7800	1.1480801e-16
7104.2500	9.2356652e-17
7105.7200	1.0036054e-16
7107.1900	1.2313653e-16
7108.6600	1.1321099e-16
7110.1300	1.2040696e-16
7111.6000	1.0883661e-16
7113.0700	9.7360194e-17
7114.5400	1.0840593e-16
7116.0100	9.9992216e-17
7117.4800	9.9759646e-17
7118.9500	9.6299753e-17
7120.4200	9.6791841e-17
7121.8900	1.1394299e-16
7123.3600	1.0424073e-16
7124.8300	8.8529319e-17
7126.3000	9.329471e-17
7127.7700	9.4672821e-17
7129.2400	9.3368545e-17
7130.7100	1.0681684e-16
7132.1800	1.1393494e-16
7133.6500	9.8008707e-17
7135.1200	8.1265822e-17
7136.5900	8.3621003e-17
7138.0600	9.7685382e-17
7139.5300	9.8620035e-17
7141.0000	1.025578e-16
7142.4700	1.0945489e-16
7143.9400	9.4881698e-17
7145.4100	8.1758946e-17
7146.8800	7.2912678e-17
7148.3500	8.5960962e-17
7149.8200	1.04504e-16
7151.2900	1.0067565e-16
7152.7600	9.8676473e-17
7154.2300	9.4693154e-17
7155.7000	9.4200626e-17
7157.1700	1.0980095e-16
7158.6400	1.0596073e-16
7160.1100	9.5609553e-17
7161.5800	1.0211223e-16
7163.0500	1.0748658e-16
7164.5200	9.5922299e-17
7165.9900	9.8860629e-17
7167.4600	1.0689681e-16
7168.9300	7.9078682e-17
7170.4000	9.005928e-17
7171.8700	1.0640749e-16
7173.3400	1.0047798e-16
7174.8100	9.414617e-17
7176.2800	1.1069454e-16
7177.7500	9.9477798e-17
7179.2200	9.1444083e-17
7180.6900	1.1087276e-16
7182.1600	1.0530149e-16
7183.6300	9.2557006e-17
7185.1000	8.0792695e-17
7186.5700	7.9320051e-17
7188.0400	9.2753261e-17
7189.5100	1.0249536e-16
7190.9800	8.3839752e-17
7192.4500	7.5134285e-17
7193.9200	1.0606999e-16
7195.3900	1.1299981e-16
7196.8600	1.1852413e-16
7198.3300	9.9153243e-17
7199.8000	9.0466186e-17
7201.2700	9.5037781e-17
7202.7400	9.9822745e-17
7204.2100	1.0117224e-16
7205.6800	9.8249488e-17
7207.1500	7.349956e-17
7208.6200	8.6040191e-17
7210.0900	1.0349552e-16
7211.5600	1.0416071e-16
7213.0300	1.0746276e-16
7214.5000	9.480346e-17
7215.9700	8.9009993e-17
7217.4400	8.7074891e-17
7218.9100	9.1097698e-17
7220.3800	9.7808592e-17
7221.8500	9.8284528e-17
7223.3200	8.9015432e-17
7224.7900	7.4434236e-17
7226.2600	8.5657246e-17
7227.7300	1.1780235e-16
7229.2000	1.0312365e-16
7230.6700	7.330475e-17
7232.1400	8.2444258e-17
7233.6100	9.1094278e-17
7235.0800	9.0514295e-17
7236.5500	9.5199533e-17
7238.0200	1.1458939e-16
7239.4900	1.5008952e-16
7240.9600	1.2262956e-16
7242.4300	6.4442359e-17
7243.9000	9.2718653e-17
7245.3700	1.0505586e-16
7246.8400	9.4498761e-17
7248.3100	1.1035288e-16
7249.7800	1.1671536e-16
7251.2500	9.5499873e-17
7252.7200	1.1070649e-16
7254.1900	1.2437068e-16
7255.6600	1.0693906e-16
7257.1300	9.5017269e-17
7258.6000	1.0884254e-16
7260.0700	9.1193028e-17
7261.5400	8.4449232e-17
7263.0100	8.4159084e-17
7264.4800	1.1285658e-16
7265.9500	1.2474781e-16
7267.4200	1.0890993e-16
7268.8900	9.2131972e-17
7270.3600	9.2827365e-17
7271.8300	1.1429694e-16
7273.3000	8.5752957e-17
7274.7700	4.6098363e-17
7276.2400	1.0193896e-16
7277.7100	1.0909303e-16
7279.1800	1.0757652e-16
7280.6500	1.2575057e-16
7282.1200	1.041007e-16
7283.5900	1.1102367e-16
7285.0600	1.1447416e-16
7286.5300	7.9599015e-17
7288.0000	1.0015958e-16
7289.4700	1.1803889e-16
7290.9400	1.1059655e-16
7292.4100	1.2006388e-16
7293.8800	1.1180042e-16
7295.3500	8.2481802e-17
7296.8200	9.2042759e-17
7298.2900	1.0273375e-16
7299.7600	1.0277774e-16
7301.2300	6.8470627e-17
7302.7000	6.6428684e-17
7304.1700	8.2605518e-17
7305.6400	9.5835738e-17
7307.1100	9.6659638e-17
7308.5800	8.4961534e-17
7310.0500	9.2325605e-17
7311.5200	9.4922118e-17
7312.9900	9.2872433e-17
7314.4600	1.116619e-16
7315.9300	7.7072769e-17
7317.4000	6.7868389e-17
7318.8700	8.1285097e-17
7320.3400	1.0727567e-16
7321.8100	9.3593158e-17
7323.2800	8.6142085e-17
7324.7500	8.1496358e-17
7326.2200	1.1510311e-16
7327.6900	1.1333839e-16
7329.1600	9.9066824e-17
7330.6300	8.1672065e-17
7332.1000	8.1632361e-17
7333.5700	1.0505073e-16
7335.0400	9.5347062e-17
7336.5100	9.9154957e-17
7337.9800	1.1562682e-16
7339.4500	1.3511077e-16
7340.9200	1.3620853e-16
7342.3900	9.5966063e-17
7343.8600	8.5116275e-17
7345.3300	7.3845357e-17
7346.8000	8.6006358e-17
7348.2700	9.5800444e-17
7349.7400	7.6185606e-17
7351.2100	9.4297215e-17
7352.6800	9.9186406e-17
7354.1500	6.9283001e-17
7355.6200	9.4665423e-17
7357.0900	1.0336836e-16
7358.5600	1.11201e-16
7360.0300	1.0323764e-16
7361.5000	9.9077612e-17
7362.9700	9.5269881e-17
7364.4400	9.3856774e-17
7365.9100	8.6745694e-17
7367.3800	7.9759888e-17
7368.8500	8.2508005e-17
7370.3200	8.0855846e-17
7371.7900	1.042002e-16
7373.2600	1.0734612e-16
7374.7300	1.0564765e-16
7376.2000	9.3068615e-17
7377.6700	8.5248999e-17
7379.1400	9.5375098e-17
7380.6100	9.3943879e-17
7382.0800	8.7484315e-17
7383.5500	9.3558937e-17
7385.0200	1.0851325e-16
7386.4900	9.5494308e-17
7387.9600	9.1286398e-17
7389.4300	8.3972372e-17
7390.9000	7.5721741e-17
7392.3700	1.088113e-16
7393.8400	1.25625e-16
7395.3100	1.3105679e-16
7396.7800	1.0572609e-16
7398.2500	1.0750175e-16
7399.7200	1.2478528e-16
7401.1900	9.3519375e-17
7402.6600	8.7345533e-17
7404.1300	9.8701157e-17
