4.021339843749999091e+03 3.231099821530134582e-18
4.026094094753264471e+03 -4.724908184871791196e-18
4.030848345756529852e+03 2.660047827438332673e-18
4.035602596759795233e+03 1.483059399435713785e-17
4.040356847763060614e+03 8.083737514279607824e-18
4.045111098766325995e+03 3.109071821460596791e-17
4.049865349769591376e+03 -2.560397172248916291e-18
4.054619600772856757e+03 -2.851536416931602091e-17
4.059373851776122137e+03 8.733913883455475871e-18
4.064128102779387518e+03 3.949647796853308196e-17
4.068882353782652899e+03 2.390329789565718237e-17
4.073636604785918280e+03 2.942776092857426150e-17
4.078390855789183661e+03 1.865919780519760134e-17
4.083145106792449042e+03 -1.863823870283673272e-17
4.087899357795714423e+03 -1.948720890708563225e-17
4.092653608798979803e+03 4.346663058015484465e-17
4.097407859802245184e+03 6.539210158088956041e-17
4.102162110805510565e+03 4.165090626987439488e-17
4.106916361808775946e+03 2.196291912142621643e-17
4.111670612812041327e+03 5.390510231700854381e-18
4.116424863815306708e+03 -2.126877396679009220e-18
4.121179114818572089e+03 2.392124771494958307e-17
4.125933365821837469e+03 1.207901160110460596e-17
4.130687616825102850e+03 -1.315702563542760120e-17
4.135441867828368231e+03 -9.502699680665322558e-18
4.140196118831633612e+03 1.045727603371886713e-17
4.144950369834898993e+03 3.502931884894250792e-17
4.149704620838164374e+03 2.813167478782207392e-17
4.154458871841429755e+03 7.950395172355447209e-18
4.159213122844695135e+03 5.813704518479415146e-18
4.163967373847960516e+03 2.639356483441747473e-17
4.168721624851225897e+03 3.465070504768718630e-17
4.173475875854491278e+03 1.662876553203921238e-17
4.178230126857756659e+03 2.096772654593509309e-17
4.182984377861022040e+03 3.581749293252998502e-17
4.187738628864287421e+03 1.796936060719165327e-17
4.192492879867552801e+03 2.668626600289181379e-17
4.197247130870818182e+03 3.524985181769404552e-17
4.202001381874083563e+03 4.717984104118293567e-17
4.206755632877348944e+03 7.770006105911720593e-18
4.211509883880614325e+03 6.899417122763441408e-18
4.216264134883879706e+03 -6.179939975458186978e-18
4.221018385887145087e+03 6.899417122763441408e-18
4.225772636890410467e+03 5.158280101907204414e-18
4.230526887893675848e+03 2.525825985727875052e-18
4.235281138896941229e+03 1.040005664202612399e-17
4.240035389900206610e+03 2.879647322868604184e-17
4.244789640903471991e+03 4.899693516255777326e-17
4.249543891906737372e+03 2.121093088091548408e-17
4.254298142910002753e+03 9.954227798555968456e-18
4.259052393913268133e+03 9.825746797091781986e-18
4.263806644916533514e+03 7.729205422197542503e-18
4.268560895919798895e+03 1.563664675970433609e-17
4.273315146923064276e+03 2.744690986133230102e-17
4.278069397926329657e+03 1.062099327491658747e-17
4.282823648929595038e+03 2.073383212874898643e-18
4.287577899932860419e+03 2.167224454545263229e-17
4.292332150936125799e+03 2.509669948952826220e-17
4.297086401939391180e+03 1.761539844255163699e-17
4.301840652942656561e+03 1.441660167830292324e-17
4.306594903945921942e+03 2.189121083412399446e-17
4.311349154949187323e+03 2.023122643521380363e-17
4.316103405952452704e+03 -2.516067322451280708e-18
4.320857656955718085e+03 -1.227744974851423964e-17
4.325611907958983466e+03 8.660995637712241961e-19
4.330366158962248846e+03 6.402194307064447431e-18
4.335120409965514227e+03 4.167667625467787190e-18
4.339874660968779608e+03 5.372224577079757151e-18
4.344628911972044989e+03 5.726798855373062676e-18
4.349383162975310370e+03 2.859905168624923583e-17
4.354137413978575751e+03 4.070908173314396778e-17
4.358891664981841132e+03 2.013690799304805720e-17
4.363645915985106512e+03 1.394043350432554775e-17
4.368400166988371893e+03 1.740441940987508685e-17
4.373154417991637274e+03 9.402815140157706807e-18
4.377908668994902655e+03 5.729990118176292257e-18
4.382662919998168036e+03 7.479861752710782947e-18
4.387417171001433417e+03 5.408566447099544714e-19
4.392171422004698798e+03 8.594593507244394526e-18
4.396925673007964178e+03 1.227662753098536193e-17
4.401679924011229559e+03 1.062799039571817354e-17
4.406434175014494940e+03 1.500990524446270787e-17
4.411188426017760321e+03 2.950456630281103523e-17
4.415942677021025702e+03 3.352905806323263141e-17
4.420696928024291083e+03 2.695432546091819815e-17
4.425451179027556464e+03 2.678032967342889388e-17
4.430205430030821844e+03 2.135969435099947079e-17
4.434959681034087225e+03 1.197887559769077409e-17
4.439713932037352606e+03 -4.616183151567514962e-18
4.444468183040617987e+03 9.015628439033885613e-18
4.449222434043883368e+03 2.373364976946745682e-17
4.453976685047148749e+03 1.089373209366818431e-17
4.458730936050414130e+03 1.578694878572767143e-17
4.463485187053679510e+03 1.672089856302659371e-17
4.468239438056944891e+03 2.321722933252202590e-17
4.472993689060210272e+03 1.990984691490225111e-17
4.477747940063475653e+03 1.961783065197510596e-17
4.482502191066741034e+03 2.214391451125894442e-17
4.487256442070006415e+03 2.517081818113546369e-17
4.492010693073271796e+03 2.079052460639153329e-17
4.496764944076537176e+03 1.633281519811876503e-17
4.501519195079802557e+03 2.335674823208011997e-17
4.506273446083067938e+03 1.608110248335765360e-17
4.511027697086333319e+03 2.178380143158398382e-17
4.515781948089598700e+03 2.594954420776636011e-17
4.520536199092864081e+03 3.355343342152334403e-17
4.525290450096129462e+03 3.076165914948747308e-17
4.530044701099394842e+03 2.104827243090183161e-17
4.534798952102660223e+03 1.215850696669340213e-17
4.539553203105925604e+03 8.048300269657223565e-18
4.544307454109190985e+03 3.359849036307941372e-18
4.549061705112456366e+03 8.905013711620231987e-18
4.553815956115721747e+03 8.927993616217567649e-18
4.558570207118987128e+03 1.438631694171613179e-17
4.563324458122252508e+03 2.163200882609682792e-17
4.568078709125517889e+03 1.823956080864332487e-17
4.572832960128783270e+03 1.700786902421716539e-17
4.577587211132048651e+03 2.949045129283843036e-17
4.582341462135314032e+03 2.173147398603387929e-17
4.587095713138579413e+03 1.041179433491825146e-17
4.591849964141844794e+03 1.544500886411050085e-17
4.596604215145110174e+03 1.734220219292129832e-17
4.601358466148375555e+03 9.887314677264716389e-18
4.606112717151640936e+03 7.527065641546734024e-18
4.610866968154906317e+03 9.663401021349674562e-18
4.615621219158171698e+03 1.511141850359644053e-17
4.620375470161437079e+03 1.127016875555126636e-17
4.625129721164702460e+03 1.479769371267345373e-17
4.629883972167967841e+03 2.178611091985423187e-17
4.634638223171233221e+03 2.824031007202988815e-17
4.639392474174498602e+03 2.733278209785713469e-17
4.644146725177763983e+03 2.763387584082643676e-17
4.648900976181028454e+03 3.673307930023023008e-17
4.653655227184293835e+03 3.606112409270645336e-17
4.658409478187559216e+03 4.211146058260921941e-17
4.663163729190824597e+03 3.931710550706218302e-17
4.667917980194089978e+03 3.059125001713419874e-17
4.672672231197355359e+03 3.281045648660576436e-17
4.677426482200620740e+03 4.042010122306489224e-17
4.682180733203886120e+03 4.410674264281778001e-17
4.686934984207151501e+03 4.535270494717170433e-17
4.691689235210416882e+03 4.997460970703624858e-17
4.696443486213682263e+03 4.991204507422518778e-17
4.701197737216947644e+03 4.931849666260408745e-17
4.705951988220213025e+03 4.557246367486989230e-17
4.710706239223478406e+03 4.640079572283559379e-17
4.715460490226743786e+03 5.676179537787880147e-17
4.720214741230009167e+03 5.580281511524402458e-17
4.724968992233274548e+03 4.758959322941720346e-17
4.729723243236539929e+03 5.213864322965052725e-17
4.734477494239805310e+03 5.040268890892224125e-17
4.739231745243070691e+03 4.065539771138927628e-17
4.743985996246336072e+03 4.277575278893830488e-17
4.748740247249601452e+03 5.146176464312083492e-17
4.753494498252866833e+03 5.626168197952924094e-17
4.758248749256132214e+03 5.348328487235957756e-17
4.763003000259397595e+03 5.968778466738507648e-17
4.767757251262662976e+03 6.157959305040815374e-17
4.772511502265928357e+03 5.485906490204757403e-17
4.777265753269193738e+03 5.384255257344850896e-17
4.782020004272459119e+03 6.333587616187054295e-17
4.786774255275724499e+03 6.274568610353640791e-17
4.791528506278989880e+03 5.738160511958723532e-17
4.796282757282255261e+03 5.014076051359609993e-17
4.801037008285520642e+03 4.692454994309191985e-17
4.805791259288786023e+03 4.846036956897422591e-17
4.810545510292051404e+03 5.292231083326081546e-17
4.815299761295316785e+03 5.304063736552530096e-17
4.820054012298582165e+03 4.917787264974762254e-17
4.824808263301847546e+03 4.675888882745469989e-17
4.829562514305112927e+03 4.383005734536369268e-17
4.834316765308378308e+03 3.763349186677380240e-17
4.839071016311643689e+03 3.577603464022882727e-17
4.843825267314909070e+03 4.047755387969037533e-17
4.848579518318174451e+03 3.444775463003607585e-17
4.853333769321439831e+03 2.469077053008521451e-17
4.858088020324705212e+03 2.488460210866354037e-17
4.862842271327970593e+03 2.426844850526259091e-17
4.867596522331235974e+03 2.190776106381995544e-17
4.872350773334501355e+03 2.228595134860164990e-17
4.877105024337766736e+03 2.241511890997425539e-17
4.881859275341032117e+03 2.363537409525125671e-17
4.886613526344297497e+03 1.392502643823613506e-17
4.891367777347562878e+03 1.453311999374836782e-17
4.896122028350828259e+03 2.146315810201760349e-17
4.900876279354093640e+03 2.215858869532563513e-17
4.905630530357359021e+03 1.621915561887030371e-17
4.910384781360624402e+03 2.158176753005158213e-17
4.915139032363889783e+03 2.538901022875347623e-17
4.919893283367155163e+03 1.469130174228688331e-17
4.924647534370420544e+03 1.140314713800590364e-17
4.929401785373685925e+03 2.347622619975727929e-17
4.934156036376951306e+03 3.414362347985747906e-17
4.938910287380216687e+03 3.797776774644082273e-17
4.943664538383482068e+03 4.025203135748391787e-17
4.948418789386747449e+03 4.522281112122127729e-17
4.953173040390012829e+03 5.111132130480661921e-17
4.957927291393278210e+03 5.002316190027066109e-17
4.962681542396543591e+03 4.784965550528142515e-17
4.967435793399808972e+03 4.828293271013670105e-17
4.972190044403074353e+03 4.315826757396242657e-17
4.976944295406339734e+03 4.256590037625605197e-17
4.981698546409605115e+03 4.952953028920106609e-17
4.986452797412870495e+03 5.615451907681177110e-17
4.991207048416135876e+03 4.717405077689506448e-17
4.995961299419401257e+03 4.594248472392201306e-17
5.000715550422666638e+03 4.792033312554040605e-17
5.005469801425932019e+03 1.952845874987242664e-17
5.010224052429197400e+03 1.929280657388464479e-17
5.014978303432462781e+03 4.715534656888401542e-17
5.019732554435728161e+03 5.488980955105494497e-17
5.024486805438993542e+03 5.946788035589907918e-17
5.029241056442258923e+03 7.239223331990531454e-17
5.033995307445524304e+03 7.547466562430251856e-17
5.038749558448789685e+03 7.056809492843397536e-17
5.043503809452055066e+03 7.104823687807405560e-17
5.048258060455320447e+03 6.742705853199861443e-17
5.053012311458585827e+03 6.183954613843151843e-17
5.057766562461851208e+03 6.566469398867273537e-17
5.062520813465116589e+03 6.598921348658953918e-17
5.067275064468381970e+03 5.861228443494362990e-17
5.072029315471647351e+03 5.057746886363224579e-17
5.076783566474912732e+03 4.588636548244396545e-17
5.081537817478178113e+03 5.030669294447423728e-17
5.086292068481443494e+03 4.931880437379195718e-17
5.091046319484708874e+03 4.435623685917602422e-17
5.095800570487974255e+03 4.863443153091253442e-17
5.100554821491239636e+03 5.356846131439538792e-17
5.105309072494505017e+03 5.752331770212982002e-17
5.110063323497770398e+03 5.815914166049728049e-17
5.114817574501035779e+03 6.543110480113266078e-17
5.119571825504301160e+03 7.095479855608006559e-17
5.124326076507566540e+03 7.142978551614271535e-17
5.129080327510831921e+03 7.695479614262530459e-17
5.133834578514097302e+03 8.004617523252788216e-17
5.138588829517362683e+03 7.792271657332055460e-17
5.143343080520628064e+03 7.946881639985566969e-17
5.148097331523893445e+03 8.451567031016830596e-17
5.152851582527158826e+03 7.553945040987767169e-17
5.157605833530424206e+03 6.720975487635848385e-17
5.162360084533689587e+03 7.172172071536983030e-17
5.167114335536954968e+03 7.161419385318283713e-17
5.171868586540220349e+03 6.537397639930729847e-17
5.176622837543485730e+03 6.310490086506613592e-17
5.181377088546751111e+03 5.918987487818735721e-17
5.186131339550016492e+03 5.072552757583433732e-17
5.190885590553281872e+03 4.619470532757923205e-17
5.195639841556547253e+03 4.685211539121187632e-17
5.200394092559812634e+03 4.221658862101980881e-17
5.205148343563078015e+03 4.144338981524199172e-17
5.209902594566343396e+03 4.027696258114626612e-17
5.214656845569608777e+03 3.250541543775335924e-17
5.219411096572874158e+03 2.506110425340888031e-17
5.224165347576139538e+03 2.529591932261675849e-17
5.228919598579404919e+03 2.197755194646227949e-17
5.233673849582670300e+03 2.152350258206457196e-17
5.238428100585935681e+03 2.689292549840961201e-17
5.243182351589201062e+03 2.971986156392388706e-17
5.247936602592466443e+03 3.232451103778801208e-17
5.252690853595731824e+03 3.420854723177554110e-17
5.257445104598997204e+03 2.399009395733237157e-17
5.262199355602262585e+03 2.530553777877952510e-17
5.266953606605527966e+03 3.641000571402416895e-17
5.271707857608793347e+03 4.382006831228650232e-17
5.276462108612058728e+03 4.517471222296254383e-17
5.281216359615324109e+03 5.128002975382048453e-17
5.285970610618589490e+03 5.519678289381827396e-17
5.290724861621854870e+03 5.559919633565797129e-17
5.295479112625120251e+03 5.684698174608196247e-17
5.300233363628385632e+03 4.870430513161611377e-17
5.304987614631651013e+03 5.021207340856552155e-17
5.309741865634916394e+03 5.772196678059565472e-17
5.314496116638181775e+03 5.967670044717686591e-17
5.319250367641447156e+03 5.478417858683192333e-17
5.324004618644712536e+03 5.236268013547683948e-17
5.328758869647977917e+03 5.237062106935734854e-17
5.333513120651243298e+03 5.400841221243274164e-17
5.338267371654508679e+03 6.099432637107993433e-17
5.343021622657774060e+03 5.811082107783438282e-17
5.347775873661039441e+03 5.770405335725020636e-17
5.352530124664304822e+03 6.365197165242910673e-17
5.357284375667570202e+03 5.992463625526106021e-17
5.362038626670835583e+03 5.522263063359933097e-17
5.366792877674100964e+03 5.317337338406046021e-17
5.371547128677366345e+03 5.321297879178949917e-17
5.376301379680631726e+03 6.329239293142985539e-17
5.381055630683897107e+03 6.183702489192445680e-17
5.385809881687162488e+03 5.487231633546067354e-17
5.390564132690427869e+03 5.296542679550952947e-17
5.395318383693693249e+03 5.339277146101157505e-17
5.400072634696958630e+03 5.954140016874279228e-17
5.404826885700224011e+03 6.197325823008949025e-17
5.409581136703489392e+03 5.636453030817163419e-17
5.414335387706754773e+03 5.260997405140569263e-17
5.419089638710020154e+03 5.717837676925030706e-17
5.423843889713285535e+03 6.129982733235291893e-17
5.428598140716550915e+03 5.997695377464381410e-17
5.433352391719816296e+03 6.156596111391327984e-17
5.438106642723081677e+03 5.852765393211210453e-17
5.442860893726347058e+03 5.646058913834619219e-17
5.447615144729612439e+03 7.543791233532556244e-17
5.452369395732877820e+03 8.102396889101456511e-17
5.457123646736143201e+03 6.184391365206579842e-17
5.461877897739408581e+03 5.808309398370160533e-17
5.466632148742673962e+03 6.118561023337159687e-17
5.471386399745939343e+03 6.285476144783010036e-17
5.476140650749204724e+03 6.359114409890440729e-17
5.480894901752470105e+03 6.587290527501968307e-17
5.485649152755735486e+03 7.102465230444894367e-17
5.490403403759000867e+03 7.619807146592709360e-17
5.495157654762266247e+03 7.172859624062137107e-17
5.499911905765531628e+03 6.561082136973838178e-17
5.504666156768797009e+03 6.955341563207232780e-17
5.509420407772062390e+03 6.885581120811450680e-17
5.514174658775327771e+03 6.673655462641894863e-17
5.518928909778593152e+03 7.106859875603266092e-17
5.523683160781858533e+03 7.977326518738948684e-17
5.528437411785123913e+03 7.548033677458218212e-17
5.533191662788389294e+03 7.095336257053667353e-17
5.537945913791654675e+03 7.901362221749018877e-17
5.542700164794920056e+03 8.256394096357188737e-17
5.547454415798185437e+03 8.292533948191875537e-17
5.552208666801450818e+03 8.446629755376624084e-17
5.556962917804716199e+03 8.342526759181110403e-17
5.561717168807981579e+03 8.582664570194644803e-17
5.566471419811246960e+03 9.124761685970456766e-17
5.571225670814512341e+03 1.095539840833401253e-16
5.575979921817777722e+03 1.005642976826771277e-16
5.580734172821043103e+03 7.517956066896810041e-17
5.585488423824308484e+03 7.351619310135256769e-17
5.590242674827573865e+03 7.773838764561923791e-17
5.594996925830839245e+03 7.672477375788655865e-17
5.599751176834104626e+03 7.875994246723242624e-17
5.604505427837370007e+03 7.761452231197309734e-17
5.609259678840635388e+03 7.371221505419293398e-17
5.614013929843900769e+03 7.276972546425001425e-17
5.618768180847166150e+03 7.595020183229190354e-17
5.623522431850431531e+03 8.353472674790902107e-17
5.628276682853696911e+03 8.610739741929184605e-17
5.633030933856962292e+03 8.588676518886680209e-17
5.637785184860227673e+03 9.416634681215507729e-17
5.642539435863493054e+03 9.897501902816674456e-17
5.647293686866758435e+03 9.167344943904686631e-17
5.652047937870023816e+03 9.031774011974185649e-17
5.656802188873289197e+03 9.153855944219661898e-17
5.661556439876554577e+03 9.077681212481898600e-17
5.666310690879819958e+03 9.882964699859422527e-17
5.671064941883085339e+03 1.024756341456013568e-16
5.675819192886350720e+03 9.445362333017229359e-17
5.680573443889616101e+03 9.803718150198882306e-17
5.685327694892881482e+03 8.946447353939135654e-17
5.690081945896146863e+03 8.078530412323586514e-17
5.694836196899412244e+03 8.163849129424756001e-17
5.699590447902677624e+03 8.239902761920841535e-17
5.704344698905943005e+03 8.407181842836215216e-17
5.709098949909208386e+03 8.464485606951438761e-17
5.713853200912473767e+03 8.506385944571944846e-17
5.718607451915739148e+03 7.806626218810055681e-17
5.723361702919004529e+03 7.248826568030027084e-17
5.728115953922269910e+03 7.209624162695423954e-17
5.732870204925535290e+03 6.491223756393529800e-17
5.737624455928800671e+03 5.834658740474669698e-17
5.742378706932066052e+03 5.960075203205469712e-17
5.747132957935331433e+03 6.431366320291232548e-17
5.751887208938596814e+03 7.419938473031726473e-17
5.756641459941862195e+03 8.001628423391266595e-17
5.761395710945127576e+03 7.522526736089533051e-17
5.766149961948392956e+03 6.976372464845270998e-17
5.770904212951658337e+03 6.438431104466925447e-17
5.775658463954923718e+03 6.402395808261665349e-17
5.780412714958189099e+03 6.941755287082171811e-17
5.785166965961454480e+03 7.413128460484699907e-17
5.789921216964719861e+03 8.334305245636823350e-17
5.794675467967985242e+03 8.739036778425139282e-17
5.799429718971250622e+03 8.305533918698758920e-17
5.804183969974516003e+03 7.764078695078288107e-17
5.808938220977781384e+03 7.923835726375349576e-17
5.813692471981046765e+03 8.295534959454217922e-17
5.818446722984312146e+03 7.567806602820685785e-17
5.823200973987577527e+03 7.739978622495433135e-17
5.827955224990842908e+03 7.832965634747214210e-17
5.832709475994108288e+03 6.799938148910160407e-17
5.837463726997373669e+03 6.106932187413644203e-17
5.842217978000639050e+03 6.387156494400478409e-17
5.846972229003904431e+03 5.676387325557753468e-17
5.851726480007169812e+03 4.813851690135229305e-17
5.856480731010435193e+03 4.469095714840683198e-17
5.861234982013700574e+03 3.908482988233484264e-17
5.865989233016965954e+03 4.236237093217615440e-17
5.870743484020231335e+03 5.174947460377902900e-17
5.875497735023496716e+03 5.317518325524072623e-17
5.880251986026762097e+03 5.218102796423774439e-17
5.885006237030027478e+03 5.596068088078854481e-17
5.889760488033292859e+03 5.181647954211827446e-17
5.894514739036558240e+03 3.585512965040114778e-17
5.899268990039823620e+03 2.762936439776557255e-17
5.904023241043089001e+03 1.994743731065911089e-17
5.908777492046354382e+03 2.017214257842036597e-17
5.913531743049619763e+03 2.431043453879455749e-17
5.918285994052885144e+03 2.535815804626647340e-17
5.923040245056150525e+03 2.558778834739486920e-17
5.927794496059415906e+03 2.937093692921431871e-17
5.932548747062681286e+03 3.071179670216277657e-17
5.937302998065946667e+03 3.214120450532381094e-17
5.942057249069212048e+03 4.115591808260021290e-17
5.946811500072477429e+03 3.880118965029040945e-17
5.951565751075742810e+03 2.592243584473177229e-17
5.956320002079008191e+03 2.466752840923369953e-17
5.961074253082273572e+03 3.352196416229937664e-17
5.965828504085538952e+03 3.894855683950040664e-17
5.970582755088804333e+03 4.950833130446255709e-17
5.975337006092069714e+03 4.858206438069302734e-17
5.980091257095335095e+03 4.476369610275229502e-17
5.984845508098600476e+03 5.002670885073728848e-17
5.989599759101865857e+03 5.394849124885940032e-17
5.994354010105131238e+03 6.952126146730116651e-17
5.999108261108396619e+03 7.902607624879278716e-17
6.003862512111661999e+03 7.859729890646979973e-17
6.008616763114927380e+03 8.794908527463911026e-17
6.013371014118192761e+03 9.784673805519951439e-17
6.018125265121458142e+03 9.801384839126992725e-17
6.022879516124723523e+03 1.008945081832082963e-16
6.027633767127988904e+03 1.034578747270611249e-16
6.032388018131254285e+03 1.045211723911061892e-16
6.037142269134519665e+03 1.086738837639184051e-16
6.041896520137785046e+03 1.085042654162307314e-16
6.046650771141050427e+03 1.067637715283007544e-16
6.051405022144315808e+03 1.090094477773740169e-16
6.056159273147581189e+03 1.144697133229508556e-16
6.060913524150846570e+03 1.120927668193878778e-16
6.065667775154111951e+03 1.101983908677434359e-16
6.070422026157377331e+03 1.121678615841178919e-16
6.075176277160642712e+03 1.106411442536961193e-16
6.079930528163908093e+03 1.061376487441573159e-16
6.084684779167173474e+03 1.017210535210508833e-16
6.089439030170438855e+03 9.727951714811475183e-17
6.094193281173704236e+03 9.365395805351522983e-17
6.098947532176969617e+03 6.783644014331845847e-17
6.103701783180234997e+03 5.280417289817599205e-17
6.108456034183500378e+03 9.636660091943182794e-17
6.113210285186765759e+03 1.106264469085722771e-16
6.117964536190031140e+03 9.929352326866906276e-17
6.122718787193296521e+03 9.180672477934141013e-17
6.127473038196561902e+03 1.031160241409501100e-16
6.132227289199827283e+03 9.759764419425774585e-17
6.136981540203092663e+03 9.510446888846371704e-17
6.141735791206358044e+03 9.328900596725683402e-17
6.146490042209623425e+03 8.603051594443871745e-17
6.151244293212888806e+03 8.946197214521899618e-17
6.155998544216154187e+03 8.541067973295068190e-17
6.160752795219419568e+03 7.537793181474811729e-17
6.165507046222684949e+03 7.807973530591782053e-17
6.170261297225950329e+03 8.131919957780209133e-17
6.175015548229215710e+03 8.315944483016106305e-17
6.179769799232481091e+03 8.625136655054547541e-17
6.184524050235746472e+03 8.601162975669290672e-17
6.189278301239011853e+03 8.309353507895283781e-17
6.194032552242277234e+03 7.266182140770369689e-17
6.198786803245542615e+03 6.755610532500178718e-17
6.203541054248807995e+03 7.674311731515053459e-17
6.208295305252073376e+03 8.093684361145557981e-17
6.213049556255338757e+03 7.833763036857715328e-17
6.217803807258604138e+03 7.764042299131335774e-17
6.222558058261869519e+03 7.122146173323246044e-17
6.227312309265134900e+03 7.520599736134529517e-17
6.232066560268400281e+03 7.520599736134529517e-17
6.236820811271665661e+03 7.575607246869305858e-17
6.241575062274931042e+03 7.048834809993896307e-17
6.246329313278196423e+03 6.940165776817089913e-17
6.251083564281461804e+03 7.484375842749607329e-17
6.255837815284727185e+03 7.520599736134529517e-17
6.260592066287992566e+03 7.520599736134529517e-17
6.265346317291257947e+03 7.793758597201180783e-17
6.270100568294523327e+03 7.517719824113864896e-17
6.274854819297788708e+03 7.625541162598926948e-17
6.279609070301054089e+03 7.210405021193674012e-17
6.284363321304319470e+03 7.519623001267226902e-17
6.289117572307584851e+03 8.375412151613768571e-17
6.293871823310850232e+03 7.766446416863659894e-17
6.298626074314115613e+03 7.207118798056123344e-17
6.303380325317380994e+03 8.008543653312209906e-17
6.308134576320646374e+03 7.874975821953067337e-17
6.312888827323911755e+03 7.107321773257315703e-17
6.317643078327177136e+03 7.156767321553285485e-17
6.322397329330442517e+03 7.684848027285508905e-17
6.327151580333707898e+03 6.295622673048830494e-17
6.331905831336973279e+03 5.901981316169135515e-17
6.336660082340238660e+03 6.719354875379734493e-17
6.341414333343504040e+03 6.670119100087108159e-17
6.346168584346769421e+03 5.937404498721106372e-17
6.350922835350034802e+03 6.723818341965070631e-17
6.355677086353300183e+03 7.281422778120536714e-17
6.360431337356565564e+03 7.000142988672084844e-17
6.365185588359830945e+03 7.060788562462022621e-17
6.369939839363096326e+03 6.983646360279817302e-17
6.374694090366361706e+03 6.836731804301009120e-17
6.379448341369627087e+03 6.880814575249675114e-17
6.384202592372892468e+03 7.318139009406050464e-17
6.388956843376157849e+03 7.329689759479740942e-17
6.393711094379423230e+03 7.919072489536024221e-17
6.398465345382688611e+03 8.279625960169108051e-17
6.403219596385953992e+03 7.853412216000544969e-17
6.407973847389219372e+03 7.196103399274877185e-17
6.412728098392484753e+03 7.166124388642485334e-17
6.417482349395750134e+03 7.444821389346301631e-17
6.422236600399015515e+03 8.055284651877376309e-17
6.426990851402280896e+03 7.744575761467757842e-17
6.431745102405546277e+03 7.662517459469027369e-17
6.436499353408811658e+03 7.752011784302364540e-17
6.441253604412077038e+03 8.231406624413186877e-17
6.446007855415342419e+03 8.152840348088410266e-17
6.450762106418607800e+03 7.223207130098034711e-17
6.455516357421873181e+03 7.084261301268317376e-17
6.460270608425138562e+03 6.843721149604837183e-17
6.465024859428403943e+03 6.357735996117682364e-17
6.469779110431669324e+03 6.400237859479637010e-17
6.474533361434934704e+03 6.484101400447203211e-17
6.479287612438200085e+03 5.768422749232853539e-17
6.484041863441465466e+03 5.383445612961283992e-17
6.488796114444730847e+03 5.636431193248992019e-17
6.493550365447996228e+03 5.711149425364171945e-17
6.498304616451261609e+03 5.330781008593502848e-17
6.503058867454526990e+03 4.859759221515187278e-17
6.507813118457792370e+03 4.547705004557312566e-17
6.512567369461057751e+03 3.931053438427606177e-17
6.517321620464323132e+03 3.435317479879676267e-17
6.522075871467588513e+03 3.681556244219156779e-17
6.526830122470853894e+03 3.719688608713361312e-17
6.531584373474119275e+03 3.491980344456293726e-17
6.536338624477384656e+03 3.385893438279632863e-17
6.541092875480650036e+03 2.779845996730611268e-17
6.545847126483915417e+03 2.220461302460808559e-17
6.550601377487180798e+03 2.012486589769051022e-17
6.555355628490446179e+03 1.891121657678535738e-17
6.560109879493711560e+03 2.201468904724346022e-17
6.564864130496976941e+03 2.698095405919750521e-17
6.569618381500242322e+03 2.562420083795945348e-17
6.574372632503507702e+03 2.353124694538185648e-17
6.579126883506773083e+03 2.385120371503981779e-17
6.583881134510038464e+03 2.768968902547783975e-17
6.588635385513303845e+03 3.256955502245072100e-17
6.593389636516569226e+03 2.877881788569171002e-17
6.598143887519834607e+03 2.764461595389982527e-17
6.602898138523099988e+03 3.097521402259151334e-17
6.607652389526365369e+03 3.214687565560347450e-17
6.612406640529630749e+03 3.757212830021216859e-17
6.617160891532896130e+03 4.332580804395136701e-17
6.621915142536161511e+03 4.542359432566749880e-17
6.626669393539426892e+03 5.114018329073981945e-17
6.631423644542692273e+03 5.992617811992285905e-17
6.636177895545957654e+03 6.922012140221756146e-17
6.640932146549223035e+03 7.320286370276238123e-17
6.645686397552488415e+03 8.690636786423436527e-17
6.650440648555753796e+03 9.444205603648635206e-17
6.655194899559019177e+03 9.950904021418607880e-17
6.659949150562284558e+03 1.132790629317971271e-16
6.664703401565549939e+03 1.223273468070533812e-16
6.669457652568815320e+03 1.308389823706648325e-16
6.674211903572080701e+03 1.361047876803978050e-16
6.678966154575346081e+03 1.507145575384277866e-16
6.683720405578611462e+03 1.661123327352002845e-16
6.688474656581876843e+03 1.672708752836971546e-16
6.693228907585142224e+03 1.679422680084043953e-16
6.697983158588407605e+03 1.752204647821359752e-16
6.702737409591672986e+03 1.819626882236025957e-16
6.707491660594938367e+03 1.786498894273318237e-16
6.712245911598203747e+03 1.771528910419578563e-16
6.717000162601469128e+03 1.754575281282487725e-16
6.721754413604734509e+03 1.771934295094178551e-16
6.726508664607999890e+03 1.747295827194225064e-16
6.731262915611265271e+03 1.762180313659851257e-16
6.736017166614530652e+03 1.807963370901232250e-16
6.740771417617796033e+03 1.789108814542045549e-16
6.745525668621061413e+03 1.725917774396710591e-16
6.750279919624326794e+03 1.699632886205531559e-16
6.755034170627592175e+03 1.657075303957515340e-16
6.759788421630857556e+03 1.623938051571947026e-16
6.764542672634122937e+03 1.598658485610040441e-16
6.769296923637388318e+03 1.533511725798834108e-16
6.774051174640653699e+03 1.498218509864707583e-16
6.778805425643919079e+03 1.447774786179957811e-16
6.783559676647184460e+03 1.401828939794026382e-16
6.788313927650449841e+03 1.398589038770778684e-16
6.793068178653715222e+03 1.323389586062439908e-16
6.797822429656980603e+03 1.350415363384670437e-16
6.802576680660245984e+03 1.351486330667355093e-16
6.807330931663511365e+03 1.328022723935022922e-16
6.812085182666776745e+03 1.265696186791479385e-16
6.816839433670042126e+03 1.198235571196390719e-16
6.821593684673307507e+03 1.128736385525277368e-16
6.826347935676572888e+03 1.120073223708336002e-16
6.831102186679838269e+03 1.095811553121012671e-16
6.835856437683103650e+03 1.084646930957261946e-16
6.840610688686369031e+03 1.054979271107435055e-16
6.845364939689634411e+03 9.704350597574112197e-17
6.850119190692899792e+03 1.013669143397597807e-16
6.854873441696165173e+03 1.034557769970276904e-16
6.859627692699430554e+03 9.684085996055543104e-17
6.864381943702695935e+03 8.709610986186422897e-17
6.869136194705961316e+03 8.111359556474591077e-17
6.873890445709226697e+03 7.673633443412759977e-17
6.878644696712492077e+03 7.279050424123734630e-17
6.883398947715757458e+03 7.168201604596728498e-17
6.888153198719022839e+03 7.536410797235113109e-17
6.892907449722288220e+03 7.495015370660509393e-17
6.897661700725553601e+03 7.292174802594745989e-17
6.902415951728818982e+03 7.429593986885935455e-17
6.907170202732084363e+03 7.360889688696261061e-17
6.911924453735349744e+03 7.160109792972489760e-17
6.916678704738615124e+03 7.147203128438702358e-17
6.921432955741880505e+03 7.051929788973824715e-17
6.926187206745145886e+03 7.332947527604219786e-17
6.930941457748411267e+03 7.963030852520562239e-17
6.935695708751676648e+03 7.658643607224319030e-17
6.940449959754942029e+03 6.391449230907383602e-17
6.945204210758207410e+03 5.563778927431724535e-17
6.949958461761472790e+03 6.175459138079987228e-17
6.954712712764738171e+03 7.536995779364310611e-17
6.959466963768003552e+03 7.127376601772541348e-17
6.964221214771268933e+03 6.974988095372102251e-17
6.968975465774534314e+03 7.294021731466454389e-17
6.973729716777799695e+03 7.122085954574652183e-17
6.978483967781065076e+03 7.346858720273891584e-17
6.983238218784330456e+03 7.451576477100654676e-17
6.987992469787595837e+03 6.952209526535861996e-17
6.992746720790861218e+03 6.883759338230363892e-17
6.997500971794126599e+03 7.002782687442864066e-17
7.002255222797391980e+03 7.254288607050837236e-17
7.007009473800657361e+03 7.391126779679769456e-17
7.011763724803922742e+03 6.526843477059043257e-17
7.016517975807188122e+03 6.138070574392590377e-17
7.021272226810453503e+03 6.414871015387945091e-17
7.026026477813718884e+03 6.520617784896724149e-17
7.030780728816984265e+03 6.451243139538636782e-17
7.035534979820249646e+03 6.233231417294160808e-17
7.040289230823515027e+03 6.876834182142069945e-17
7.045043481826780408e+03 6.780269779177119536e-17
7.049797732830045788e+03 5.931280715210253797e-17
7.054551983833311169e+03 5.827738878342296090e-17
7.059306234836576550e+03 6.038873090101761171e-17
7.064060485839841931e+03 6.470017492465630340e-17
7.068814736843107312e+03 6.216218628199660177e-17
7.073568987846372693e+03 6.058674470477300568e-17
7.078323238849638074e+03 6.587662427905372148e-17
7.083077489852903454e+03 6.180170758849089273e-17
7.087831740856168835e+03 6.261180857575592549e-17
7.092585991859434216e+03 6.391959435909206309e-17
7.097340242862699597e+03 5.835444231184350053e-17
7.102094493865964978e+03 5.928316099894863746e-17
7.106848744869230359e+03 5.688118731877225527e-17
7.111602995872495740e+03 5.586521762065502499e-17
7.116357246875761120e+03 5.994986195522147734e-17
7.121111497879026501e+03 6.159002876101612274e-17
7.125865748882291882e+03 6.070029344181938490e-17
7.130619999885557263e+03 5.756537156447201595e-17
7.135374250888822644e+03 5.513814240583316472e-17
7.140128501892088025e+03 5.485249377926145278e-17
7.144882752895353406e+03 5.748256747643300767e-17
7.149637003898618786e+03 5.535083370237769962e-17
7.154391254901884167e+03 5.897147272669375621e-17
7.159145505905149548e+03 6.430602667149723593e-17
7.163899756908414929e+03 5.987930675769315429e-17
7.168654007911680310e+03 5.669955169114541125e-17
7.173408258914945691e+03 5.640086669811986359e-17
7.178162509918211072e+03 5.841318537022456635e-17
7.182916760921476452e+03 5.533119974335814096e-17
7.187671011924741833e+03 5.532067138852156602e-17
7.192425262928007214e+03 5.870056776736018943e-17
7.197179513931272595e+03 5.495287049223353758e-17
7.201933764934537976e+03 5.374516694557141590e-17
7.206688015937803357e+03 5.419184116762760064e-17
7.211442266941068738e+03 5.870201037034848191e-17
7.216196517944334119e+03 5.774314922172191266e-17
7.220950768947599499e+03 6.217454105162569379e-17
7.225705019950864880e+03 5.772362775926566120e-17
7.230459270954130261e+03 6.455854836889742421e-17
7.235213521957395642e+03 6.940331212939600519e-17
7.239967772960661023e+03 5.742246784184735489e-17
7.244722023963926404e+03 4.789502801624118383e-17
7.249476274967191785e+03 4.936689003716088979e-17
7.254230525970457165e+03 5.508086511149754287e-17
7.258984776973722546e+03 6.062941398949094106e-17
7.263739027976987927e+03 6.248316544689167863e-17
7.268493278980253308e+03 6.004835600511939145e-17
7.273247529983518689e+03 5.665451997859802442e-17
7.278001780986784070e+03 5.751501942622468805e-17
7.282756031990049451e+03 5.680858733076970114e-17
7.287510282993314831e+03 5.139165281440084029e-17
7.292264533996580212e+03 5.196311881238922499e-17
7.297018784999845593e+03 5.670932565726333782e-17
7.301773036003110974e+03 5.503959872509849743e-17
7.306527287006376355e+03 5.341841736872316912e-17
7.311281538009641736e+03 5.371847548156555481e-17
7.316035789012907117e+03 5.261298168011293544e-17
7.320790040016172497e+03 5.936051231238969618e-17
7.325544291019437878e+03 6.507552301685326566e-17
7.330298542022703259e+03 6.142772930738831828e-17
7.335052793025968640e+03 6.175398919331393367e-17
7.339807044029234021e+03 5.884726990335769400e-17
7.344561295032499402e+03 5.542810229775750304e-17
7.349315546035764783e+03 5.865005681043525135e-17
7.354069797039030163e+03 6.142066187623466521e-17
7.358824048042295544e+03 6.618220464966551118e-17
7.363578299045560925e+03 7.252937324802170610e-17
7.368332550048826306e+03 7.610614853881530074e-17
7.373086801052091687e+03 7.039680898463139482e-17
7.377841052055357068e+03 6.179366077549197688e-17
7.382595303058622449e+03 5.933661671885426432e-17
7.387349554061887829e+03 6.355125414104465008e-17
7.392103805065153210e+03 7.133250245866157887e-17
7.396858056068418591e+03 7.185189247400607516e-17
7.401612307071683972e+03 6.473077398987586500e-17
7.406366558074949353e+03 6.376419028305050068e-17
7.411120809078214734e+03 6.088509220810863170e-17
7.415875060081480115e+03 6.073526002067322648e-17
7.420629311084745495e+03 6.191869739688549254e-17
7.425383562088010876e+03 5.480264787554900733e-17
7.430137813091276257e+03 6.315265234746759711e-17
7.434892064094541638e+03 6.810696790829270106e-17
7.439646315097807019e+03 6.925799965682758971e-17
7.444400566101072400e+03 7.208106120835266637e-17
7.449154817104337781e+03 6.975318305872633419e-17
7.453909068107603161e+03 6.466771635741972260e-17
7.458663319110868542e+03 6.351127815640118736e-17
7.463417570114133923e+03 6.282637922665218087e-17
7.468171821117399304e+03 6.497722749030236428e-17
7.472926072120664685e+03 7.445782904090333270e-17
7.477680323123930066e+03 7.499232668295549749e-17
7.482434574127195447e+03 7.468551546759222889e-17
7.487188825130460827e+03 7.496759729136261217e-17
7.491943076133726208e+03 7.518626414065223014e-17
7.496697327136991589e+03 8.099420362385245696e-17
7.501451578140256970e+03 7.875103538639645524e-17
7.506205829143522351e+03 6.935152400560528523e-17
7.510960080146787732e+03 6.777610228071639042e-17
7.515714331150053113e+03 7.175304769952843857e-17
7.520468582153318494e+03 7.842701881429208367e-17
7.525222833156583874e+03 7.810677418578095390e-17
7.529977084159849255e+03 6.851669362674736715e-17
7.534731335163114636e+03 6.888210231670389224e-17
7.539485586166380017e+03 7.107358169204268036e-17
7.544239837169645398e+03 7.275776112387004725e-17
7.548994088172910779e+03 6.582868089075014800e-17
7.553748339176176160e+03 6.002755075835245770e-17
7.558502590179441540e+03 5.863116400524454020e-17
7.563256841182706921e+03 6.637669135528897904e-17
7.568011092185972302e+03 6.626252057842195995e-17
7.572765343189237683e+03 6.297758784262687433e-17
7.577519594192503064e+03 6.766584903123042246e-17
7.582273845195768445e+03 6.647924851635575363e-17
7.587028096199033826e+03 5.774357273819553981e-17
7.591782347202299206e+03 4.801128990569673697e-17
7.596536598205564587e+03 3.180541219001913446e-17
7.601290849208829968e+03 1.946259697513972947e-17
7.606045100212095349e+03 1.975180578706786964e-17
7.610799351215360730e+03 2.888498155422921580e-17
7.615553602218626111e+03 3.863444989113442034e-17
7.620307853221891492e+03 4.461357936518617155e-17
7.625062104225156872e+03 3.564791428951171392e-17
7.629816355228422253e+03 3.205301050841340713e-17
7.634570606231687634e+03 3.308634769067180079e-17
7.639324857234953015e+03 3.671956647774356382e-17
7.644079108238218396e+03 4.231089713701820460e-17
7.648833359241483777e+03 4.145298180162515663e-17
7.653587610244749158e+03 4.688515960232214467e-17
7.658341861248014538e+03 5.981439624066489311e-17
7.663096112251279919e+03 5.995569192417875108e-17
7.667850363254545300e+03 5.861491817801399874e-17
7.672604614257810681e+03 5.682703014970718345e-17
7.677358865261076062e+03 5.753932530134394621e-17
7.682113116264341443e+03 6.170517230228350419e-17
7.686867367267606824e+03 6.504567172290745200e-17
7.691621618270872204e+03 5.848883600032621605e-17
7.696375869274137585e+03 4.904420688020395369e-17
7.701130120277402966e+03 5.160193536100162078e-17
7.705884371280668347e+03 5.426234342559672029e-17
7.710638622283933728e+03 5.117900122252570794e-17
7.715392873287199109e+03 5.254607600344719635e-17
7.720147124290464490e+03 5.494428766619768737e-17
7.724901375293729870e+03 5.387159323039402065e-17
7.729655626296995251e+03 5.322916506201593682e-17
7.734409877300260632e+03 5.239988671942947466e-17
7.739164128303526013e+03 5.196768154064806749e-17
7.743918379306791394e+03 4.906027072769973349e-17
7.748672630310056775e+03 4.833368189507805440e-17
7.753426881313322156e+03 4.585841008646212333e-17
7.758181132316587536e+03 4.417529606326372473e-17
7.762935383319852917e+03 4.581491031240918471e-17
7.767689634323118298e+03 5.399405566572127130e-17
7.772443885326383679e+03 5.830301814752230391e-17
7.777198136329649060e+03 6.163979856411221331e-17
7.781952387332914441e+03 6.029653004122000103e-17
7.786706638336179822e+03 4.830219609224183596e-17
7.791460889339445202e+03 5.051450387540470932e-17
7.796215140342710583e+03 5.727102099785624616e-17
7.800969391345975964e+03 5.587913410728061712e-17
7.805723642349241345e+03 5.840186292199994050e-17
7.810477893352506726e+03 5.869104526414847898e-17
7.815232144355772107e+03 5.780800018174607003e-17
7.819986395359037488e+03 5.553913640574172105e-17
7.824740646362302869e+03 5.474035455797886392e-17
7.829494897365568249e+03 5.608230290061344157e-17
7.834249148368833630e+03 5.725043412677102640e-17
7.839003399372099011e+03 5.132432031253902384e-17
7.843757650375364392e+03 4.849229543189632256e-17
7.848511901378629773e+03 5.157769896905381706e-17
7.853266152381895154e+03 5.131265706590202615e-17
7.858020403385160535e+03 5.990848307225912469e-17
7.862774654388425915e+03 6.094670723757648163e-17
7.867528905391691296e+03 5.362979179373251960e-17
7.872283156394956677e+03 4.842014543014699728e-17
7.877037407398222058e+03 4.586451137066031446e-17
7.881791658401487439e+03 5.336950783346413370e-17
7.886545909404752820e+03 5.001291147811990398e-17
7.891300160408018201e+03 4.748490194237004207e-17
7.896054411411283581e+03 6.206998542219899109e-17
7.900808662414548962e+03 6.524670308153743942e-17
7.905562913417814343e+03 5.615803294005389636e-17
7.910317164421079724e+03 5.937063700308734524e-17
7.915071415424345105e+03 6.140526969939627848e-17
7.919825666427610486e+03 5.860124653684972229e-17
7.924579917430875867e+03 6.815167536603996710e-17
7.929334168434141247e+03 7.787644078113188802e-17
7.934088419437406628e+03 7.723685811406098660e-17
7.938842670440672009e+03 7.337984726662422704e-17
7.943596921443937390e+03 7.400195326171310809e-17
7.948351172447202771e+03 7.245025507679223411e-17
7.953105423450468152e+03 6.973827395536567842e-17
7.957859674453733533e+03 7.191308398700029794e-17
7.962613925456998913e+03 7.070960898762954734e-17
7.967368176460264294e+03 6.972824190889663530e-17
7.972122427463529675e+03 7.388890745047916112e-17
7.976876678466795056e+03 8.160677388083982671e-17
7.981630929470060437e+03 8.592801172293114626e-17
7.986385180473325818e+03 7.730383989134308057e-17
7.991139431476591199e+03 8.183261404040150454e-17
7.995893682479856579e+03 7.111044086013804328e-17
8.000647933483121960e+03 6.422074765906546898e-17
8.005402184486387341e+03 7.186913091797168026e-17
8.010156435489652722e+03 7.709233311743572160e-17
8.014910686492918103e+03 7.230640505954681239e-17
8.019664937496183484e+03 7.161395562516642186e-17
8.024419188499448865e+03 7.045692185410684844e-17
8.029173439502714245e+03 6.249180121248673224e-17
8.033927690505979626e+03 5.941270410031934202e-17
8.038681941509245007e+03 6.382317156944798176e-17
8.043436192512510388e+03 6.384875461143302180e-17
8.048190443515775769e+03 6.265944756159407946e-17
8.052944694519041150e+03 7.250314169643642449e-17
8.057698945522306531e+03 7.438837895667338050e-17
8.062453196525571911e+03 6.732313155983745204e-17
8.067207447528837292e+03 6.272512570223078986e-17
8.071961698532102673e+03 5.560784533614282574e-17
8.076715949535368054e+03 5.916364332660207560e-17
8.081470200538633435e+03 6.048797933963417418e-17
8.086224451541898816e+03 6.274120609333882072e-17
8.090978702545164197e+03 6.292204101013271341e-17
8.095732953548429577e+03 6.029993140789881908e-17
8.100487204551694958e+03 6.044339761334001620e-17
8.105241455554960339e+03 6.297029541834660684e-17
8.109995706558225720e+03 6.832294807495274680e-17
8.114749957561491101e+03 6.267874403092371649e-17
8.119504208564756482e+03 6.894709886051585894e-17
8.124258459568021863e+03 6.218295844153903340e-17
8.129012710571287244e+03 6.614401537514516300e-17
8.133766961574552624e+03 6.231437427981655801e-17
8.138521212577818005e+03 5.630092342778875657e-17
8.143275463581083386e+03 6.222021465632842177e-17
8.148029714584348767e+03 6.557703269607681571e-17
8.152783965587614148e+03 6.151955959027150520e-17
8.157538216590879529e+03 6.356573311048677828e-17
8.162292467594144910e+03 6.566930634776833105e-17
8.167046718597410290e+03 6.529161568007661861e-17
8.171800969600675671e+03 6.938684130903884930e-17
8.176555220603941052e+03 6.501360358491999622e-17
8.181309471607206433e+03 6.761150657370813876e-17
8.186063722610471814e+03 7.115851659733962524e-17
8.190817973613737195e+03 6.929411105364920468e-17
8.195572224617002576e+03 7.004836742339955744e-17
8.200326475620267956e+03 6.892925822906431524e-17
8.205080726623533337e+03 6.309537174440952505e-17
8.209834977626798718e+03 6.139614424287859347e-17
8.214589228630064099e+03 6.010222862405374504e-17
8.219343479633329480e+03 5.601361382254703815e-17
8.224097730636594861e+03 5.770222694245768927e-17
8.228851981639860242e+03 6.154262800319438404e-17
8.233606232643125622e+03 5.840367610190265674e-17
8.238360483646391003e+03 5.592888405804200642e-17
8.243114734649656384e+03 6.037572100434337769e-17
8.247868985652921765e+03 6.037572100434337769e-17
