4.199999999999995453e+03 6.724472145521232544e-18
4.204835062503810150e+03 1.881243425444396854e-18
4.209670125007624847e+03 2.732697694431823754e-17
4.214505187511439544e+03 2.960599767106412514e-18
4.219340250015254242e+03 3.072727159706241861e-17
4.224175312519068939e+03 4.084390886426766108e-17
4.229010375022883636e+03 3.265632957742998382e-17
4.233845437526698333e+03 -1.117104273966536173e-17
4.238680500030513031e+03 6.459083240102475633e-18
4.243515562534327728e+03 1.111574571571619183e-16
4.248350625038142425e+03 1.519020844955885148e-16
4.253185687541957122e+03 5.087946257910800556e-17
4.258020750045771820e+03 2.030355841669789058e-17
4.262855812549586517e+03 7.755635497129836843e-17
4.267690875053401214e+03 2.582723562803304433e-17
4.272525937557215912e+03 6.144597856606246318e-18
4.277361000061030609e+03 5.969824023032774675e-17
4.282196062564845306e+03 1.148015384800377277e-16
4.287031125068660003e+03 7.917108431889578312e-17
4.291866187572474701e+03 5.072942194215823697e-17
4.296701250076289398e+03 1.000522265613925006e-16
4.301536312580104095e+03 8.635374338623871344e-18
4.306371375083918792e+03 -4.803434177500736475e-17
4.311206437587733490e+03 7.218127744828591589e-18
4.316041500091548187e+03 3.774548550426858192e-17
4.320876562595362884e+03 5.558347328657456334e-17
4.325711625099177581e+03 2.527045704900115119e-17
4.330546687602992279e+03 -2.552339564543006621e-17
4.335381750106806976e+03 -1.463836549180593975e-17
4.340216812610621673e+03 1.398461322084200496e-17
4.345051875114436370e+03 5.035235993173206484e-17
4.349886937618251068e+03 4.324998536028230628e-17
4.354722000122065765e+03 1.023218447261154979e-17
4.359557062625880462e+03 -1.988948545053395205e-18
4.364392125129695160e+03 1.552713466404721565e-17
4.369227187633509857e+03 2.557284119372603599e-17
4.374062250137324554e+03 1.561950592305101225e-17
4.378897312641139251e+03 5.593409198717864028e-17
4.383732375144953949e+03 6.925569678600224208e-17
4.388567437648768646e+03 4.609661494182024381e-17
4.393402500152583343e+03 3.850711370763800726e-17
4.398237562656398040e+03 4.006883401286057372e-17
4.403072625160212738e+03 5.530284730068227338e-17
4.407907687664027435e+03 5.195094602249489464e-17
4.412742750167842132e+03 4.792142831267142626e-17
4.417577812671656829e+03 4.476874521321131870e-17
4.422412875175471527e+03 3.515025596322021077e-17
4.427247937679286224e+03 7.929351366699853164e-17
4.432083000183100921e+03 9.393572885737529318e-17
4.436918062686915619e+03 5.763934798101385832e-17
4.441753125190730316e+03 -6.473464602232322572e-18
4.446588187694545013e+03 -5.357317128080326486e-18
4.451423250198359710e+03 2.253070251132751505e-17
4.456258312702174408e+03 5.645078208500376349e-17
4.461093375205989105e+03 5.319089637815678354e-17
4.465928437709803802e+03 4.167026891365303615e-17
4.470763500213618499e+03 6.084983446167917145e-17
4.475598562717433197e+03 6.597600506656829244e-17
4.480433625221247894e+03 2.980953455976953568e-17
4.485268687725062591e+03 6.041961451636789155e-17
4.490103750228877288e+03 7.351613354434846388e-17
4.494938812732691986e+03 3.429803824788642806e-17
4.499773875236506683e+03 5.531852071892892815e-17
4.504608937740321380e+03 6.003226899656646017e-17
4.509444000244136078e+03 1.602779234723983608e-17
4.514279062747950775e+03 1.488156982678633073e-17
4.519114125251765472e+03 2.358253710644381951e-17
4.523949187755580169e+03 5.772918641298201755e-17
4.528784250259394867e+03 6.859594414687484763e-17
4.533619312763209564e+03 5.339607025729443653e-17
4.538454375267024261e+03 6.901610557593748272e-17
4.543289437770838958e+03 7.834843665609954604e-17
4.548124500274653656e+03 4.044677283473605207e-17
4.552959562778468353e+03 4.452342329586279196e-17
4.557794625282283050e+03 3.729804034988149777e-17
4.562629687786097747e+03 9.528339798112628756e-18
4.567464750289912445e+03 4.246481890540207199e-17
4.572299812793727142e+03 2.712263686323803801e-17
4.577134875297541839e+03 -2.964530529377264501e-18
4.581969937801356537e+03 5.512552459276928084e-18
4.586805000305171234e+03 3.055337507124662071e-17
4.591640062808985931e+03 4.324908538777584859e-17
4.596475125312800628e+03 2.740772466135443899e-17
4.601310187816615326e+03 1.468535100496017683e-17
4.606145250320430023e+03 6.598286570256880725e-18
4.610980312824244720e+03 3.322503899602703555e-18
4.615815375328059417e+03 1.848292396230132603e-17
4.620650437831874115e+03 3.544892441263350737e-17
4.625485500335688812e+03 6.391492906043726402e-17
4.630320562839504419e+03 7.378779289240067901e-17
4.635155625343319116e+03 5.114097407540542015e-17
4.639990687847133813e+03 3.125265040004179882e-17
4.644825750350948510e+03 4.621453780994580344e-17
4.649660812854763208e+03 8.072300749694327152e-17
4.654495875358577905e+03 4.389173854928054685e-17
4.659330937862392602e+03 4.703141506078887060e-17
4.664166000366207300e+03 5.996447327356161402e-17
4.669001062870021997e+03 5.276303886067495509e-17
4.673836125373836694e+03 6.012771240436527872e-17
4.678671187877651391e+03 5.778419061499434368e-17
4.683506250381466089e+03 6.352827175490547676e-17
4.688341312885280786e+03 8.560140111242580839e-17
4.693176375389095483e+03 8.078879151669838871e-17
4.698011437892910180e+03 7.725021211787004268e-17
4.702846500396724878e+03 7.585982076984190952e-17
4.707681562900539575e+03 7.376236205164834873e-17
4.712516625404354272e+03 5.872656770837395620e-17
4.717351687908168969e+03 8.828466252298452295e-17
4.722186750411983667e+03 9.884566121525325188e-17
4.727021812915798364e+03 8.700457736400156114e-17
4.731856875419613061e+03 7.191056274049323631e-17
4.736691937923427759e+03 8.974172462838443014e-17
4.741527000427242456e+03 9.264485726320463989e-17
4.746362062931057153e+03 6.508990934206678792e-17
4.751197125434871850e+03 6.804479039600831508e-17
4.756032187938686548e+03 8.674250669361006070e-17
4.760867250442501245e+03 9.997262531668529763e-17
4.765702312946315942e+03 8.762198497321114100e-17
4.770537375450130639e+03 9.604437105745057090e-17
4.775372437953945337e+03 7.630932394959302561e-17
4.780207500457760034e+03 6.974037168539911290e-17
4.785042562961574731e+03 7.686905390905050795e-17
4.789877625465389428e+03 9.193559951877717184e-17
4.794712687969204126e+03 9.196572874540880332e-17
4.799547750473018823e+03 8.868061733860140624e-17
4.804382812976833520e+03 8.169666525236718934e-17
4.809217875480648217e+03 5.537129153328736110e-17
4.814052937984462915e+03 4.577191346416867833e-17
4.818888000488277612e+03 3.888347757762718464e-17
4.823723062992092309e+03 5.059682158124353642e-17
4.828558125495907007e+03 1.481752784940125022e-17
4.833393187999721704e+03 -1.057411198651953208e-17
4.838228250503536401e+03 3.862334250986905828e-17
4.843063313007351098e+03 3.010817984812568079e-17
4.847898375511165796e+03 5.256142185817128012e-17
4.852733438014980493e+03 3.386902267754702536e-17
4.857568500518795190e+03 2.560904192605380669e-17
4.862403563022609887e+03 4.010848243398146544e-17
4.867238625526424585e+03 3.166371284236635061e-17
4.872073688030239282e+03 2.767001536178887854e-17
4.876908750534053979e+03 1.905764408881949434e-17
4.881743813037868676e+03 3.365167931723749223e-17
4.886578875541683374e+03 4.273709036710757637e-17
4.891413938045498071e+03 5.850284513118041412e-17
4.896249000549312768e+03 3.229885189518661717e-17
4.901084063053127466e+03 1.321890370833024299e-17
4.905919125556942163e+03 4.899005963730623250e-17
4.910754188060756860e+03 6.128236389526069941e-17
4.915589250564571557e+03 5.612388030692280695e-17
4.920424313068386255e+03 4.900107437434298861e-17
4.925259375572200952e+03 5.618411229040646822e-17
4.930094438076015649e+03 6.418296866612894711e-17
4.934929500579830346e+03 7.230779472297590147e-17
4.939764563083645044e+03 7.204228298123618044e-17
4.944599625587459741e+03 6.836752980124690478e-17
4.949434688091274438e+03 6.606308402401297477e-17
4.954269750595089135e+03 4.176408112128390012e-17
4.959104813098903833e+03 4.348800492718321489e-17
4.963939875602718530e+03 7.142380334595273186e-17
4.968774938106533227e+03 6.755257160942496064e-17
4.973610000610347925e+03 5.504991532169825879e-17
4.978445063114162622e+03 5.002035279491043101e-17
4.983280125617977319e+03 5.838539871908768504e-17
4.988115188121792016e+03 3.837093661775462742e-17
4.992950250625606714e+03 7.197796141680405701e-17
4.997785313129421411e+03 1.098227251381912533e-16
5.002620375633236108e+03 9.569990658060388848e-17
5.007455438137050805e+03 7.287586928045281876e-17
5.012290500640865503e+03 8.667252721378807456e-17
5.017125563144680200e+03 9.889016353220860477e-17
5.021960625648494897e+03 8.952860981536626809e-17
5.026795688152309594e+03 8.968793803623378207e-17
5.031630750656124292e+03 6.574755763371584747e-17
5.036465813159938989e+03 5.906626100744743276e-17
5.041300875663753686e+03 6.343865831606393195e-17
5.046135938167568384e+03 7.746874000081675174e-17
5.050971000671383081e+03 9.376608403990801784e-17
5.055806063175197778e+03 6.748868679635626521e-17
5.060641125679012475e+03 5.335825155968851210e-17
5.065476188182827173e+03 6.300481862839212000e-17
5.070311250686641870e+03 5.900983405478151542e-17
5.075146313190456567e+03 4.804170699118153690e-17
5.079981375694271264e+03 6.746589631611920419e-17
5.084816438198085962e+03 9.452884382635541572e-17
5.089651500701900659e+03 8.985802622250938583e-17
5.094486563205715356e+03 8.385096120481049377e-17
5.099321625709530053e+03 8.175869056341886557e-17
5.104156688213344751e+03 8.415384165790291038e-17
5.108991750717159448e+03 9.669994808884579767e-17
5.113826813220974145e+03 9.439144581788790761e-17
5.118661875724788842e+03 8.653033817521265931e-17
5.123496938228603540e+03 5.663280152443483212e-17
5.128332000732418237e+03 6.522278101822240586e-17
5.133167063236232934e+03 7.814292528727197142e-17
5.138002125740047632e+03 7.564013483403762622e-17
5.142837188243862329e+03 7.251332594413817736e-17
5.147672250747677026e+03 7.068581927321252226e-17
5.152507313251491723e+03 5.141538958925866197e-17
5.157342375755306421e+03 5.674491427593781928e-17
5.162177438259121118e+03 7.853047594786531594e-17
5.167012500762935815e+03 7.855701190191601707e-17
5.171847563266750512e+03 5.527973918308999200e-17
5.176682625770565210e+03 5.868195289485529610e-17
5.181517688274379907e+03 6.860923859367979989e-17
5.186352750778194604e+03 6.694561294571315063e-17
5.191187813282009301e+03 4.537524727322499944e-17
5.196022875785823999e+03 4.561827293719307897e-17
5.200857938289638696e+03 5.999169744188195927e-17
5.205693000793453393e+03 5.313958801912134434e-17
5.210528063297268091e+03 1.865427938927536103e-17
5.215363125801082788e+03 1.532482779291267146e-17
5.220198188304897485e+03 5.098355829611412877e-17
5.225033250808712182e+03 5.881043720504193278e-17
5.229868313312526880e+03 3.845860121907299729e-17
5.234703375816341577e+03 3.834155185367429366e-17
5.239538438320156274e+03 5.544396762190627011e-17
5.244373500823970971e+03 5.575819368428046405e-17
5.249208563327785669e+03 5.117814095468865279e-17
5.254043625831600366e+03 5.589195209805273884e-17
5.258878688335415063e+03 5.802119440410303717e-17
5.263713750839229760e+03 7.673567930708245777e-17
5.268548813343044458e+03 7.258178341163306594e-17
5.273383875846859155e+03 5.084148175410202074e-17
5.278218938350673852e+03 4.337644473232941315e-17
5.283054000854488550e+03 4.495994966616417615e-17
5.287889063358303247e+03 6.191885621556310272e-17
5.292724125862117944e+03 6.881922335526006128e-17
5.297559188365932641e+03 6.087999015809040463e-17
5.302394250869747339e+03 7.430602485488760106e-17
5.307229313373562036e+03 8.344740294500302305e-17
5.312064375877376733e+03 7.384903734495410518e-17
5.316899438381191430e+03 6.644781565307873858e-17
5.321734500885006128e+03 6.311849309689160728e-17
5.326569563388820825e+03 6.523446080847165461e-17
5.331404625892635522e+03 6.363412440353266261e-17
5.336239688396450219e+03 6.938532591415665215e-17
5.341074750900264917e+03 7.954994627433487064e-17
5.345909813404079614e+03 6.610011524567574871e-17
5.350744875907894311e+03 6.273851279326434806e-17
5.355579938411709009e+03 7.127049038249970350e-17
5.360415000915523706e+03 6.363393911507545073e-17
5.365250063419338403e+03 6.767096431613845039e-17
5.370085125923153100e+03 7.727236070595176255e-17
5.374920188426967798e+03 7.396478307370742524e-17
5.379755250930782495e+03 5.924804221886208612e-17
5.384590313434597192e+03 4.728981966670553602e-17
5.389425375938411889e+03 5.916196249559736785e-17
5.394260438442226587e+03 7.015408110568383438e-17
5.399095500946041284e+03 7.228850487109116487e-17
5.403930563449855981e+03 7.270651563056116208e-17
5.408765625953670678e+03 6.790118522422420905e-17
5.413600688457485376e+03 7.912038145606873274e-17
5.418435750961300073e+03 7.889838603199420138e-17
5.423270813465114770e+03 7.493885772816006978e-17
5.428105875968929467e+03 6.709815828555772978e-17
5.432940938472744165e+03 7.224120999238783296e-17
5.437776000976558862e+03 7.214540262511949108e-17
5.442611063480373559e+03 6.857282279439276540e-17
5.447446125984188257e+03 8.985334768896478591e-17
5.452281188488002954e+03 6.966179614465147570e-17
5.457116250991817651e+03 6.406213412224720082e-17
5.461951313495632348e+03 7.326690733450868685e-17
5.466786375999447046e+03 8.002165759917181042e-17
5.471621438503261743e+03 8.378323165625465186e-17
5.476456501007076440e+03 6.073306302896628564e-17
5.481291563510891137e+03 5.984189172422615575e-17
5.486126626014705835e+03 7.897979383915922015e-17
5.490961688518520532e+03 8.214728678030647712e-17
5.495796751022335229e+03 5.001313977996896861e-17
5.500631813526149926e+03 3.607278733934345105e-17
5.505466876029964624e+03 6.807850627777597649e-17
5.510301938533779321e+03 8.466689877847770069e-17
5.515137001037594018e+03 7.458340829277868315e-17
5.519972063541408716e+03 6.886002652051607703e-17
5.524807126045223413e+03 6.998546199217612479e-17
5.529642188549038110e+03 7.213862636154145668e-17
5.534477251052852807e+03 6.656800830480514371e-17
5.539312313556667505e+03 5.821184960912915941e-17
5.544147376060482202e+03 5.863248087677972462e-17
5.548982438564296899e+03 5.700569454457373700e-17
5.553817501068111596e+03 5.014984626544438239e-17
5.558652563571926294e+03 5.938195945131197109e-17
5.563487626075740991e+03 7.301563633419467874e-17
5.568322688579555688e+03 6.260423160134493976e-17
5.573157751083370385e+03 6.369751952567872665e-17
5.577992813587185083e+03 7.839432863648398801e-17
5.582827876090999780e+03 7.019970838827225938e-17
5.587662938594814477e+03 5.626614875483702729e-17
5.592498001098629175e+03 6.129878177605865191e-17
5.597333063602443872e+03 6.288450024521260681e-17
5.602168126106258569e+03 5.095872633412528688e-17
5.607003188610073266e+03 6.325566611223250096e-17
5.611838251113887964e+03 7.137691213138832582e-17
5.616673313617702661e+03 6.590039414113604528e-17
5.621508376121517358e+03 6.215776582880311839e-17
5.626343438625332055e+03 7.011366836967694366e-17
5.631178501129146753e+03 7.998228380201428630e-17
5.636013563632961450e+03 6.328428656142683572e-17
5.640848626136776147e+03 6.136489666805879030e-17
5.645683688640590844e+03 5.774923065358540252e-17
5.650518751144405542e+03 6.776016747339616889e-17
5.655353813648220239e+03 8.319557607931737930e-17
5.660188876152034936e+03 6.793189678600707786e-17
5.665023938655849634e+03 5.674077175543015372e-17
5.669859001159664331e+03 6.878386634715709467e-17
5.674694063663479028e+03 6.976411507770183501e-17
5.679529126167293725e+03 6.519890527702167527e-17
5.684364188671108423e+03 6.918647169489890430e-17
5.689199251174923120e+03 5.784886290400618959e-17
5.694034313678737817e+03 5.346435567122191407e-17
5.698869376182552514e+03 5.523767870330289565e-17
5.703704438686367212e+03 6.140661304071106459e-17
5.708539501190181909e+03 7.522262700038006124e-17
5.713374563693996606e+03 9.064137949748690389e-17
5.718209626197811303e+03 4.784968197506102685e-17
5.723044688701626001e+03 3.881640977356138516e-17
5.727879751205440698e+03 6.335904383646692815e-17
5.732714813709255395e+03 6.321739742837334769e-17
5.737549876213070092e+03 5.370044956165679923e-17
5.742384938716884790e+03 4.619531413251007107e-17
5.747220001220699487e+03 5.844982616263821526e-17
5.752055063724514184e+03 6.779512743480511005e-17
5.756890126228328882e+03 5.752535587515915068e-17
5.761725188732143579e+03 5.242353415878114062e-17
5.766560251235958276e+03 4.463160197637247692e-17
5.771395313739772973e+03 4.463652866410084275e-17
5.776230376243587671e+03 5.297786428319987680e-17
5.781065438747402368e+03 7.190806134632087595e-17
5.785900501251217065e+03 6.659799194764896586e-17
5.790735563755031762e+03 5.701032675600403395e-17
5.795570626258846460e+03 6.651063505751846571e-17
5.800405688762661157e+03 5.778828681338770627e-17
5.805240751266475854e+03 5.775328714730936256e-17
5.810075813770290551e+03 7.285973594978558451e-17
5.814910876274105249e+03 6.530121759262713416e-17
5.819745938777919946e+03 5.762899829718959484e-17
5.824581001281734643e+03 9.116194741802367569e-17
5.829416063785549341e+03 6.523982755628589866e-17
5.834251126289364038e+03 4.816571459989303660e-17
5.839086188793178735e+03 4.514294186999560715e-17
5.843921251296993432e+03 3.794096482662711342e-17
5.848756313800808130e+03 3.232956014824703577e-17
5.853591376304622827e+03 5.407022245652515408e-17
5.858426438808437524e+03 5.894732567025210822e-17
5.863261501312252221e+03 4.431848764474155425e-17
5.868096563816066919e+03 4.146191204351827911e-17
5.872931626319881616e+03 4.345834884786196374e-17
5.877766688823696313e+03 4.904469326240413487e-17
5.882601751327511010e+03 3.976521571466175981e-17
5.887436813831325708e+03 4.243964945372330846e-17
5.892271876335140405e+03 3.573507596501765155e-17
5.897106938838955102e+03 3.578698982026147957e-17
5.901942001342769800e+03 6.465374031379002664e-17
5.906777063846584497e+03 6.243295889243216006e-17
5.911612126350399194e+03 4.526568223800867560e-17
5.916447188854213891e+03 4.002401405855000047e-17
5.921282251358028589e+03 3.426065961036638184e-17
5.926117313861843286e+03 5.884199579977205589e-17
5.930952376365657983e+03 7.376778173902179617e-17
5.935787438869472680e+03 6.110086061653186387e-17
5.940622501373287378e+03 5.241518956076170568e-17
5.945457563877102075e+03 4.408602342283455178e-17
5.950292626380916772e+03 4.613262045952345200e-17
5.955127688884731469e+03 2.785977059430854309e-17
5.959962751388546167e+03 1.483001662228957584e-17
5.964797813892360864e+03 3.142765534787841778e-17
5.969632876396175561e+03 4.076755016756166599e-17
5.974467938899990259e+03 5.029872223209167631e-17
5.979303001403804956e+03 6.970535878443096835e-17
5.984138063907619653e+03 6.701776294746247592e-17
5.988973126411434350e+03 5.154046260659912997e-17
5.993808188915249048e+03 5.111106653317795288e-17
5.998643251419063745e+03 7.520769804468470420e-17
6.003478313922878442e+03 8.829928045876956006e-17
6.008313376426693139e+03 6.382795598211098848e-17
6.013148438930507837e+03 4.342476531499231082e-17
6.017983501434322534e+03 4.765502983331504838e-17
6.022818563938137231e+03 5.444865427804571403e-17
6.027653626441951928e+03 5.899037876677426821e-17
6.032488688945766626e+03 6.512055472940065249e-17
6.037323751449581323e+03 7.215612288585817832e-17
6.042158813953396020e+03 7.198449283492077571e-17
6.046993876457210717e+03 7.024605035490993020e-17
6.051828938961025415e+03 4.960141559315437440e-17
6.056664001464840112e+03 5.820821001443392609e-17
6.061499063968654809e+03 6.926420020269928720e-17
6.066334126472469507e+03 5.806165346222423086e-17
6.071169188976284204e+03 4.267124348162590515e-17
6.076004251480098901e+03 5.591722412012745894e-17
6.080839313983913598e+03 6.523306452759766510e-17
6.085674376487728296e+03 6.715729839063282105e-17
6.090509438991542993e+03 6.633521321065312002e-17
6.095344501495357690e+03 6.366625871596912263e-17
6.100179563999172387e+03 6.106220812086848599e-17
6.105014626502987085e+03 4.906504521419538956e-17
6.109849689006801782e+03 5.677416338239769434e-17
6.114684751510616479e+03 7.444507060713531480e-17
6.119519814014431176e+03 5.953851496276620732e-17
6.124354876518245874e+03 5.593002887600977981e-17
6.129189939022060571e+03 5.493556256509647803e-17
6.134025001525875268e+03 4.938882686700579608e-17
6.138860064029689966e+03 5.793896603377036579e-17
6.143695126533504663e+03 6.484157648728856816e-17
6.148530189037319360e+03 6.422210423527005595e-17
6.153365251541134057e+03 7.772605272832484717e-17
6.158200314044948755e+03 6.077271475880962758e-17
6.163035376548763452e+03 5.199521342015628246e-17
6.167870439052578149e+03 6.067513391630797201e-17
6.172705501556392846e+03 4.931304057928368768e-17
6.177540564060207544e+03 3.618939995337872668e-17
6.182375626564022241e+03 3.681176402881872428e-17
6.187210689067836938e+03 5.665959555883664980e-17
6.192045751571651635e+03 6.738636786330590590e-17
6.196880814075466333e+03 5.707564093717122102e-17
6.201715876579281030e+03 4.902470527008240351e-17
6.206550939083095727e+03 4.276700452677994406e-17
6.211386001586910425e+03 5.518484502321790866e-17
6.216221064090725122e+03 5.410581107519963555e-17
6.221056126594539819e+03 4.950790447926647973e-17
6.225891189098354516e+03 4.491309484754672245e-17
6.230726251602169214e+03 5.267988404805622432e-17
6.235561314105983911e+03 4.626628292034467064e-17
6.240396376609798608e+03 5.365729058601623246e-17
6.245231439113613305e+03 5.003129804877573267e-17
6.250066501617428003e+03 5.239823897564926903e-17
6.254901564121242700e+03 4.554947798000826876e-17
6.259736626625057397e+03 4.976608409205653073e-17
6.264571689128872094e+03 5.208503861723464085e-17
6.269406751632686792e+03 4.293926654370533718e-17
6.274241814136501489e+03 4.189454073877331344e-17
6.279076876640316186e+03 6.000577936463006201e-17
6.283911939144130884e+03 7.984002858898986681e-17
6.288747001647945581e+03 7.405683173227232616e-17
6.293582064151760278e+03 5.950209254603427240e-17
6.298417126655574975e+03 4.859585182714306120e-17
6.303252189159389673e+03 4.312351606206784877e-17
6.308087251663204370e+03 4.182969639619405649e-17
6.312922314167019067e+03 5.232808744225987186e-17
6.317757376670833764e+03 5.882981970115527533e-17
6.322592439174648462e+03 5.172846752494263231e-17
6.327427501678463159e+03 5.549445541777405671e-17
6.332262564182277856e+03 6.441818574511452605e-17
6.337097626686092553e+03 6.379826350684278499e-17
6.341932689189907251e+03 6.905313679760025666e-17
6.346767751693721948e+03 6.689033081101500668e-17
6.351602814197536645e+03 5.828039972085265392e-17
6.356437876701351342e+03 6.238132958731905028e-17
6.361272939205166040e+03 6.926672144920634883e-17
6.366108001708980737e+03 7.095415666392472444e-17
6.370943064212795434e+03 6.336109524438605966e-17
6.375778126716610132e+03 4.392790950310626564e-17
6.380613189220424829e+03 3.393625591773533545e-17
6.385448251724239526e+03 4.249850169994523127e-17
6.390283314228054223e+03 6.565553544493054824e-17
6.395118376731868921e+03 5.917065781819652527e-17
6.399953439235683618e+03 5.376704090968976817e-17
6.404788501739498315e+03 4.527271658193782655e-17
6.409623564243313012e+03 5.200437858134337001e-17
6.414458626747127710e+03 5.593953152688678899e-17
6.419293689250942407e+03 3.436811368065947035e-17
6.424128751754757104e+03 4.201142466804950646e-17
6.428963814258571801e+03 4.429056864470666446e-17
6.433798876762386499e+03 3.627094341816420415e-17
6.438633939266201196e+03 5.793345370216831242e-17
6.443469001770015893e+03 6.421912638506486505e-17
6.448304064273830591e+03 4.855110466472639262e-17
6.453139126777645288e+03 5.649234625642332802e-17
6.457974189281459985e+03 5.968687145998881794e-17
6.462809251785274682e+03 4.241715344978431632e-17
6.467644314289089380e+03 4.110480162946688601e-17
6.472479376792904077e+03 4.412174769912949194e-17
6.477314439296718774e+03 3.366591344121830473e-17
6.482149501800533471e+03 3.623887528017674838e-17
6.486984564304348169e+03 3.877600365499939486e-17
6.491819626808162866e+03 4.533027180895926622e-17
6.496654689311977563e+03 5.390248677191165113e-17
6.501489751815792260e+03 4.827630533906892619e-17
6.506324814319606958e+03 4.025923775498047984e-17
6.511159876823421655e+03 4.847182105737441002e-17
6.515994939327236352e+03 4.336591968621528843e-17
6.520830001831051050e+03 3.515381614857663900e-17
6.525665064334865747e+03 4.892476861719619692e-17
6.530500126838680444e+03 5.265171027639266820e-17
6.535335189342495141e+03 5.639131110768365101e-17
6.540170251846309839e+03 5.010693544398758153e-17
6.545005314350124536e+03 2.307305340611525828e-17
6.549840376853939233e+03 2.000561457750119044e-17
6.554675439357753930e+03 3.547504346765548177e-17
6.559510501861568628e+03 2.305347569537735322e-17
6.564345564365383325e+03 2.883947669437144864e-17
6.569180626869198022e+03 2.829828219808005454e-17
6.574015689373012719e+03 3.183480026282191843e-17
6.578850751876827417e+03 2.934286572794671916e-17
6.583685814380642114e+03 2.462930439312762413e-17
6.588520876884456811e+03 2.773869616804915643e-17
6.593355939388271509e+03 1.974520488577969648e-17
6.598191001892086206e+03 1.892722913908315889e-17
6.603026064395900903e+03 3.827930154949600301e-17
6.607861126899715600e+03 3.765919071404459986e-17
6.612696189403530298e+03 2.460288920744635574e-17
6.617531251907344995e+03 3.105179109497922243e-17
6.622366314411159692e+03 3.448587442138496958e-17
6.627201376914974389e+03 4.098353033422171172e-17
6.632036439418789087e+03 5.280396113993917847e-17
6.636871501922603784e+03 5.677479203966323464e-17
6.641706564426418481e+03 5.383496236414772238e-17
6.646541626930233178e+03 5.893387240476954578e-17
6.651376689434047876e+03 5.881111880186667648e-17
6.656211751937862573e+03 6.113996309844847059e-17
6.661046814441677270e+03 6.352813940600746828e-17
6.665881876945491967e+03 5.387074288872431614e-17
6.670716939449306665e+03 6.044951213242800818e-17
6.675552001953121362e+03 7.297149797670884918e-17
6.680387064456936059e+03 7.499468911078494894e-17
6.685222126960750757e+03 9.863009133017703245e-17
6.690057189464565454e+03 9.534466228601441501e-17
6.694892251968380151e+03 8.520277946651405414e-17
6.699727314472194848e+03 8.635056204960283449e-17
6.704562376976009546e+03 8.770258545209830801e-17
6.709397439479824243e+03 9.099025119263726884e-17
6.714232501983638940e+03 8.726286285591001893e-17
6.719067564487453637e+03 8.543462826604531716e-17
6.723902626991268335e+03 9.238539386610390659e-17
6.728737689495083032e+03 8.968985709525490509e-17
6.733572751998897729e+03 7.146661159701357614e-17
6.738407814502712426e+03 5.557634629841680645e-17
6.743242877006527124e+03 3.643683614437293896e-17
6.748077939510341821e+03 2.203338994653205907e-17
6.752913002014156518e+03 4.815234736119417967e-17
6.757748064517971216e+03 7.315397401983804709e-17
6.762583127021785913e+03 6.066497613838582083e-17
6.767418189525600610e+03 5.748777540556964153e-17
6.772253252029415307e+03 5.447707620389303606e-17
6.777088314533230005e+03 6.016104447432871552e-17
6.781923377037044702e+03 6.282791447386907929e-17
6.786758439540859399e+03 6.749429838963182495e-17
6.791593502044674096e+03 6.747629893950267107e-17
6.796428564548489703e+03 7.012601652186113525e-17
6.801263627052304400e+03 7.391349125828423710e-17
6.806098689556119098e+03 7.506119443203421236e-17
6.810933752059933795e+03 7.533783671609644694e-17
6.815768814563748492e+03 6.586664517214388176e-17
6.820603877067563189e+03 5.551378497432819586e-17
6.825438939571377887e+03 5.487876503551613694e-17
6.830274002075192584e+03 4.776221589708966970e-17
6.835109064579007281e+03 4.429858237048107819e-17
6.839944127082821979e+03 4.235409912605062413e-17
6.844779189586636676e+03 3.192852644366907689e-17
6.849614252090451373e+03 3.877125894700579069e-17
6.854449314594266070e+03 5.487316998585282826e-17
6.859284377098080768e+03 5.696119884506328454e-17
6.864119439601895465e+03 4.443813104854122417e-17
6.868954502105710162e+03 2.777779699560453805e-17
6.873789564609524859e+03 2.925280892029684594e-17
6.878624627113339557e+03 4.337750352351348103e-17
6.883459689617154254e+03 4.844844824198611167e-17
6.888294752120968951e+03 4.840235773825465697e-17
6.893129814624783648e+03 4.191658675645907673e-17
6.897964877128598346e+03 2.599207618050261169e-17
6.902799939632413043e+03 1.975003892927945637e-17
6.907635002136227740e+03 2.283442337992228554e-17
6.912470064640042438e+03 2.886604904436910210e-17
6.917305127143857135e+03 3.444111071535604994e-17
6.922140189647671832e+03 2.176171736359004308e-17
6.926975252151486529e+03 1.401804786120139834e-17
6.931810314655301227e+03 2.759052165056130747e-17
6.936645377159115924e+03 3.903935810970157760e-17
6.941480439662930621e+03 3.698664324520223518e-17
6.946315502166745318e+03 3.187839598982591320e-17
6.951150564670560016e+03 3.122851657848995169e-17
6.955985627174374713e+03 2.825585775882343486e-17
6.960820689678189410e+03 2.718420722495281007e-17
6.965655752182004107e+03 3.611044721827176530e-17
6.970490814685818805e+03 3.927499208771588327e-17
6.975325877189633502e+03 5.162281009094000898e-17
6.980160939693448199e+03 5.558516735246907194e-17
6.984996002197262897e+03 4.335847836942476139e-17
6.989831064701077594e+03 2.949841538777609091e-17
6.994666127204892291e+03 3.697921847202395920e-17
6.999501189708706988e+03 4.718817240431256977e-17
7.004336252212521686e+03 5.802036722349048414e-17
7.009171314716336383e+03 4.319621200302145906e-17
7.014006377220151080e+03 1.198045633984136293e-17
7.018841439723965777e+03 1.189868953629049614e-17
7.023676502227780475e+03 2.832454352816738807e-17
7.028511564731595172e+03 3.710485066345851305e-17
7.033346627235409869e+03 5.380334090369104524e-17
7.038181689739224566e+03 6.018739513992220477e-17
7.043016752243039264e+03 4.385875389517438232e-17
7.047851814746853961e+03 3.014314311825707217e-17
7.052686877250668658e+03 3.375070938017234070e-17
7.057521939754483356e+03 3.932586369538789448e-17
7.062357002258298053e+03 2.990412762589864971e-17
7.067192064762112750e+03 3.912801863647746132e-17
7.072027127265927447e+03 5.604154605747172879e-17
7.076862189769742145e+03 4.983434965364930700e-17
7.081697252273556842e+03 3.117125251904413069e-17
7.086532314777371539e+03 3.207891780519856796e-17
7.091367377281186236e+03 2.540582019316177886e-17
7.096202439785000934e+03 7.820502173585632720e-18
7.101037502288815631e+03 2.800306474618232918e-17
7.105872564792630328e+03 3.829593449725321929e-17
7.110707627296445025e+03 3.511469712304778122e-17
7.115542689800259723e+03 3.990706726354725342e-17
7.120377752304074420e+03 4.369044580157699267e-17
7.125212814807889117e+03 4.152929748493929896e-17
7.130047877311703814e+03 3.116465161775595753e-17
7.134882939815518512e+03 2.479719889641873726e-17
7.139718002319333209e+03 2.609444639875094929e-17
7.144553064823147906e+03 2.130591603065494825e-17
7.149388127326962604e+03 3.064601599113010960e-17
7.154223189830777301e+03 3.151666659923402398e-17
7.159058252334591998e+03 2.087544958552112754e-17
7.163893314838406695e+03 3.207923544255378832e-17
7.168728377342221393e+03 3.218847291424754115e-17
7.173563439846036090e+03 3.321225450606972223e-17
7.178398502349850787e+03 3.890415378421856012e-17
7.183233564853665484e+03 2.641939272186383047e-17
7.188068627357480182e+03 1.625448284847121842e-17
7.192903689861294879e+03 7.622078088246412442e-18
7.197738752365109576e+03 2.557352775363445500e-17
7.202573814868924273e+03 3.277039116645614591e-17
7.207408877372738971e+03 2.859955130333921786e-17
7.212243939876553668e+03 3.026455668856760557e-17
7.217079002380368365e+03 2.482376132024904008e-17
7.221914064884183063e+03 9.194580692753607620e-18
7.226749127387997760e+03 -3.755414456651465322e-18
7.231584189891812457e+03 5.624730454650730363e-19
7.236419252395627154e+03 1.992596535631845940e-17
7.241254314899441852e+03 2.963156830533997688e-17
7.246089377403256549e+03 3.172165849863691530e-17
7.250924439907071246e+03 1.804277950400063490e-17
7.255759502410885943e+03 -1.997371518435869548e-18
7.260594564914700641e+03 2.899193931615477249e-17
7.265429627418515338e+03 5.020660739907777115e-17
7.270264689922330035e+03 4.398551436096445849e-17
7.275099752426144732e+03 3.455464952623507851e-17
7.279934814929959430e+03 3.011772551239454273e-17
7.284769877433774127e+03 3.165250289070503198e-17
7.289604939937588824e+03 2.771538787274863721e-17
7.294440002441403522e+03 2.498810721871230073e-17
7.299275064945218219e+03 2.785902944047969558e-17
7.304110127449032916e+03 2.009991978477713602e-17
7.308945189952847613e+03 1.564542480036474882e-17
7.313780252456662311e+03 1.171521591334255929e-17
7.318615314960477008e+03 2.379762557240353309e-17
7.323450377464291705e+03 4.251877424239768088e-17
7.328285439968106402e+03 5.208925723835866129e-17
7.333120502471921100e+03 3.400084548868592606e-17
7.337955564975735797e+03 1.631492162710801794e-17
7.342790627479550494e+03 1.703290943572037064e-17
7.347625689983365191e+03 1.092884342912922268e-17
7.352460752487179889e+03 1.019403738430244182e-18
7.357295814990994586e+03 2.333562844988526293e-19
7.362130877494809283e+03 1.089306538609446657e-17
7.366965939998623981e+03 3.249637931674182996e-17
7.371801002502438678e+03 4.903824456234867147e-17
7.376636065006253375e+03 5.547337554704375535e-17
7.381471127510068072e+03 4.574834543415581746e-17
7.386306190013882770e+03 3.500806692464479553e-17
7.391141252517697467e+03 3.717329489606360077e-17
7.395976315021512164e+03 4.044404975615952750e-17
7.400811377525326861e+03 3.872836136043879068e-17
7.405646440029141559e+03 2.827411198058125508e-17
7.410481502532956256e+03 1.517358774407470099e-17
7.415316565036770953e+03 2.494106545727641004e-17
7.420151627540585650e+03 3.125063538806961965e-17
7.424986690044400348e+03 1.644399323552956727e-17
7.429821752548215045e+03 9.649208256399489713e-18
7.434656815052029742e+03 1.420099705164097658e-17
7.439491877555844439e+03 1.763622685037572222e-17
7.444326940059659137e+03 1.872922360713389045e-17
7.449162002563473834e+03 1.526021506090492936e-17
7.453997065067288531e+03 8.660196374445362598e-18
7.458832127571103229e+03 1.367425670937333408e-17
7.463667190074917926e+03 2.120288241355534312e-17
7.468502252578732623e+03 3.772071640800629406e-17
7.473337315082547320e+03 3.853880465126613886e-17
7.478172377586362018e+03 4.066128392862820363e-17
7.483007440090176715e+03 4.581260413286138687e-17
7.487842502593991412e+03 4.933448771820596259e-17
7.492677565097806109e+03 5.613944453732860472e-17
7.497512627601620807e+03 5.263915367469411324e-17
7.502347690105435504e+03 4.778122781628858849e-17
7.507182752609250201e+03 5.673103749398162969e-17
7.512017815113064898e+03 5.546604010937163510e-17
7.516852877616879596e+03 4.648154509423302035e-17
7.521687940120694293e+03 3.551240556156327693e-17
7.526523002624508990e+03 2.648416592691040785e-17
7.531358065128323688e+03 2.798020478277381371e-17
7.536193127632138385e+03 1.042444192648418725e-17
7.541028190135953082e+03 9.736623049172868572e-18
7.545863252639767779e+03 1.360920474446032633e-17
7.550698315143582477e+03 1.580273635489885852e-17
7.555533377647397174e+03 1.279906984279017889e-17
7.560368440151211871e+03 1.040824821163223663e-17
7.565203502655026568e+03 1.075116834227528255e-17
7.570038565158841266e+03 6.673500448995102425e-18
7.574873627662655963e+03 8.424155423569680833e-18
7.579708690166470660e+03 5.489814918599070459e-18
7.584543752670285357e+03 4.197614872364657004e-18
7.589378815174100055e+03 -1.580620658436367161e-18
7.594213877677914752e+03 -2.781449817220290333e-18
7.599048940181729449e+03 6.007760676594049162e-18
7.603884002685544147e+03 6.689170972109613258e-18
7.608719065189358844e+03 1.175722676229290245e-17
7.613554127693173541e+03 1.221612423226078328e-17
7.618389190196988238e+03 2.027445117171306837e-18
7.623224252700802936e+03 3.822229970630436132e-18
7.628059315204617633e+03 1.110499567647545269e-17
7.632894377708432330e+03 1.268383448447480406e-17
7.637729440212247027e+03 1.500988539212800660e-17
7.642564502716061725e+03 1.175966280919687112e-17
7.647399565219876422e+03 1.345473538251094883e-17
7.652234627723691119e+03 2.305867700706908666e-17
7.657069690227505816e+03 1.097623095206116053e-17
7.661904752731320514e+03 -5.350852711593224575e-18
7.666739815235135211e+03 -1.115731712496611621e-18
7.671574877738949908e+03 1.092847367939541147e-17
7.676409940242764606e+03 1.557233181271711308e-17
7.681245002746579303e+03 -3.674254555516028693e-17
7.686080065250394000e+03 -1.772562952359718852e-16
7.690915127754208697e+03 -1.393364698370791769e-16
7.695750190258023395e+03 5.899352039874074461e-18
7.700585252761838092e+03 4.981053346945268022e-17
7.705420315265652789e+03 5.744695238797892451e-17
7.710255377769467486e+03 4.355000707717773963e-17
7.715090440273282184e+03 2.272015499574298519e-17
7.719925502777096881e+03 3.038582798381277985e-17
7.724760565280911578e+03 6.266605177160470283e-17
7.729595627784726275e+03 7.140909938338398924e-17
7.734430690288540973e+03 4.372310950960548663e-17
7.739265752792355670e+03 2.769885418666492730e-17
7.744100815296170367e+03 4.803939915727251396e-18
7.748935877799985064e+03 -1.005015924291619329e-17
7.753770940303799762e+03 -7.313342850778345499e-18
7.758606002807614459e+03 -1.575027325172829529e-17
7.763441065311429156e+03 -1.076070159883495619e-17
7.768276127815243854e+03 4.912255494628313881e-18
7.773111190319058551e+03 -1.109689426955610833e-17
7.777946252822873248e+03 -2.469018984929520228e-17
7.782781315326687945e+03 4.263769882624504222e-18
7.787616377830502643e+03 5.286638018896242994e-17
7.792451440334317340e+03 9.256565968263636280e-17
7.797286502838132037e+03 8.602896746233201818e-17
7.802121565341946734e+03 7.305841149803102091e-17
7.806956627845761432e+03 6.181267269469089567e-17
7.811791690349576129e+03 3.773637659136314798e-17
7.816626752853390826e+03 3.654355898700453059e-17
7.821461815357205523e+03 6.777475232195670387e-17
7.826296877861020221e+03 5.145187818043960113e-17
7.831131940364834918e+03 -1.076938616808615043e-17
7.835967002868649615e+03 -3.297781166813749292e-17
7.840802065372464313e+03 -2.622567860293248713e-17
7.845637127876279010e+03 -1.244163083124044910e-18
7.850472190380093707e+03 3.584060105012226640e-17
7.855307252883908404e+03 2.199398967959493326e-17
7.860142315387723102e+03 -1.827581323975938013e-18
7.864977377891537799e+03 -1.094032056012839594e-17
7.869812440395352496e+03 9.595605298344828414e-19
7.874647502899167193e+03 1.646738590325256689e-17
7.879482565402981891e+03 3.206797916877816672e-17
7.884317627906796588e+03 1.014576792140139993e-16
7.889152690410611285e+03 1.955517304406319420e-16
7.893987752914425982e+03 1.947113017033882650e-16
7.898822815418240680e+03 1.001611563218983837e-16
7.903657877922055377e+03 1.854643819845559771e-17
7.908492940425870074e+03 -2.212611461845256895e-19
7.913328002929684772e+03 1.003995597006035169e-17
7.918163065433499469e+03 3.549945522189314672e-17
7.922998127937314166e+03 6.028839720143737966e-17
7.927833190441128863e+03 4.198852169124913823e-17
7.932668252944943561e+03 3.814048740781980412e-17
7.937503315448758258e+03 6.384641203593827163e-17
7.942338377952572955e+03 3.009961025697963143e-17
7.947173440456387652e+03 3.657993177289971232e-17
7.952008502960202350e+03 4.311936030667038236e-17
7.956843565464017047e+03 8.528856140475825332e-17
7.961678627967831744e+03 1.021727735448436415e-16
7.966513690471646441e+03 1.026539809031126900e-16
7.971348752975461139e+03 9.803366763874669780e-17
7.976183815479275836e+03 6.893273900508193838e-17
7.981018877983090533e+03 3.870324484831923055e-17
7.985853940486905231e+03 1.093508285248971017e-17
7.990689002990719928e+03 8.005292668068753997e-18
7.995524065494534625e+03 3.289566270714362663e-17
8.000359127998349322e+03 4.075294215794397952e-17
8.005194190502164020e+03 4.973984592302634869e-17
8.010029253005978717e+03 5.160260041421411341e-17
8.014864315509793414e+03 5.305535125426139422e-17
8.019699378013608111e+03 4.862293041167559712e-17
8.024534440517422809e+03 4.422663089207876563e-17
8.029369503021237506e+03 2.197567424647178412e-17
8.034204565525053113e+03 8.518026361024036072e-18
8.039039628028867810e+03 1.792891437036995415e-18
8.043874690532682507e+03 1.587499885321149102e-17
8.048709753036497204e+03 2.515169541973446280e-17
8.053544815540311902e+03 2.456356007804190949e-17
8.058379878044126599e+03 2.123646429206377094e-17
8.063214940547941296e+03 2.073370391575404071e-17
8.068050003051755994e+03 7.430851301417016057e-18
8.072885065555570691e+03 -8.849638105512869549e-18
8.077720128059385388e+03 7.848137450670416822e-18
8.082555190563200085e+03 1.051203373590865246e-17
8.087390253067014783e+03 6.321964818682010448e-18
8.092225315570829480e+03 1.211468541938218039e-17
8.097060378074644177e+03 1.014657293357353653e-17
8.101895440578458874e+03 -1.172167350558960763e-18
8.106730503082273572e+03 9.826134744799069356e-18
8.111565565586088269e+03 4.378847993905432730e-17
8.116400628089902966e+03 6.466974129555925241e-17
8.121235690593717663e+03 4.986556414124460805e-17
8.126070753097532361e+03 2.740762043659725731e-17
8.130905815601347058e+03 2.142701692669393660e-17
8.135740878105161755e+03 1.922320759714443304e-17
8.140575940608976452e+03 2.969798098236063437e-17
8.145411003112791150e+03 5.764544926521204945e-17
8.150246065616605847e+03 6.609736900604207266e-17
8.155081128120420544e+03 2.820616074762124896e-17
8.159916190624235242e+03 -2.887489987692341950e-17
8.164751253128049939e+03 -1.645677317599351155e-17
8.169586315631864636e+03 3.547389203224280796e-17
8.174421378135679333e+03 -7.975141934741196138e-18
