3.824002111475015226e+03 -1.951950104558296739e-16
3.828836648504281584e+03 -1.231455541643214336e-16
3.833671185533547941e+03 -2.512780942149413655e-16
3.838505722562814299e+03 -1.300988476283319851e-16
3.843340259592080656e+03 1.695021784424466957e-17
3.848174796621347014e+03 2.661356609147126325e-16
3.853009333650613371e+03 8.570831916968196253e-17
3.857843870679879728e+03 1.597244734681513810e-16
3.862678407709146086e+03 1.658318324807611026e-16
3.867512944738412443e+03 1.768841963092210312e-16
3.872347481767678801e+03 4.040119187426193003e-17
3.877182018796945158e+03 -9.739916716935932217e-17
3.882016555826211516e+03 6.359920414679312399e-17
3.886851092855477873e+03 2.511987378156954782e-17
3.891685629884744230e+03 -1.537679260248223274e-16
3.896520166914010588e+03 -1.590916637559360638e-17
3.901354703943276945e+03 8.724850961792099879e-17
3.906189240972543303e+03 -3.184110007036712229e-17
3.911023778001809660e+03 -4.700834747504660432e-18
3.915858315031076017e+03 7.412237090656612765e-17
3.920692852060342375e+03 1.059791013817880519e-16
3.925527389089608732e+03 1.182222016281854146e-16
3.930361926118875090e+03 1.263936872890252601e-16
3.935196463148141447e+03 4.208553508785058242e-18
3.940031000177407805e+03 -1.175711819483750487e-18
3.944865537206674162e+03 1.669691363398500612e-18
3.949700074235940519e+03 -1.850249174687188046e-17
3.954534611265206877e+03 -7.434965366911609795e-17
3.959369148294473234e+03 -9.151746964529896698e-17
3.964203685323739592e+03 6.362229902949560452e-17
3.969038222353005949e+03 1.710716709367048104e-16
3.973872759382272307e+03 1.574184395041413492e-16
3.978707296411538664e+03 1.430409816667856603e-16
3.983541833440805021e+03 1.838957232883553158e-16
3.988376370470071379e+03 9.988315084418666174e-17
3.993210907499337736e+03 1.054398127096279800e-16
3.998045444528604094e+03 -3.436828904294933159e-17
4.002879981557870451e+03 -1.000407701099086412e-17
4.007714518587136808e+03 7.236809949835346740e-17
4.012549055616403166e+03 6.327332807267173321e-17
4.017383592645669523e+03 7.362850437620256758e-17
4.022218129674935881e+03 1.751494993030238258e-16
4.027052666704202238e+03 1.435073659484777586e-16
4.031887203733468596e+03 1.284895776727774204e-16
4.036721740762734953e+03 2.963514172558620596e-17
4.041556277792001310e+03 1.617605950895629097e-16
4.046390814821267668e+03 2.516786613896538445e-16
4.051225351850534025e+03 5.505791581258287167e-17
4.056059888879800383e+03 6.301850350444619729e-17
4.060894425909066740e+03 9.868940348881953474e-17
4.065728962938333098e+03 1.747249372731024086e-16
4.070563499967599455e+03 1.710209680738777600e-16
4.075398036996865812e+03 -5.750846815577326807e-17
4.080232574026132170e+03 -3.432651311329295348e-17
4.085067111055398527e+03 1.596958066968427433e-16
4.089901648084664885e+03 9.008168924269882409e-17
4.094736185113931242e+03 1.429928199028003728e-16
4.099570722143197600e+03 7.665053926099359973e-17
4.104405259172463957e+03 -1.877729901346322739e-16
4.109239796201730314e+03 -7.873454471370459808e-17
4.114074333230996672e+03 1.811737432076842192e-16
4.118908870260263029e+03 1.751399966521468166e-16
4.123743407289529387e+03 1.256084348073613203e-16
4.128577944318795744e+03 1.796868430432282992e-16
4.133412481348062101e+03 8.407283751487681749e-17
4.138247018377328459e+03 -5.177142715005557380e-18
4.143081555406594816e+03 -2.767598264272783608e-17
4.147916092435861174e+03 2.894981927936357232e-17
4.152750629465127531e+03 7.059745653145715763e-17
4.157585166494393889e+03 8.640174136846271542e-17
4.162419703523660246e+03 9.552754033892131368e-18
4.167254240552926603e+03 -7.586150160084661727e-17
4.172088777582192961e+03 1.565498659465555554e-18
4.176923314611459318e+03 1.937826425732872319e-17
4.181757851640725676e+03 -3.971641205852113117e-17
4.186592388669992033e+03 4.149326880617893929e-17
4.191426925699258391e+03 1.495259717900829905e-16
4.196261462728524748e+03 2.070496468342374334e-16
4.201095999757791105e+03 1.496131632440909800e-16
4.205930536787057463e+03 1.060350254086415370e-16
4.210765073816323820e+03 3.581477316267591066e-17
4.215599610845590178e+03 6.154830577091894802e-17
4.220434147874856535e+03 9.592356298334842632e-17
4.225268684904122892e+03 8.109382263938344319e-17
4.230103221933389250e+03 1.005972128536118378e-16
4.234937758962655607e+03 4.790214507823159008e-17
4.239772295991921965e+03 2.824892929401269070e-17
4.244606833021188322e+03 1.125405957855791866e-16
4.249441370050454680e+03 1.049138780412769642e-16
4.254275907079721037e+03 5.783891026687595156e-17
4.259110444108987394e+03 4.562546940852229031e-17
4.263944981138253752e+03 2.113522234817095567e-17
4.268779518167520109e+03 2.580505064400437213e-17
4.273614055196786467e+03 6.567109967533634601e-17
4.278448592226052824e+03 6.616791096868059486e-17
4.283283129255319182e+03 8.518302639348628784e-17
4.288117666284585539e+03 8.396516506890201498e-17
4.292952203313851896e+03 5.693571506475175086e-17
4.297786740343118254e+03 1.018999627613787525e-16
4.302621277372384611e+03 6.513875932032171952e-17
4.307455814401650969e+03 3.782016336996986926e-17
4.312290351430917326e+03 1.161159086210497874e-16
4.317124888460183683e+03 1.387637829205066640e-16
4.321959425489450041e+03 7.390393566784802452e-17
4.326793962518716398e+03 7.387458729971464310e-17
4.331628499547982756e+03 1.328583750913680888e-16
4.336463036577249113e+03 1.239827271186741018e-16
4.341297573606515471e+03 1.019227863288403157e-16
4.346132110635781828e+03 8.433307515303090042e-17
4.350966647665048185e+03 5.758620328101855140e-17
4.355801184694314543e+03 1.056257430589951994e-16
4.360635721723580900e+03 6.926592073837339750e-17
4.365470258752847258e+03 6.721847005129234255e-17
4.370304795782113615e+03 7.101901424139378223e-17
4.375139332811379973e+03 1.310275266107677195e-16
4.379973869840646330e+03 6.621206917850112569e-17
4.384808406869912687e+03 3.937514049883890344e-17
4.389642943899179045e+03 7.460160626625484976e-17
4.394477480928445402e+03 7.763035124017491208e-17
4.399312017957711760e+03 1.014745007589508777e-16
4.404146554986978117e+03 1.132403641140194463e-16
4.408981092016244475e+03 1.391464697590981967e-16
4.413815629045510832e+03 1.382759184126677887e-16
4.418650166074777189e+03 1.046976794989352044e-16
4.423484703104043547e+03 1.501790474273058569e-16
4.428319240133309904e+03 1.293507984218982302e-16
4.433153777162576262e+03 1.120221851520799530e-16
4.437988314191842619e+03 1.438742503286470783e-16
4.442822851221108976e+03 9.208675519519266190e-17
4.447657388250375334e+03 8.089635146610988400e-17
4.452491925279641691e+03 7.730273477804470972e-17
4.457326462308908049e+03 6.346665672543762684e-17
4.462160999338174406e+03 7.263643688906566958e-17
4.466995536367440764e+03 1.059954464706920998e-16
4.471830073396707121e+03 1.267422545817102056e-16
4.476664610425973478e+03 1.298109226007145272e-16
4.481499147455239836e+03 9.366213059796725375e-17
4.486333684484506193e+03 9.966335902926397165e-17
4.491168221513772551e+03 6.457413906908282368e-17
4.496002758543038908e+03 7.158556016909870152e-17
4.500837295572305266e+03 9.444953374922383143e-17
4.505671832601571623e+03 1.027518132085205617e-16
4.510506369630837980e+03 1.400784839337637449e-16
4.515340906660104338e+03 1.590025631690743018e-16
4.520175443689370695e+03 1.421928766934574912e-16
4.525009980718637053e+03 9.687484054011910942e-17
4.529844517747903410e+03 1.397453220528069870e-16
4.534679054777169767e+03 1.408256066979114403e-16
4.539513591806436125e+03 1.215486058911714588e-16
4.544348128835702482e+03 1.451395322633877911e-16
4.549182665864968840e+03 1.055832722976242767e-16
4.554017202894235197e+03 1.022272483512639337e-16
4.558851739923501555e+03 9.830706737480772450e-17
4.563686276952767912e+03 8.528016386717961498e-17
4.568520813982034269e+03 1.261282880438488463e-16
4.573355351011300627e+03 9.390120564732978002e-17
4.578189888040566984e+03 1.023625287773633060e-16
4.583024425069833342e+03 1.299845775897914596e-16
4.587858962099099699e+03 1.433397857738194156e-16
4.592693499128366057e+03 1.553349369772427831e-16
4.597528036157632414e+03 1.556533948956307983e-16
4.602362573186898771e+03 1.077221760732291944e-16
4.607197110216165129e+03 1.230998673247289048e-16
4.612031647245431486e+03 1.114371897879926510e-16
4.616866184274697844e+03 9.561929948427182104e-17
4.621700721303964201e+03 1.187986737232409702e-16
4.626535258333230558e+03 1.551741065963828728e-16
4.631369795362497825e+03 1.655886943202297158e-16
4.636204332391764183e+03 1.385867000949713118e-16
4.641038869421030540e+03 8.720915567309817595e-17
4.645873406450296898e+03 6.655051178048842207e-17
4.650707943479563255e+03 9.891272901931905137e-17
4.655542480508829613e+03 1.316907137037984341e-16
4.660377017538095970e+03 1.367596235579641843e-16
4.665211554567362327e+03 1.376214928166852357e-16
4.670046091596628685e+03 1.351022580128733363e-16
4.674880628625895042e+03 1.467380951930934694e-16
4.679715165655161400e+03 1.306575320314952004e-16
4.684549702684427757e+03 1.067215257600564462e-16
4.689384239713694114e+03 9.766284587886162570e-17
4.694218776742960472e+03 1.229011983939283688e-16
4.699053313772226829e+03 1.478969686138353608e-16
4.703887850801493187e+03 1.435859547241151966e-16
4.708722387830759544e+03 1.011811361916252711e-16
4.713556924860025902e+03 1.150625305069104590e-16
4.718391461889292259e+03 1.113721270697316801e-16
4.723225998918558616e+03 7.389140884465152147e-17
4.728060535947824974e+03 9.447358154399197305e-17
4.732895072977091331e+03 1.273782307413103758e-16
4.737729610006357689e+03 9.537612161907103175e-17
4.742564147035624046e+03 8.811497800084784507e-17
4.747398684064890404e+03 1.055171904928486404e-16
4.752233221094156761e+03 1.363199605187799990e-16
4.757067758123423118e+03 1.025705216880285397e-16
4.761902295152689476e+03 1.064948187152128128e-16
4.766736832181955833e+03 9.499528766505161781e-17
4.771571369211222191e+03 9.718071207830651778e-17
4.776405906240488548e+03 1.232522406110060729e-16
4.781240443269754905e+03 1.407754464655662247e-16
4.786074980299021263e+03 1.339455418791689833e-16
4.790909517328287620e+03 1.157165590561989865e-16
4.795744054357553978e+03 9.650298645882957114e-17
4.800578591386820335e+03 1.016738909912455599e-16
4.805413128416086693e+03 1.044122095433758040e-16
4.810247665445353050e+03 1.165449043390544889e-16
4.815082202474619407e+03 1.353519342089663422e-16
4.819916739503885765e+03 1.144258264283712421e-16
4.824751276533152122e+03 1.140313870076365560e-16
4.829585813562418480e+03 1.081797922404282306e-16
4.834420350591684837e+03 1.130437598260278426e-16
4.839254887620951195e+03 1.442668633345892473e-16
4.844089424650217552e+03 1.559072400820110714e-16
4.848923961679483909e+03 1.428147444605299570e-16
4.853758498708750267e+03 1.471175394836837943e-16
4.858593035738016624e+03 1.445223099426354231e-16
4.863427572767282982e+03 1.462788974565632318e-16
4.868262109796549339e+03 1.568718120855867068e-16
4.873096646825815697e+03 1.621835027582592208e-16
4.877931183855082054e+03 1.875242668506049292e-16
4.882765720884348411e+03 1.591275402334637137e-16
4.887600257913614769e+03 1.221272882128237561e-16
4.892434794942881126e+03 1.308365206811618747e-16
4.897269331972147484e+03 1.598809098655974096e-16
4.902103869001413841e+03 1.671623227175505957e-16
4.906938406030680198e+03 1.684908144859801607e-16
4.911772943059946556e+03 1.710656887665148269e-16
4.916607480089212913e+03 1.582494317649570212e-16
4.921442017118479271e+03 1.859246848343845855e-16
4.926276554147745628e+03 1.712003273004588581e-16
4.931111091177011986e+03 1.741359979118544538e-16
4.935945628206278343e+03 1.613437490003953871e-16
4.940780165235544700e+03 1.338715191405128379e-16
4.945614702264811058e+03 1.714774658928886245e-16
4.950449239294077415e+03 1.891001054745225507e-16
4.955283776323343773e+03 1.707772211084155342e-16
4.960118313352610130e+03 1.689735835612457093e-16
4.964952850381876488e+03 1.939747271464118458e-16
4.969787387411142845e+03 2.116974357298299870e-16
4.974621924440409202e+03 1.918555962961693956e-16
4.979456461469675560e+03 1.779077562166390481e-16
4.984290998498941917e+03 1.719224758275523525e-16
4.989125535528208275e+03 1.541498584746952118e-16
4.993960072557474632e+03 1.755447328171465629e-16
4.998794609586740989e+03 1.757529308686037097e-16
5.003629146616007347e+03 1.504780500576866249e-16
5.008463683645273704e+03 1.378966461756448748e-16
5.013298220674540062e+03 1.550689421620253311e-16
5.018132757703806419e+03 1.800100522870548190e-16
5.022967294733072777e+03 1.809983544480433756e-16
5.027801831762339134e+03 1.656843561037102484e-16
5.032636368791605491e+03 1.756042765863605800e-16
5.037470905820871849e+03 1.633667151413448725e-16
5.042305442850138206e+03 1.644949630270876005e-16
5.047139979879404564e+03 1.735060833317830721e-16
5.051974516908670921e+03 1.611666000004110307e-16
5.056809053937937279e+03 1.483520502996375345e-16
5.061643590967203636e+03 1.386604713707212410e-16
5.066478127996469993e+03 1.589030897373311249e-16
5.071312665025736351e+03 1.810035689946249099e-16
5.076147202055002708e+03 1.753707734256042109e-16
5.080981739084269066e+03 1.630379075391325937e-16
5.085816276113535423e+03 1.554136581017782296e-16
5.090650813142801780e+03 1.851589802849564989e-16
5.095485350172068138e+03 1.747041717310048774e-16
5.100319887201334495e+03 1.568864498737064452e-16
5.105154424230600853e+03 1.750783617703442654e-16
5.109988961259867210e+03 1.739171590089974248e-16
5.114823498289133568e+03 1.496309774057629220e-16
5.119658035318399925e+03 1.496494400770351056e-16
5.124492572347666282e+03 1.605574112577677777e-16
5.129327109376932640e+03 1.713166752166981168e-16
5.134161646406198997e+03 1.591716256513903398e-16
5.138996183435465355e+03 1.599914609001038966e-16
5.143830720464731712e+03 1.506648472923357998e-16
5.148665257493998070e+03 1.416877009497591062e-16
5.153499794523264427e+03 1.528615478317010227e-16
5.158334331552530784e+03 1.520886435022212745e-16
5.163168868581797142e+03 1.446602439641398656e-16
5.168003405611063499e+03 1.622037918443239215e-16
5.172837942640329857e+03 1.582218105499426505e-16
5.177672479669596214e+03 1.492333880812556340e-16
5.182507016698862572e+03 1.587749230644997086e-16
5.187341553728128929e+03 1.609378746348727679e-16
5.192176090757395286e+03 1.464081493903583177e-16
5.197010627786661644e+03 1.472593777976794870e-16
5.201845164815928001e+03 1.614932767853653728e-16
5.206679701845194359e+03 1.837254034915081972e-16
5.211514238874460716e+03 1.841667738314766919e-16
5.216348775903727073e+03 1.943290516161601603e-16
5.221183312932993431e+03 1.604151494272984578e-16
5.226017849962259788e+03 1.515363647857216698e-16
5.230852386991526146e+03 1.716871727217830681e-16
5.235686924020792503e+03 1.784378003182732274e-16
5.240521461050058861e+03 1.549855094167207825e-16
5.245355998079325218e+03 1.548720731762377105e-16
5.250190535108591575e+03 1.719946324467465783e-16
5.255025072137857933e+03 1.836538159725754080e-16
5.259859609167124290e+03 1.681869546510424813e-16
5.264694146196390648e+03 1.546316878727849002e-16
5.269528683225657005e+03 1.632499437086319866e-16
5.274363220254923363e+03 1.763284235818140025e-16
5.279197757284189720e+03 1.702734482630360391e-16
5.284032294313456077e+03 1.605365927761110431e-16
5.288866831342722435e+03 1.570644459066380559e-16
5.293701368371988792e+03 1.615512191329134873e-16
5.298535905401255150e+03 1.660013978888895728e-16
5.303370442430521507e+03 1.627565602517461575e-16
5.308204979459787864e+03 1.655339018764542033e-16
5.313039516489054222e+03 1.712328718944791444e-16
5.317874053518320579e+03 1.637364979623805780e-16
5.322708590547586937e+03 1.717847800340643253e-16
5.327543127576853294e+03 1.595852424274464554e-16
5.332377664606119652e+03 1.591760990441430266e-16
5.337212201635386009e+03 1.565886119136281518e-16
5.342046738664652366e+03 1.332491616825177408e-16
5.346881275693918724e+03 1.465973553749512471e-16
5.351715812723185081e+03 1.520753159681918201e-16
5.356550349752451439e+03 1.428456611631047390e-16
5.361384886781717796e+03 1.517091727418513479e-16
5.366219423810984154e+03 1.504518979154401484e-16
5.371053960840250511e+03 1.439750869540397426e-16
5.375888497869516868e+03 1.523841124170252160e-16
5.380723034898783226e+03 1.711014759085363211e-16
5.385557571928049583e+03 1.638995385698372299e-16
5.390392108957315941e+03 1.424024114687845238e-16
5.395226645986582298e+03 1.585682337904798585e-16
5.400061183015848655e+03 1.668484837757030765e-16
5.404895720045115013e+03 1.611888213803866553e-16
5.409730257074381370e+03 1.259557447855151851e-16
5.414564794103647728e+03 1.292350196059204081e-16
5.419399331132914085e+03 1.546982726033729687e-16
5.424233868162180443e+03 1.482353053367042504e-16
5.429068405191446800e+03 1.618725754921678884e-16
5.433902942220713157e+03 1.658335397815454120e-16
5.438737479249979515e+03 1.542174490569081448e-16
5.443572016279245872e+03 1.411774033037077928e-16
5.448406553308512230e+03 1.501237785274975138e-16
5.453241090337778587e+03 1.446806786339923756e-16
5.458075627367044945e+03 9.341154119447798933e-17
5.462910164396311302e+03 1.287336290407050656e-16
5.467744701425577659e+03 1.605942439560835390e-16
5.472579238454844017e+03 1.315428402800535544e-16
5.477413775484110374e+03 1.255298327968340814e-16
5.482248312513376732e+03 1.565512498197203567e-16
5.487082849542643089e+03 1.646084125024604734e-16
5.491917386571909447e+03 1.784766976593979209e-16
5.496751923601175804e+03 1.584029829564264648e-16
5.501586460630442161e+03 1.573717468129239559e-16
5.506420997659708519e+03 1.780993577162859310e-16
5.511255534688974876e+03 1.708044320418460786e-16
5.516090071718241234e+03 1.711696885305698940e-16
5.520924608747507591e+03 1.458660880087849681e-16
5.525759145776773948e+03 1.399738356601084362e-16
5.530593682806040306e+03 1.495351303338251776e-16
5.535428219835306663e+03 1.548540472563289549e-16
5.540262756864573021e+03 1.620888732961831545e-16
5.545097293893839378e+03 1.649563048157655755e-16
5.549931830923105736e+03 1.828627798440684974e-16
5.554766367952372093e+03 1.796060969805533228e-16
5.559600904981638450e+03 1.675710558192701981e-16
5.564435442010904808e+03 1.903001261676552799e-16
5.569269979040171165e+03 1.904791412871015559e-16
5.574104516069437523e+03 1.534796833598496492e-16
5.578939053098703880e+03 1.390475918973960580e-16
5.583773590127970238e+03 1.105787086610606168e-16
5.588608127157236595e+03 1.438593875474007255e-16
5.593442664186502952e+03 1.374715150454620212e-16
5.598277201215769310e+03 1.363507316375669716e-16
5.603111738245035667e+03 1.309843676351271527e-16
5.607946275274302025e+03 1.459164864691465989e-16
5.612780812303568382e+03 1.407908915819638149e-16
5.617615349332834739e+03 1.466485743984805305e-16
5.622449886362101097e+03 1.563268390282571705e-16
5.627284423391367454e+03 1.535037576243973925e-16
5.632118960420633812e+03 1.714275703583394259e-16
5.636953497449900169e+03 1.679311639358614834e-16
5.641788034479166527e+03 1.707668581897014699e-16
5.646622571508432884e+03 1.515972585136953735e-16
5.651457108537699241e+03 1.383170921548382282e-16
5.656291645566965599e+03 1.583279278963658533e-16
5.661126182596231956e+03 1.477450453138114215e-16
5.665960719625498314e+03 1.265894577789594103e-16
5.670795256654764671e+03 1.362322926087391789e-16
5.675629793684031029e+03 1.661080313960150087e-16
5.680464330713297386e+03 1.796975103644077830e-16
5.685298867742563743e+03 1.627985810268638514e-16
5.690133404771830101e+03 1.646378204275979586e-16
5.694967941801096458e+03 1.766784599472668422e-16
5.699802478830362816e+03 1.575313860537017898e-16
5.704637015859629173e+03 1.315731614125872982e-16
5.709471552888895530e+03 1.237577207571698775e-16
5.714306089918161888e+03 1.402833997325502813e-16
5.719140626947428245e+03 1.469291143575891150e-16
5.723975163976694603e+03 1.434738155028326078e-16
5.728809701005960960e+03 1.464962805215421675e-16
5.733644238035227318e+03 1.640523618423676269e-16
5.738478775064493675e+03 1.428761146445364913e-16
5.743313312093760032e+03 1.243805546711978052e-16
5.748147849123026390e+03 1.441833247101662920e-16
5.752982386152292747e+03 1.336165754582790944e-16
5.757816923181559105e+03 1.411836766414733949e-16
5.762651460210825462e+03 1.379662484611075368e-16
5.767485997240091820e+03 1.294954028278623003e-16
5.772320534269358177e+03 1.640229406823403408e-16
5.777155071298624534e+03 1.471701614055319677e-16
5.781989608327890892e+03 1.481546519182578799e-16
5.786824145357157249e+03 1.546125237523532717e-16
5.791658682386423607e+03 1.430403331571854187e-16
5.796493219415689964e+03 1.258541934760732750e-16
5.801327756444956322e+03 1.283991436707682230e-16
5.806162293474222679e+03 1.618205094356913506e-16
5.810996830503489036e+03 1.768791538162069080e-16
5.815831367532755394e+03 1.269587773788520861e-16
5.820665904562021751e+03 7.052691456881863543e-17
5.825500441591288109e+03 8.855419767122370191e-17
5.830334978620554466e+03 1.315256613930920531e-16
5.835169515649820823e+03 1.473898076366668484e-16
5.840004052679087181e+03 1.446296051942509014e-16
5.844838589708353538e+03 1.455479874324215757e-16
5.849673126737619896e+03 1.730216201906230149e-16
5.854507663766886253e+03 1.813237077440176329e-16
5.859342200796152611e+03 1.764610636473981056e-16
5.864176737825418968e+03 1.348723944468122006e-16
5.869011274854685325e+03 1.196549710933558644e-16
5.873845811883951683e+03 1.777705633489634531e-16
5.878680348913218040e+03 1.788971965781504777e-16
5.883514885942484398e+03 1.806499989135952437e-16
5.888349422971750755e+03 1.949546913268258679e-16
5.893183960001017113e+03 1.871435123059243203e-16
5.898018497030283470e+03 1.828604637383533489e-16
5.902853034059549827e+03 1.895477094475872450e-16
5.907687571088816185e+03 1.677918402509279519e-16
5.912522108118082542e+03 1.675426537457575774e-16
5.917356645147348900e+03 2.005100230858422009e-16
5.922191182176615257e+03 2.057058290634184859e-16
5.927025719205881614e+03 1.846284200226200865e-16
5.931860256235147972e+03 1.874514484869206610e-16
5.936694793264414329e+03 1.831094120155073082e-16
5.941529330293680687e+03 1.696499526045180690e-16
5.946363867322947044e+03 1.947597149302797686e-16
5.951198404352213402e+03 1.740740189229170805e-16
5.956032941381479759e+03 1.862654964816462338e-16
5.960867478410746116e+03 1.943824411616167829e-16
5.965702015440012474e+03 1.990716552622859921e-16
5.970536552469278831e+03 1.825021026272157757e-16
5.975371089498545189e+03 1.780740261372071071e-16
5.980205626527811546e+03 1.887056792886776654e-16
5.985040163557077904e+03 1.788514965036681480e-16
5.989874700586344261e+03 1.877822810272724696e-16
5.994709237615610618e+03 1.954041746542422827e-16
5.999543774644876976e+03 1.891797398064542558e-16
6.004378311674143333e+03 2.003765095175312418e-16
6.009212848703409691e+03 1.718871651415636889e-16
6.014047385732676048e+03 1.361047876803978050e-16
6.018881922761942405e+03 1.561178733531915744e-16
6.023716459791208763e+03 1.571234338104804374e-16
6.028550996820475120e+03 1.488347134957846763e-16
6.033385533849741478e+03 1.578111848589815267e-16
6.038220070879007835e+03 1.553608244216932426e-16
6.043054607908274193e+03 1.803112386742527270e-16
6.047889144937540550e+03 1.745457501000887215e-16
6.052723681966806907e+03 1.531391231754942171e-16
6.057558218996073265e+03 1.651412624007324325e-16
6.062392756025339622e+03 1.671976334035392593e-16
6.067227293054605980e+03 1.532908082475017411e-16
6.072061830083872337e+03 1.590513205031006275e-16
6.076896367113138695e+03 1.379109530915195920e-16
6.081730904142405052e+03 1.352654971436770010e-16
6.086565441171671409e+03 1.307569260538995722e-16
6.091399978200937767e+03 1.226219951586896700e-16
6.096234515230204124e+03 1.360818119117035321e-16
6.101069052259470482e+03 1.550796227180946158e-16
6.105903589288736839e+03 1.552111113482660450e-16
6.110738126318003197e+03 1.654394444679455479e-16
6.115572663347269554e+03 1.467596415936892507e-16
6.120407200376535911e+03 1.260510756967506965e-16
6.125241737405802269e+03 1.309983304438670478e-16
6.130076274435068626e+03 1.381850211895155616e-16
6.134910811464334984e+03 1.540034673586080272e-16
6.139745348493601341e+03 1.453426348822716113e-16
6.144579885522867698e+03 1.612174616819156913e-16
6.149414422552134056e+03 1.655959602747303816e-16
6.154248959581400413e+03 1.742818199276802019e-16
6.159083496610666771e+03 1.479639371562276539e-16
6.163918033639933128e+03 1.205823927612605182e-16
6.168752570669199486e+03 1.075564752529225719e-16
6.173587107698465843e+03 1.435192508795189205e-16
6.178421644727732200e+03 1.476150654610772889e-16
6.183256181756998558e+03 1.764001434496448003e-16
6.188090718786264915e+03 1.447115291621181533e-16
6.192925255815531273e+03 1.402224795347969759e-16
6.197759792844797630e+03 1.529393028092810073e-16
6.202594329874063988e+03 1.747638478491169030e-16
6.207428866903330345e+03 1.920116356469213988e-16
6.212263403932596702e+03 1.515486732332364589e-16
6.217097940961863060e+03 1.245849940139515111e-16
6.221932477991129417e+03 1.478616182231772946e-16
6.226767015020395775e+03 1.676149294789600107e-16
6.231601552049662132e+03 1.587163454422411534e-16
6.236436089078928489e+03 1.493570416566649610e-16
6.241270626108194847e+03 1.475706491709056416e-16
6.246105163137461204e+03 1.345255741595809671e-16
6.250939700166727562e+03 1.070661953776950418e-16
6.255774237195993919e+03 1.214027177008967064e-16
6.260608774225260277e+03 1.495636912260154086e-16
6.265443311254526634e+03 1.125196449550244435e-16
6.270277848283792991e+03 9.996737106543436080e-17
6.275112385313059349e+03 1.020615409135124108e-16
6.279946922342325706e+03 1.293489455373261115e-16
6.284781459371592064e+03 1.332967278764619901e-16
6.289615996400858421e+03 1.335805500882411849e-16
6.294450533430124779e+03 1.559006226371106472e-16
6.299285070459391136e+03 1.481633340059672365e-16
6.304119607488657493e+03 1.215417237484750176e-16
6.308954144517923851e+03 1.065427290162918842e-16
6.313788681547190208e+03 1.161459385860079126e-16
6.318623218576456566e+03 1.431910123775680783e-16
6.323457755605722923e+03 1.463426366858441179e-16
6.328292292634989280e+03 1.370092997540571901e-16
6.333126829664255638e+03 1.291437650407435580e-16
6.337961366693521995e+03 1.305538896094647562e-16
6.342795903722788353e+03 1.285770735292508294e-16
6.347630440752054710e+03 1.170674707279511888e-16
6.352464977781321068e+03 1.333421897229279045e-16
6.357299514810587425e+03 1.146019166371715307e-16
6.362134051839853782e+03 1.088938542498534066e-16
6.366968588869120140e+03 1.103894762066880857e-16
6.371803125898386497e+03 1.017289282804823881e-16
6.376637662927652855e+03 1.296055832854543636e-16
6.381472199956919212e+03 1.373301267177195572e-16
6.386306736986185570e+03 1.048783092749371840e-16
6.391141274015451927e+03 1.148314758007672469e-16
6.395975811044718284e+03 1.377678839327724203e-16
6.400810348073985551e+03 1.343904856393837071e-16
6.405644885103251909e+03 1.406300479662141037e-16
6.410479422132518266e+03 1.532092019169897096e-16
6.415313959161784624e+03 1.281206551195787700e-16
6.420148496191050981e+03 1.233368512615028970e-16
6.424983033220317338e+03 1.249321451734277657e-16
6.429817570249583696e+03 1.144644855414795204e-16
6.434652107278850053e+03 1.291242568131771074e-16
6.439486644308116411e+03 1.402317571925473707e-16
6.444321181337382768e+03 1.317077999465313294e-16
6.449155718366649126e+03 1.124993426340699420e-16
6.453990255395915483e+03 1.039934708649667601e-16
6.458824792425181840e+03 1.030811568237697748e-16
6.463659329454448198e+03 9.177210230762239060e-17
6.468493866483714555e+03 9.949981549599488744e-17
6.473328403512980913e+03 1.231497496243883025e-16
6.478162940542247270e+03 1.195823644879084099e-16
6.482997477571513627e+03 1.153754562413617196e-16
6.487832014600779985e+03 1.131049579564669658e-16
6.492666551630046342e+03 1.125634789100448535e-16
6.497501088659312700e+03 1.403036755837251811e-16
6.502335625688579057e+03 1.562650453277770091e-16
6.507170162717845415e+03 1.424068583917576089e-16
6.512004699747111772e+03 1.298939053597658469e-16
6.516839236776378129e+03 1.381267612046122267e-16
6.521673773805644487e+03 1.517434246366559437e-16
6.526508310834910844e+03 1.739897656144448793e-16
6.531342847864177202e+03 1.771105129248155396e-16
6.536177384893443559e+03 1.620447481735871257e-16
6.541011921922709917e+03 1.520711866825739554e-16
6.545846458951976274e+03 1.539817621393346357e-16
6.550680995981242631e+03 1.826194828648595005e-16
6.555515533010508989e+03 1.987163778804720165e-16
6.560350070039775346e+03 1.916193535132242509e-16
6.565184607069041704e+03 1.871097236322627542e-16
6.570019144098308061e+03 1.667611864425766802e-16
6.574853681127574418e+03 1.713384201406409108e-16
6.579688218156840776e+03 1.777748249834793263e-16
6.584522755186107133e+03 1.701545195432856150e-16
6.589357292215373491e+03 1.996162709775909055e-16
6.594191829244639848e+03 2.008368586894741532e-16
6.599026366273906206e+03 1.896061679558375926e-16
6.603860903303172563e+03 2.146881237781277096e-16
6.608695440332438920e+03 2.088713103013160139e-16
6.613529977361705278e+03 1.865862440359697958e-16
6.618364514390971635e+03 1.936058442978825980e-16
6.623199051420237993e+03 1.922168161435039522e-16
6.628033588449504350e+03 1.828071800720151331e-16
6.632868125478770708e+03 1.671221283572254190e-16
6.637702662508037065e+03 1.728839243971349877e-16
6.642537199537303422e+03 1.783593703613133995e-16
6.647371736566569780e+03 1.707517704153285027e-16
6.652206273595836137e+03 1.831711263066486644e-16
6.657040810625102495e+03 2.076294805913024046e-16
6.661875347654368852e+03 1.879034332085094362e-16
6.666709884683635210e+03 2.018685845238992935e-16
6.671544421712901567e+03 2.100897142563821216e-16
6.676378958742167924e+03 2.003718640712111440e-16
6.681213495771434282e+03 1.905692973564249355e-16
6.686048032800700639e+03 1.779337495402079144e-16
6.690882569829966997e+03 1.924789066662301539e-16
6.695717106859233354e+03 2.099862968274782919e-16
6.700551643888499711e+03 1.932691354664592127e-16
6.705386180917766069e+03 1.742821640348150240e-16
6.710220717947032426e+03 1.676515239492593567e-16
6.715055254976298784e+03 1.773204976863958010e-16
6.719889792005565141e+03 1.801185783834217762e-16
6.724724329034831499e+03 1.876851104663546403e-16
6.729558866064097856e+03 1.641641701914051945e-16
6.734393403093364213e+03 1.642990337184758402e-16
6.739227940122630571e+03 1.740976432012115950e-16
6.744062477151896928e+03 1.736293530953881745e-16
6.748897014181163286e+03 1.601760479081563299e-16
6.753731551210429643e+03 1.506637620313721303e-16
6.758566088239696001e+03 1.532455581592726403e-16
6.763400625268962358e+03 1.488155493753530478e-16
6.768235162298228715e+03 1.487546424124895432e-16
6.773069699327495073e+03 1.575888254754374720e-16
6.777904236356761430e+03 1.555585404404281175e-16
6.782738773386027788e+03 1.569694193978679641e-16
6.787573310415294145e+03 1.431812979684542555e-16
6.792407847444560502e+03 1.376660811604242941e-16
6.797242384473826860e+03 1.304606101061483764e-16
6.802076921503093217e+03 1.234421480447584472e-16
6.806911458532359575e+03 1.114074112859407420e-16
6.811745995561625932e+03 1.262625295310988520e-16
6.816580532590892290e+03 1.492015581712845935e-16
6.821415069620158647e+03 1.571293498062214166e-16
6.826249606649425004e+03 1.562217407683486330e-16
6.831084143678691362e+03 1.464806236469077638e-16
6.835918680707957719e+03 1.433540794548043319e-16
6.840753217737224077e+03 1.367395594650260980e-16
6.845587754766490434e+03 1.135393667444002143e-16
6.850422291795756792e+03 1.199395609287435085e-16
6.855256828825023149e+03 1.179403646498763470e-16
6.860091365854289506e+03 1.022947926113625637e-16
6.864925902883555864e+03 1.032433834855036746e-16
6.869760439912822221e+03 9.004944905114395728e-17
6.874594976942088579e+03 1.041663847002148450e-16
6.879429513971354936e+03 1.116448849136373656e-16
6.884264051000621293e+03 9.015090109891236102e-17
6.889098588029887651e+03 9.716635884031749764e-17
6.893933125059154008e+03 1.063515642680084292e-16
6.898767662088420366e+03 9.531888072068236224e-17
6.903602199117686723e+03 1.001082498499194921e-16
6.908436736146953081e+03 1.128862381676181445e-16
6.913271273176219438e+03 1.092105982500122120e-16
6.918105810205485795e+03 9.555827340740010887e-17
6.922940347234752153e+03 1.054525711433959979e-16
6.927774884264018510e+03 1.246328116708019765e-16
6.932609421293284868e+03 1.166138448800271084e-16
6.937443958322551225e+03 9.929281520206471737e-17
6.942278495351817583e+03 7.141712634404820382e-17
6.947113032381083940e+03 6.543138935126337902e-17
6.951947569410350297e+03 1.004626471115617112e-16
6.956782106439616655e+03 1.197460800747449051e-16
6.961616643468883012e+03 1.108701078472507974e-16
6.966451180498149370e+03 9.997758178291571538e-17
6.971285717527415727e+03 9.679004460116507344e-17
6.976120254556682085e+03 1.044691261869643527e-16
6.980954791585948442e+03 1.132198500348281312e-16
6.985789328615214799e+03 1.180373631572267652e-16
6.990623865644481157e+03 1.201458266862897315e-16
6.995458402673747514e+03 1.055131869386838838e-16
7.000292939703013872e+03 8.994184277961815902e-17
7.005127476732280229e+03 1.015244227632796780e-16
7.009962013761546586e+03 1.168753398327122719e-16
7.014796550790812944e+03 1.268115127600380455e-16
7.019631087820079301e+03 1.345156215224507291e-16
7.024465624849345659e+03 1.080845341210866239e-16
7.029300161878612016e+03 7.770686213811361692e-17
7.034134698907878374e+03 8.659027899112070191e-17
7.038969235937144731e+03 9.914019707032623355e-17
7.043803772966411088e+03 9.843130990281318926e-17
7.048638309995677446e+03 1.070037266978350371e-16
7.053472847024943803e+03 1.141853881853592285e-16
7.058307384054210161e+03 1.178800532570538806e-16
7.063141921083476518e+03 1.168319690988348916e-16
7.067976458112742876e+03 1.165649551971027743e-16
7.072810995142009233e+03 1.032249539014559931e-16
7.077645532171275590e+03 8.066910179078441582e-17
7.082480069200541948e+03 9.668894989542129261e-17
7.087314606229808305e+03 8.784927435320601173e-17
7.092149143259074663e+03 7.366596573178386910e-17
7.096983680288341020e+03 9.955972984212332834e-17
7.101818217317607377e+03 1.133810509926024652e-16
7.106652754346873735e+03 8.428187598183631822e-17
7.111487291376140092e+03 6.735465044989817260e-17
7.116321828405406450e+03 8.183172730278484770e-17
7.121156365434672807e+03 8.789241347651187723e-17
7.125990902463939165e+03 8.888347511202391075e-17
7.130825439493205522e+03 9.942212669286390708e-17
7.135659976522471879e+03 1.117918451299859867e-16
7.140494513551738237e+03 1.176202920749326282e-16
7.145329050581004594e+03 1.085975515369920117e-16
7.150163587610270952e+03 9.736004483510801418e-17
7.154998124639537309e+03 8.962508554456955281e-17
7.159832661668803667e+03 9.791108608941123952e-17
7.164667198698070024e+03 7.874689948333369010e-17
7.169501735727336381e+03 2.566570379801368909e-17
7.174336272756602739e+03 2.491684395457963229e-17
7.179170809785869096e+03 6.969091951965824270e-17
7.184005346815135454e+03 7.974381755758259906e-17
7.188839883844401811e+03 7.826468627343977709e-17
7.193674420873668168e+03 8.136378130409624931e-17
7.198508957902934526e+03 7.051721339459461353e-17
7.203343494932200883e+03 7.565828648539948986e-17
7.208178031961467241e+03 7.918229427055710175e-17
7.213012568990733598e+03 9.719556824210797016e-17
7.217847106019999956e+03 9.150289141418333242e-17
7.222681643049267223e+03 9.294194083456428488e-17
7.227516180078533580e+03 9.700759310226651972e-17
7.232350717107799937e+03 9.370230510595772919e-17
7.237185254137066295e+03 7.265662671345686388e-17
7.242019791166332652e+03 4.590817988955821390e-17
7.246854328195599010e+03 4.758126517501001958e-17
7.251688865224865367e+03 5.951247531708303800e-17
7.256523402254131724e+03 5.371674832844654409e-17
7.261357939283398082e+03 5.388071868691170566e-17
7.266192476312664439e+03 7.177103391476779160e-17
7.271027013341930797e+03 9.171523198614814484e-17
7.275861550371197154e+03 1.027854496809494180e-16
7.280696087400463512e+03 5.172147619440533412e-17
7.285530624429729869e+03 5.188843763796548744e-17
7.290365161458996226e+03 6.519613918505329795e-17
7.295199698488262584e+03 7.110261242282084142e-17
7.300034235517528941e+03 8.539575739470022528e-17
7.304868772546795299e+03 9.553998940714023675e-17
7.309703309576061656e+03 8.412066178917218333e-17
7.314537846605328014e+03 4.894187140354134332e-17
7.319372383634594371e+03 3.667257269278320121e-17
7.324206920663860728e+03 5.949331781409630988e-17
7.329041457693127086e+03 8.997852327670121048e-17
7.333875994722393443e+03 1.443582899533335084e-16
7.338710531751659801e+03 1.369186010542519758e-16
7.343545068780926158e+03 1.433504001554396961e-16
7.348379605810192515e+03 1.205561876794548383e-16
7.353214142839458873e+03 1.147285612976758494e-16
7.358048679868725230e+03 1.189296594275999672e-16
7.362883216897991588e+03 1.136233553550763985e-16
7.367717753927257945e+03 1.159511210081394235e-16
7.372552290956524303e+03 1.109397498373828619e-16
7.377386827985790660e+03 1.062549297201275343e-16
7.382221365015057017e+03 1.177436544827663366e-16
7.387055902044323375e+03 1.018077089620219385e-16
7.391890439073589732e+03 6.945478261583150478e-17
7.396724976102856090e+03 8.292932318374881076e-17
7.401559513132122447e+03 1.026614850856297711e-16
7.406394050161388805e+03 1.056673667874188677e-16
7.411228587190655162e+03 1.085007978751029091e-16
7.416063124219921519e+03 9.612620899853411725e-17
7.420897661249187877e+03 8.450391772802515254e-17
7.425732198278454234e+03 9.138214289708529166e-17
7.430566735307720592e+03 9.646244799136957236e-17
7.435401272336986949e+03 1.033037279655506431e-16
7.440235809366253307e+03 8.638926086738051534e-17
7.445070346395519664e+03 8.219378756562175812e-17
7.449904883424786021e+03 1.034715662205601026e-16
7.454739420454052379e+03 1.068039394188463294e-16
7.459573957483318736e+03 1.001311726790545616e-16
7.464408494512585094e+03 5.902225499885961168e-17
7.469243031541851451e+03 5.803239773831945537e-17
7.474077568571117808e+03 8.879061912518115807e-17
7.478912105600384166e+03 8.218778554309707335e-17
7.483746642629650523e+03 6.840313827225608751e-17
7.488581179658916881e+03 4.585134927275337068e-17
7.493415716688183238e+03 3.394221492686816746e-17
7.498250253717449596e+03 5.467912664903768882e-17
7.503084790746715953e+03 7.659091608244077750e-17
7.507919327775982310e+03 7.147115116421526716e-17
7.512753864805248668e+03 8.657194866874652682e-17
7.517588401834515025e+03 1.133426301075106022e-16
7.522422938863781383e+03 9.811077410672644082e-17
7.527257475893047740e+03 8.096202298930169398e-17
7.532092012922314098e+03 9.270624729954587539e-17
7.536926549951580455e+03 1.121892226962564612e-16
7.541761086980846812e+03 8.367363353381382591e-17
7.546595624010113170e+03 5.123729429465354490e-17
7.551430161039379527e+03 6.227267775949898499e-17
7.556264698068645885e+03 6.748497440976712722e-17
7.561099235097912242e+03 8.897758179595284360e-17
7.565933772127178599e+03 9.325759957375942067e-17
7.570768309156444957e+03 6.257645818509785930e-17
7.575602846185711314e+03 5.001049280200879892e-17
7.580437383214977672e+03 7.011118021039438415e-17
7.585271920244244029e+03 9.283537350188785322e-17
7.590106457273510387e+03 8.894869664896249187e-17
7.594940994302776744e+03 6.048643747497237533e-17
7.599775531332043101e+03 3.580518779373764618e-17
7.604610068361309459e+03 1.189175445403485156e-17
7.609444605390575816e+03 9.260633546207804539e-18
7.614279142419842174e+03 6.482462259345368131e-18
7.619113679449108531e+03 2.201381719887782933e-17
7.623948216478374889e+03 2.619695227461974558e-17
7.628782753507641246e+03 2.269503682926219995e-17
7.633617290536907603e+03 2.323836048845030554e-17
7.638451827566173961e+03 2.611922376681936268e-17
7.643286364595440318e+03 2.606038640984846582e-17
7.648120901624706676e+03 4.327910542656662307e-17
7.652955438653973033e+03 6.959195563117239846e-17
7.657789975683239390e+03 9.946506067537785943e-17
7.662624512712505748e+03 1.203692978005770574e-16
7.667459049741772105e+03 9.991298228579777413e-17
7.672293586771038463e+03 1.056298194050538607e-16
7.677128123800304820e+03 9.856250074796409945e-17
7.681962660829571178e+03 7.633986345780848339e-17
7.686797197858837535e+03 6.949515564716899295e-17
7.691631734888103892e+03 5.111523883218767035e-17
7.696466271917370250e+03 3.314734068031901083e-17
7.701300808946636607e+03 1.730307158686386480e-17
7.706135345975902965e+03 -3.487877528618030709e-17
7.710969883005169322e+03 -3.867088885147860631e-17
7.715804420034435680e+03 2.355309443972060704e-17
7.720638957063702037e+03 6.167816650964487294e-17
7.725473494092968394e+03 6.487343948448411079e-17
7.730308031122234752e+03 7.133528178551975705e-17
7.735142568151501109e+03 1.124766580329512877e-16
7.739977105180767467e+03 2.129555840589680425e-16
7.744811642210033824e+03 2.912339088863475940e-16
7.749646179239300182e+03 2.058874911608249317e-16
7.754480716268566539e+03 7.551290783838207014e-17
7.759315253297832896e+03 5.792734580052522086e-17
7.764149790327099254e+03 5.577164033231812607e-17
7.768984327356365611e+03 6.512684130205605550e-17
7.773818864385631969e+03 7.088347573494329333e-17
7.778653401414898326e+03 7.168732985422232563e-17
7.783487938444164683e+03 3.591175181769162763e-17
7.788322475473431041e+03 -2.782011472856213839e-18
7.793157012502697398e+03 -1.792559282662024747e-17
7.797991549531963756e+03 -3.522621761323218041e-17
7.802826086561230113e+03 -1.078964216692634897e-17
7.807660623590496471e+03 3.964669065905026158e-17
7.812495160619762828e+03 7.324800129442817485e-17
7.817329697649029185e+03 8.540041607591012393e-17
7.822164234678295543e+03 8.484467643572759740e-17
7.826998771707561900e+03 6.928418488629856835e-17
7.831833308736828258e+03 4.452060757305766146e-17
7.836667845766094615e+03 3.245752168028653893e-17
7.841502382795360973e+03 -1.906358655434007529e-17
7.846336919824627330e+03 -4.833684503374045718e-17
7.851171456853893687e+03 -3.170799347491753929e-17
7.856005993883160045e+03 -5.224968395507964569e-17
7.860840530912426402e+03 -3.208824840250816611e-17
7.865675067941692760e+03 2.897221933035150831e-17
7.870509604970959117e+03 5.340855406709908682e-17
7.875344142000225474e+03 7.616553348935170770e-17
7.880178679029491832e+03 2.503069213100775570e-17
7.885013216058758189e+03 -1.891112393255675144e-17
7.889847753088024547e+03 -1.408984052092610072e-17
7.894682290117290904e+03 5.622213612880430579e-17
7.899516827146557262e+03 9.739488568250874770e-17
7.904351364175823619e+03 9.411770859213695927e-17
7.909185901205089976e+03 1.038797037522386669e-16
7.914020438234356334e+03 1.181855277485472635e-16
7.918854975263622691e+03 6.568236918400176846e-17
7.923689512292889049e+03 9.030478812571050119e-18
7.928524049322155406e+03 3.899867736717621970e-17
7.933358586351421764e+03 8.344077226521279798e-17
7.938193123380688121e+03 9.617394724604577758e-17
7.943027660409954478e+03 1.298388217484147157e-16
7.947862197439220836e+03 1.516381410882901943e-16
7.952696734468487193e+03 1.230657213090427158e-16
7.957531271497753551e+03 7.125628272829849269e-17
7.962365808527019908e+03 2.480720281874695358e-17
7.967200345556286265e+03 5.495873685713776366e-17
7.972034882585552623e+03 1.136677584103582450e-16
7.976869419614818980e+03 1.509630955339979195e-16
7.981703956644085338e+03 1.765292895043214794e-16
7.986538493673351695e+03 1.719642980793230336e-16
7.991373030702618053e+03 1.192043892700859792e-16
7.996207567731884410e+03 1.039265751144683716e-16
8.001042104761150767e+03 1.010442940485293986e-16
8.005876641790417125e+03 6.521300705210447929e-17
8.010711178819683482e+03 3.592865938941221151e-17
8.015545715848949840e+03 4.190486726154042543e-17
8.020380252878216197e+03 6.817951495673605180e-17
8.025214789907482555e+03 8.501370583081913328e-17
8.030049326936748912e+03 1.071779110825040035e-16
8.034883863966015269e+03 8.571325578357767900e-17
8.039718400995281627e+03 5.289677411339007839e-17
8.044552938024547984e+03 6.152560710772988039e-18
8.049387475053814342e+03 -3.305043357642627971e-18
8.054222012083080699e+03 4.323214803755321279e-18
8.059056549112347057e+03 2.081620525568885459e-17
8.063891086141613414e+03 2.928411936084320314e-17
8.068725623170879771e+03 3.756264881039231090e-17
8.073560160200146129e+03 3.150212807278779197e-17
8.078394697229412486e+03 -4.799652225022082777e-18
8.083229234258678844e+03 -1.647269640278515733e-17
8.088063771287945201e+03 1.861092189028778154e-17
8.092898308317211558e+03 3.689203363546087009e-17
8.097732845346477916e+03 3.010016281362881685e-17
8.102567382375744273e+03 2.637812798982601013e-17
8.107401919405010631e+03 1.300383592188584324e-17
8.112236456434276988e+03 2.278942475459940083e-17
8.117070993463543346e+03 2.088093048425990390e-17
8.121905530492809703e+03 3.639650943514975375e-17
8.126740067522076060e+03 3.637385792125560164e-17
8.131574604551342418e+03 3.739957180698870660e-17
8.136409141580608775e+03 5.539709295095411514e-17
8.141243678609875133e+03 7.344318283176618726e-17
8.146078215639141490e+03 6.769270262263634395e-17
8.150912752668407848e+03 4.443667521066313084e-17
8.155747289697674205e+03 3.979883564347836506e-17
8.160581826726940562e+03 3.255441761724100060e-17
8.165416363756206920e+03 -5.381366577209693213e-18
8.170250900785473277e+03 -2.662537889236301053e-17
8.175085437814739635e+03 -2.586327257859952954e-17
8.179919974844005992e+03 -2.631943952536537282e-17
8.184754511873272349e+03 2.530328784751338086e-17
8.189589048902538707e+03 8.235706640109482536e-17
