       3156.0000   3.2402147e-17   2.1471702e-17
       3162.0000   1.6032840e-17   2.0287442e-17
       3168.0000  -8.1875284e-18   1.9565884e-17
       3174.0000   3.0964836e-17   1.8277796e-17
       3180.0000  -7.2600682e-18   1.6739220e-17
       3186.0000  -9.1443126e-20   1.6321291e-17
       3192.0000   1.7059758e-17   1.5937015e-17
       3198.0000   4.0476606e-17   1.5361820e-17
       3204.0000  -3.0659901e-17   1.5340274e-17
       3210.0000   1.7122449e-17   1.6503236e-17
       3216.0000  -1.5388076e-17   1.5604011e-17
       3222.0000   8.4944868e-18   1.4469607e-17
       3228.0000   1.8393891e-17   1.4014654e-17
       3234.0000   1.8242864e-17   1.2830442e-17
       3240.0000   1.3440671e-17   1.2089579e-17
       3246.0000  -2.0634487e-18   1.1448650e-17
       3252.0000  -6.3839852e-18   1.0727517e-17
       3258.0000   2.3686589e-17   1.0904888e-17
       3264.0000   2.7243293e-17   1.0240813e-17
       3270.0000   3.2740560e-18   1.0217783e-17
       3276.0000   5.4869261e-18   9.2950096e-18
       3282.0000  -9.3331273e-19   8.5278629e-18
       3288.0000  -1.6161955e-17   8.5780464e-18
       3294.0000  -2.5179644e-18   8.7181409e-18
       3300.0000   1.3032546e-17   8.3825885e-18
       3306.0000   1.2169582e-17   7.8980142e-18
       3312.0000   4.4973686e-18   7.6411169e-18
       3318.0000  -1.3218070e-18   8.0615564e-18
       3324.0000  -2.4856589e-18   7.4840874e-18
       3330.0000   7.6877018e-19   7.0976677e-18
       3336.0000   5.1688228e-19   6.6973260e-18
       3342.0000  -9.7314347e-19   6.3207368e-18
       3348.0000   6.4004733e-18   6.0562434e-18
       3354.0000   4.6951327e-18   5.9346732e-18
       3360.0000   8.3900342e-18   5.7193358e-18
       3366.0000  -2.6129141e-18   6.3853712e-18
       3372.0000  -8.7342922e-18   6.9624967e-18
       3378.0000  -1.2280633e-17   6.3180564e-18
       3384.0000  -3.1839846e-18   6.0135406e-18
       3390.0000   4.2229292e-18   5.8123017e-18
       3396.0000   1.4433524e-18   5.5436507e-18
       3402.0000  -4.5234748e-18   5.3095914e-18
       3408.0000  -8.4542048e-19   5.0609752e-18
       3414.0000  -6.2083889e-18   5.0642809e-18
       3420.0000   9.8769496e-18   5.1675825e-18
       3426.0000  -5.9295231e-18   5.1655436e-18
       3432.0000   2.3223199e-19   5.0426265e-18
       3438.0000   1.1650452e-18   5.0872557e-18
       3444.0000  -4.0725213e-18   5.0842916e-18
       3450.0000   8.5245194e-18   5.2851662e-18
       3456.0000  -9.0116800e-19   5.1002314e-18
       3462.0000   4.3214346e-18   4.5939234e-18
       3468.0000   2.6228440e-19   4.3941403e-18
       3474.0000   2.1274662e-18   4.1413310e-18
       3480.0000  -8.2496316e-19   4.6919597e-18
       3486.0000   2.8144895e-18   4.3891269e-18
       3492.0000   8.1489997e-19   3.8730489e-18
       3498.0000  -2.0030622e-18   3.6213229e-18
       3504.0000  -4.3658487e-18   3.6819833e-18
       3510.0000   6.0602519e-18   3.7596789e-18
       3516.0000  -1.2167975e-18   3.7227119e-18
       3522.0000   1.4013609e-18   3.4987742e-18
       3528.0000   3.5000934e-18   3.4661664e-18
       3534.0000   2.2366595e-18   3.3454837e-18
       3540.0000   1.2365622e-17   3.7526997e-18
       3546.0000  -3.1231078e-18   4.1057945e-18
       3552.0000   6.3918488e-18   3.8789749e-18
       3558.0000   3.3516651e-18   3.6052050e-18
       3564.0000   5.5379369e-18   3.1721417e-18
       3570.0000   1.0395485e-17   3.0449700e-18
       3576.0000   3.4256556e-18   3.0085887e-18
       3582.0000   6.9636101e-19   2.7415276e-18
       3588.0000   8.6192576e-19   2.7466560e-18
       3594.0000   5.1624776e-18   2.8373462e-18
       3600.0000   2.0808779e-18   2.7680339e-18
       3606.0000   7.1229716e-19   2.7374660e-18
       3612.0000   1.9808898e-18   2.7961296e-18
       3618.0000   4.1691149e-18   3.1049892e-18
       3624.0000  -9.6780428e-19   2.9550587e-18
       3630.0000   8.7993071e-19   2.9367346e-18
       3636.0000  -4.5641161e-20   2.9799391e-18
       3642.0000   4.5177100e-18   2.9773534e-18
       3648.0000   5.5244155e-18   3.6835350e-18
       3654.0000   5.3915728e-18   3.7017240e-18
       3660.0000   6.2921825e-18   3.1826187e-18
       3666.0000   1.5945411e-18   2.9333954e-18
       3672.0000   5.2867002e-19   2.5565242e-18
       3678.0000   4.7274117e-18   2.4649994e-18
       3684.0000  -2.2328446e-18   2.4130120e-18
       3690.0000   6.2203105e-18   2.4488415e-18
       3696.0000   5.0872824e-19   2.6175336e-18
       3702.0000   1.0983159e-17   2.7512109e-18
       3708.0000   4.0011961e-18   2.6561361e-18
       3714.0000   3.4964781e-18   2.5858215e-18
       3720.0000   2.3275149e-18   2.4328853e-18
       3726.0000  -3.3375881e-20   2.5879060e-18
       3732.0000   2.0220279e-18   2.6821927e-18
       3738.0000   9.4078755e-19   2.7493547e-18
       3744.0000   4.9278144e-19   2.5892658e-18
       3750.0000   2.2091989e-18   2.4471999e-18
       3756.0000   3.4697952e-18   2.3579996e-18
       3762.0000   6.9459581e-18   2.2178445e-18
       3768.0000  -1.8404213e-18   2.1036833e-18
       3774.0000   2.4265916e-18   2.2095255e-18
       3780.0000   8.1433628e-19   2.1378553e-18
       3786.0000  -5.9280116e-19   2.1184616e-18
       3792.0000   1.3045626e-18   2.1632020e-18
       3798.0000   3.9307231e-18   2.0546292e-18
       3804.0000   3.1383420e-18   2.1120250e-18
       3810.0000   5.3972444e-18   2.1952429e-18
       3816.0000   2.8339518e-18   2.2594072e-18
       3822.0000   2.8122630e-18   2.1690887e-18
       3828.0000  -2.6297222e-18   2.2948694e-18
       3834.0000   4.7567593e-18   2.3753551e-18
       3840.0000  -4.6408842e-19   2.2529404e-18
       3846.0000   9.9640901e-19   2.2052942e-18
       3852.0000  -1.0656449e-18   2.0742232e-18
       3858.0000   1.7883016e-18   1.9301727e-18
       3864.0000  -3.1585482e-18   1.9576638e-18
       3870.0000   6.6794479e-19   1.8785856e-18
       3876.0000  -1.0522159e-18   1.9014487e-18
       3882.0000   5.3940473e-19   1.7709624e-18
       3888.0000   2.3819163e-18   1.7387051e-18
       3894.0000  -1.9976447e-18   1.7908588e-18
       3900.0000   2.9737423e-18   1.8338014e-18
       3906.0000   2.3630239e-18   2.1357327e-18
       3912.0000  -3.8305164e-18   2.2667790e-18
       3918.0000   3.1324124e-18   1.9498299e-18
       3924.0000   1.2122871e-18   1.8038442e-18
       3930.0000   2.8335862e-18   1.6701641e-18
       3936.0000  -7.9034574e-19   1.7072252e-18
       3942.0000   4.4141658e-18   1.9230247e-18
       3948.0000   3.3880428e-18   1.8906415e-18
       3954.0000   2.4639923e-19   1.8277017e-18
       3960.0000   5.5679348e-18   1.8124345e-18
       3966.0000   2.2084475e-18   1.5881339e-18
       3972.0000   3.0609117e-18   1.6106365e-18
       3978.0000   1.1807190e-18   1.7831186e-18
       3984.0000   8.2975465e-19   1.7384300e-18
       3990.0000  -4.7494939e-19   1.7414129e-18
       3996.0000   1.4796801e-18   1.8020485e-18
       4002.0000   4.3790641e-18   1.7568748e-18
       4008.0000   6.3453978e-18   1.7850160e-18
       4014.0000   8.1938210e-19   1.7981307e-18
       4020.0000   3.4132252e-18   1.9859707e-18
       4026.0000   5.9600987e-18   1.9356367e-18
       4032.0000   1.1505996e-17   1.8181152e-18
       4038.0000   7.5709950e-18   1.7880321e-18
       4044.0000   2.8715829e-18   2.4351753e-18
       4050.0000   6.1862332e-18   2.2665489e-18
       4056.0000   5.5926172e-18   1.7944614e-18
       4062.0000   5.6708118e-18   1.7170805e-18
       4068.0000   9.7415647e-18   1.7189255e-18
       4074.0000   7.8525921e-18   1.7506109e-18
       4080.0000   7.9685434e-18   1.9381070e-18
       4086.0000   7.8585546e-18   1.7394015e-18
       4092.0000   8.7871517e-18   1.6231399e-18
       4098.0000   4.0892324e-18   1.5354354e-18
       4104.0000   9.9317488e-18   1.5212858e-18
       4110.0000   5.1739037e-18   1.5305136e-18
       4116.0000   6.6688104e-18   1.5583077e-18
       4122.0000   6.2581958e-18   1.5240836e-18
       4128.0000   4.8294849e-18   1.5380365e-18
       4134.0000   7.1991947e-18   1.5995339e-18
       4140.0000   7.7307018e-18   1.6079624e-18
       4146.0000   7.3617004e-18   1.5199043e-18
       4152.0000   1.1441975e-17   1.6200366e-18
       4158.0000   1.1122663e-17   1.6414268e-18
       4164.0000   9.1278673e-18   1.7353403e-18
       4170.0000   1.3620873e-17   1.6997488e-18
       4176.0000   1.0345401e-17   1.5988254e-18
       4182.0000   9.8279593e-18   1.5793975e-18
       4188.0000   1.0294387e-17   1.5756354e-18
       4194.0000   1.1008301e-17   1.5990230e-18
       4200.0000   8.2788056e-18   1.5396427e-18
       4206.0000   8.7136309e-18   1.5924158e-18
       4212.0000   1.2257362e-17   1.6326206e-18
       4218.0000   7.1204224e-18   1.5524087e-18
       4224.0000   7.2029463e-18   1.4787500e-18
       4230.0000   5.5753522e-18   1.4962367e-18
       4236.0000   6.8387761e-18   1.5475524e-18
       4242.0000   4.8269083e-18   1.4952116e-18
       4248.0000   6.2508485e-18   1.6147899e-18
       4254.0000   5.2442213e-18   1.4471400e-18
       4260.0000   3.9493854e-18   1.4331618e-18
       4266.0000   4.3213218e-18   1.4060177e-18
       4272.0000   3.4631312e-18   1.3727842e-18
       4278.0000   4.7417754e-18   1.4163157e-18
       4284.0000   1.3209398e-18   1.3780752e-18
       4290.0000   6.0885179e-18   1.3765376e-18
       4296.0000   5.4612163e-18   1.3820057e-18
       4302.0000   5.9122486e-18   1.3357412e-18
       4308.0000   4.7260505e-18   1.3833004e-18
       4314.0000   6.4102444e-18   1.5758006e-18
       4320.0000   7.6021075e-18   1.5640095e-18
       4326.0000   6.1653489e-18   1.4891171e-18
       4332.0000   5.7716071e-18   1.4316685e-18
       4338.0000   5.2709400e-18   1.4794407e-18
       4344.0000   5.2893498e-18   1.5864804e-18
       4350.0000   8.6297788e-18   1.6486049e-18
       4356.0000   1.1800047e-19   2.4153605e-18
       4362.0000   1.0169277e-17   2.2888965e-18
       4368.0000   6.9088151e-18   1.6741380e-18
       4374.0000   5.0478076e-18   1.6629864e-18
       4380.0000   6.5584518e-18   1.5532948e-18
       4386.0000   3.9246553e-18   1.4567180e-18
       4392.0000   4.2147447e-18   1.4702898e-18
       4398.0000   3.5509011e-18   1.5091732e-18
       4404.0000   2.6530100e-18   1.4948706e-18
       4410.0000   4.9994135e-18   1.5286399e-18
       4416.0000   3.2351755e-18   1.5464484e-18
       4422.0000   3.7313021e-18   1.4971472e-18
       4428.0000   4.7698159e-18   1.4734993e-18
       4434.0000   2.8972050e-18   1.4231681e-18
       4440.0000   3.0664778e-18   1.4364477e-18
       4446.0000   6.5965424e-18   1.4214174e-18
       4452.0000   6.6918159e-18   1.3470381e-18
       4458.0000   4.7614295e-18   1.3042513e-18
       4464.0000   3.4436773e-18   1.3494935e-18
       4470.0000   7.0406596e-18   1.3632948e-18
       4476.0000   6.5520739e-18   1.3584752e-18
       4482.0000   6.0523109e-18   1.3655861e-18
       4488.0000   5.6498624e-18   1.3778702e-18
       4494.0000   6.7507389e-18   1.3944956e-18
       4500.0000   7.8255045e-18   1.4156029e-18
       4506.0000   6.9858945e-18   1.4254486e-18
       4512.0000   5.4933377e-18   1.3820766e-18
       4518.0000   5.0092124e-18   1.3731003e-18
       4524.0000   4.2063906e-18   1.3513130e-18
       4530.0000   6.3943271e-18   1.3754128e-18
       4536.0000   3.7197201e-18   1.3418020e-18
       4542.0000   6.5943923e-18   1.4009420e-18
       4548.0000   4.2082186e-18   1.3573157e-18
       4554.0000   6.5776435e-18   1.3421384e-18
       4560.0000   6.6411388e-18   1.3414595e-18
       4566.0000   3.7247483e-18   1.2898071e-18
       4572.0000   4.9316375e-18   1.3221691e-18
       4578.0000   4.9647621e-18   1.3107178e-18
       4584.0000   7.1063422e-18   1.3082513e-18
       4590.0000   6.1690535e-18   1.3135578e-18
       4596.0000   4.8793119e-18   1.3042957e-18
       4602.0000   5.1631032e-18   1.2834927e-18
       4608.0000   7.1897635e-18   1.3439814e-18
       4614.0000   4.6861293e-18   1.2999699e-18
       4620.0000   4.0763132e-18   1.2894670e-18
       4626.0000   5.2877392e-18   1.3028615e-18
       4632.0000   4.3220605e-18   1.3038103e-18
       4638.0000   7.5936190e-18   1.2911539e-18
       4644.0000   6.6207173e-18   1.3080860e-18
       4650.0000   7.4932776e-18   1.3321334e-18
       4656.0000   6.9836608e-18   1.3729464e-18
       4662.0000   6.3233864e-18   1.4320578e-18
       4668.0000   7.1631199e-18   1.4731091e-18
       4674.0000   9.6475962e-18   1.4922846e-18
       4680.0000   9.9142631e-18   1.4371485e-18
       4686.0000   1.2613070e-17   1.4305734e-18
       4692.0000   1.3953399e-17   1.4224008e-18
       4698.0000   1.0299673e-17   1.3675398e-18
       4704.0000   1.1540146e-17   1.3929805e-18
       4710.0000   1.2686708e-17   1.4282199e-18
       4716.0000   1.2207608e-17   1.4068172e-18
       4722.0000   1.2786893e-17   1.4266586e-18
       4728.0000   1.2666014e-17   1.4897831e-18
       4734.0000   1.6443199e-17   1.5559570e-18
       4740.0000   1.3332530e-17   1.6179616e-18
       4746.0000   1.0032292e-17   1.5236145e-18
       4752.0000   1.2230166e-17   1.4817000e-18
       4758.0000   1.3002519e-17   1.4183282e-18
       4764.0000   1.1917161e-17   1.3852564e-18
       4770.0000   1.5948960e-17   1.4267860e-18
       4776.0000   1.6140576e-17   1.4655737e-18
       4782.0000   1.6403793e-17   1.4724355e-18
       4788.0000   1.7125154e-17   1.4503322e-18
       4794.0000   1.7510018e-17   1.4663586e-18
       4800.0000   1.6624355e-17   1.4503238e-18
       4806.0000   1.5157608e-17   1.4534371e-18
       4812.0000   1.7579389e-17   1.4727356e-18
       4818.0000   1.6031678e-17   1.4858382e-18
       4824.0000   1.4771102e-17   1.5209252e-18
       4830.0000   1.5694409e-17   1.5410887e-18
       4836.0000   1.2579331e-17   1.5099681e-18
       4842.0000   1.1521611e-17   1.4796494e-18
       4848.0000   1.6351981e-17   1.5073364e-18
       4854.0000   1.2422381e-17   1.4452287e-18
       4860.0000   1.3599578e-17   1.4573646e-18
       4866.0000   1.1891713e-17   1.3973569e-18
       4872.0000   1.2932080e-17   1.4051791e-18
       4878.0000   1.0875051e-17   1.4341974e-18
       4884.0000   1.1487315e-17   1.4180816e-18
       4890.0000   7.5086986e-18   1.3821984e-18
       4896.0000   9.4150658e-18   1.3968185e-18
       4902.0000   1.0742660e-17   1.3859598e-18
       4908.0000   1.1140671e-17   1.4039849e-18
       4914.0000   1.0009775e-17   1.4086675e-18
       4920.0000   8.8021952e-18   1.3809174e-18
       4926.0000   1.1456552e-17   1.3704866e-18
       4932.0000   8.9758268e-18   1.3500906e-18
       4938.0000   9.2721826e-18   1.3721867e-18
       4944.0000   8.3330953e-18   1.3597352e-18
       4950.0000   9.0411818e-18   1.3786495e-18
       4956.0000   1.2020172e-17   1.3908235e-18
       4962.0000   1.0010611e-17   1.3943330e-18
       4968.0000   9.3609645e-18   1.4223821e-18
       4974.0000   1.0733734e-17   1.5525816e-18
       4980.0000   9.6641510e-18   1.7392859e-18
       4986.0000   1.4223038e-17   1.7611975e-18
       4992.0000   1.0935781e-17   1.5907380e-18
       4998.0000   1.1774597e-17   1.4557816e-18
       5004.0000   1.1729438e-17   1.3890848e-18
       5010.0000   1.2393104e-17   1.3523851e-18
       5016.0000   1.3612537e-17   1.3614622e-18
       5022.0000   1.2578003e-17   1.3772799e-18
       5028.0000   1.0827153e-17   1.3811782e-18
       5034.0000   1.1188724e-17   1.3837530e-18
       5040.0000   1.4048984e-17   1.3795398e-18
       5046.0000   1.4335546e-17   1.4111015e-18
       5052.0000   1.5999597e-17   1.4210608e-18
       5058.0000   1.9283213e-17   1.4621957e-18
       5064.0000   1.7228700e-17   1.4797079e-18
       5070.0000   1.2280309e-17   1.5000786e-18
       5076.0000   1.8350161e-17   1.4950752e-18
       5082.0000   1.5927849e-17   1.7174069e-18
       5088.0000   1.5027073e-17   1.7005865e-18
       5094.0000   1.3672935e-17   1.4856588e-18
       5100.0000   1.4165959e-17   1.5349526e-18
       5106.0000   9.5648075e-18   1.3636659e-18
       5112.0000   7.2058558e-18   1.3439924e-18
       5118.0000   1.0418540e-17   1.3953327e-18
       5124.0000   1.0720771e-17   1.3534556e-18
       5130.0000   9.2628536e-18   1.3230013e-18
       5136.0000   1.0958367e-17   1.3860164e-18
       5142.0000   1.1944590e-17   1.3926789e-18
       5148.0000   1.0075877e-17   1.4561309e-18
       5154.0000   1.2021592e-17   1.5786604e-18
       5160.0000   1.0950851e-17   1.4489294e-18
       5166.0000   1.3263071e-17   1.4279662e-18
       5172.0000   1.0854606e-17   1.3510098e-18
       5178.0000   9.4995071e-18   1.3899799e-18
       5184.0000   9.1211543e-18   1.3798974e-18
       5190.0000   5.1363585e-18   1.3380699e-18
       5196.0000   7.9319335e-18   1.4592325e-18
       5202.0000   6.5358514e-18   1.4787722e-18
       5208.0000   4.4683785e-18   1.4143269e-18
       5214.0000   6.6217664e-18   1.4499530e-18
       5220.0000   4.4332346e-18   1.4763745e-18
       5226.0000   3.7131492e-18   1.3882607e-18
       5232.0000   4.3875187e-18   1.3774548e-18
       5238.0000   5.0618909e-18   1.3972556e-18
       5244.0000   6.0198992e-18   1.3954648e-18
       5250.0000   7.6333867e-18   1.3900978e-18
       5256.0000   8.9558094e-18   1.4613437e-18
       5262.0000   9.3731781e-18   1.4227240e-18
       5268.0000   8.0443033e-18   1.3304090e-18
       5274.0000   1.0289594e-17   1.4191738e-18
       5280.0000   7.3172148e-18   1.3835759e-18
       5286.0000   1.0445273e-17   1.4950372e-18
       5292.0000   7.3686430e-18   1.4346359e-18
       5298.0000   9.0055374e-18   1.5029281e-18
       5304.0000   1.2040517e-17   1.5787763e-18
       5310.0000   1.0197629e-17   1.5404062e-18
       5316.0000   1.4511886e-17   1.6324899e-18
       5322.0000   1.4705026e-17   1.6298424e-18
       5328.0000   1.3823134e-17   1.6389512e-18
       5334.0000   1.4942490e-17   1.7296029e-18
       5340.0000   1.4873251e-17   1.7507847e-18
       5346.0000   1.4566859e-17   1.8072802e-18
       5352.0000   1.5073901e-17   1.8624496e-18
       5358.0000   1.6102094e-17   1.9122326e-18
       5364.0000   1.8301844e-17   1.8288917e-18
       5370.0000   1.6116665e-17   1.8415308e-18
       5376.0000   1.4893146e-17   1.9033631e-18
       5382.0000   2.0072372e-17   1.9932477e-18
       5388.0000   1.5907470e-17   1.9960700e-18
       5394.0000   1.4429468e-17   2.0581489e-18
       5400.0000   1.6065371e-17   1.7621956e-18
       5406.0000   1.9736279e-17   1.6554633e-18
       5412.0000   1.6441039e-17   1.6289229e-18
       5418.0000   1.7947672e-17   1.6941231e-18
       5424.0000   1.4336211e-17   1.6373636e-18
       5430.0000   1.3178189e-17   1.6244190e-18
       5436.0000   1.3628251e-17   1.6125053e-18
       5442.0000   1.6427589e-17   1.6669690e-18
       5448.0000   1.6732767e-17   1.7308089e-18
       5454.0000   1.6631789e-17   1.8381549e-18
       5460.0000   1.6907899e-17   2.3085675e-18
       5466.0000   1.5804931e-17   1.9602395e-18
       5472.0000   1.3954438e-17   1.7339136e-18
       5478.0000   1.5640002e-17   1.6900915e-18
       5484.0000   1.6318221e-17   1.6479343e-18
       5490.0000   1.7311786e-17   1.6388081e-18
       5496.0000   1.7697564e-17   1.6244221e-18
       5502.0000   2.0246872e-17   1.6449454e-18
       5508.0000   2.0578491e-17   1.6757869e-18
       5514.0000   1.6093755e-17   1.6703744e-18
       5520.0000   1.6819376e-17   1.6870620e-18
       5526.0000   1.9025653e-17   1.6848623e-18
       5532.0000   1.7057975e-17   1.6661714e-18
       5538.0000   1.8384224e-17   1.6800852e-18
       5544.0000   2.0121423e-17   1.6655433e-18
       5550.0000   1.8045816e-17   1.6440002e-18
       5556.0000   2.0210125e-17   1.6487363e-18
       5562.0000   1.9512642e-17   1.8406788e-18
       5568.0000   2.0831921e-17   2.3041375e-18
       5574.0000   1.7782830e-17   2.8145021e-18
       5580.0000   1.4808747e-17   2.7562296e-18
       5586.0000   1.7149976e-17   2.2665366e-18
       5592.0000   1.7125516e-17   1.8827620e-18
       5598.0000   1.3785871e-17   1.5282384e-18
       5604.0000   1.1915243e-17   1.3939328e-18
       5610.0000   1.1104152e-17   1.3504392e-18
       5616.0000   1.1274625e-17   1.3149058e-18
       5622.0000   1.1539906e-17   1.3002769e-18
       5628.0000   1.2637796e-17   1.3064389e-18
       5634.0000   1.3289096e-17   1.2977285e-18
       5640.0000   1.0868772e-17   1.2827175e-18
       5646.0000   1.1847239e-17   1.2846228e-18
       5652.0000   1.4897391e-17   1.3309323e-18
       5658.0000   1.7327399e-17   1.3828183e-18
       5664.0000   1.7982387e-17   1.4357818e-18
       5670.0000   1.9604999e-17   1.5216605e-18
       5676.0000   2.3856664e-17   1.6772276e-18
       5682.0000   2.4754507e-17   1.8144586e-18
       5688.0000   2.5732343e-17   1.8713335e-18
       5694.0000   2.7096336e-17   1.8201953e-18
       5700.0000   2.6336531e-17   1.6873838e-18
       5706.0000   2.4944159e-17   1.5596252e-18
       5712.0000   2.4966924e-17   1.4828445e-18
       5718.0000   2.4785459e-17   1.4351917e-18
       5724.0000   2.3288466e-17   1.3849355e-18
       5730.0000   2.2758900e-17   1.3522372e-18
       5736.0000   2.2609934e-17   1.3317416e-18
       5742.0000   1.9623375e-17   1.2940875e-18
       5748.0000   1.8876490e-17   1.2886196e-18
       5754.0000   1.9073915e-17   1.3092317e-18
       5760.0000   1.7098022e-17   1.3588271e-18
       5766.0000   1.6456692e-17   1.4369444e-18
       5772.0000   1.5670229e-17   1.4562273e-18
       5778.0000   1.5877496e-17   1.4380217e-18
       5784.0000   1.7955116e-17   1.4668514e-18
       5790.0000   1.9504373e-17   1.5011742e-18
       5796.0000   1.8732405e-17   1.4735203e-18
       5802.0000   1.7427801e-17   1.4046472e-18
       5808.0000   2.0523738e-17   1.3853468e-18
       5814.0000   2.3876453e-17   1.3945521e-18
       5820.0000   2.3712935e-17   1.4071512e-18
       5826.0000   2.4722955e-17   1.4312890e-18
       5832.0000   2.4661217e-17   1.4457941e-18
       5838.0000   2.7360409e-17   1.4924311e-18
       5844.0000   2.8396363e-17   1.5210601e-18
       5850.0000   2.7817646e-17   1.5311260e-18
       5856.0000   2.7104482e-17   1.5556108e-18
       5862.0000   2.9399264e-17   1.6025560e-18
       5868.0000   2.7939609e-17   1.6052569e-18
       5874.0000   2.4127536e-17   1.5890715e-18
       5880.0000   1.9768246e-17   1.8235665e-18
       5886.0000   1.7920885e-17   2.3428401e-18
       5892.0000   1.8746823e-17   2.7208135e-18
       5898.0000   1.6251206e-17   2.5518952e-18
       5904.0000   1.4515355e-17   2.0326966e-18
       5910.0000   1.0615941e-17   1.6259489e-18
       5916.0000   8.5649006e-18   1.4670567e-18
       5922.0000   9.9559421e-18   1.4701632e-18
       5928.0000   9.0700436e-18   1.4814889e-18
       5934.0000   9.3766912e-18   1.4755711e-18
       5940.0000   9.1137915e-18   1.4430763e-18
       5946.0000   8.0296137e-18   1.4074304e-18
       5952.0000   7.7586646e-18   1.3951975e-18
       5958.0000   8.7850990e-18   1.3855391e-18
       5964.0000   8.7558744e-18   1.3675174e-18
       5970.0000   9.6252136e-18   1.3530557e-18
       5976.0000   1.2237900e-17   1.3595580e-18
       5982.0000   1.3002984e-17   1.3500245e-18
       5988.0000   1.4652397e-17   1.3427788e-18
       5994.0000   1.6946694e-17   1.3452728e-18
       6000.0000   1.9065846e-17   1.3423954e-18
       6006.0000   1.8446920e-17   1.3230291e-18
       6012.0000   1.8251328e-17   1.3037531e-18
       6018.0000   1.9462169e-17   1.2882310e-18
       6024.0000   2.1599496e-17   1.2886786e-18
       6030.0000   2.1461653e-17   1.2803896e-18
       6036.0000   2.1918587e-17   1.2608266e-18
       6042.0000   2.2117145e-17   1.2487964e-18
       6048.0000   2.2578905e-17   1.2442560e-18
       6054.0000   2.2909543e-17   1.2295130e-18
       6060.0000   2.2144693e-17   1.2188077e-18
       6066.0000   2.3546957e-17   1.2196675e-18
       6072.0000   2.4570005e-17   1.2213131e-18
       6078.0000   2.2888394e-17   1.2049273e-18
       6084.0000   2.3189787e-17   1.2091279e-18
       6090.0000   2.4423038e-17   1.2159169e-18
       6096.0000   2.4192499e-17   1.2304149e-18
       6102.0000   2.3951883e-17   1.2592986e-18
       6108.0000   2.4050433e-17   1.3203708e-18
       6114.0000   2.5071523e-17   1.3627008e-18
       6120.0000   2.6985279e-17   1.3448557e-18
       6126.0000   2.6041259e-17   1.2821783e-18
       6132.0000   2.6951631e-17   1.2571979e-18
       6138.0000   2.6824258e-17   1.2559034e-18
       6144.0000   2.5572154e-17   1.2520084e-18
       6150.0000   2.4357094e-17   1.2604629e-18
       6156.0000   2.3345426e-17   1.2783697e-18
       6162.0000   2.2564377e-17   1.2621612e-18
       6168.0000   2.1496980e-17   1.2145294e-18
       6174.0000   2.2396312e-17   1.1704553e-18
       6180.0000   2.2294368e-17   1.1360519e-18
       6186.0000   2.3870330e-17   1.1411918e-18
       6192.0000   2.2369705e-17   1.1297727e-18
       6198.0000   2.1286887e-17   1.1230812e-18
       6204.0000   2.2009814e-17   1.1326726e-18
       6210.0000   2.1420884e-17   1.1324728e-18
       6216.0000   1.9911062e-17   1.1112272e-18
       6222.0000   2.2046745e-17   1.1105493e-18
       6228.0000   2.1705639e-17   1.1332287e-18
       6234.0000   2.1820650e-17   1.1755981e-18
       6240.0000   2.1751452e-17   1.1799565e-18
       6246.0000   1.9321731e-17   1.1323188e-18
       6252.0000   1.8433516e-17   1.1165047e-18
       6258.0000   1.8212579e-17   1.1369432e-18
       6264.0000   1.6907398e-17   1.1209988e-18
       6270.0000   1.6093796e-17   1.0708123e-18
       6276.0000   1.5869250e-17   1.0433139e-18
       6282.0000   1.4860764e-17   1.0388781e-18
       6288.0000   1.5390726e-17   1.1183623e-18
       6294.0000   1.5604369e-17   1.3643126e-18
       6300.0000   1.5525901e-17   1.6188093e-18
       6306.0000   1.8259907e-17   1.5508147e-18
       6312.0000   1.7337799e-17   1.2227888e-18
       6318.0000   1.5942026e-17   1.0635669e-18
       6324.0000   1.8013309e-17   1.0681569e-18
       6330.0000   2.0105761e-17   1.0946350e-18
       6336.0000   1.9640519e-17   1.0661080e-18
       6342.0000   1.8439966e-17   1.0294311e-18
       6348.0000   1.7617258e-17   1.0278995e-18
       6354.0000   1.6388415e-17   1.0711674e-18
       6360.0000   1.5854245e-17   1.1878767e-18
       6366.0000   1.6342494e-17   1.2241464e-18
       6372.0000   1.4679341e-17   1.1190105e-18
       6378.0000   1.6950657e-17   1.0398241e-18
       6384.0000   1.5782283e-17   1.0113048e-18
       6390.0000   1.4903901e-17   9.9920417e-19
       6396.0000   1.5703404e-17   9.9781828e-19
       6402.0000   1.5737326e-17   9.9081239e-19
       6408.0000   1.5368304e-17   9.7838281e-19
       6414.0000   1.6376764e-17   9.8242560e-19
       6420.0000   1.8025811e-17   9.8974147e-19
       6426.0000   1.7448109e-17   9.7472784e-19
       6432.0000   1.5813238e-17   9.5198105e-19
       6438.0000   1.4172482e-17   9.3150908e-19
       6444.0000   1.3153760e-17   9.2216313e-19
       6450.0000   1.2520474e-17   9.1715399e-19
       6456.0000   1.2060317e-17   9.2436739e-19
       6462.0000   1.1959833e-17   9.4952065e-19
       6468.0000   9.9001638e-18   9.4479925e-19
       6474.0000   9.9169113e-18   9.2299647e-19
       6480.0000   1.0710405e-17   8.8975599e-19
       6486.0000   1.1439114e-17   8.6630195e-19
       6492.0000   1.1844630e-17   8.9326086e-19
       6498.0000   1.1647179e-17   9.4893508e-19
       6504.0000   1.2852095e-17   9.6364981e-19
       6510.0000   1.5635223e-17   9.3159180e-19
       6516.0000   1.5994628e-17   8.9143685e-19
       6522.0000   1.7615157e-17   9.1122871e-19
       6528.0000   1.8306792e-17   9.4707994e-19
       6534.0000   1.8225585e-17   9.6154041e-19
       6540.0000   2.0340951e-17   9.5923615e-19
       6546.0000   2.1116902e-17   9.5822194e-19
       6552.0000   2.1134148e-17   9.8110481e-19
       6558.0000   2.1744689e-17   1.0229444e-18
       6564.0000   2.1783320e-17   1.0312699e-18
       6570.0000   2.1573186e-17   9.9245047e-19
       6576.0000   2.0630370e-17   9.5988501e-19
       6582.0000   2.0633105e-17   9.4465163e-19
       6588.0000   1.9651670e-17   9.1352542e-19
       6594.0000   1.9765989e-17   9.0893989e-19
       6600.0000   1.8645974e-17   9.1037121e-19
       6606.0000   1.9288685e-17   9.0871693e-19
       6612.0000   2.0071333e-17   8.9330647e-19
       6618.0000   1.8297236e-17   8.7663028e-19
       6624.0000   1.7702307e-17   8.7946806e-19
       6630.0000   1.7068439e-17   8.8163034e-19
       6636.0000   1.7559365e-17   8.8177418e-19
       6642.0000   1.7804499e-17   8.7334981e-19
       6648.0000   1.7512865e-17   8.6546758e-19
       6654.0000   1.7599194e-17   8.6829896e-19
       6660.0000   1.7868172e-17   8.7664219e-19
       6666.0000   1.8157710e-17   8.8725382e-19
       6672.0000   1.9797106e-17   9.0681733e-19
       6678.0000   1.8856461e-17   8.9051789e-19
       6684.0000   1.8362268e-17   8.7788132e-19
       6690.0000   1.7813236e-17   8.6929954e-19
       6696.0000   1.6647350e-17   8.6755747e-19
       6702.0000   1.6190304e-17   8.7434455e-19
       6708.0000   1.6996482e-17   8.9322620e-19
       6714.0000   1.7188134e-17   8.9709236e-19
       6720.0000   1.7122396e-17   8.7931953e-19
       6726.0000   1.6313375e-17   8.5834033e-19
       6732.0000   1.7406840e-17   8.6006701e-19
       6738.0000   1.7466154e-17   8.5879820e-19
       6744.0000   1.6705681e-17   8.4611286e-19
       6750.0000   1.7332295e-17   8.4235114e-19
       6756.0000   1.7906356e-17   8.4217944e-19
       6762.0000   1.7946550e-17   8.3391720e-19
       6768.0000   1.8979090e-17   8.3625376e-19
       6774.0000   1.9499677e-17   8.3771590e-19
       6780.0000   2.0365983e-17   8.4202323e-19
       6786.0000   2.1978384e-17   8.5029197e-19
       6792.0000   2.0650011e-17   8.4070228e-19
       6798.0000   2.0122187e-17   8.2710166e-19
       6804.0000   2.1832431e-17   8.3511411e-19
       6810.0000   2.2347192e-17   8.3866007e-19
       6816.0000   2.1553658e-17   8.3057674e-19
       6822.0000   2.0774237e-17   8.7142869e-19
       6828.0000   1.9851484e-17   9.7076152e-19
       6834.0000   1.9223177e-17   1.0147171e-18
       6840.0000   2.0280147e-17   9.6219920e-19
       6846.0000   2.0406112e-17   8.8273414e-19
       6852.0000   1.9627778e-17   8.5738914e-19
       6858.0000   1.8852159e-17   9.2683861e-19
       6864.0000   1.8314646e-17   1.2462942e-18
       6870.0000   1.7379460e-17   1.5820211e-18
       6876.0000   1.7868883e-17   1.1276838e-18
       6882.0000   1.7925946e-17   9.5161737e-19
       6888.0000   1.9154935e-17   1.0141853e-18
       6894.0000   1.8896996e-17   1.0252839e-18
       6900.0000   1.7816207e-17   9.3138088e-19
       6906.0000   1.8334613e-17   8.7946394e-19
       6912.0000   1.8142494e-17   8.8941517e-19
       6918.0000   1.7443290e-17   9.1745181e-19
       6924.0000   1.9960848e-17   9.4949704e-19
       6930.0000   1.9114564e-17   9.3697955e-19
       6936.0000   1.8541356e-17   1.0111472e-18
       6942.0000   1.8406416e-17   1.0563497e-18
       6948.0000   1.8697199e-17   1.0909171e-18
       6954.0000   1.6917011e-17   1.0177874e-18
       6960.0000   1.6433865e-17   8.8491803e-19
       6966.0000   1.6353235e-17   8.3989196e-19
       6972.0000   1.6654665e-17   8.7514058e-19
       6978.0000   1.6793417e-17   8.9762464e-19
       6984.0000   1.5650644e-17   8.7520127e-19
       6990.0000   1.6429540e-17   8.4295340e-19
       6996.0000   1.7107572e-17   8.3257882e-19
       7002.0000   1.5950814e-17   8.4020293e-19
       7008.0000   1.6218113e-17   8.5262633e-19
       7014.0000   1.7596930e-17   8.5182699e-19
       7020.0000   1.7067624e-17   8.4916522e-19
       7026.0000   1.6877287e-17   8.9108712e-19
       7032.0000   1.8158597e-17   8.5496026e-19
       7038.0000   1.8625873e-17   8.4222714e-19
       7044.0000   1.9144497e-17   8.6419720e-19
       7050.0000   1.8602378e-17   8.7564581e-19
       7056.0000   2.0529053e-17   8.7252229e-19
       7062.0000   2.0159481e-17   8.5776149e-19
       7068.0000   1.9438164e-17   8.5190153e-19
       7074.0000   2.0099059e-17   8.5338819e-19
       7080.0000   1.8852151e-17   8.3864947e-19
       7086.0000   1.9323047e-17   8.3370249e-19
       7092.0000   1.9495222e-17   8.2245064e-19
       7098.0000   1.8622363e-17   7.9808955e-19
       7104.0000   1.9295018e-17   7.8444048e-19
       7110.0000   1.8580485e-17   7.7359036e-19
       7116.0000   1.7272773e-17   7.6305440e-19
       7122.0000   1.6289284e-17   8.0945618e-19
       7128.0000   1.4310182e-17   8.1177420e-19
       7134.0000   1.3398459e-17   7.6810966e-19
       7140.0000   1.2933747e-17   7.8903447e-19
       7146.0000   1.2637034e-17   7.6474035e-19
       7152.0000   1.1694004e-17   7.6993163e-19
       7158.0000   1.2485058e-17   7.7881525e-19
       7164.0000   1.1905746e-17   8.4265389e-19
       7170.0000   1.1438449e-17   1.0189551e-18
       7176.0000   1.2226025e-17   1.0850467e-18
       7182.0000   1.2892635e-17   1.1209070e-18
       7188.0000   1.3920083e-17   1.1718368e-18
       7194.0000   1.4210797e-17   1.1578088e-18
       7200.0000   1.5729139e-17   1.1233986e-18
       7206.0000   1.5381949e-17   9.3922559e-19
       7212.0000   1.7100715e-17   8.4422515e-19
       7218.0000   1.8079338e-17   8.7348122e-19
       7224.0000   1.6496323e-17   8.7439027e-19
       7230.0000   1.7599342e-17   1.0529222e-18
       7236.0000   1.8914083e-17   1.5215799e-18
       7242.0000   1.6010160e-17   1.7481906e-18
       7248.0000   1.8384014e-17   1.6463487e-18
       7254.0000   2.0317152e-17   1.3686163e-18
       7260.0000   2.0421920e-17   1.1431010e-18
       7266.0000   1.9570827e-17   1.1464689e-18
       7272.0000   1.9791778e-17   1.3792509e-18
       7278.0000   1.9562168e-17   1.5676725e-18
       7284.0000   1.8320532e-17   1.2808810e-18
       7290.0000   1.8916757e-17   1.1824113e-18
       7296.0000   1.8584829e-17   1.1911830e-18
       7302.0000   1.8454616e-17   1.1379169e-18
       7308.0000   1.7827947e-17   1.2437161e-18
       7314.0000   1.6777214e-17   1.3850691e-18
       7320.0000   1.7581738e-17   1.2685010e-18
       7326.0000   1.8066243e-17   1.0853029e-18
       7332.0000   1.7727282e-17   1.0719400e-18
       7338.0000   1.7224061e-17   1.2002904e-18
       7344.0000   1.6686165e-17   1.1909800e-18
       7350.0000   1.6020283e-17   1.0383138e-18
       7356.0000   1.4840264e-17   9.6247023e-19
       7362.0000   1.4238477e-17   1.0250424e-18
       7368.0000   1.2822456e-17   1.0790962e-18
       7374.0000   1.2391767e-17   1.0254227e-18
       7380.0000   1.3458668e-17   8.9410763e-19
       7386.0000   1.2531436e-17   8.6452167e-19
       7392.0000   1.4268151e-17   9.3598316e-19
       7398.0000   1.5040072e-17   9.9505371e-19
       7404.0000   1.3665923e-17   9.8941265e-19
       7410.0000   1.3974556e-17   9.0463499e-19
       7416.0000   1.4472901e-17   8.3396336e-19
       7422.0000   1.5644807e-17   8.4816428e-19
       7428.0000   1.6510198e-17   8.9116185e-19
       7434.0000   1.6788023e-17   9.4723589e-19
       7440.0000   1.5854985e-17   9.3229230e-19
       7446.0000   1.6281466e-17   8.8265330e-19
       7452.0000   1.7834773e-17   8.5355328e-19
       7458.0000   1.8395636e-17   8.6185424e-19
       7464.0000   1.6880133e-17   9.0131576e-19
       7470.0000   1.6623280e-17   9.5314199e-19
       7476.0000   1.6541558e-17   1.0032688e-18
       7482.0000   1.6078526e-17   1.0104670e-18
       7488.0000   1.5497205e-17   9.5178033e-19
       7494.0000   1.5629294e-17   8.9376926e-19
       7500.0000   1.6299817e-17   8.7002914e-19
       7506.0000   1.6390946e-17   8.6758388e-19
       7512.0000   1.6464563e-17   8.8951558e-19
       7518.0000   1.6159037e-17   1.0057467e-18
       7524.0000   1.6776975e-17   1.1251586e-18
       7530.0000   1.6210906e-17   1.0956489e-18
       7536.0000   1.7498197e-17   9.8428706e-19
       7542.0000   1.7335634e-17   9.1907554e-19
       7548.0000   1.8333696e-17   9.1687718e-19
       7554.0000   1.7135987e-17   9.2961569e-19
       7560.0000   1.7239302e-17   9.5346577e-19
       7566.0000   1.6554226e-17   1.0205009e-18
       7572.0000   1.6180300e-17   1.0717528e-18
       7578.0000   1.6153266e-17   1.0401631e-18
       7584.0000   1.4714264e-17   9.7516191e-19
       7590.0000   1.8045475e-17   1.0942454e-18
       7596.0000   1.9127479e-17   1.4825085e-18
       7602.0000   1.6391798e-17   2.7617603e-18
       7608.0000   1.1371130e-17   2.0271302e-18
       7614.0000   1.2454023e-17   1.5369256e-18
       7620.0000   1.5247205e-17   1.3720985e-18
       7626.0000   1.5960297e-17   1.4426358e-18
       7632.0000   1.6177105e-17   1.4916091e-18
       7638.0000   1.5741504e-17   1.3837800e-18
       7644.0000   1.8275707e-17   1.2779223e-18
       7650.0000   1.6718260e-17   1.1591389e-18
       7656.0000   1.5021048e-17   1.0899592e-18
       7662.0000   1.6321755e-17   1.0627534e-18
       7668.0000   1.6244127e-17   9.9588536e-19
       7674.0000   1.5058121e-17   9.1752804e-19
       7680.0000   1.6197855e-17   9.6003906e-19
       7686.0000   1.7151547e-17   9.3474962e-19
       7692.0000   1.5976023e-17   9.2357801e-19
       7698.0000   1.4808373e-17   9.3488078e-19
       7704.0000   1.4973509e-17   1.0662396e-18
       7710.0000   1.6056079e-17   1.3234600e-18
       7716.0000   1.5359221e-17   1.4701955e-18
       7722.0000   1.3025992e-17   1.3254924e-18
       7728.0000   1.4085178e-17   1.1041867e-18
       7734.0000   1.4063102e-17   9.8090742e-19
       7740.0000   1.3417201e-17   9.9563591e-19
       7746.0000   1.4387423e-17   1.2581093e-18
       7752.0000   1.2681916e-17   1.4074123e-18
       7758.0000   1.3308445e-17   1.3126818e-18
       7764.0000   1.2645966e-17   1.1170180e-18
       7770.0000   1.2287050e-17   1.0234840e-18
       7776.0000   1.2862520e-17   1.0412248e-18
       7782.0000   1.2912331e-17   1.0853194e-18
       7788.0000   1.2883990e-17   1.1980213e-18
       7794.0000   1.2849804e-17   1.3041637e-18
       7800.0000   1.1716308e-17   1.2407729e-18
       7806.0000   1.1274081e-17   1.1489826e-18
       7812.0000   1.2285509e-17   1.1872089e-18
       7818.0000   1.2762080e-17   1.3430445e-18
       7824.0000   1.1892326e-17   1.3475198e-18
       7830.0000   8.4301640e-18   1.1561985e-18
       7836.0000   7.5977229e-18   1.0479557e-18
       7842.0000   7.7206366e-18   1.1195960e-18
       7848.0000   5.4989774e-18   1.3291504e-18
       7854.0000   4.0023112e-18   1.4650797e-18
       7860.0000   6.3336817e-18   1.4341229e-18
       7866.0000   5.5600578e-18   1.3209957e-18
       7872.0000   2.6440550e-18   1.2683722e-18
       7878.0000   4.8390271e-18   1.3232875e-18
       7884.0000   4.4338693e-18   1.4525153e-18
       7890.0000   4.6637241e-18   1.3333786e-18
       7896.0000   6.3913802e-18   1.1941592e-18
       7902.0000   5.9534105e-18   1.1333691e-18
       7908.0000   7.7732420e-18   1.3629338e-18
       7914.0000   5.7518175e-18   1.6305989e-18
       7920.0000   4.7765144e-18   1.6117430e-18
       7926.0000   1.0485333e-17   1.4155377e-18
       7932.0000   9.7503761e-18   1.2681739e-18
       7938.0000   1.0667990e-17   1.1832800e-18
       7944.0000   1.1833387e-17   1.1602143e-18
       7950.0000   1.1581215e-17   1.1848446e-18
       7956.0000   1.3876068e-17   1.2748629e-18
       7962.0000   1.5269883e-17   1.4295864e-18
       7968.0000   1.5749688e-17   1.4669851e-18
       7974.0000   1.5615979e-17   1.3594395e-18
       7980.0000   1.5174731e-17   1.3092952e-18
       7986.0000   1.7842221e-17   1.4041539e-18
       7992.0000   1.9883403e-17   1.5283819e-18
       7998.0000   1.7688477e-17   1.4452670e-18
       8004.0000   1.9515500e-17   1.2452353e-18
       8010.0000   1.8649095e-17   1.1797091e-18
       8016.0000   1.9166867e-17   1.2478564e-18
       8022.0000   1.8705626e-17   1.4615170e-18
       8028.0000   1.9775411e-17   1.4057908e-18
       8034.0000   2.2580181e-17   1.2872463e-18
       8040.0000   1.9455585e-17   1.0891171e-18
       8046.0000   1.9227291e-17   1.0773008e-18
       8052.0000   1.9182428e-17   1.1377897e-18
       8058.0000   1.9861287e-17   1.1971997e-18
       8064.0000   1.8517672e-17   1.1753588e-18
       8070.0000   1.9527431e-17   1.1116303e-18
       8076.0000   1.8619224e-17   1.0470137e-18
       8082.0000   1.8216727e-17   1.0401504e-18
       8088.0000   1.7403334e-17   1.0479220e-18
       8094.0000   1.8592044e-17   1.0813476e-18
       8100.0000   1.9364154e-17   1.1173591e-18
       8106.0000   2.0130988e-17   1.1227601e-18
       8112.0000   1.8313376e-17   1.0762250e-18
       8118.0000   1.6970136e-17   1.0535256e-18
       8124.0000   1.7751107e-17   1.0591091e-18
       8130.0000   1.8571814e-17   1.1101312e-18
       8136.0000   1.8170617e-17   1.2484462e-18
       8142.0000   1.7172300e-17   1.3036280e-18
       8148.0000   1.6547338e-17   1.3496690e-18
       8154.0000   1.9033677e-17   1.4383612e-18
       8160.0000   1.7180042e-17   1.4162214e-18
       8166.0000   1.7063584e-17   1.4589617e-18
       8172.0000   1.6076428e-17   1.4032170e-18
       8178.0000   1.7781114e-17   1.4899581e-18
       8184.0000   1.4883623e-17   1.4988335e-18
       8190.0000   1.4837780e-17   1.5814053e-18
       8196.0000   1.4380023e-17   1.5828615e-18
       8202.0000   1.3341216e-17   1.4894554e-18
       8208.0000   1.7365268e-17   1.3948568e-18
       8214.0000   1.6572290e-17   1.2986655e-18
       8220.0000   1.6077857e-17   1.2247693e-18
       8226.0000   1.4794530e-17   1.3909658e-18
       8232.0000   1.4545293e-17   1.7056630e-18
       8238.0000   1.4285966e-17   1.4132055e-18
       8244.0000   1.4174901e-17   1.1826172e-18
       8250.0000   1.5406402e-17   1.1991582e-18
       8256.0000   1.1800310e-17   1.1793304e-18
       8262.0000   1.3861444e-17   1.1805122e-18
       8268.0000   1.5312521e-17   1.2386959e-18
       8274.0000   1.3950848e-17   1.3943616e-18
       8280.0000   1.3289225e-17   1.8058967e-18
       8286.0000   1.5266640e-17   2.1063816e-18
       8292.0000   1.2149415e-17   2.2492773e-18
       8298.0000   1.0049842e-17   2.1284774e-18
       8304.0000   9.9170649e-18   1.8372919e-18
       8310.0000   1.0493649e-17   1.4884020e-18
       8316.0000   1.2888630e-17   1.4756870e-18
       8322.0000   1.2647788e-17   1.4008223e-18
       8328.0000   1.1504960e-17   1.2058052e-18
       8334.0000   1.0167449e-17   1.4573056e-18
       8340.0000   8.0878625e-18   2.1404525e-18
       8346.0000   9.4196862e-18   2.2168062e-18
       8352.0000   9.4598571e-18   2.2481896e-18
       8358.0000   2.9247603e-18   1.8433175e-18
       8364.0000   8.5503876e-18   1.5757204e-18
       8370.0000   9.3491149e-18   1.4191286e-18
       8376.0000   1.0246846e-17   1.4667403e-18
       8382.0000   9.6513338e-18   1.4445924e-18
       8388.0000   9.7938761e-18   1.5322485e-18
       8394.0000   9.6139948e-18   1.7768521e-18
       8400.0000   7.6081426e-18   1.9208116e-18
       8406.0000   7.3742492e-18   1.7671620e-18
       8412.0000   7.3019375e-18   1.5537145e-18
       8418.0000   7.9686128e-18   1.5825982e-18
       8424.0000   9.0849737e-18   1.8049960e-18
       8430.0000   1.1970768e-17   2.0104739e-18
       8436.0000   1.0608004e-17   1.7898318e-18
       8442.0000   1.0005970e-17   1.4661996e-18
       8448.0000   1.0691788e-17   1.3929416e-18
       8454.0000   1.0447208e-17   1.5037050e-18
       8460.0000   1.1152145e-17   1.6945786e-18
       8466.0000   9.2775384e-18   1.7396679e-18
       8472.0000   8.5182260e-18   1.5396979e-18
       8478.0000   8.9609642e-18   1.2750304e-18
       8484.0000   7.9391685e-18   1.1931046e-18
       8490.0000   7.5266487e-18   1.2793387e-18
       8496.0000   8.3802179e-18   1.4050259e-18
       8502.0000   6.9303375e-18   1.4900206e-18
       8508.0000   7.1040524e-18   1.4548061e-18
       8514.0000   8.6687850e-18   1.2616564e-18
       8520.0000   6.6137536e-18   1.1160438e-18
       8526.0000   4.4266048e-18   1.0750435e-18
       8532.0000   4.7913499e-18   1.1056929e-18
       8538.0000   4.2616183e-18   1.1849078e-18
       8544.0000   3.9412984e-18   1.4114924e-18
       8550.0000   3.1311272e-18   1.4138334e-18
       8556.0000   1.9396475e-18   1.2726403e-18
       8562.0000   1.3033989e-18   1.1038653e-18
       8568.0000   1.6810693e-18   1.0937756e-18
       8574.0000   9.8239806e-19   1.1115025e-18
       8580.0000   1.5681374e-18   1.1366393e-18
       8586.0000   3.6969045e-18   1.1800498e-18
       8592.0000   2.9757521e-18   1.2158973e-18
       8598.0000   3.0266542e-18   1.2314976e-18
       8604.0000   2.2224809e-18   1.2981386e-18
       8610.0000   3.2160307e-18   1.3693091e-18
       8616.0000   4.9304202e-18   1.6592951e-18
       8622.0000   4.9882653e-18   2.0378254e-18
       8628.0000   6.9524018e-18   2.1492337e-18
       8634.0000   5.1853298e-18   2.1337427e-18
       8640.0000   6.4966496e-18   1.9827233e-18
       8646.0000   6.5755512e-18   1.9448342e-18
       8652.0000   3.5714584e-18   2.0702666e-18
       8658.0000   1.9107547e-19   2.3613416e-18
       8664.0000  -2.1878598e-19   2.3673275e-18
       8670.0000   4.6407758e-18   2.0433780e-18
       8676.0000   3.6165728e-18   1.8488932e-18
       8682.0000   3.5282209e-18   1.6678361e-18
       8688.0000   5.2928930e-18   1.5208411e-18
       8694.0000   4.6291082e-18   1.4157570e-18
       8700.0000   5.2624810e-18   1.3699442e-18
       8706.0000   4.8187782e-18   1.4109314e-18
       8712.0000   6.4467546e-18   1.3490841e-18
       8718.0000   6.8567854e-18   1.3996893e-18
       8724.0000   4.6993170e-18   1.3288164e-18
       8730.0000   5.5553228e-18   1.3566301e-18
       8736.0000   6.4189029e-18   1.3244729e-18
       8742.0000   8.3340065e-18   1.3589146e-18
       8748.0000   7.2735358e-18   1.4615053e-18
       8754.0000   6.2562065e-18   1.7487162e-18
       8760.0000   8.1115885e-18   2.2035874e-18
       8766.0000   8.1673176e-18   2.5392924e-18
       8772.0000   7.6038222e-18   2.8198049e-18
       8778.0000   7.2738763e-18   2.5829630e-18
       8784.0000   1.1021080e-17   2.2170532e-18
       8790.0000   1.3104319e-17   1.9401316e-18
       8796.0000   1.2604041e-17   1.7156256e-18
       8802.0000   1.1799155e-17   1.5946239e-18
       8808.0000   1.0633805e-17   1.5492228e-18
       8814.0000   1.3912893e-17   1.7334028e-18
       8820.0000   1.2700404e-17   2.3763516e-18
       8826.0000   8.5778303e-18   2.9769457e-18
       8832.0000   1.6736154e-17   3.0836825e-18
       8838.0000   1.9343855e-17   2.6665709e-18
       8844.0000   1.9022883e-17   2.1606465e-18
       8850.0000   1.9935740e-17   1.9128021e-18
       8856.0000   2.1416266e-17   1.8589767e-18
       8862.0000   2.0048116e-17   1.9257822e-18
       8868.0000   1.9793800e-17   2.0008286e-18
       8874.0000   1.9429342e-17   2.0684230e-18
       8880.0000   1.8540084e-17   2.3296269e-18
       8886.0000   2.5464704e-17   2.6282688e-18
       8892.0000   2.3019441e-17   2.5157849e-18
       8898.0000   1.9874148e-17   2.2078826e-18
       8904.0000   2.4969471e-17   2.1647402e-18
       8910.0000   2.7752563e-17   2.3056384e-18
       8916.0000   2.4125687e-17   2.5818250e-18
       8922.0000   2.4998521e-17   2.7241468e-18
       8928.0000   2.5681499e-17   2.3934777e-18
       8934.0000   2.6047010e-17   2.0655261e-18
       8940.0000   2.5451472e-17   2.0771520e-18
       8946.0000   2.9670660e-17   2.2743217e-18
       8952.0000   2.7678566e-17   2.7402333e-18
       8958.0000   2.9696219e-17   3.0489643e-18
       8964.0000   2.8666980e-17   3.0007782e-18
       8970.0000   2.3290935e-17   2.6472211e-18
       8976.0000   2.7339837e-17   2.1747397e-18
       8982.0000   2.7471003e-17   2.0998086e-18
       8988.0000   2.7532980e-17   2.5742976e-18
       8994.0000   2.6991464e-17   3.2892653e-18
       9000.0000   2.6980327e-17   3.1880601e-18
       9006.0000   2.5167725e-17   2.8970982e-18
       9012.0000   2.7527296e-17   2.7459981e-18
       9018.0000   2.4356299e-17   2.2893724e-18
       9024.0000   2.1911662e-17   2.1237981e-18
       9030.0000   2.3538843e-17   2.0433605e-18
       9036.0000   2.8499052e-17   2.2360710e-18
       9042.0000   3.0047976e-17   2.3937665e-18
       9048.0000   2.6812599e-17   2.5122883e-18
       9054.0000   2.3619647e-17   2.4657989e-18
       9060.0000   2.6687978e-17   2.3425382e-18
       9066.0000   2.8839650e-17   2.2340659e-18
       9072.0000   2.8440783e-17   2.1939723e-18
       9078.0000   1.7764394e-17   2.1020165e-18
       9084.0000   1.7935334e-17   2.0975725e-18
       9090.0000   1.7450193e-17   2.2798768e-18
       9096.0000   1.8048407e-17   2.2872946e-18
       9102.0000   2.1757430e-17   2.6430608e-18
       9108.0000   1.8459213e-17   2.2625204e-18
       9114.0000   1.4434125e-17   2.1044077e-18
       9120.0000   1.3904638e-17   2.0246648e-18
       9126.0000   1.3360708e-17   1.9851973e-18
       9132.0000   1.1516336e-17   2.0868584e-18
       9138.0000   1.3585896e-17   2.5953374e-18
       9144.0000   1.2571679e-17   2.4217272e-18
       9150.0000   1.2504971e-17   2.5417412e-18
       9156.0000   1.3817169e-17   3.2315954e-18
       9162.0000   1.4924299e-17   3.5289062e-18
       9168.0000   1.6158551e-17   3.1156295e-18
       9174.0000   1.8401062e-17   3.3031394e-18
       9180.0000   1.3726822e-17   3.1808040e-18
       9186.0000   1.2226321e-17   2.6755146e-18
       9192.0000   1.4291794e-17   2.1469276e-18
       9198.0000   1.5580436e-17   2.0514167e-18
       9204.0000   1.8376183e-17   2.0815239e-18
       9210.0000   1.7481574e-17   2.1342653e-18
       9216.0000   1.3857184e-17   2.1965107e-18
       9222.0000   1.4481486e-17   2.2594131e-18
       9228.0000   1.5864303e-17   2.2731433e-18
       9234.0000   1.5427090e-17   2.3653780e-18
       9240.0000   1.5738200e-17   2.8148811e-18
       9246.0000   1.4055308e-17   2.6450764e-18
       9252.0000   1.7476565e-17   2.4051333e-18
       9258.0000   1.3703086e-17   2.4496042e-18
       9264.0000   1.5153358e-17   2.5490658e-18
       9270.0000   1.7670278e-17   2.6695896e-18
       9276.0000   1.8731931e-17   2.8079239e-18
       9282.0000   1.6864464e-17   2.9750507e-18
       9288.0000   1.8171415e-17   3.2396136e-18
       9294.0000   1.9628857e-17   3.5701848e-18
       9300.0000   1.5239688e-17   4.2330921e-18
       9306.0000   1.9669672e-17   5.7639326e-18
       9312.0000   1.3372913e-17   7.6387198e-18
       9318.0000   2.2684228e-17   1.0878578e-17
       9324.0000   1.7894149e-17   1.1877497e-17
       9330.0000   6.1040247e-18   1.1798239e-17
       9336.0000   9.6224326e-18   1.0983751e-17
       9342.0000   7.2852695e-18   1.0613809e-17
       9348.0000   9.3166586e-18   1.0107347e-17
       9354.0000   9.0901258e-18   5.5942684e-18
       9360.0000   6.5559181e-18   5.2653728e-18
       9366.0000   1.7582884e-18   6.3711034e-18
       9372.0000  -1.4887031e-19   1.0633168e-17
       9378.0000   1.1539450e-17   1.4471728e-17
       9384.0000   1.9875874e-18   9.3132118e-18
       9390.0000   9.7737574e-18   6.2546785e-18
       9396.0000   1.2124190e-17   5.2436179e-18
       9402.0000   4.8924136e-18   5.1207007e-18
       9408.0000   8.1906395e-18   5.0924922e-18
       9414.0000   5.9990569e-18   5.2264104e-18
       9420.0000   8.5016937e-18   5.5379930e-18
       9426.0000   1.1816892e-17   5.5843703e-18
       9432.0000   1.3054264e-17   7.4296536e-18
       9438.0000   1.6338071e-17   8.2861506e-18
       9444.0000   8.0337362e-18   8.0415044e-18
       9450.0000   7.0062878e-18   6.8793058e-18
       9456.0000   1.1896756e-17   6.2853652e-18
       9462.0000   1.8042889e-17   6.3351352e-18
       9468.0000   1.3420099e-17   6.1246067e-18
       9474.0000   1.5306926e-17   6.2190884e-18
       9480.0000   1.2962281e-17   6.5271115e-18
       9486.0000   9.7696423e-18   5.8413847e-18
       9492.0000   1.7582113e-17   4.9412167e-18
