3201.41005351108  -1.401941E-15
3204.66500116452  1.463411E-15
3207.91994881795  2.689745E-15
3211.17489647139  2.987558E-15
3214.42984412483  1.301479E-15
3217.68479177826  8.105474E-16
3220.9397394317  6.020150E-16
3224.19468708514  -6.908685E-16
3227.44963473857  9.654857E-16
3230.70458239201  1.969571E-17
3233.95953004545  6.521726E-16
3237.21447769888  1.103432E-15
3240.46942535232  7.774505E-16
3243.72437300575  6.410513E-16
3246.97932065919  1.312920E-15
3250.23426831263  7.403101E-16
3253.48921596606  9.046681E-16
3256.7441636195  7.156828E-16
3259.99911127294  4.981939E-16
3263.25405892637  3.016990E-16
3266.50900657981  5.089609E-16
3269.76395423325  -1.658167E-17
3273.01890188668  -5.146858E-16
3276.27384954012  2.282124E-16
3279.52879719356  3.246737E-16
3282.78374484699  5.030136E-16
3286.03869250043  1.417305E-16
3289.29364015387  1.419016E-16
3292.5485878073  2.240855E-16
3295.80353546074  4.334387E-16
3299.05848311418  2.812617E-16
3302.31343076761  1.967295E-16
3305.56837842105  2.816254E-16
3308.82332607449  2.536303E-16
3312.07827372792  3.015830E-16
3315.33322138136  2.181558E-16
3318.5881690348  3.019496E-16
3321.84311668823  2.034685E-16
3325.09806434167  1.949088E-16
3328.35301199511  2.794504E-16
3331.60795964854  2.026187E-16
3334.86290730198  2.147902E-16
3338.11785495542  2.130896E-16
3341.37280260885  2.099173E-16
3344.62775026229  2.104841E-16
3347.88269791573  2.470704E-16
3351.13764556916  2.888544E-16
3354.3925932226  1.786361E-16
3357.64754087604  9.293824E-17
3360.90248852947  3.073638E-16
3364.15743618291  1.589952E-16
3367.41238383635  1.969872E-16
3370.66733148978  2.363382E-16
3373.92227914322  1.713997E-16
3377.17722679666  1.687946E-16
3380.43217445009  7.969528E-17
3383.68712210353  1.534077E-16
3386.94206975697  1.766332E-16
3390.1970174104  2.009411E-16
3393.45196506384  2.310580E-16
3396.70691271727  2.229197E-16
3399.96186037071  2.251696E-16
3403.21680802415  1.857932E-16
3406.47175567758  2.281642E-16
3409.72670333102  2.267206E-16
3412.98165098446  2.286170E-16
3416.23659863789  2.618142E-16
3419.49154629133  3.116739E-16
3422.74649394477  2.147589E-16
3426.0014415982  2.562914E-16
3429.25638925164  2.398509E-16
3432.51133690508  2.165383E-16
3435.76628455851  2.314874E-16
3439.02123221195  2.272585E-16
3442.27617986539  2.894398E-16
3445.53112751882  2.803873E-16
3448.78607517226  2.342555E-16
3452.0410228257  2.888428E-16
3455.29597047913  2.506460E-16
3458.55091813257  2.395695E-16
3461.80586578601  2.490453E-16
3465.06081343944  2.489249E-16
3468.31576109288  2.469493E-16
3471.57070874632  2.829786E-16
3474.82565639975  2.536310E-16
3478.08060405319  2.559475E-16
3481.33555170663  2.508172E-16
3484.59049936006  2.898913E-16
3487.8454470135  2.619483E-16
3491.10039466694  2.402702E-16
3494.35534232037  2.421364E-16
3497.61028997381  2.596437E-16
3500.86523762725  2.335523E-16
3504.12018528068  2.392768E-16
3507.37513293412  2.159605E-16
3510.63008058756  1.907203E-16
3513.88502824099  2.414674E-16
3517.13997589443  2.116844E-16
3520.39492354787  2.209767E-16
3523.6498712013  2.345879E-16
3526.90481885474  2.358185E-16
3530.15976650818  2.385538E-16
3533.41471416161  2.550915E-16
3536.66966181505  2.677946E-16
3539.92460946849  2.639735E-16
3543.17955712192  2.445014E-16
3546.43450477536  2.806788E-16
3549.6894524288  2.436521E-16
3552.94440008223  2.569044E-16
3556.19934773567  2.684384E-16
3559.45429538911  2.546496E-16
3562.70924304254  2.635819E-16
3565.96419069598  2.690451E-16
3569.21913834941  2.513524E-16
3572.47408600285  2.514130E-16
3575.72903365629  2.559328E-16
3578.98398130972  2.419625E-16
3582.23892896316  2.518309E-16
3585.4938766166  2.550990E-16
3588.74882427003  2.500602E-16
3592.00377192347  2.460704E-16
3595.25871957691  2.351437E-16
3598.51366723034  2.398221E-16
3601.76861488378  2.491375E-16
3605.02356253722  2.466137E-16
3608.27851019065  2.328757E-16
3611.53345784409  2.380635E-16
3614.78840549753  2.434819E-16
3618.04335315096  2.724965E-16
3621.2983008044  2.696086E-16
3624.55324845784  2.564645E-16
3627.80819611127  2.546237E-16
3631.06314376471  2.374953E-16
3634.31809141815  2.509044E-16
3637.57303907158  2.535688E-16
3640.82798672502  2.391173E-16
3644.08293437846  2.505586E-16
3647.33788203189  2.607490E-16
3650.59282968533  2.402367E-16
3653.84777733877  2.487485E-16
3657.1027249922  2.523124E-16
3660.35767264564  2.495510E-16
3663.61262029908  2.335126E-16
3666.86756795251  2.323857E-16
3670.12251560595  2.392279E-16
3673.37746325939  2.345811E-16
3676.63241091282  2.370911E-16
3679.88735856626  2.338234E-16
3683.1423062197  2.440979E-16
3686.39725387313  2.537685E-16
3689.65220152657  2.519370E-16
3692.90714918001  2.451914E-16
3696.16209683344  2.512298E-16
3699.41704448688  2.478583E-16
3702.67199214032  2.485679E-16
3705.92693979375  2.554458E-16
3709.18188744719  2.525116E-16
3712.43683510063  2.522548E-16
3715.69178275406  2.501957E-16
3718.9467304075  2.664054E-16
3722.20167806093  2.787044E-16
3725.45662571437  2.646959E-16
3728.71157336781  2.593422E-16
3731.96652102125  2.775666E-16
3735.22146867468  2.757977E-16
3738.47641632812  2.852843E-16
3741.73136398155  2.775514E-16
3744.98631163499  2.895360E-16
3748.24125928843  2.821121E-16
3751.49620694186  2.878726E-16
3754.7511545953  2.928698E-16
3758.00610224874  2.934521E-16
3761.26104990217  2.818265E-16
3764.51599755561  3.016444E-16
3767.77094520905  3.103352E-16
3771.02589286248  3.085655E-16
3774.28084051592  3.109809E-16
3777.53578816936  3.125793E-16
3780.79073582279  3.083674E-16
3784.04568347623  3.192308E-16
3787.30063112967  3.130970E-16
3790.5555787831  3.179219E-16
3793.81052643654  3.142898E-16
3797.06547408998  3.357889E-16
3800.32042174341  3.376817E-16
3803.57536939685  3.262133E-16
3806.83031705029  3.350527E-16
3810.08526470372  3.322227E-16
3813.34021235716  3.407670E-16
3816.5951600106  3.466466E-16
3819.85010766403  3.516392E-16
3823.10505531747  3.561671E-16
3826.36000297091  3.569541E-16
3829.61495062434  3.524366E-16
3832.86989827778  3.551027E-16
3836.12484593122  3.584176E-16
3839.37979358465  3.697926E-16
3842.63474123809  3.798169E-16
3845.88968889153  4.398339E-16
3849.14463654496  4.881604E-16
3852.3995841984  4.562861E-16
3855.65453185184  4.080231E-16
3858.90947950527  3.718744E-16
3862.16442715871  3.649206E-16
3865.41937481215  3.662719E-16
3868.67432246558  3.618670E-16
3871.92927011902  3.662835E-16
3875.18421777246  3.652834E-16
3878.43916542589  3.627452E-16
3881.69411307933  3.596993E-16
3884.94906073277  3.660204E-16
3888.2040083862  3.736272E-16
3891.45895603964  3.787711E-16
3894.71390369307  3.797589E-16
3897.96885134651  3.835261E-16
3901.22379899995  3.848321E-16
3904.47874665338  3.764228E-16
3907.73369430682  3.776079E-16
3910.98864196026  3.738164E-16
3914.24358961369  3.790463E-16
3917.49853726713  3.760906E-16
3920.75348492057  3.811581E-16
3924.008432574  3.746038E-16
3927.26338022744  3.770588E-16
3930.51832788088  3.656270E-16
3933.77327553431  3.680034E-16
3937.02822318775  3.674132E-16
3940.28317084119  3.651310E-16
3943.53811849462  3.641336E-16
3946.79306614806  3.640376E-16
3950.0480138015  3.636270E-16
3953.30296145493  3.557552E-16
3956.55790910837  3.558673E-16
3959.81285676181  3.532343E-16
3963.06780441524  3.555346E-16
3966.32275206868  3.495840E-16
3969.57769972212  3.451009E-16
3972.83264737555  3.459656E-16
3976.08759502899  3.514586E-16
3979.34254268243  3.522829E-16
3982.59749033586  3.511199E-16
3985.8524379893  3.469624E-16
3989.10738564274  3.548110E-16
3992.36233329617  3.537966E-16
3995.61728094961  3.645800E-16
3998.87222860305  3.523751E-16
4002.12717625648  3.515932E-16
4005.38212390992  3.490531E-16
4008.63707156336  3.464678E-16
4011.89201921679  3.478223E-16
4015.14696687023  3.491108E-16
4018.40191452367  3.472686E-16
4021.6568621771  3.460284E-16
4024.91180983054  3.465161E-16
4028.16675748398  3.410304E-16
4031.42170513741  3.432136E-16
4034.67665279085  3.420692E-16
4037.93160044429  3.385163E-16
4041.18654809772  3.368293E-16
4044.44149575116  3.383605E-16
4047.69644340459  3.368402E-16
4050.95139105803  3.282145E-16
4054.20633871147  3.303074E-16
4057.46128636491  3.355634E-16
4060.71623401834  3.296476E-16
4063.97118167178  3.227629E-16
4067.22612932521  3.284174E-16
4070.48107697865  3.313494E-16
4073.73602463209  3.289268E-16
4076.99097228552  3.286753E-16
4080.24591993896  3.327868E-16
4083.5008675924  3.295702E-16
4086.75581524583  3.325397E-16
4090.01076289927  3.316572E-16
4093.26571055271  3.395883E-16
4096.52065820614  3.407544E-16
4099.77560585958  3.418472E-16
4103.03055351302  3.449949E-16
4106.28550116645  3.511305E-16
4109.54044881989  3.434374E-16
4112.79539647333  3.451684E-16
4116.05034412676  3.434596E-16
4119.3052917802  3.416774E-16
4122.56023943364  3.428762E-16
4125.81518708707  3.422613E-16
4129.07013474051  3.443708E-16
4132.32508239395  3.439793E-16
4135.58003004738  3.426567E-16
4138.83497770082  3.357500E-16
4142.08992535426  3.376208E-16
4145.34487300769  3.349360E-16
4148.59982066113  3.343537E-16
4151.85476831457  3.359177E-16
4155.109715968  3.371793E-16
4158.36466362144  3.366821E-16
4161.61961127488  3.400379E-16
4164.87455892831  3.402027E-16
4168.12950658175  3.398484E-16
4171.38445423519  3.374436E-16
4174.63940188862  3.384634E-16
4177.89434954206  3.384350E-16
4181.1492971955  3.359615E-16
4184.40424484893  3.416058E-16
4187.65919250237  3.418299E-16
4190.9141401558  3.399779E-16
4194.16908780924  3.408684E-16
4197.42403546268  3.423380E-16
4200.67898311611  3.400259E-16
4203.93393076955  3.423392E-16
4207.18887842299  3.424129E-16
4210.44382607643  3.383351E-16
4213.69877372986  3.367586E-16
4216.9537213833  3.359016E-16
4220.20866903673  3.391322E-16
4223.46361669017  3.423144E-16
4226.71856434361  3.391083E-16
4229.97351199704  3.416536E-16
4233.22845965048  3.430052E-16
4236.48340730392  3.424556E-16
4239.73835495736  3.433197E-16
4242.99330261079  3.412291E-16
4246.24825026423  3.383037E-16
4249.50319791766  3.397432E-16
4252.7581455711  3.438790E-16
4256.01309322454  3.458717E-16
4259.26804087797  3.428173E-16
4262.52298853141  3.387006E-16
4265.77793618485  3.450066E-16
4269.03288383828  3.453012E-16
4272.28783149172  3.410545E-16
4275.54277914516  3.414795E-16
4278.79772679859  3.433782E-16
4282.05267445203  3.444165E-16
4285.30762210547  3.457239E-16
4288.5625697589  3.426280E-16
4291.81751741234  3.439727E-16
4295.07246506578  3.447614E-16
4298.32741271921  3.480092E-16
4301.58236037265  3.486909E-16
4304.83730802609  3.475016E-16
4308.09225567952  3.471410E-16
4311.34720333296  3.488119E-16
4314.6021509864  3.433565E-16
4317.85709863983  3.517634E-16
4321.11204629327  3.560134E-16
4324.36699394671  3.546845E-16
4327.62194160014  3.536016E-16
4330.87688925358  3.573274E-16
4334.13183690702  3.581858E-16
4337.38678456045  3.592937E-16
4340.64173221389  3.594357E-16
4343.89667986733  3.587153E-16
4347.15162752076  3.559485E-16
4350.4065751742  3.569531E-16
4353.66152282763  3.584458E-16
4356.91647048107  3.629104E-16
4360.17141813451  3.601980E-16
4363.42636578795  3.603043E-16
4366.68131344138  3.622140E-16
4369.93626109482  3.589909E-16
4373.19120874825  3.638272E-16
4376.44615640169  3.635413E-16
4379.70110405513  3.641219E-16
4382.95605170856  3.648833E-16
4386.210999362  3.679577E-16
4389.46594701544  3.644923E-16
4392.72089466887  3.670871E-16
4395.97584232231  3.703992E-16
4399.23078997575  3.715428E-16
4402.48573762919  3.740127E-16
4405.74068528262  3.754183E-16
4408.99563293606  3.719774E-16
4412.2505805895  3.771141E-16
4415.50552824293  3.806720E-16
4418.76047589637  3.706856E-16
4422.0154235498  3.780553E-16
4425.27037120324  3.777335E-16
4428.52531885668  3.789979E-16
4431.78026651011  3.771924E-16
4435.03521416355  3.802613E-16
4438.29016181699  3.834331E-16
4441.54510947042  3.822748E-16
4444.80005712386  3.875149E-16
4448.0550047773  3.858353E-16
4451.30995243073  3.884857E-16
4454.56490008417  3.968489E-16
4457.81984773761  3.905533E-16
4461.07479539104  3.933404E-16
4464.32974304448  3.987750E-16
4467.58469069792  3.938908E-16
4470.83963835135  3.927565E-16
4474.09458600479  3.924972E-16
4477.34953365823  4.051641E-16
4480.60448131166  4.249646E-16
4483.8594289651  4.222795E-16
4487.11437661854  4.079158E-16
4490.36932427197  4.015627E-16
4493.62427192541  3.993499E-16
4496.87921957885  4.017049E-16
4500.13416723228  3.988736E-16
4503.38911488572  3.988608E-16
4506.64406253916  4.017527E-16
4509.89901019259  4.065900E-16
4513.15395784603  4.023107E-16
4516.40890549947  3.997784E-16
4519.6638531529  3.998772E-16
4522.91880080634  3.961157E-16
4526.17374845978  4.012484E-16
4529.42869611321  4.027663E-16
4532.68364376665  3.992629E-16
4535.93859142008  4.026880E-16
4539.19353907352  3.999044E-16
4542.44848672696  4.020954E-16
4545.7034343804  4.002378E-16
4548.95838203383  3.989777E-16
4552.21332968727  4.021240E-16
4555.4682773407  4.010144E-16
4558.72322499414  4.012137E-16
4561.97817264758  3.966632E-16
4565.23312030101  3.964004E-16
4568.48806795445  3.951870E-16
4571.74301560789  3.913257E-16
4574.99796326132  3.888824E-16
4578.25291091476  3.845638E-16
4581.5078585682  3.909568E-16
4584.76280622164  3.883648E-16
4588.01775387507  3.858309E-16
4591.27270152851  3.837010E-16
4594.52764918194  3.831020E-16
4597.78259683538  3.831824E-16
4601.03754448882  3.818328E-16
4604.29249214225  3.834854E-16
4607.54743979569  3.812521E-16
4610.80238744913  3.837561E-16
4614.05733510256  3.907612E-16
4617.312282756  3.910223E-16
4620.56723040944  3.845890E-16
4623.82217806287  3.770611E-16
4627.07712571631  3.803459E-16
4630.33207336975  3.781614E-16
4633.58702102318  3.774195E-16
4636.84196867662  3.800040E-16
4640.09691633006  3.758047E-16
4643.35186398349  3.747532E-16
4646.60681163693  3.803464E-16
4649.86175929037  3.815025E-16
4653.1167069438  3.807508E-16
4656.37165459724  3.792999E-16
4659.62660225068  3.746827E-16
4662.88154990411  3.690638E-16
4666.13649755755  3.720740E-16
4669.39144521098  3.717310E-16
4672.64639286442  3.667923E-16
4675.90134051786  3.670194E-16
4679.15628817129  3.699161E-16
4682.41123582473  3.675347E-16
4685.66618347817  3.661940E-16
4688.92113113161  3.634108E-16
4692.17607878504  3.632720E-16
4695.43102643848  3.605368E-16
4698.68597409192  3.638905E-16
4701.94092174535  3.623391E-16
4705.19586939879  3.552457E-16
4708.45081705222  3.599131E-16
4711.70576470566  3.589418E-16
4714.9607123591  3.626410E-16
4718.21566001253  3.594296E-16
4721.47060766597  3.560025E-16
4724.72555531941  3.584417E-16
4727.98050297284  3.563825E-16
4731.23545062628  3.613377E-16
4734.49039827972  3.567827E-16
4737.74534593315  3.565610E-16
4741.00029358659  3.552801E-16
4744.25524124003  3.542801E-16
4747.51018889346  3.558187E-16
4750.7651365469  3.604922E-16
4754.02008420034  3.564052E-16
4757.27503185377  3.526232E-16
4760.52997950721  3.534538E-16
4763.78492716065  3.503341E-16
4767.03987481408  3.495208E-16
4770.29482246752  3.514518E-16
4773.54977012096  3.482496E-16
4776.80471777439  3.436153E-16
4780.05966542783  3.442535E-16
4783.31461308127  3.449386E-16
4786.5695607347  3.456548E-16
4789.82450838814  3.426271E-16
4793.07945604158  3.430637E-16
4796.33440369501  3.434388E-16
4799.58935134845  3.434112E-16
4802.84429900189  3.411600E-16
4806.09924665532  3.379741E-16
4809.35419430876  3.410903E-16
4812.6091419622  3.417051E-16
4815.86408961563  3.393920E-16
4819.11903726907  3.301108E-16
4822.37398492251  3.322528E-16
4825.62893257594  3.338399E-16
4828.88388022938  3.330748E-16
4832.13882788282  3.393675E-16
4835.39377553625  3.380183E-16
4838.64872318969  3.387202E-16
4841.90367084312  3.396668E-16
4845.15861849656  3.370251E-16
4848.41356615  3.351568E-16
4851.66851380344  3.318782E-16
4854.92346145687  3.382019E-16
4858.17840911031  3.357424E-16
4861.43335676374  3.338515E-16
4864.68830441718  3.321807E-16
4867.94325207062  3.288773E-16
4871.19819972406  3.298038E-16
4874.45314737749  3.286448E-16
4877.70809503093  3.247604E-16
4880.96304268436  3.272954E-16
4884.2179903378  3.259629E-16
4887.47293799124  3.266088E-16
4890.72788564468  3.298908E-16
4893.98283329811  3.277634E-16
4897.23778095155  3.322668E-16
4900.49272860498  3.277676E-16
4903.74767625842  3.270021E-16
4907.00262391186  3.268533E-16
4910.25757156529  3.271599E-16
4913.51251921873  3.270284E-16
4916.76746687217  3.253220E-16
4920.0224145256  3.262418E-16
4923.27736217904  3.266322E-16
4926.53230983248  3.289000E-16
4929.78725748591  3.273138E-16
4933.04220513935  3.291431E-16
4936.29715279279  3.280069E-16
4939.55210044622  3.260118E-16
4942.80704809966  3.258124E-16
4946.0619957531  3.262324E-16
4949.31694340653  3.274116E-16
4952.57189105997  3.288749E-16
4955.82683871341  3.291838E-16
4959.08178636684  3.285732E-16
4962.33673402028  3.323158E-16
4965.59168167372  3.339328E-16
4968.84662932715  3.340025E-16
4972.10157698059  3.326775E-16
4975.35652463403  3.327832E-16
4978.61147228746  3.367187E-16
4981.8664199409  3.390582E-16
4985.12136759434  3.389567E-16
4988.37631524777  3.407212E-16
4991.63126290121  3.402997E-16
4994.88621055465  3.386125E-16
4998.14115820808  3.410885E-16
5001.39610586152  3.409668E-16
5004.65105351496  3.378977E-16
5007.90600116839  3.382203E-16
5011.16094882183  3.482606E-16
5014.41589647527  3.775200E-16
5017.6708441287  4.042452E-16
5020.92579178214  4.012848E-16
5024.18073943557  3.685608E-16
5027.43568708901  3.472793E-16
5030.69063474245  3.478206E-16
5033.94558239589  3.459704E-16
5037.20053004932  3.504556E-16
5040.45547770276  3.529059E-16
5043.7104253562  3.515938E-16
5046.96537300963  3.544533E-16
5050.22032066307  3.550236E-16
5053.47526831651  3.576900E-16
5056.73021596994  3.567782E-16
5059.98516362338  3.578123E-16
5063.24011127682  3.567525E-16
5066.49505893025  3.543585E-16
5069.75000658369  3.571186E-16
5073.00495423713  3.616601E-16
5076.25990189056  3.633359E-16
5079.514849544  3.647056E-16
5082.76979719743  3.625284E-16
5086.02474485087  3.622260E-16
5089.27969250431  3.595610E-16
5092.53464015774  3.573714E-16
5095.78958781118  3.629622E-16
5099.04453546462  3.619951E-16
5102.29948311805  3.593665E-16
5105.55443077149  3.621563E-16
5108.80937842493  3.595348E-16
5112.06432607836  3.670133E-16
5115.3192737318  4.079192E-16
5118.57422138524  4.447865E-16
5121.82916903867  4.449511E-16
5125.08411669211  3.985751E-16
5128.33906434555  3.633311E-16
5131.59401199898  3.634825E-16
5134.84895965242  3.644528E-16
5138.10390730586  3.637796E-16
5141.35885495929  3.631621E-16
5144.61380261273  3.628403E-16
5147.86875026617  3.623505E-16
5151.1236979196  3.653931E-16
5154.37864557304  3.642925E-16
5157.63359322648  3.618051E-16
5160.88854087991  3.660847E-16
5164.14348853335  4.751343E-16
5167.39843618679  6.079468E-16
5170.65338384022  6.370054E-16
5173.90833149366  5.210615E-16
5177.1632791471  3.855034E-16
5180.41822680053  3.601702E-16
5183.67317445397  3.670222E-16
5186.92812210741  3.638308E-16
5190.18306976084  3.650206E-16
5193.43801741428  3.674254E-16
5196.69296506772  3.660966E-16
5199.94791272115  3.636792E-16
5203.20286037459  3.643153E-16
5206.45780802802  3.655189E-16
5209.71275568146  3.635996E-16
5212.9677033349  3.609601E-16
5216.22265098834  3.601289E-16
5219.47759864177  3.615392E-16
5222.73254629521  3.627943E-16
5225.98749394864  3.600464E-16
5229.24244160208  3.613661E-16
5232.49738925552  3.611061E-16
5235.75233690896  3.567880E-16
5239.00728456239  3.577958E-16
5242.26223221583  3.608780E-16
5245.51717986926  3.600095E-16
5248.7721275227  3.571357E-16
5252.02707517614  3.564767E-16
5255.28202282957  3.559092E-16
5258.53697048301  3.595358E-16
5261.79191813645  3.605523E-16
5265.04686578988  3.575445E-16
5268.30181344332  3.565151E-16
5271.55676109676  3.582284E-16
5274.81170875019  3.536335E-16
5278.06665640363  3.514515E-16
5281.32160405707  3.552151E-16
5284.5765517105  3.572664E-16
5287.83149936394  3.588740E-16
5291.08644701738  3.547507E-16
5294.34139467081  3.520896E-16
5297.59634232425  3.559465E-16
5300.85128997769  3.498067E-16
5304.10623763112  3.466254E-16
5307.36118528456  3.525524E-16
5310.616132938  3.527406E-16
5313.87108059143  3.534977E-16
5317.12602824487  3.529945E-16
5320.3809758983  3.550388E-16
5323.63592355174  3.561385E-16
5326.89087120518  3.530897E-16
5330.14581885862  3.483803E-16
5333.40076651205  3.483768E-16
5336.65571416549  3.519179E-16
5339.91066181893  3.497444E-16
5343.16560947236  3.479191E-16
5346.4205571258  3.493329E-16
5349.67550477924  3.488289E-16
5352.93045243267  3.476690E-16
5356.18540008611  3.487161E-16
5359.44034773954  3.433949E-16
5362.69529539298  3.437333E-16
5365.95024304642  3.460377E-16
5369.20519069986  3.473736E-16
5372.46013835329  3.499036E-16
5375.71508600673  3.479115E-16
5378.97003366016  3.472968E-16
5382.2249813136  3.462200E-16
5385.47992896704  3.485442E-16
5388.73487662047  3.482824E-16
5391.98982427391  3.440713E-16
5395.24477192735  3.441989E-16
5398.49971958079  3.442575E-16
5401.75466723422  3.389029E-16
5405.00961488766  3.417269E-16
5408.26456254109  3.432362E-16
5411.51951019453  3.422568E-16
5414.77445784797  3.429074E-16
5418.0294055014  3.382586E-16
5421.28435315484  3.395812E-16
5424.53930080828  3.421801E-16
5427.79424846171  3.400637E-16
5431.04919611515  3.399060E-16
5434.30414376859  3.373923E-16
5437.55909142202  3.405305E-16
5440.81403907546  3.393905E-16
5444.0689867289  3.381371E-16
5447.32393438233  3.353691E-16
5450.57888203577  3.401608E-16
5453.83382968921  3.402980E-16
5457.08877734264  3.382644E-16
5460.34372499608  3.354803E-16
5463.59867264952  3.331814E-16
5466.85362030295  3.327677E-16
5470.10856795639  3.337675E-16
5473.36351560983  3.356749E-16
5476.61846326326  3.340067E-16
5479.8734109167  3.295396E-16
5483.12835857014  3.346445E-16
5486.38330622357  3.348706E-16
5489.63825387701  3.303392E-16
5492.89320153045  3.289426E-16
5496.14814918388  3.308547E-16
5499.40309683732  3.296359E-16
5502.65804449076  3.271205E-16
5505.91299214419  3.289387E-16
5509.16793979763  3.274925E-16
5512.42288745107  3.239568E-16
5515.6778351045  3.223494E-16
5518.93278275794  3.270050E-16
5522.18773041138  3.246893E-16
5525.44267806481  3.242517E-16
5528.69762571825  3.252302E-16
5531.95257337169  3.215476E-16
5535.20752102512  3.231366E-16
5538.46246867856  3.245682E-16
5541.71741633199  3.226303E-16
5544.97236398543  3.228479E-16
5548.22731163887  3.237586E-16
5551.4822592923  3.200800E-16
5554.73720694574  3.252473E-16
5557.99215459918  3.239138E-16
5561.24710225262  3.193792E-16
5564.50204990605  3.184270E-16
5567.75699755949  3.179600E-16
5571.01194521293  3.176849E-16
5574.26689286636  3.190685E-16
5577.5218405198  3.174142E-16
5580.77678817323  3.162997E-16
5584.03173582667  3.169986E-16
5587.28668348011  3.168994E-16
5590.54163113354  3.154178E-16
5593.79657878698  3.151382E-16
5597.05152644042  3.103628E-16
5600.30647409385  3.088207E-16
5603.56142174729  3.108067E-16
5606.81636940073  3.121330E-16
5610.07131705416  3.111144E-16
5613.3262647076  3.117383E-16
5616.58121236104  3.087123E-16
5619.83616001447  3.066276E-16
5623.09110766791  3.118620E-16
5626.34605532135  3.080715E-16
5629.60100297478  3.072471E-16
5632.85595062822  3.109373E-16
5636.11089828166  3.099942E-16
5639.36584593509  3.092627E-16
5642.62079358853  3.070431E-16
5645.87574124197  3.073240E-16
5649.1306888954  3.078552E-16
5652.38563654884  3.076341E-16
5655.64058420228  3.078408E-16
5658.89553185571  3.058636E-16
5662.15047950915  3.083163E-16
5665.40542716259  3.059004E-16
5668.66037481602  3.090170E-16
5671.91532246946  3.075322E-16
5675.1702701229  3.062277E-16
5678.42521777633  3.046758E-16
5681.68016542977  3.070802E-16
5684.93511308321  3.078944E-16
5688.19006073664  3.023399E-16
5691.44500839008  3.051041E-16
5694.69995604351  3.070700E-16
5697.95490369695  3.018673E-16
5701.20985135039  3.037299E-16
5704.46479900382  3.011690E-16
5707.71974665726  3.020446E-16
5710.9746943107  3.016641E-16
5714.22964196413  2.960949E-16
5717.48458961757  2.974140E-16
5720.73953727101  2.984182E-16
5723.99448492445  2.988738E-16
5727.24943257788  2.983017E-16
5730.50438023132  3.020070E-16
5733.75932788475  2.987949E-16
5737.01427553819  2.946846E-16
5740.26922319163  2.945889E-16
5743.52417084507  2.952185E-16
5746.7791184985  2.966412E-16
5750.03406615194  2.998203E-16
5753.28901380537  2.952389E-16
5756.54396145881  2.947179E-16
5759.79890911225  2.937009E-16
5763.05385676568  2.922200E-16
5766.30880441912  2.909615E-16
5769.56375207256  2.875539E-16
5772.81869972599  2.867082E-16
5776.07364737943  2.864434E-16
5779.32859503287  2.845792E-16
5782.5835426863  2.853241E-16
5785.83849033974  2.869037E-16
5789.09343799318  2.851323E-16
5792.34838564661  2.867504E-16
5795.60333330005  2.883837E-16
5798.85828095349  2.870022E-16
5802.11322860692  2.897694E-16
5805.36817626036  2.906222E-16
5808.6231239138  2.881019E-16
5811.87807156723  2.882701E-16
5815.13301922067  2.892524E-16
5818.38796687411  2.877006E-16
5821.64291452754  2.881798E-16
5824.89786218098  2.867511E-16
5828.15280983442  2.857461E-16
5831.40775748785  2.895337E-16
5834.66270514129  2.875248E-16
5837.91765279472  2.877893E-16
5841.17260044816  2.878743E-16
5844.4275481016  2.870107E-16
5847.68249575504  2.855820E-16
5850.93744340847  2.871377E-16
5854.19239106191  2.852671E-16
5857.44733871535  2.846765E-16
5860.70228636878  2.877458E-16
5863.95723402222  2.896593E-16
5867.21218167565  2.868461E-16
5870.46712932909  2.836415E-16
5873.72207698253  2.822684E-16
5876.97702463596  2.809247E-16
5880.2319722894  2.826303E-16
5883.48691994284  2.719764E-16
5886.74186759627  2.626098E-16
5889.99681524971  2.630512E-16
5893.25176290315  2.673502E-16
5896.50671055659  2.732035E-16
5899.76165821002  2.771099E-16
5903.01660586346  2.788821E-16
5906.27155351689  2.792908E-16
5909.52650117033  2.758407E-16
5912.78144882377  2.732244E-16
5916.0363964772  2.758167E-16
5919.29134413064  2.777999E-16
5922.54629178408  2.763054E-16
5925.80123943751  2.755676E-16
5929.05618709095  2.756495E-16
5932.31113474439  2.744206E-16
5935.56608239782  2.726931E-16
5938.82103005126  2.682397E-16
5942.0759777047  2.682010E-16
5945.33092535813  2.711009E-16
5948.58587301157  2.696774E-16
5951.84082066501  2.705274E-16
5955.09576831844  2.702526E-16
5958.35071597188  2.708232E-16
5961.60566362532  2.673430E-16
5964.86061127875  2.662374E-16
5968.11555893219  2.661811E-16
5971.37050658563  2.641174E-16
5974.62545423906  2.670071E-16
5977.8804018925  2.667492E-16
5981.13534954594  2.657237E-16
5984.39029719937  2.690817E-16
5987.64524485281  2.642222E-16
5990.90019250624  2.624992E-16
5994.15514015968  2.616757E-16
5997.41008781312  2.635693E-16
6000.66503546656  2.614815E-16
6003.91998311999  2.578894E-16
6007.17493077343  2.592421E-16
6010.42987842686  2.590439E-16
6013.6848260803  2.590378E-16
6016.93977373374  2.592058E-16
6020.19472138718  2.569006E-16
6023.44966904061  2.565042E-16
6026.70461669405  2.545682E-16
6029.95956434749  2.532069E-16
6033.21451200092  2.531137E-16
6036.46945965436  2.520080E-16
6039.72440730779  2.482940E-16
6042.97935496123  2.482809E-16
6046.23430261467  2.495753E-16
6049.4892502681  2.491796E-16
6052.74419792154  2.484002E-16
6055.99914557498  2.487079E-16
6059.25409322841  2.461932E-16
6062.50904088185  2.467756E-16
6065.76398853529  2.490254E-16
6069.01893618872  2.491604E-16
6072.27388384216  2.486015E-16
6075.5288314956  2.425073E-16
6078.78377914903  2.431342E-16
6082.03872680247  2.413450E-16
6085.29367445591  2.402384E-16
6088.54862210935  2.392521E-16
6091.80356976278  2.399742E-16
6095.05851741622  2.409805E-16
6098.31346506965  2.402613E-16
6101.56841272309  2.393336E-16
6104.82336037653  2.390463E-16
6108.07830802996  2.394351E-16
6111.3332556834  2.377628E-16
6114.58820333684  2.381342E-16
6117.84315099027  2.368714E-16
6121.09809864371  2.394576E-16
6124.35304629715  2.386170E-16
6127.60799395058  2.391947E-16
6130.86294160402  2.397757E-16
6134.11788925746  2.373476E-16
6137.37283691089  2.355638E-16
6140.62778456433  2.380112E-16
6143.88273221777  2.426804E-16
6147.1376798712  2.417514E-16
6150.39262752464  2.394649E-16
6153.64757517808  2.387826E-16
6156.90252283151  2.402358E-16
6160.15747048495  2.398245E-16
6163.41241813838  2.386552E-16
6166.66736579182  2.389872E-16
6169.92231344526  2.387202E-16
6173.17726109869  2.364826E-16
6176.43220875213  2.376082E-16
6179.68715640557  2.390162E-16
6182.94210405901  2.365500E-16
6186.19705171244  2.365166E-16
6189.45199936588  2.379261E-16
6192.70694701932  2.390611E-16
6195.96189467275  2.352149E-16
6199.21684232619  2.366629E-16
6202.47178997963  2.392440E-16
6205.72673763306  2.374194E-16
6208.9816852865  2.393269E-16
6212.23663293993  2.405686E-16
6215.49158059337  2.417460E-16
6218.74652824681  2.398787E-16
6222.00147590024  2.394167E-16
6225.25642355368  2.406282E-16
6228.51137120712  2.401980E-16
6231.76631886055  2.378793E-16
6235.02126651399  2.382175E-16
6238.27621416743  2.347202E-16
6241.53116182086  2.390982E-16
6244.7861094743  2.400916E-16
6248.04105712774  2.374372E-16
6251.29600478117  2.397502E-16
6254.55095243461  2.387553E-16
6257.80590008805  2.345336E-16
6261.06084774148  2.348270E-16
6264.31579539492  2.339765E-16
6267.57074304836  2.312736E-16
6270.82569070179  2.288413E-16
6274.08063835523  2.218878E-16
6277.33558600867  2.168221E-16
6280.5905336621  2.205077E-16
6283.84548131554  2.252565E-16
6287.10042896898  2.216142E-16
6290.35537662241  2.202801E-16
6293.61032427585  2.268505E-16
6296.86527192929  2.276268E-16
6300.12021958272  2.282803E-16
6303.37516723616  2.287701E-16
6306.6301148896  2.307159E-16
6309.88506254303  2.310050E-16
6313.14001019647  2.310107E-16
6316.39495784991  2.324039E-16
6319.64990550334  2.314274E-16
6322.90485315678  2.323239E-16
6326.15980081022  2.311392E-16
6329.41474846365  2.337315E-16
6332.66969611709  2.355244E-16
6335.92464377052  2.325598E-16
6339.17959142396  2.356174E-16
6342.4345390774  2.371257E-16
6345.68948673084  2.343541E-16
6348.94443438427  2.348225E-16
6352.19938203771  2.333613E-16
6355.45432969115  2.329443E-16
6358.70927734458  2.346003E-16
6361.96422499802  2.345746E-16
6365.21917265145  2.325909E-16
6368.47412030489  2.338003E-16
6371.72906795833  2.349979E-16
6374.98401561177  2.352104E-16
6378.2389632652  2.336252E-16
6381.49391091864  2.332914E-16
6384.74885857207  2.352285E-16
6388.00380622551  2.327426E-16
6391.25875387895  2.308847E-16
6394.51370153238  2.354247E-16
6397.76864918582  2.372114E-16
6401.02359683926  2.342355E-16
6404.27854449269  2.382908E-16
6407.53349214613  2.363584E-16
6410.78843979957  2.326656E-16
6414.043387453  2.334677E-16
6417.29833510644  2.338362E-16
6420.55328275988  2.317035E-16
6423.80823041331  2.369753E-16
6427.06317806675  2.351465E-16
6430.31812572019  2.349392E-16
6433.57307337362  2.345721E-16
6436.82802102706  2.355742E-16
6440.0829686805  2.389147E-16
6443.33791633393  2.343221E-16
6446.59286398737  2.342311E-16
6449.84781164081  2.378843E-16
6453.10275929424  2.361731E-16
6456.35770694768  2.350003E-16
6459.61265460112  2.354308E-16
6462.86760225455  2.354886E-16
6466.12254990799  2.327858E-16
6469.37749756142  2.335805E-16
6472.63244521486  2.359369E-16
6475.8873928683  2.331168E-16
6479.14234052174  2.320171E-16
6482.39728817517  2.332456E-16
6485.65223582861  2.329014E-16
6488.90718348205  2.328030E-16
6492.16213113548  2.316492E-16
6495.41707878892  2.322170E-16
6498.67202644236  2.339873E-16
6501.92697409579  2.356963E-16
6505.18192174923  2.347451E-16
6508.43686940267  2.356330E-16
6511.6918170561  2.328147E-16
6514.94676470954  2.288135E-16
6518.20171236298  2.275754E-16
6521.45666001641  2.319705E-16
6524.71160766985  2.336536E-16
6527.96655532329  2.329253E-16
6531.22150297672  2.327332E-16
6534.47645063016  2.309047E-16
6537.7313982836  2.307002E-16
6540.98634593703  2.311601E-16
6544.24129359047  2.324257E-16
6547.4962412439  2.333492E-16
6550.75118889734  2.317165E-16
6554.00613655078  2.308994E-16
6557.26108420421  2.316747E-16
6560.51603185765  2.325424E-16
6563.77097951109  2.329675E-16
6567.02592716452  2.307488E-16
6570.28087481796  2.287768E-16
6573.5358224714  2.308954E-16
6576.79077012483  2.321415E-16
6580.04571777827  2.308065E-16
6583.30066543171  2.304392E-16
6586.55561308514  2.294283E-16
6589.81056073858  2.289754E-16
6593.06550839202  2.286362E-16
6596.32045604545  2.294115E-16
6599.57540369889  2.306232E-16
6602.83035135233  2.299259E-16
6606.08529900576  2.303701E-16
6609.3402466592  2.294892E-16
6612.59519431264  2.271455E-16
6615.85014196607  2.284916E-16
6619.10508961951  2.295464E-16
6622.36003727295  2.287804E-16
6625.61498492638  2.256267E-16
6628.86993257982  2.292598E-16
6632.12488023326  2.294230E-16
6635.37982788669  2.264109E-16
6638.63477554013  2.280462E-16
6641.88972319356  2.299982E-16
6645.144670847  2.296344E-16
6648.39961850044  2.253254E-16
6651.65456615388  2.262697E-16
6654.90951380731  2.273890E-16
6658.16446146075  2.262748E-16
6661.41940911419  2.284644E-16
6664.67435676762  2.270099E-16
6667.92930442106  2.267581E-16
6671.1842520745  2.252298E-16
6674.43919972793  2.238452E-16
6677.69414738137  2.240070E-16
6680.94909503481  2.244247E-16
6684.20404268824  2.247963E-16
6687.45899034168  2.218846E-16
6690.71393799511  2.234809E-16
6693.96888564855  2.208662E-16
6697.22383330199  2.269150E-16
6700.47878095543  2.236466E-16
6703.73372860886  2.214452E-16
6706.9886762623  2.222623E-16
6710.24362391574  2.216943E-16
6713.49857156917  2.196973E-16
6716.75351922261  2.198411E-16
6720.00846687604  2.230391E-16
6723.26341452948  2.222699E-16
6726.51836218292  2.216740E-16
6729.77330983635  2.200390E-16
6733.02825748979  2.185405E-16
6736.28320514323  2.175070E-16
6739.53815279666  2.177145E-16
6742.7931004501  2.201717E-16
6746.04804810354  2.197884E-16
6749.30299575697  2.171988E-16
6752.55794341041  2.165732E-16
6755.81289106385  2.182548E-16
6759.06783871728  2.180668E-16
6762.32278637072  2.172220E-16
6765.57773402416  2.170350E-16
6768.83268167759  2.165635E-16
6772.08762933103  2.349949E-16
6775.34257698447  3.136772E-16
6778.5975246379  3.946672E-16
6781.85247229134  4.131928E-16
6785.10741994478  3.123747E-16
6788.36236759821  2.272985E-16
6791.61731525165  2.121893E-16
6794.87226290509  2.155584E-16
6798.12721055852  2.176008E-16
6801.38215821196  2.184573E-16
6804.63710586539  2.163479E-16
6807.89205351883  2.128690E-16
6811.14700117227  2.107723E-16
6814.4019488257  2.095705E-16
6817.65689647914  2.099567E-16
6820.91184413258  2.110737E-16
6824.16679178602  2.088961E-16
6827.42173943945  2.063548E-16
6830.67668709289  2.078988E-16
6833.93163474633  2.091263E-16
6837.18658239976  2.088157E-16
6840.4415300532  2.090088E-16
6843.69647770663  2.069621E-16
6846.95142536007  2.062271E-16
6850.20637301351  2.073418E-16
6853.46132066695  2.058755E-16
6856.71626832038  2.055663E-16
6859.97121597382  1.979645E-16
6863.22616362726  1.801522E-16
6866.48111128069  1.537862E-16
6869.73605893413  1.405070E-16
6872.99100658757  1.509693E-16
6876.245954241  1.660241E-16
6879.50090189444  1.792366E-16
6882.75584954787  1.802136E-16
6886.01079720131  1.729516E-16
6889.26574485475  1.698272E-16
6892.52069250818  1.732232E-16
6895.77564016162  1.764166E-16
6899.03058781506  1.775880E-16
6902.28553546849  1.796269E-16
6905.54048312193  1.830899E-16
6908.79543077537  1.840258E-16
6912.0503784288  1.840345E-16
6915.30532608224  1.874524E-16
6918.56027373568  1.883582E-16
6921.81522138911  1.875800E-16
6925.07016904255  1.881255E-16
6928.32511669599  1.895579E-16
6931.58006434942  1.910517E-16
6934.83501200286  1.967800E-16
6938.0899596563  2.002588E-16
6941.34490730973  1.987515E-16
6944.59985496317  1.950758E-16
6947.85480261661  1.933338E-16
6951.10975027004  1.973672E-16
6954.36469792348  1.994069E-16
6957.61964557692  1.938781E-16
6960.87459323035  1.888204E-16
6964.12954088379  1.891646E-16
6967.38448853723  1.912801E-16
6970.63943619066  1.907457E-16
6973.8943838441  1.932534E-16
6977.14933149753  1.935479E-16
6980.40427915097  1.902864E-16
6983.65922680441  1.886629E-16
6986.91417445785  1.864536E-16
6990.16912211128  1.844000E-16
6993.42406976472  1.837247E-16
6996.67901741816  1.848778E-16
6999.93396507159  1.854402E-16
7003.18891272503  1.849308E-16
7006.44386037847  1.861820E-16
7009.6988080319  1.868027E-16
7012.95375568534  1.848042E-16
7016.20870333877  1.849612E-16
7019.46365099221  1.829528E-16
7022.71859864565  1.815393E-16
7025.97354629908  1.831233E-16
7029.22849395252  1.856269E-16
7032.48344160596  1.863530E-16
7035.73838925939  1.842358E-16
7038.99333691283  1.829376E-16
7042.24828456627  1.846523E-16
7045.50323221971  1.854473E-16
7048.75817987314  1.860396E-16
7052.01312752658  1.845046E-16
7055.26807518001  1.822454E-16
7058.52302283345  1.840569E-16
7061.77797048689  1.837077E-16
7065.03291814032  1.806638E-16
7068.28786579376  1.808755E-16
7071.5428134472  1.812231E-16
7074.79776110063  1.813334E-16
7078.05270875407  1.802487E-16
7081.30765640751  1.807353E-16
7084.56260406094  1.838572E-16
7087.81755171438  1.823340E-16
7091.07249936782  1.807555E-16
7094.32744702125  1.803256E-16
7097.58239467469  1.809575E-16
7100.83734232813  1.804913E-16
7104.09228998156  1.794190E-16
7107.347237635  1.801261E-16
7110.60218528844  1.795478E-16
7113.85713294187  1.809583E-16
7117.11208059531  1.806442E-16
7120.36702824875  1.812569E-16
7123.62197590218  1.818430E-16
7126.87692355562  1.802547E-16
7130.13187120906  1.794214E-16
7133.38681886249  1.784682E-16
7136.64176651593  1.776040E-16
7139.89671416937  1.785400E-16
7143.1516618228  1.754373E-16
7146.40660947624  1.698654E-16
7149.66155712968  1.723575E-16
7152.91650478311  1.768655E-16
7156.17145243655  1.771712E-16
7159.42640008999  1.747482E-16
7162.68134774342  1.714359E-16
7165.93629539686  1.678020E-16
7169.1912430503  1.600263E-16
7172.44619070373  1.589574E-16
7175.70113835717  1.585213E-16
7178.9560860106  1.569281E-16
7182.21103366404  1.564074E-16
7185.46598131748  1.528386E-16
7188.72092897091  1.535071E-16
7191.97587662435  1.528331E-16
7195.23082427779  1.546514E-16
7198.48577193122  1.550334E-16
7201.74071958466  1.544328E-16
7204.9956672381  1.592367E-16
7208.25061489153  1.638109E-16
7211.50556254497  1.665279E-16
7214.76051019841  1.687206E-16
7218.01545785184  1.687523E-16
7221.27040550528  1.687602E-16
7224.52535315872  1.655276E-16
7227.78030081216  1.603795E-16
7231.03524846559  1.558078E-16
7234.29019611903  1.498532E-16
7237.54514377246  1.533432E-16
7240.8000914259  1.536616E-16
7244.05503907934  1.520083E-16
7247.30998673277  1.549318E-16
7250.56493438621  1.552367E-16
7253.81988203965  1.532729E-16
7257.07482969308  1.579926E-16
7260.32977734652  1.583360E-16
7263.58472499996  1.554623E-16
7266.83967265339  1.542902E-16
7270.09462030683  1.524705E-16
7273.34956796027  1.509422E-16
7276.6045156137  1.515534E-16
7279.85946326714  1.528849E-16
7283.11441092058  1.561331E-16
7286.36935857401  1.562283E-16
7289.62430622745  1.528314E-16
7292.87925388089  1.547697E-16
7296.13420153432  1.559475E-16
7299.38914918776  1.568964E-16
7302.64409684119  1.532371E-16
7305.89904449463  1.503653E-16
7309.15399214807  1.522667E-16
7312.40893980151  1.543829E-16
7315.66388745494  1.520066E-16
7318.91883510838  1.524794E-16
7322.17378276181  1.605688E-16
7325.42873041525  1.584822E-16
7328.68367806869  1.581825E-16
7331.93862572212  1.540591E-16
7335.19357337556  1.570425E-16
7338.448521029  1.596157E-16
7341.70346868244  1.578297E-16
7344.95841633587  1.562257E-16
7348.21336398931  1.564396E-16
7351.46831164275  1.555727E-16
7354.72325929618  1.546604E-16
7357.97820694962  1.548317E-16
7361.23315460305  1.519192E-16
7364.48810225649  1.514625E-16
7367.74304990993  1.551671E-16
7370.99799756336  1.563390E-16
7374.2529452168  1.543716E-16
7377.50789287024  1.575458E-16
7380.76284052367  1.554661E-16
7384.01778817711  1.532324E-16
7387.27273583055  1.541463E-16
7390.52768348398  1.557729E-16
7393.78263113742  1.534797E-16
7397.03757879086  1.554013E-16
7400.2925264443  1.530369E-16
7403.54747409773  1.532413E-16
7406.80242175117  1.540959E-16
7410.0573694046  1.512356E-16
7413.31231705804  1.519488E-16
7416.56726471148  1.524184E-16
7419.82221236491  1.513868E-16
7423.07716001835  1.514709E-16
7426.33210767179  1.521202E-16
7429.58705532522  1.527617E-16
7432.84200297866  1.513531E-16
7436.0969506321  1.509253E-16
7439.35189828553  1.505470E-16
7442.60684593897  1.498191E-16
7445.86179359241  1.506207E-16
7449.11674124584  1.509903E-16
7452.37168889928  1.507417E-16
7455.62663655272  1.517934E-16
7458.88158420615  1.518755E-16
7462.13653185959  1.491418E-16
7465.39147951303  1.483785E-16
7468.64642716646  1.494464E-16
7471.9013748199  1.495551E-16
7475.15632247333  1.503999E-16
7478.41127012677  1.492491E-16
7481.66621778021  1.477246E-16
7484.92116543365  1.481973E-16
7488.17611308708  1.500861E-16
7491.43106074052  1.500225E-16
7494.68600839395  1.480825E-16
7497.94095604739  1.466319E-16
7501.19590370083  1.471433E-16
7504.45085135426  1.493480E-16
7507.7057990077  1.479639E-16
7510.96074666114  1.483108E-16
7514.21569431458  1.480192E-16
7517.47064196801  1.453059E-16
7520.72558962145  1.476896E-16
7523.98053727489  1.477988E-16
7527.23548492832  1.469683E-16
7530.49043258176  1.486533E-16
7533.74538023519  1.465527E-16
7537.00032788863  1.491716E-16
7540.25527554207  1.469743E-16
7543.5102231955  1.454554E-16
7546.76517084894  1.460174E-16
7550.02011850238  1.453650E-16
7553.27506615581  1.459767E-16
7556.53001380925  1.470412E-16
7559.78496146269  1.466451E-16
7563.03990911612  1.473726E-16
7566.29485676956  1.485094E-16
7569.549804423  1.482415E-16
7572.80475207643  1.484725E-16
7576.05969972987  1.470172E-16
7579.3146473833  1.457741E-16
7582.56959503674  1.477510E-16
7585.82454269018  1.448324E-16
7589.07949034362  1.358085E-16
7592.33443799705  1.117986E-16
7595.58938565049  7.350924E-17
7598.84433330393  4.584897E-17
7602.09928095736  3.189506E-17
7605.3542286108  2.735077E-17
7608.60917626424  3.304711E-17
7611.86412391767  5.043170E-17
7615.11907157111  7.385820E-17
7618.37401922455  9.232697E-17
7621.62896687798  8.860978E-17
7624.88391453142  7.167460E-17
7628.13886218486  6.390204E-17
7631.39380983829  6.570678E-17
7634.64875749173  6.908936E-17
7637.90370514517  7.345299E-17
7641.1586527986  7.903149E-17
7644.41360045204  8.418370E-17
7647.66854810547  9.136614E-17
7650.92349575891  1.010630E-16
7654.17844341235  1.051933E-16
7657.43339106578  1.094711E-16
7660.68833871922  1.161581E-16
7663.94328637266  1.206857E-16
7667.19823402609  1.240827E-16
7670.45318167953  1.297029E-16
7673.70812933297  1.320275E-16
7676.96307698641  1.329411E-16
7680.21802463984  1.356074E-16
7683.47297229328  1.374243E-16
7686.72791994672  1.381054E-16
7689.98286760015  1.408971E-16
7693.23781525359  1.401487E-16
7696.49276290702  1.393363E-16
7699.74771056046  1.424271E-16
7703.0026582139  1.405016E-16
7706.25760586733  1.391280E-16
7709.51255352077  1.433568E-16
7712.76750117421  1.445258E-16
7716.02244882764  1.450611E-16
7719.27739648108  1.436170E-16
7722.53234413452  1.440385E-16
7725.78729178795  1.437512E-16
7729.04223944139  1.439789E-16
7732.29718709483  1.450486E-16
7735.55213474826  1.416001E-16
7738.8070824017  1.431936E-16
7742.06203005514  1.418349E-16
7745.31697770857  1.432061E-16
7748.57192536201  1.449434E-16
7751.82687301545  1.422451E-16
7755.08182066888  1.428662E-16
7758.33676832232  1.452197E-16
7761.59171597576  1.437260E-16
7764.84666362919  1.440006E-16
7768.10161128263  1.460907E-16
7771.35655893607  1.441669E-16
7774.6115065895  1.429957E-16
7777.86645424294  1.448711E-16
7781.12140189638  1.450898E-16
7784.37634954981  1.449165E-16
7787.63129720325  1.453835E-16
7790.88624485669  1.453071E-16
7794.14119251012  1.459115E-16
7797.39614016356  1.440076E-16
7800.651087817  1.438370E-16
7803.90603547043  1.485448E-16
7807.16098312387  1.458484E-16
7810.41593077731  1.436771E-16
7813.67087843074  1.425760E-16
7816.92582608418  1.453031E-16
7820.18077373761  1.463690E-16
7823.43572139105  1.471464E-16
7826.69066904449  1.481608E-16
7829.94561669792  1.459767E-16
7833.20056435136  1.465183E-16
7836.4555120048  1.478657E-16
7839.71045965823  1.453613E-16
7842.96540731167  1.435831E-16
7846.22035496511  1.424405E-16
7849.47530261854  1.440487E-16
7852.73025027198  1.441955E-16
7855.98519792542  1.471526E-16
7859.24014557885  1.448615E-16
7862.49509323229  1.424801E-16
7865.75004088573  1.428980E-16
7869.00498853916  1.468695E-16
7872.2599361926  1.440262E-16
7875.51488384604  1.455353E-16
7878.76983149947  1.448789E-16
7882.02477915291  1.430681E-16
7885.27972680635  1.434557E-16
7888.53467445978  1.426159E-16
7891.78962211322  1.403605E-16
7895.04456976666  1.396031E-16
7898.29951742009  1.405726E-16
7901.55446507353  1.420694E-16
7904.80941272697  1.421476E-16
7908.0643603804  1.416599E-16
7911.31930803384  1.438671E-16
7914.57425568728  1.420288E-16
7917.82920334071  1.398968E-16
7921.08415099415  1.398351E-16
7924.33909864759  1.387552E-16
7927.59404630102  1.391847E-16
7930.84899395446  1.405583E-16
7934.1039416079  1.410786E-16
7937.35888926133  1.403033E-16
7940.61383691477  1.414371E-16
7943.86878456821  1.415778E-16
7947.12373222164  1.404962E-16
7950.37867987508  1.398707E-16
7953.63362752852  1.388780E-16
7956.88857518195  1.353455E-16
7960.14352283539  1.358324E-16
7963.39847048883  1.383812E-16
7966.65341814226  1.371280E-16
7969.9083657957  1.363314E-16
7973.16331344913  1.353649E-16
7976.41826110257  1.373106E-16
7979.67320875601  1.389283E-16
7982.92815640945  1.380987E-16
7986.18310406288  1.362806E-16
7989.43805171632  1.393916E-16
7992.69299936975  1.402288E-16
7995.94794702319  1.392010E-16
7999.20289467663  1.355935E-16
8002.45784233006  1.356656E-16
8005.7127899835  1.372015E-16
8008.96773763694  1.354864E-16
8012.22268529037  1.377491E-16
8015.47763294381  1.366943E-16
8018.73258059725  1.341638E-16
8021.98752825068  1.353710E-16
8025.24247590412  1.361762E-16
8028.49742355756  1.348763E-16
8031.75237121099  1.341944E-16
8035.00731886443  1.356795E-16
8038.26226651787  1.362584E-16
8041.5172141713  1.358963E-16
8044.77216182474  1.341796E-16
8048.02710947818  1.352549E-16
8051.28205713161  1.351065E-16
8054.53700478505  1.334231E-16
8057.79195243849  1.343981E-16
8061.04690009192  1.364340E-16
8064.30184774536  1.378246E-16
8067.5567953988  1.346717E-16
8070.81174305223  1.327378E-16
8074.06669070567  1.341036E-16
8077.32163835911  1.329969E-16
8080.57658601254  1.319100E-16
8083.83153366598  1.325626E-16
8087.08648131942  1.325328E-16
8090.34142897285  1.322556E-16
8093.59637662629  1.329386E-16
8096.85132427973  1.328683E-16
8100.10627193316  1.320748E-16
8103.3612195866  1.328789E-16
8106.61616724003  1.322966E-16
8109.87111489347  1.302729E-16
8113.12606254691  1.294304E-16
8116.38101020035  1.290593E-16
8119.63595785378  1.286926E-16
8122.89090550722  1.291041E-16
8126.14585316065  1.279779E-16
8129.40080081409  1.255174E-16
8132.65574846753  1.237002E-16
8135.91069612096  1.214000E-16
8139.1656437744  1.227514E-16
8142.42059142784  1.210765E-16
8145.67553908127  1.206952E-16
8148.93048673471  1.187875E-16
8152.18543438815  1.164605E-16
8155.44038204158  1.175208E-16
8158.69532969502  1.170578E-16
8161.95027734846  1.143105E-16
8165.2052250019  1.111079E-16
8168.46017265533  1.139593E-16
8171.71512030877  1.176325E-16
8174.9700679622  1.187121E-16
8178.22501561564  1.152325E-16
8181.47996326908  1.127738E-16
8184.73491092251  1.194158E-16
8187.98985857595  1.208228E-16
8191.24480622939  1.184560E-16
8194.49975388282  1.196248E-16
8197.75470153626  1.217807E-16
8201.0096491897  1.205018E-16
8204.26459684314  1.239799E-16
8207.51954449657  1.280194E-16
8210.77449215001  1.281471E-16
8214.02943980344  1.263535E-16
8217.28438745688  1.259807E-16
8220.53933511032  1.261912E-16
8223.79428276375  1.294854E-16
8227.04923041719  1.231932E-16
8230.30417807063  1.020376E-16
8233.55912572406  1.058791E-16
8236.8140733775  1.170911E-16
8240.06902103094  1.230987E-16
8243.32396868437  1.260035E-16
8246.57891633781  1.254748E-16
8249.83386399125  1.295816E-16
8253.08881164468  1.291267E-16
8256.34375929812  1.251727E-16
8259.59870695156  1.224260E-16
8262.85365460499  1.262415E-16
8266.10860225843  1.284527E-16
8269.36354991186  1.290047E-16
8272.6184975653  1.249233E-16
8275.87344521874  1.191009E-16
8279.12839287218  1.162642E-16
8282.38334052561  1.193236E-16
8285.63828817905  1.210224E-16
8288.89323583249  1.173556E-16
8292.14818348592  1.185147E-16
8295.40313113936  1.192294E-16
8298.65807879279  1.234960E-16
8301.91302644623  1.265116E-16
8305.16797409967  1.220035E-16
8308.4229217531  1.264312E-16
8311.67786940654  1.273893E-16
8314.93281705998  1.259806E-16
8318.18776471341  1.241221E-16
8321.44271236685  1.231459E-16
8324.69766002029  1.242727E-16
8327.95260767372  1.301693E-16
8331.20755532716  1.293441E-16
8334.4625029806  1.272355E-16
8337.71745063403  1.232805E-16
8340.97239828747  1.212319E-16
8344.2273459409  1.256011E-16
8347.48229359434  1.263993E-16
8350.73724124778  1.279640E-16
8353.99218890122  1.331169E-16
8357.24713655465  1.296818E-16
8360.50208420809  1.271865E-16
8363.75703186153  1.322393E-16
8367.01197951497  1.335628E-16
8370.2669271684  1.321017E-16
8373.52187482184  1.329293E-16
8376.77682247527  1.313115E-16
8380.03177012871  1.333228E-16
8383.28671778215  1.341704E-16
8386.54166543558  1.332239E-16
8389.79661308902  1.314607E-16
8393.05156074246  1.295731E-16
8396.30650839589  1.317861E-16
8399.56145604933  1.339994E-16
8402.81640370277  1.312755E-16
8406.0713513562  1.314898E-16
8409.32629900964  1.343436E-16
8412.58124666308  1.352919E-16
8415.83619431651  1.354814E-16
8419.09114196995  1.331613E-16
8422.34608962339  1.311268E-16
8425.60103727682  1.297989E-16
8428.85598493026  1.374306E-16
8432.11093258369  1.385994E-16
8435.36588023713  1.321748E-16
8438.62082789057  1.353818E-16
8441.87577554401  1.344836E-16
8445.13072319744  1.365785E-16
8448.38567085088  1.400015E-16
8451.64061850431  1.381951E-16
8454.89556615775  1.372795E-16
8458.15051381119  1.340936E-16
8461.40546146463  1.350507E-16
8464.66040911806  1.378298E-16
8467.9153567715  1.359525E-16
8471.17030442493  1.352056E-16
8474.42525207837  1.370008E-16
8477.68019973181  1.383520E-16
8480.93514738524  1.396689E-16
8484.19009503868  1.394018E-16
8487.44504269212  1.377832E-16
8490.69999034555  1.370157E-16
8493.95493799899  1.367052E-16
8497.20988565243  1.360648E-16
8500.46483330586  1.366310E-16
8503.7197809593  1.361088E-16
8506.97472861274  1.402552E-16
8510.22967626617  1.389395E-16
8513.48462391961  1.396260E-16
8516.73957157305  1.396181E-16
8519.99451922648  1.385745E-16
8523.24946687992  1.371680E-16
8526.50441453336  1.395884E-16
8529.75936218679  1.407319E-16
8533.01430984023  1.397585E-16
8536.26925749367  1.405319E-16
8539.5242051471  1.408443E-16
8542.77915280054  1.390183E-16
8546.03410045398  1.365811E-16
8549.28904810742  1.399320E-16
8552.54399576085  1.419019E-16
8555.79894341429  1.408743E-16
8559.05389106772  1.407677E-16
8562.30883872116  1.385728E-16
8565.5637863746  1.405113E-16
8568.81873402803  1.391570E-16
8572.07368168147  1.417094E-16
8575.32862933491  1.421568E-16
8578.58357698834  1.400720E-16
8581.83852464178  1.391657E-16
8585.09347229522  1.383544E-16
8588.34841994865  1.380056E-16
8591.60336760209  1.388763E-16
8594.85831525553  1.406114E-16
8598.11326290896  1.412917E-16
8601.3682105624  1.404237E-16
8604.62315821583  1.391012E-16
8607.87810586927  1.391997E-16
8611.13305352271  1.400601E-16
8614.38800117615  1.377820E-16
8617.64294882958  1.373556E-16
8620.89789648302  1.386253E-16
8624.15284413646  1.394670E-16
8627.40779178989  1.389607E-16
8630.66273944333  1.358361E-16
8633.91768709676  1.360095E-16
8637.1726347502  1.370189E-16
8640.42758240364  1.372709E-16
8643.68253005707  1.380831E-16
8646.93747771051  1.371717E-16
8650.19242536395  1.368634E-16
8653.44737301739  1.356767E-16
8656.70232067082  1.368736E-16
8659.95726832426  1.390834E-16
8663.21221597769  1.388103E-16
8666.46716363113  1.394526E-16
8669.72211128457  1.396105E-16
8672.977058938  1.360800E-16
8676.23200659144  1.325168E-16
8679.48695424488  1.378543E-16
8682.74190189831  1.350402E-16
8685.99684955175  1.366076E-16
8689.25179720519  1.382471E-16
8692.50674485862  1.366159E-16
8695.76169251206  1.368563E-16
8699.0166401655  1.354772E-16
8702.27158781893  1.372859E-16
8705.52653547237  1.396495E-16
8708.78148312581  1.370628E-16
8712.03643077924  1.339944E-16
8715.29137843268  1.352199E-16
8718.54632608612  1.370950E-16
8721.80127373955  1.366604E-16
8725.05622139299  1.357576E-16
8728.31116904643  1.361296E-16
8731.56611669986  1.367406E-16
8734.8210643533  1.370245E-16
8738.07601200674  1.382183E-16
8741.33095966017  1.351784E-16
8744.58590731361  1.332280E-16
8747.84085496705  1.373354E-16
8751.09580262048  1.360888E-16
8754.35075027392  1.319521E-16
8757.60569792736  1.325556E-16
8760.86064558079  1.351596E-16
8764.11559323423  1.319923E-16
8767.37054088767  1.325152E-16
8770.6254885411  1.331467E-16
8773.88043619454  1.306536E-16
8777.13538384798  1.342747E-16
8780.39033150141  1.352823E-16
8783.64527915485  1.307136E-16
8786.90022680828  1.291423E-16
8790.15517446172  1.294793E-16
8793.41012211516  1.319505E-16
8796.66506976859  1.334500E-16
8799.92001742203  1.317523E-16
8803.17496507547  1.340207E-16
8806.42991272891  1.320568E-16
8809.68486038234  1.292816E-16
8812.93980803578  1.289433E-16
8816.19475568921  1.306966E-16
8819.44970334265  1.279899E-16
8822.70465099609  1.199943E-16
8825.95959864952  1.293138E-16
8829.21454630296  1.313270E-16
8832.4694939564  1.245768E-16
8835.72444160983  1.252822E-16
8838.97938926327  1.263297E-16
8842.23433691671  1.265127E-16
8845.48928457014  1.267640E-16
8848.74423222358  1.292461E-16
8851.99917987702  1.317926E-16
8855.25412753045  1.294029E-16
8858.50907518389  1.279714E-16
8861.76402283733  1.267688E-16
8865.01897049076  1.269234E-16
8868.2739181442  1.275450E-16
8871.52886579764  1.305607E-16
8874.78381345107  1.263265E-16
8878.03876110451  1.247923E-16
8881.29370875795  1.161441E-16
8884.54865641138  1.261307E-16
8887.80360406482  1.225668E-16
8891.05855171826  1.208582E-16
8894.31349937169  1.247930E-16
8897.56844702513  1.260721E-16
8900.82339467857  1.269461E-16
8904.078342332  1.275821E-16
8907.33328998544  1.255656E-16
8910.58823763888  1.238201E-16
8913.84318529231  1.220652E-16
8917.09813294575  1.228433E-16
8920.35308059918  1.249658E-16
8923.60802825262  1.224698E-16
8926.86297590606  1.247469E-16
8930.1179235595  1.246572E-16
8933.37287121293  1.240879E-16
8936.62781886637  1.206951E-16
8939.88276651981  1.176359E-16
8943.13771417324  1.192218E-16
8946.39266182668  1.163016E-16
8949.64760948011  1.177898E-16
8952.90255713355  1.130393E-16
8956.15750478699  1.145373E-16
8959.41245244043  1.151138E-16
8962.66740009386  1.143242E-16
8965.9223477473  1.126857E-16
8969.17729540074  1.089830E-16
8972.43224305417  1.074694E-16
8975.68719070761  1.077157E-16
8978.94213836105  1.091947E-16
8982.19708601448  1.111240E-16
8985.45203366792  1.093022E-16
8988.70698132135  1.034967E-16
8991.96192897479  9.564474E-17
8995.21687662823  9.431648E-17
8998.47182428166  1.006783E-16
9001.7267719351  1.064120E-16
9004.98171958854  1.017474E-16
9008.23666724197  1.021268E-16
9011.49161489541  1.049964E-16
9014.74656254885  1.065959E-16
9018.00151020228  1.050603E-16
9021.25645785572  1.030082E-16
9024.51140550916  1.075257E-16
9027.76635316259  1.091997E-16
9031.02130081603  1.104109E-16
9034.27624846947  1.132273E-16
9037.5311961229  1.146837E-16
9040.78614377634  1.163870E-16
9044.04109142978  1.144901E-16
9047.29603908321  1.107655E-16
9050.55098673665  1.143881E-16
9053.80593439009  1.190748E-16
9057.06088204352  1.151335E-16
9060.31582969696  1.142588E-16
9063.5707773504  1.108371E-16
9066.82572500383  1.103501E-16
9070.08067265727  1.084198E-16
9073.3356203107  1.052355E-16
9076.59056796414  1.038773E-16
9079.84551561758  1.077034E-16
9083.10046327101  1.061130E-16
9086.35541092445  1.020468E-16
9089.61035857789  1.020474E-16
9092.86530623132  1.034129E-16
9096.12025388476  1.034366E-16
9099.3752015382  1.018907E-16
9102.63014919163  1.009807E-16
9105.88509684507  1.007524E-16
9109.14004449851  1.021808E-16
9112.39499215195  1.067626E-16
9115.64993980538  1.089481E-16
9118.90488745882  1.077130E-16
9122.15983511225  1.032606E-16
9125.41478276569  1.045654E-16
9128.66973041913  1.046803E-16
9131.92467807257  1.010265E-16
9135.179625726  9.591258E-17
9138.43457337944  9.669819E-17
9141.68952103288  9.862110E-17
9144.94446868631  1.054443E-16
9148.19941633975  1.074573E-16
9151.45436399318  1.031517E-16
9154.70931164662  9.732554E-17
9157.96425930006  9.471875E-17
9161.21920695349  9.960303E-17
9164.47415460693  1.067136E-16
9167.72910226037  1.075946E-16
9170.9840499138  1.045162E-16
9174.23899756724  1.016786E-16
9177.49394522068  9.790342E-17
9180.74889287411  9.786844E-17
9184.00384052755  1.028623E-16
9187.25878818099  1.060424E-16
9190.51373583442  1.087865E-16
9193.76868348786  1.074758E-16
9197.0236311413  1.090153E-16
9200.27857879473  1.124045E-16
9203.53352644817  1.094293E-16
9206.78847410161  1.115447E-16
9210.04342175504  1.121000E-16
9213.29836940848  1.090916E-16
9216.55331706192  1.034195E-16
9219.80826471535  1.039193E-16
9223.06321236879  1.081469E-16
9226.31816002223  1.097690E-16
9229.57310767566  1.121422E-16
9232.8280553291  1.118662E-16
9236.08300298254  1.086021E-16
9239.33795063597  1.079726E-16
9242.59289828941  1.059561E-16
9245.84784594285  1.051609E-16
9249.10279359628  1.052870E-16
9252.35774124972  1.050651E-16
9255.61268890315  1.083440E-16
9258.86763655659  1.069295E-16
9262.12258421003  1.049582E-16
9265.37753186347  1.044151E-16
9268.6324795169  1.056267E-16
9271.88742717034  1.066334E-16
9275.14237482377  1.055962E-16
9278.39732247721  1.027233E-16
9281.65227013065  9.764644E-17
9284.90721778408  9.383294E-17
9288.16216543752  9.291763E-17
9291.41711309096  9.054665E-17
9294.67206074439  8.953936E-17
9297.92700839783  8.790472E-17
9301.18195605127  8.118676E-17
9304.4369037047  7.928219E-17
9307.69185135814  7.917975E-17
9310.94679901158  7.717457E-17
9314.20174666502  8.024498E-17
9317.45669431845  6.835093E-17
9320.71164197189  5.870796E-17
9323.96658962532  5.639326E-17
9327.22153727876  5.817142E-17
9330.4764849322  5.794408E-17
9333.73143258563  6.197528E-17
9336.98638023907  5.779343E-17
9340.24132789251  4.697084E-17
9343.49627554594  4.264986E-17
9346.75122319938  4.283776E-17
9350.00617085282  4.690900E-17
9353.26111850625  5.699262E-17
9356.51606615969  5.724265E-17
9359.77101381313  4.946931E-17
9363.02596146656  5.153064E-17
9366.28090912  5.952312E-17
9369.53585677344  5.930440E-17
9372.79080442687  5.240461E-17
9376.04575208031  6.136508E-17
9379.30069973375  7.262877E-17
9382.55564738718  6.035891E-17
9385.81059504062  4.605863E-17
9389.06554269406  6.350862E-17
9392.32049034749  7.633915E-17
9395.57543800093  8.100297E-17
9398.83038565437  8.683229E-17
9402.0853333078  8.543299E-17
9405.34028096124  7.790890E-17
9408.59522861468  7.552899E-17
9411.85017626811  7.282347E-17
9415.10512392155  6.924473E-17
9418.36007157499  6.983026E-17
9421.61501922842  7.371405E-17
9424.86996688186  7.022769E-17
9428.12491453529  6.231444E-17
9431.37986218873  5.831439E-17
9434.63480984217  5.163355E-17
9437.8897574956  5.330636E-17
9441.14470514904  5.927730E-17
9444.39965280248  4.867085E-17
9447.65460045591  4.791119E-17
9450.90954810935  5.897173E-17
9454.16449576279  6.769663E-17
9457.41944341622  6.343383E-17
9460.67439106966  6.017613E-17
9463.9293387231  5.708005E-17
9467.18428637653  6.003705E-17
9470.43923402997  6.363177E-17
9473.69418168341  6.086660E-17
9476.94912933684  6.214208E-17
9480.20407699028  6.834886E-17
9483.45902464372  6.215194E-17
9486.71397229715  5.447893E-17
9489.96891995059  6.334309E-17
9493.22386760403  7.298833E-17
9496.47881525747  6.663966E-17
9499.7337629109  5.556458E-17
9502.98871056434  5.300541E-17
9506.24365821777  5.666680E-17
9509.49860587121  6.823859E-17
9512.75355352465  7.691336E-17
9516.00850117808  7.394915E-17
9519.26344883152  7.008992E-17
9522.51839648496  6.047918E-17
9525.77334413839  5.256099E-17
9529.02829179183  5.514038E-17
9532.28323944527  6.359747E-17
9535.5381870987  6.969707E-17
9538.79313475214  7.225670E-17
9542.04808240558  7.244992E-17
9545.30303005901  7.027213E-17
9548.55797771245  6.227155E-17
9551.81292536589  6.156198E-17
9555.06787301932  6.800826E-17
9558.32282067276  6.597849E-17
9561.57776832619  5.942061E-17
9564.83271597963  5.798200E-17
9568.08766363307  5.716827E-17
9571.34261128651  5.510894E-17
9574.59755893994  6.300810E-17
9577.85250659338  7.017842E-17
9581.10745424682  7.380237E-17
9584.36240190025  6.832723E-17
9587.61734955369  6.490338E-17
9590.87229720712  6.694181E-17
9594.12724486056  6.264752E-17
9597.382192514  5.946953E-17
9600.63714016743  6.591174E-17
9603.89208782087  7.199620E-17
9607.14703547431  7.576998E-17
9610.40198312774  7.435679E-17
9613.65693078118  7.179634E-17
9616.91187843462  7.441997E-17
9620.16682608806  7.364652E-17
9623.42177374149  6.702953E-17
9626.67672139493  6.664256E-17
9629.93166904836  7.029762E-17
9633.1866167018  7.244924E-17
9636.44156435524  7.772928E-17
9639.69651200867  7.638574E-17
9642.95145966211  6.894360E-17
9646.20640731555  6.774809E-17
9649.46135496898  6.945531E-17
9652.71630262242  4.777100E-17
